#!ascii label  , from subject sub-v1s15x0050191_ses-1 vox2ras=TkReg
783
121170  26.756  -42.698  -6.460 0.6000000238
32127  18.706  -46.480  -8.662 0.6999999881
32130  19.808  -46.444  -9.689 0.6999999881
33151  26.045  -44.435  -11.044 0.8999999762
34219  26.277  -44.121  -10.429 0.8000000119
131643  26.586  -43.476  -9.158 0.8000000119
114625  26.975  -42.423  -7.468 0.6000000238
36368  26.648  -42.022  -5.794 0.6999999881
37327  27.124  -41.117  -4.187 0.6999999881
32123  17.751  -45.989  -7.524 0.6999999881
32122  18.339  -46.565  -7.598 0.6999999881
33148  19.399  -46.016  -9.097 0.6999999881
33140  19.897  -45.235  -8.797 0.6000000238
33146  21.276  -45.228  -9.510 0.6999999881
33154  22.873  -45.668  -9.899 0.6999999881
33144  23.190  -44.708  -9.716 0.8000000119
34221  24.192  -44.448  -10.009 0.8000000119
34220  25.282  -44.184  -10.315 0.8000000119
35315  26.435  -43.264  -9.327 0.8000000119
35303  27.032  -42.749  -8.128 0.6000000238
125641  26.853  -41.261  -5.745 0.6000000238
38380  27.101  -40.837  -5.206 0.6999999881
38370  27.466  -40.576  -3.591 0.6999999881
32116  17.750  -46.176  -6.717 0.5000000000
31009  19.020  -46.834  -6.527 0.6000000238
33136  17.577  -45.262  -7.221 0.4000000060
33142  18.124  -45.990  -8.001 0.6000000238
34211  19.411  -44.911  -8.069 0.5000000000
33139  20.834  -44.856  -9.053 0.6000000238
33145  22.228  -44.952  -9.573 0.8000000119
34215  23.512  -43.909  -9.497 0.6999999881
35318  23.927  -43.395  -9.172 0.6999999881
36381  25.499  -42.713  -8.950 0.6999999881
37331  26.893  -41.283  -6.612 0.5000000000
38386  27.472  -40.210  -5.673 0.6000000238
39349  27.736  -39.676  -5.017 0.6000000238
39339  27.706  -39.808  -3.990 0.6000000238
39326  27.776  -40.047  -3.142 0.5000000000
32101  17.599  -45.745  -4.564 0.5000000000
30997  18.777  -46.828  -5.263 0.6000000238
30996  19.995  -47.257  -5.644 0.6000000238
123259  17.540  -45.634  -5.711 0.5000000000
34210  20.426  -44.634  -8.388 0.5000000000
34209  21.379  -44.359  -8.640 0.6000000238
35313  22.757  -43.611  -8.512 0.6000000238
35311  24.455  -42.935  -8.753 0.6000000238
37340  26.446  -41.726  -8.028 0.5000000000
38393  27.072  -40.687  -7.035 0.5000000000
38392  27.385  -40.148  -6.726 0.6000000238
39358  27.739  -39.597  -6.174 0.6000000238
40299  28.641  -38.625  -4.805 0.5000000000
40287  28.439  -38.598  -3.807 0.5000000000
40271  28.783  -38.268  -2.318 0.5000000000
40272  28.437  -38.610  -2.973 0.5000000000
124879  18.784  -47.241  -4.326 0.5000000000
30987  19.803  -47.661  -4.570 0.5000000000
33130  17.272  -45.108  -6.446 0.5000000000
33137  17.075  -44.069  -6.420 0.4000000060
35299  17.155  -42.515  -6.283 0.3000000119
34193  17.924  -43.145  -6.659 0.4000000060
35308  19.342  -43.733  -6.724 0.3000000119
35298  18.455  -42.866  -6.222 0.3000000119
34201  20.989  -44.249  -7.839 0.5000000000
35314  21.890  -43.937  -8.214 0.5000000000
35304  23.364  -43.263  -7.977 0.5000000000
36374  25.469  -41.737  -7.993 0.5000000000
38396  26.793  -40.666  -7.329 0.5000000000
39365  27.409  -39.532  -7.216 0.6000000238
40309  28.136  -38.978  -6.764 0.6000000238
40308  28.794  -38.584  -5.848 0.5000000000
41244  29.310  -38.147  -5.280 0.5000000000
41217  28.738  -38.002  -3.217 0.5000000000
30988  18.219  -47.012  -3.339 0.5000000000
32084  17.806  -46.117  -3.379 0.5000000000
33107  17.327  -45.044  -3.977 0.5000000000
33108  16.771  -44.002  -4.457 0.4000000060
34184  16.170  -42.639  -5.497 0.5000000000
35271  17.377  -42.895  -5.159 0.4000000060
35285  17.914  -42.530  -5.877 0.3000000119
35296  21.124  -43.801  -6.472 0.3000000119
35294  23.200  -43.437  -6.995 0.4000000060
36375  24.576  -42.148  -7.688 0.5000000000
37338  25.746  -41.086  -7.499 0.4000000060
136439  28.842  -38.409  -6.759 0.5000000000
41274  29.391  -37.887  -7.482 0.5000000000
41259  29.610  -38.142  -6.326 0.5000000000
41205  29.723  -36.988  -1.710 0.5000000000
41228  29.274  -37.378  -3.562 0.4000000060
41243  29.601  -37.555  -4.705 0.5000000000
30976  18.485  -47.269  -2.570 0.5000000000
30977  18.209  -46.693  -2.830 0.5000000000
33094  17.753  -45.370  -3.447 0.5000000000
34154  17.789  -44.579  -3.771 0.4000000060
34172  18.243  -43.808  -4.487 0.4000000060
35270  19.023  -43.290  -5.353 0.3000000119
35283  21.155  -43.544  -5.701 0.3000000119
35295  22.170  -43.723  -6.490 0.4000000060
37336  24.791  -41.617  -6.505 0.4000000060
37335  25.146  -40.847  -6.943 0.4000000060
36372  23.979  -42.828  -7.422 0.4000000060
38394  25.542  -40.276  -7.130 0.4000000060
40329  26.778  -38.404  -7.445 0.5000000000
40328  27.651  -37.779  -8.131 0.5000000000
40318  28.321  -38.300  -7.578 0.6000000238
41273  30.549  -37.470  -7.225 0.4000000060
41258  30.142  -37.775  -5.890 0.5000000000
32035  18.540  -46.813  -2.443 0.4000000060
33093  18.517  -45.405  -3.312 0.4000000060
32059  18.919  -46.287  -2.714 0.4000000060
33106  18.835  -44.531  -4.029 0.4000000060
34171  19.717  -43.929  -4.660 0.4000000060
35284  19.998  -43.349  -5.639 0.4000000060
35282  22.195  -43.517  -5.585 0.4000000060
35281  23.064  -43.520  -5.970 0.4000000060
36369  24.366  -42.483  -5.911 0.4000000060
37332  25.157  -40.946  -6.179 0.4000000060
39367  25.483  -39.567  -6.897 0.5000000000
41289  28.328  -36.904  -9.217 0.6000000238
41282  30.041  -37.200  -8.992 0.5000000000
42350  31.128  -36.261  -9.944 0.4000000060
41272  31.366  -36.892  -8.410 0.4000000060
30959  19.240  -47.391  -1.589 0.4000000060
32058  20.069  -46.271  -2.709 0.4000000060
32033  20.324  -46.908  -2.333 0.4000000060
33092  19.982  -45.641  -3.353 0.4000000060
35269  20.724  -43.492  -5.083 0.4000000060
36367  23.633  -43.076  -5.406 0.4000000060
37333  24.806  -41.785  -5.563 0.4000000060
40321  25.525  -38.991  -6.633 0.4000000060
114650  26.365  -37.735  -7.214 0.5000000000
41290  27.331  -36.726  -8.551 0.4000000060
41288  29.072  -36.945  -10.120 0.6000000238
30975  21.687  -47.073  -2.753 0.4000000060
32057  21.384  -46.440  -3.161 0.4000000060
33091  21.099  -45.900  -3.548 0.4000000060
33105  20.035  -44.850  -4.139 0.4000000060
34170  21.109  -44.038  -4.602 0.4000000060
36355  23.094  -42.944  -4.413 0.4000000060
37319  24.292  -42.067  -3.940 0.5000000000
36366  24.152  -42.484  -4.776 0.4000000060
37329  25.233  -41.179  -5.196 0.3000000119
134358  25.652  -39.159  -5.496 0.3000000119
39350  25.426  -39.299  -6.136 0.4000000060
42339  26.435  -36.904  -7.442 0.4000000060
42352  27.214  -35.779  -8.841 0.4000000060
42362  28.775  -36.331  -10.865 0.5000000000
29902  21.505  -48.119  -1.881 0.4000000060
33104  21.364  -45.132  -4.097 0.4000000060
34169  22.205  -44.056  -4.235 0.4000000060
35255  22.505  -43.407  -3.936 0.3000000119
120487  23.327  -42.438  -3.837 0.3000000119
37318  25.096  -41.372  -4.090 0.3000000119
132213  25.449  -40.620  -4.795 0.3000000119
40310  25.716  -38.173  -6.077 0.3000000119
43445  26.569  -35.777  -7.959 0.4000000060
43455  27.295  -34.804  -9.153 0.4000000060
30974  22.853  -47.162  -2.990 0.3000000119
32056  22.489  -46.512  -3.276 0.3000000119
34152  22.899  -45.187  -3.474 0.3000000119
34139  22.664  -44.208  -3.536 0.3000000119
35236  22.414  -43.229  -3.148 0.3000000119
36339  22.407  -42.211  -3.115 0.3000000119
132837  24.340  -41.629  -3.338 0.4000000060
38372  24.902  -41.093  -2.990 0.4000000060
38371  25.489  -40.473  -3.899 0.3000000119
39340  25.782  -39.632  -3.776 0.3000000119
41260  26.111  -37.518  -5.683 0.3000000119
43433  26.518  -35.914  -6.805 0.4000000060
43444  26.619  -34.983  -7.954 0.4000000060
44467  27.538  -34.314  -9.260 0.4000000060
37306  23.725  -41.353  -2.584 0.4000000060
39328  25.702  -39.380  -2.605 0.4000000060
116620  26.394  -38.229  -4.129 0.3000000119
136195  26.361  -36.894  -5.197 0.4000000060
43420  26.620  -36.111  -5.339 0.4000000060
43432  27.016  -35.387  -6.232 0.4000000060
44462  27.620  -34.743  -7.018 0.4000000060
41230  26.698  -37.493  -3.602 0.5000000000
42307  26.774  -36.735  -4.224 0.4000000060
127466  27.194  -36.080  -4.270 0.4000000060
44461  28.759  -33.977  -7.995 0.3000000119
43431  27.897  -34.791  -5.442 0.3000000119
35293  26.934  -43.223  -7.143 0.6999999881
33152  24.878  -44.919  -10.664 0.8000000119
125312  26.887  -41.873  -7.043 0.6000000238
35316  25.976  -43.141  -9.455 0.6999999881
36380  26.398  -42.736  -8.951 0.6999999881
39338  28.098  -39.287  -3.267 0.6000000238
34204  17.827  -44.191  -6.828 0.4000000060
34203  18.842  -44.345  -7.210 0.4000000060
34208  22.220  -43.949  -8.887 0.6999999881
35319  23.034  -43.629  -9.039 0.6999999881
36373  26.917  -41.881  -7.855 0.6999999881
33119  16.896  -44.665  -5.121 0.5000000000
36379  24.134  -42.753  -8.158 0.5000000000
35306  21.563  -43.960  -7.251 0.4000000060
39373  26.839  -39.416  -7.430 0.6000000238
41283  28.799  -37.476  -8.516 0.6000000238
35268  22.643  -43.310  -5.015 0.3000000119
40311  25.511  -38.691  -6.257 0.4000000060
30957  22.154  -47.731  -2.448 0.4000000060
40300  26.085  -38.219  -5.284 0.3000000119
41245  26.388  -37.519  -4.701 0.3000000119
29971  26.479  -47.712  -10.109 0.6000000238
31014  25.755  -48.016  -8.397 0.6000000238
28867  27.531  -49.517  -5.095 0.6000000238
28855  28.493  -49.035  -4.287 0.6000000238
28909  26.347  -49.034  -11.517 0.5000000000
129943  26.727  -48.067  -10.965 0.6000000238
31030  27.740  -46.131  -11.659 0.6999999881
31031  27.148  -47.031  -10.773 0.6999999881
29972  25.848  -48.499  -9.918 0.6000000238
31013  26.069  -47.494  -7.716 0.6000000238
125075  25.940  -48.119  -7.094 0.6000000238
31005  27.151  -47.441  -6.031 0.6000000238
29937  27.500  -48.077  -5.373 0.6000000238
29925  27.875  -48.711  -4.866 0.6000000238
30973  28.646  -47.630  -3.860 0.6000000238
30934  30.110  -47.342  -1.748 0.6999999881
29988  28.592  -47.179  -13.730 0.6000000238
32151  27.770  -45.926  -13.636 0.6999999881
29982  27.568  -48.035  -12.350 0.5000000000
31042  28.596  -46.103  -13.435 0.6999999881
29981  28.479  -46.751  -12.843 0.6999999881
32134  27.286  -46.149  -10.542 0.6999999881
31026  26.673  -47.009  -9.790 0.6999999881
31006  26.447  -47.368  -6.873 0.5000000000
30984  28.154  -47.377  -4.490 0.6000000238
32031  28.591  -46.626  -2.879 0.6000000238
30954  29.142  -47.206  -2.709 0.6999999881
33062  29.189  -45.856  -1.522 0.6999999881
32018  30.541  -46.701  -1.171 0.6999999881
33040  30.782  -45.149  -0.622 0.6999999881
39360  38.357  -39.373  -6.693 0.4000000060
38378  34.550  -41.501  -5.405 0.5000000000
36352  33.850  -42.438  -3.597 0.6000000238
35220  33.317  -43.745  -1.594 0.6000000238
35203  32.130  -43.880  -0.678 0.6999999881
30001  24.773  -48.519  -13.733 0.5000000000
30000  26.149  -47.890  -14.275 0.5000000000
31044  24.968  -47.300  -12.665 0.6000000238
31055  27.722  -47.298  -14.902 0.5000000000
31043  26.379  -46.690  -13.078 0.6999999881
31049  27.067  -46.878  -13.992 0.5000000000
31048  28.215  -46.460  -14.318 0.6000000238
32148  26.984  -45.902  -12.868 0.6999999881
32146  28.364  -45.522  -13.034 0.6999999881
32133  27.532  -45.363  -11.508 0.6999999881
32121  26.537  -46.715  -7.544 0.6999999881
30985  27.697  -47.307  -5.197 0.6000000238
32081  28.326  -46.778  -3.829 0.6000000238
33072  28.481  -45.755  -2.292 0.6999999881
34126  29.968  -44.812  -0.826 0.6999999881
35204  31.316  -43.698  -0.606 0.6999999881
36322  33.228  -42.848  -2.134 0.6000000238
35221  32.655  -43.195  -1.179 0.6000000238
29984  20.249  -49.034  -11.377 0.5000000000
30003  22.803  -49.249  -13.027 0.4000000060
31046  22.854  -48.125  -12.030 0.5000000000
29991  22.174  -48.889  -12.323 0.5000000000
29989  24.307  -48.215  -12.947 0.5000000000
31039  22.448  -47.604  -11.449 0.6000000238
31045  23.893  -47.872  -12.232 0.6000000238
32143  23.920  -46.574  -11.298 0.6999999881
31037  24.459  -46.983  -11.949 0.6000000238
32142  24.988  -46.018  -11.742 0.6999999881
33156  27.470  -45.082  -11.938 0.6999999881
32126  26.667  -46.216  -8.448 0.6999999881
32115  26.953  -46.421  -6.676 0.6999999881
32114  27.456  -46.480  -5.636 0.6999999881
32054  27.854  -46.120  -3.989 0.6999999881
33073  27.875  -45.255  -2.862 0.6999999881
33063  28.810  -45.042  -1.632 0.8000000119
34101  30.642  -44.263  -0.649 0.6999999881
37314  34.060  -41.272  -4.522 0.5000000000
134289  33.024  -42.122  -2.402 0.6000000238
119614  31.902  -43.060  -0.669 0.6000000238
28920  19.365  -49.338  -10.960 0.4000000060
31041  20.406  -48.154  -11.261 0.6000000238
135793  22.050  -48.234  -11.756 0.6000000238
31032  20.842  -47.338  -10.925 0.6000000238
32145  21.957  -47.145  -10.864 0.6000000238
32136  22.456  -46.452  -10.314 0.6000000238
33158  25.559  -45.168  -11.441 0.6999999881
33157  26.741  -44.854  -11.747 0.6999999881
33150  27.130  -44.665  -11.310 0.6999999881
117550  27.173  -45.229  -10.407 0.6999999881
33143  26.835  -45.278  -9.348 0.8000000119
33138  26.784  -45.319  -8.504 0.8000000119
33128  27.211  -45.805  -6.138 0.6000000238
123473  27.554  -44.907  -3.325 0.6000000238
34128  28.592  -44.158  -1.639 0.8000000119
34127  29.265  -44.464  -1.185 0.6999999881
39363  34.522  -40.365  -7.132 0.5000000000
38369  33.555  -41.189  -3.395 0.6000000238
36309  31.461  -42.260  -0.493 0.6999999881
39347  34.162  -40.932  -5.306 0.6000000238
28903  18.432  -49.074  -9.908 0.5000000000
133877  19.658  -49.807  -8.808 0.4000000060
27695  20.368  -50.029  -8.272 0.4000000060
29973  18.183  -48.336  -10.008 0.5000000000
28912  18.518  -48.838  -10.551 0.5000000000
32139  19.172  -47.252  -10.137 0.6000000238
32138  20.295  -46.873  -10.308 0.6000000238
32137  21.419  -46.636  -10.322 0.6000000238
32135  23.408  -46.184  -10.517 0.6999999881
34222  26.865  -44.461  -11.201 0.8000000119
119535  26.750  -44.452  -10.198 0.8000000119
34192  26.935  -44.264  -6.718 0.6000000238
34167  27.037  -44.230  -4.257 0.6000000238
34137  27.705  -44.492  -2.793 0.6999999881
35223  28.369  -43.156  -1.571 0.6999999881
36311  29.795  -42.275  -0.540 0.6999999881
37302  33.235  -41.586  -2.834 0.6000000238
37281  31.995  -41.484  -0.631 0.6000000238
38332  32.339  -40.768  -0.965 0.6000000238
134587  34.302  -40.541  -3.987 0.6000000238
38339  33.241  -40.493  -2.208 0.6000000238
31015  20.226  -47.698  -7.831 0.5000000000
29964  19.640  -48.344  -8.431 0.5000000000
28888  21.095  -49.245  -7.858 0.5000000000
123896  21.185  -50.120  -7.749 0.5000000000
124087  18.625  -46.957  -8.309 0.5000000000
31021  18.846  -47.614  -8.587 0.5000000000
32131  18.935  -46.892  -9.385 0.6000000238
115933  26.859  -43.713  -8.392 0.6999999881
35280  26.777  -43.621  -6.075 0.6000000238
132465  26.808  -43.476  -4.409 0.6000000238
125124  27.315  -43.163  -3.169 0.6000000238
36325  28.570  -42.249  -1.193 0.6999999881
36338  27.576  -42.192  -2.490 0.6000000238
36312  29.118  -42.078  -0.752 0.6000000238
37282  31.209  -41.327  -0.405 0.6999999881
39355  34.689  -39.926  -5.428 0.5000000000
135456  33.686  -40.069  -2.292 0.4000000060
31008  20.346  -47.343  -6.963 0.5000000000
31007  21.155  -47.860  -7.313 0.5000000000
28879  22.169  -49.041  -6.634 0.5000000000
28869  22.470  -49.390  -5.715 0.5000000000
26424  22.541  -51.309  -5.448 0.5000000000
25185  22.175  -51.938  -4.804 0.5000000000
36365  26.658  -42.414  -4.670 0.6000000238
37305  27.363  -41.531  -3.110 0.6000000238
38358  28.184  -40.835  -1.798 0.4000000060
38335  29.851  -40.671  -0.498 0.5000000000
38334  30.755  -40.393  -0.446 0.4000000060
39305  33.518  -39.663  -1.746 0.4000000060
38333  31.747  -40.602  -0.584 0.5000000000
136769  21.454  -48.075  -5.937 0.5000000000
29939  21.872  -48.526  -5.628 0.5000000000
28857  22.500  -49.644  -4.723 0.5000000000
27656  22.024  -50.779  -3.938 0.5000000000
26425  21.869  -51.585  -4.113 0.5000000000
25164  20.572  -52.473  -3.386 0.4000000060
23868  20.275  -53.207  -3.822 0.5000000000
23869  19.515  -53.268  -3.792 0.4000000060
23870  18.820  -53.145  -3.938 0.4000000060
25188  18.112  -52.827  -4.499 0.4000000060
38359  27.714  -40.750  -2.627 0.6000000238
39325  28.233  -39.958  -2.275 0.4000000060
117383  30.040  -39.970  -0.525 0.4000000060
39298  32.244  -39.913  -0.840 0.4000000060
30986  21.054  -47.767  -5.191 0.5000000000
28858  21.993  -49.078  -3.981 0.4000000060
27642  22.100  -49.884  -3.873 0.4000000060
26406  21.426  -51.166  -3.371 0.5000000000
26390  19.902  -51.201  -2.421 0.4000000060
25145  19.112  -52.389  -2.611 0.4000000060
25146  18.344  -52.438  -2.530 0.5000000000
25165  19.714  -52.784  -3.233 0.5000000000
25147  17.578  -52.417  -2.502 0.3000000119
25167  18.114  -52.592  -3.449 0.3000000119
25168  17.189  -52.148  -3.395 0.3000000119
40254  28.972  -38.764  -1.548 0.4000000060
29928  20.192  -48.286  -4.099 0.5000000000
28847  21.233  -49.525  -3.369 0.5000000000
27643  21.381  -50.319  -3.277 0.4000000060
116399  18.830  -47.801  -3.355 0.4000000060
29916  19.395  -48.567  -2.985 0.4000000060
27624  19.985  -49.886  -2.581 0.4000000060
27626  18.767  -49.898  -0.958 0.4000000060
29917  18.562  -48.019  -2.000 0.4000000060
29903  18.934  -48.947  -2.052 0.4000000060
28837  18.828  -49.388  -1.356 0.4000000060
30939  18.702  -47.924  -1.344 0.4000000060
28824  18.883  -49.332  -0.823 0.4000000060
27609  18.831  -50.516  -0.485 0.4000000060
27610  18.398  -51.317  -0.427 0.4000000060
29904  18.738  -48.520  -1.263 0.4000000060
30960  18.658  -47.379  -1.865 0.3000000119
28809  19.156  -50.318  -0.188 0.4000000060
27598  18.790  -50.981  0.228 0.4000000060
30938  19.333  -47.971  -1.193 0.4000000060
27599  18.329  -51.323  0.295 0.4000000060
27586  18.279  -51.250  0.950 0.4000000060
29885  21.450  -48.704  -1.367 0.3000000119
28822  20.696  -49.352  -0.684 0.4000000060
28808  20.463  -50.161  -0.298 0.4000000060
27597  20.532  -50.763  0.252 0.4000000060
121191  19.745  -51.022  0.629 0.4000000060
27585  19.104  -51.130  0.943 0.4000000060
128812  19.934  -51.058  1.084 0.3000000119
35267  26.631  -43.037  -5.269 0.6000000238
31028  18.473  -47.695  -9.769 0.5000000000
37317  26.917  -41.995  -3.914 0.6000000238
39307  29.159  -39.411  -1.038 0.4000000060
121780  27.282  -48.832  -5.480 0.6000000238
32019  29.704  -46.593  -1.533 0.6999999881
133465  29.439  -45.189  -1.208 0.6999999881
38390  34.983  -41.136  -6.734 0.5000000000
39371  34.607  -39.971  -8.222 0.5000000000
36364  34.516  -42.041  -4.640 0.5000000000
118139  34.213  -41.428  -5.989 0.4000000060
36336  33.419  -42.292  -2.934 0.6000000238
29990  23.171  -48.607  -12.737 0.5000000000
119761  26.752  -45.810  -7.656 0.6999999881
36308  32.251  -42.320  -0.860 0.6000000238
31038  23.423  -47.380  -11.641 0.6000000238
33103  27.562  -45.683  -4.574 0.6999999881
34136  28.221  -44.762  -2.225 0.8000000119
35205  30.546  -43.467  -0.621 0.6999999881
28911  18.977  -49.575  -10.351 0.4000000060
33118  27.103  -45.079  -5.999 0.6000000238
124194  27.319  -44.943  -4.018 0.6000000238
36324  29.064  -42.773  -0.871 0.6999999881
35206  29.796  -43.140  -0.687 0.6999999881
40317  34.430  -39.116  -7.331 0.5000000000
39372  34.287  -39.282  -8.800 0.5000000000
36310  30.558  -42.691  -0.518 0.6999999881
37289  32.443  -41.574  -1.261 0.6000000238
34168  26.800  -43.969  -5.118 0.6999999881
35254  27.150  -43.648  -3.650 0.6999999881
35234  27.669  -43.006  -2.427 0.6999999881
37283  30.342  -41.263  -0.404 0.6000000238
38355  33.752  -40.437  -2.901 0.6000000238
39337  34.414  -40.097  -3.207 0.6000000238
29958  20.849  -48.342  -7.913 0.5000000000
29957  21.580  -48.680  -7.350 0.5000000000
27681  22.487  -49.945  -6.590 0.4000000060
36354  26.923  -42.888  -3.867 0.6000000238
37290  28.283  -41.575  -1.484 0.6000000238
119573  19.309  -53.751  -4.318 0.3000000119
38342  28.698  -40.210  -1.249 0.5000000000
39299  31.484  -39.654  -0.588 0.4000000060
26407  20.751  -51.617  -2.984 0.5000000000
25166  18.956  -52.822  -3.211 0.4000000060
29886  19.826  -48.595  -0.962 0.4000000060
28823  19.282  -49.236  -0.607 0.4000000060
29985  44.041  -48.666  -13.049 0.3000000119
29979  43.554  -48.631  -11.709 0.3000000119
121306  37.469  -45.187  -4.353 0.4000000060
35249  39.692  -44.397  -2.502 0.4000000060
115205  39.048  -45.184  -3.282 0.4000000060
34146  39.817  -44.873  -2.602 0.4000000060
34165  36.887  -44.290  -4.788 0.4000000060
32053  36.011  -46.288  -2.816 0.4000000060
32028  35.575  -46.680  -2.336 0.4000000060
33070  35.384  -45.863  -2.617 0.5000000000
29877  34.808  -48.386  -1.733 0.5000000000
128790  34.175  -48.236  -1.505 0.5000000000
135084  39.819  -41.594  -4.074 0.4000000060
135041  38.616  -44.199  -3.421 0.5000000000
33085  36.846  -45.769  -3.879 0.5000000000
28817  33.171  -49.101  -1.691 0.5000000000
36348  40.167  -42.627  -3.574 0.5000000000
36349  39.166  -43.264  -3.425 0.5000000000
36347  41.136  -42.525  -3.480 0.5000000000
122820  40.936  -43.224  -3.190 0.4000000060
121799  41.611  -43.199  -3.506 0.4000000060
33081  40.374  -45.007  -3.234 0.4000000060
34164  41.050  -44.630  -3.936 0.4000000060
33101  40.723  -45.130  -4.539 0.3000000119
33116  40.606  -45.589  -6.586 0.4000000060
125896  38.383  -40.911  -4.690 0.4000000060
136656  36.871  -42.915  -4.526 0.4000000060
35266  35.687  -43.288  -4.373 0.4000000060
37322  39.025  -41.214  -4.372 0.4000000060
36360  38.385  -42.549  -4.129 0.4000000060
36361  37.483  -42.507  -4.371 0.4000000060
34149  35.520  -44.642  -3.929 0.4000000060
34133  35.136  -45.046  -3.010 0.5000000000
32015  34.342  -46.834  -1.600 0.5000000000
133182  40.298  -41.136  -4.069 0.4000000060
36359  39.112  -42.135  -4.077 0.4000000060
35251  37.735  -44.251  -4.384 0.4000000060
33071  34.700  -45.461  -2.211 0.5000000000
33057  34.191  -45.946  -1.595 0.5000000000
29879  32.769  -48.540  -1.548 0.5000000000
29880  32.098  -48.350  -1.590 0.6000000238
30932  31.818  -47.616  -1.313 0.6000000238
28819  31.594  -48.919  -1.894 0.6000000238
33039  31.682  -45.380  -0.551 0.6000000238
32017  31.448  -46.856  -0.936 0.6000000238
29898  30.864  -48.758  -2.228 0.5000000000
35246  42.342  -43.279  -3.911 0.4000000060
29913  29.556  -48.373  -3.153 0.5000000000
34163  41.816  -43.993  -4.979 0.4000000060
35261  43.112  -43.923  -5.414 0.4000000060
124678  41.801  -44.810  -5.574 0.4000000060
130496  36.116  -42.653  -4.406 0.4000000060
36350  34.998  -43.092  -4.130 0.5000000000
34134  34.501  -44.605  -2.443 0.5000000000
34135  33.891  -44.206  -1.971 0.5000000000
115845  33.060  -47.038  -0.984 0.5000000000
34124  33.440  -44.602  -1.306 0.5000000000
32016  32.336  -46.985  -0.867 0.6000000238
34125  32.851  -44.166  -0.950 0.6000000238
33038  32.537  -45.540  -0.650 0.6000000238
28945  43.919  -49.144  -13.784 0.3000000119
31023  43.047  -47.772  -9.012 0.3000000119
33099  42.778  -44.500  -5.441 0.3000000119
39344  39.592  -39.882  -4.815 0.4000000060
38382  38.185  -40.357  -5.248 0.4000000060
39354  37.573  -40.020  -6.009 0.4000000060
37324  37.038  -41.677  -4.599 0.4000000060
37325  35.855  -41.752  -4.765 0.4000000060
35253  34.492  -43.228  -3.537 0.5000000000
125245  35.548  -42.147  -4.640 0.4000000060
35233  33.801  -42.996  -2.880 0.5000000000
30933  30.947  -47.475  -1.486 0.6000000238
29899  30.149  -48.592  -2.691 0.5000000000
38383  36.823  -40.729  -5.548 0.4000000060
33086  35.932  -45.567  -3.485 0.4000000060
28818  32.344  -49.066  -1.753 0.5000000000
38376  37.517  -41.060  -4.907 0.4000000060
34150  34.849  -44.175  -3.289 0.5000000000
34123  34.080  -45.043  -1.680 0.5000000000
33058  33.416  -45.560  -1.045 0.6000000238
120719  26.372  -36.576  -6.981 0.3000000119
23890  18.571  -53.484  -4.653 0.4000000060
25144  19.929  -52.058  -2.787 0.5000000000
25163  21.313  -52.019  -3.646 0.5000000000
26358  17.744  -51.580  0.298 0.4000000060
27584  20.603  -51.005  0.901 0.3000000119
27655  22.491  -50.532  -4.686 0.5000000000
27668  22.703  -50.284  -5.637 0.5000000000
28834  32.648  -49.718  -2.029 0.5000000000
28848  20.016  -49.209  -2.944 0.4000000060
28856  28.049  -49.487  -4.619 0.6000000238
28887  21.877  -49.574  -7.296 0.5000000000
28896  20.147  -49.142  -8.360 0.5000000000
28897  19.107  -49.182  -9.043 0.5000000000
28902  19.214  -49.744  -9.558 0.4000000060
28921  44.075  -48.851  -12.536 0.3000000119
28932  44.238  -49.080  -13.175 0.3000000119
29878  33.470  -48.379  -1.466 0.5000000000
29881  31.296  -48.206  -1.749 0.6000000238
29887  18.872  -48.456  -0.979 0.4000000060
29914  28.991  -48.492  -3.734 0.6000000238
29915  20.872  -48.861  -3.643 0.5000000000
29924  28.355  -48.185  -4.365 0.6000000238
29926  22.224  -48.928  -4.809 0.5000000000
29927  21.548  -48.489  -4.474 0.4000000060
29938  26.687  -48.873  -6.044 0.6000000238
29950  21.635  -48.286  -6.597 0.5000000000
29965  18.479  -48.408  -9.347 0.5000000000
29966  18.399  -47.788  -9.369 0.5000000000
29967  43.129  -48.044  -9.455 0.3000000119
29974  43.145  -48.391  -10.492 0.3000000119
29978  19.261  -48.533  -11.010 0.6000000238
29983  21.264  -48.628  -11.646 0.6000000238
29993  43.899  -48.750  -13.463 0.3000000119
30929  34.568  -47.661  -1.609 0.5000000000
30930  33.716  -47.495  -1.353 0.5000000000
30931  32.761  -47.776  -1.283 0.6000000238
30937  20.506  -48.179  -1.429 0.3000000119
30952  30.484  -48.068  -2.037 0.6000000238
30953  29.716  -47.814  -2.521 0.6999999881
30958  20.602  -47.630  -1.921 0.4000000060
30972  29.165  -47.784  -3.265 0.6000000238
30995  21.074  -47.653  -6.332 0.5000000000
31016  19.266  -47.110  -7.650 0.6999999881
31017  18.532  -46.611  -8.283 0.6999999881
31020  26.399  -47.123  -8.704 0.6999999881
31022  18.529  -47.216  -8.821 0.5000000000
31027  26.069  -47.835  -9.293 0.6000000238
31033  19.680  -47.667  -10.797 0.6000000238
31034  18.578  -48.058  -10.519 0.5000000000
31035  28.421  -45.965  -12.657 0.6999999881
31036  27.828  -46.995  -11.842 0.6999999881
31040  21.479  -47.822  -11.372 0.6000000238
31047  28.447  -46.536  -14.187 0.6000000238
31050  25.548  -47.612  -13.408 0.5000000000
32000  32.837  -46.335  -0.754 0.6000000238
32001  31.983  -46.213  -0.611 0.6000000238
32014  35.059  -47.137  -1.888 0.5000000000
32029  34.881  -46.305  -2.018 0.5000000000
32030  29.045  -46.569  -2.104 0.6999999881
32034  19.150  -46.823  -2.094 0.4000000060
32052  36.595  -46.357  -3.270 0.5000000000
32060  18.120  -46.176  -2.885 0.5000000000
32076  42.073  -44.765  -5.680 0.3000000119
32082  27.835  -46.547  -4.714 0.6999999881
32083  18.111  -46.593  -4.306 0.5000000000
32100  18.127  -46.294  -5.529 0.5000000000
32112  39.997  -46.061  -6.979 0.4000000060
32128  26.861  -46.168  -9.496 0.6999999881
32129  20.871  -46.132  -9.798 0.6000000238
32132  18.522  -47.227  -9.026 0.5000000000
32140  28.058  -45.372  -12.503 0.6999999881
32141  26.306  -45.427  -12.145 0.6999999881
32144  22.955  -46.928  -10.989 0.6000000238
32147  28.113  -45.429  -13.037 0.6999999881
32149  25.680  -46.303  -12.414 0.6999999881
32150  28.423  -45.867  -13.631 0.6999999881
33059  32.941  -44.924  -0.822 0.6000000238
33060  31.056  -46.049  -0.667 0.6999999881
33061  30.037  -45.806  -0.922 0.6999999881
33082  39.845  -45.274  -3.609 0.4000000060
33087  28.097  -46.017  -3.233 0.6000000238
33088  27.662  -45.498  -3.640 0.6000000238
33090  22.176  -45.757  -3.629 0.3000000119
33117  27.402  -45.679  -5.434 0.6000000238
33120  16.367  -43.510  -5.118 0.5000000000
33129  26.910  -45.259  -6.927 0.6000000238
33131  16.419  -43.740  -5.890 0.5000000000
33135  26.870  -44.819  -8.021 0.6000000238
33141  18.945  -45.670  -8.425 0.6999999881
33147  20.328  -45.583  -9.365 0.6000000238
33149  27.677  -45.146  -12.098 0.6999999881
33153  23.822  -45.316  -10.256 0.8000000119
33155  21.902  -45.904  -9.817 0.6999999881
33159  24.399  -45.735  -10.988 0.6999999881
33160  27.974  -45.342  -12.576 0.6999999881
33161  27.478  -45.262  -12.354 0.6999999881
34099  32.287  -44.737  -0.638 0.6000000238
34100  31.468  -44.514  -0.575 0.6999999881
34102  29.860  -43.965  -0.792 0.6999999881
34132  40.051  -44.403  -2.308 0.4000000060
34145  40.262  -44.464  -2.651 0.4000000060
34148  36.347  -44.993  -4.443 0.4000000060
34151  27.367  -44.329  -3.471 0.6000000238
34153  22.302  -44.933  -3.875 0.4000000060
34166  36.007  -44.115  -4.561 0.4000000060
34173  16.982  -43.627  -4.436 0.4000000060
34174  16.261  -43.029  -4.918 0.5000000000
34182  27.175  -44.872  -5.027 0.6000000238
34183  26.925  -44.403  -5.781 0.6999999881
34194  16.833  -42.917  -6.466 0.4000000060
34195  16.233  -42.959  -6.228 0.4000000060
34200  26.924  -44.372  -7.520 0.6000000238
34202  19.954  -44.322  -7.557 0.5000000000
34207  26.699  -44.375  -9.090 0.6999999881
34212  18.325  -45.194  -7.695 0.5000000000
34213  26.428  -43.869  -9.750 0.8000000119
34214  24.546  -43.759  -9.716 0.8000000119
34216  22.597  -44.152  -9.305 0.6999999881
34217  21.733  -44.497  -9.195 0.6999999881
34218  26.643  -44.211  -10.489 0.8000000119
35222  29.105  -43.624  -1.063 0.8000000119
35232  34.228  -43.765  -2.706 0.5000000000
35247  41.125  -43.832  -3.352 0.4000000060
35248  40.320  -43.849  -2.506 0.4000000060
35250  38.075  -43.352  -4.165 0.4000000060
35252  35.245  -43.762  -3.997 0.5000000000
35262  42.407  -43.856  -5.237 0.4000000060
35263  41.905  -43.538  -4.141 0.4000000060
35264  37.256  -43.515  -4.591 0.4000000060
35265  36.505  -43.479  -4.671 0.4000000060
35272  16.099  -42.733  -5.095 0.4000000060
35273  15.880  -42.558  -5.232 0.5000000000
35286  16.624  -42.447  -5.749 0.3000000119
35287  16.001  -42.536  -5.500 0.3000000119
35297  19.969  -43.383  -6.168 0.3000000119
35300  16.288  -42.522  -6.029 0.3000000119
35305  22.496  -43.687  -7.610 0.5000000000
35307  20.541  -44.007  -6.947 0.4000000060
35310  26.734  -42.921  -8.814 0.6000000238
35312  23.578  -43.270  -8.644 0.6999999881
35317  24.983  -43.243  -9.335 0.6999999881
35320  26.306  -43.780  -9.829 0.8000000119
35321  25.619  -43.670  -9.865 0.6999999881
36323  32.693  -42.301  -1.668 0.6000000238
36337  27.965  -42.301  -1.832 0.6000000238
36351  34.448  -42.545  -4.156 0.5000000000
36353  27.296  -42.480  -3.130 0.6000000238
36362  36.546  -42.150  -4.419 0.4000000060
36363  35.216  -42.623  -4.451 0.5000000000
36370  23.867  -43.069  -6.440 0.4000000060
36371  24.392  -42.223  -6.908 0.4000000060
36376  26.753  -42.332  -8.448 0.6999999881
36377  26.057  -42.175  -8.563 0.6999999881
36378  24.991  -42.344  -8.374 0.6000000238
37284  29.559  -41.493  -0.560 0.6000000238
37285  28.817  -41.541  -0.907 0.6000000238
37303  32.829  -41.597  -2.119 0.6000000238
37304  27.787  -41.544  -2.176 0.4000000060
37312  42.310  -41.729  -3.467 0.5000000000
37313  41.466  -41.741  -3.567 0.5000000000
37315  33.868  -41.733  -4.093 0.5000000000
37316  33.542  -41.864  -3.463 0.6000000238
37320  23.279  -41.927  -3.265 0.4000000060
37321  39.748  -40.686  -4.361 0.4000000060
37323  38.153  -41.693  -4.427 0.4000000060
37326  34.552  -41.724  -4.963 0.5000000000
37328  26.747  -41.576  -4.889 0.6999999881
37330  24.772  -41.823  -4.696 0.3000000119
37334  26.833  -41.261  -7.289 0.6999999881
37337  26.563  -41.227  -7.492 0.5000000000
37339  24.901  -41.518  -7.280 0.4000000060
38336  29.087  -40.826  -0.744 0.5000000000
38340  32.718  -40.942  -1.795 0.6000000238
38341  29.399  -40.083  -0.713 0.4000000060
38356  33.315  -40.943  -2.815 0.6000000238
38357  33.000  -41.108  -2.429 0.6000000238
38368  33.932  -40.794  -3.782 0.6000000238
38374  40.470  -40.503  -4.196 0.4000000060
38375  38.976  -40.425  -4.714 0.4000000060
38377  36.197  -41.325  -5.113 0.4000000060
38379  27.429  -40.349  -4.602 0.6000000238
38381  25.364  -40.293  -5.697 0.4000000060
38384  34.998  -41.351  -6.050 0.5000000000
38385  34.532  -41.162  -6.516 0.5000000000
38387  27.163  -40.707  -6.219 0.6000000238
38388  25.312  -40.116  -6.596 0.4000000060
38391  34.785  -40.696  -7.230 0.5000000000
38395  27.078  -40.125  -7.338 0.6000000238
38397  26.195  -40.610  -7.406 0.4000000060
39301  29.723  -39.446  -0.680 0.4000000060
39306  32.805  -39.281  -1.173 0.4000000060
39308  28.703  -39.482  -1.631 0.4000000060
39324  34.246  -39.677  -2.341 0.4000000060
39327  26.205  -38.874  -3.431 0.3000000119
39345  38.991  -39.876  -5.147 0.4000000060
39348  28.103  -39.170  -4.374 0.5000000000
39353  38.677  -39.633  -5.789 0.4000000060
39356  34.197  -40.935  -6.158 0.5000000000
39357  28.197  -39.130  -5.470 0.6000000238
39362  35.551  -40.477  -7.134 0.5000000000
39364  34.388  -39.439  -8.150 0.5000000000
39366  26.047  -39.201  -7.118 0.5000000000
39374  26.266  -39.982  -7.289 0.4000000060
40240  32.098  -39.020  -0.748 0.4000000060
40255  28.507  -39.062  -2.323 0.4000000060
40288  26.076  -39.005  -4.773 0.3000000119
40301  25.623  -38.702  -5.786 0.3000000119
40307  34.517  -39.738  -6.377 0.5000000000
40319  27.461  -38.785  -7.577 0.6000000238
40320  25.876  -38.409  -6.767 0.4000000060
41216  29.164  -37.452  -2.471 0.5000000000
41229  28.897  -37.999  -4.225 0.5000000000
41275  26.123  -37.466  -6.557 0.3000000119
41284  26.840  -37.334  -7.854 0.5000000000
42324  26.304  -36.748  -6.078 0.4000000060
42353  26.693  -36.466  -8.175 0.4000000060
42363  27.988  -36.189  -9.406 0.5000000000
43419  27.500  -35.508  -4.815 0.4000000060
43464  28.068  -35.327  -10.308 0.4000000060
115168  26.508  -38.081  -2.907 0.5000000000
115927  26.974  -43.643  -7.634 0.6999999881
116009  22.577  -42.771  -3.620 0.3000000119
116492  27.510  -43.758  -2.918 0.6999999881
117655  21.747  -43.395  -5.092 0.3000000119
117657  28.778  -47.220  -3.329 0.6000000238
117744  25.622  -39.786  -4.966 0.3000000119
117749  27.897  -47.924  -4.843 0.6000000238
117836  33.599  -46.539  -1.204 0.5000000000
118327  29.515  -47.137  -2.079 0.6999999881
118811  32.805  -40.161  -1.417 0.6000000238
119480  21.931  -43.505  -4.785 0.4000000060
119749  40.992  -45.136  -6.007 0.4000000060
120237  25.362  -40.244  -2.753 0.4000000060
121124  30.585  -41.931  -0.383 0.6999999881
121309  31.819  -49.645  -2.029 0.5000000000
122482  31.172  -43.036  -0.578 0.6999999881
122617  31.180  -49.362  -2.284 0.6000000238
122639  22.555  -43.358  -4.456 0.4000000060
126054  34.079  -40.976  -4.667 0.6000000238
126197  27.972  -43.893  -2.228 0.6999999881
126250  28.566  -40.989  -1.182 0.6000000238
126638  29.315  -37.879  -1.550 0.5000000000
128627  19.026  -43.000  -5.948 0.3000000119
128956  21.704  -52.257  -4.292 0.5000000000
131362  22.304  -51.251  -4.602 0.5000000000
132272  27.051  -48.267  -5.868 0.6000000238
132882  30.067  -41.747  -0.428 0.6999999881
133086  25.680  -48.251  -7.740 0.6000000238
134168  17.386  -44.565  -4.008 0.4000000060
134232  33.682  -43.506  -2.261 0.5000000000
134425  27.619  -46.094  -5.120 0.6999999881
134435  40.630  -41.777  -3.781 0.5000000000
134747  26.700  -42.966  -4.514 0.6000000238
136061  26.432  -46.911  -8.077 0.6999999881
