#!ascii label  , from subject sub-v1s15x0050191_ses-1 vox2ras=TkReg
999
36357  44.562  -43.732  -4.815 0.3000000119
40334  34.759  -38.808  -10.106 0.6000000238
42348  36.446  -36.736  -7.790 0.6999999881
41256  37.236  -37.440  -5.713 0.6999999881
35245  43.014  -43.461  -4.467 0.4000000060
120675  40.126  -39.985  -4.492 0.4000000060
35258  45.898  -43.507  -5.199 0.5000000000
40333  36.343  -38.361  -10.165 0.6999999881
41295  33.442  -37.838  -10.557 0.6999999881
40341  34.093  -37.791  -11.140 0.5000000000
41286  34.434  -36.355  -10.189 0.6000000238
41279  35.160  -37.015  -8.452 0.6000000238
41255  38.110  -37.148  -5.410 0.6999999881
36344  43.638  -42.650  -3.855 0.5000000000
38373  41.159  -40.283  -4.053 0.4000000060
36356  45.117  -42.949  -4.128 0.6000000238
39352  39.593  -39.490  -5.618 0.4000000060
39359  39.523  -39.264  -6.619 0.5000000000
36342  45.865  -42.452  -3.644 0.6000000238
39360  38.357  -39.373  -6.693 0.6000000238
39368  37.940  -39.004  -7.724 0.6000000238
35243  46.741  -43.169  -4.270 0.6000000238
120465  37.276  -38.707  -8.877 0.6000000238
40342  34.564  -37.121  -12.012 0.6000000238
42368  35.554  -36.000  -12.522 0.6000000238
42358  37.082  -35.807  -10.281 0.6999999881
42349  35.997  -36.261  -9.341 0.6999999881
126012  37.140  -36.243  -8.673 0.6999999881
42336  37.721  -36.484  -7.486 0.6999999881
42347  38.621  -35.865  -8.018 0.6999999881
42335  38.554  -36.395  -6.714 0.6999999881
120262  38.538  -36.719  -5.865 0.6999999881
42334  39.212  -35.744  -7.127 0.6999999881
36346  41.954  -42.528  -3.417 0.5000000000
38365  42.737  -40.977  -3.610 0.5000000000
38367  40.945  -41.059  -3.884 0.5000000000
39351  40.295  -39.374  -5.272 0.4000000060
136501  45.227  -42.063  -3.650 0.5000000000
40304  40.422  -39.213  -6.518 0.5000000000
40315  39.359  -38.955  -7.781 0.6000000238
117144  47.612  -43.241  -4.265 0.6000000238
36341  46.677  -42.754  -3.590 0.5000000000
37300  46.413  -41.704  -3.188 0.5000000000
40332  37.957  -38.086  -10.309 0.6999999881
40340  35.465  -37.547  -11.499 0.6000000238
41297  36.673  -36.171  -12.495 0.6000000238
41298  35.528  -36.682  -12.404 0.6000000238
42367  37.037  -35.668  -12.022 0.6000000238
42359  35.558  -35.706  -11.356 0.6000000238
42357  38.276  -35.457  -10.951 0.6000000238
42346  38.961  -35.162  -9.754 0.6999999881
42311  39.082  -36.791  -4.526 0.6999999881
43451  40.000  -34.681  -9.907 0.6000000238
113929  39.224  -36.200  -5.908 0.6999999881
128314  39.252  -35.234  -8.429 0.6999999881
39342  41.343  -39.481  -4.355 0.4000000060
37311  43.123  -41.751  -3.528 0.5000000000
118822  42.471  -40.346  -3.760 0.4000000060
40294  41.549  -38.716  -4.711 0.5000000000
40303  40.929  -39.052  -6.289 0.6000000238
124454  43.520  -40.992  -3.492 0.4000000060
40324  39.009  -38.452  -9.302 0.6000000238
123652  45.010  -41.356  -3.415 0.4000000060
38364  44.038  -40.340  -3.294 0.4000000060
37301  45.640  -40.830  -3.139 0.4000000060
39321  45.961  -39.998  -2.897 0.4000000060
40339  37.027  -37.608  -11.344 0.6000000238
40338  38.269  -37.423  -11.489 0.6000000238
42366  38.449  -35.787  -11.512 0.6000000238
41292  37.998  -36.919  -11.955 0.6000000238
42356  39.523  -35.662  -11.094 0.6000000238
42310  39.709  -36.607  -3.992 0.6999999881
43427  40.460  -35.487  -5.980 0.6999999881
43440  39.843  -35.113  -7.799 0.6000000238
43428  39.962  -35.670  -6.474 0.6000000238
39333  42.656  -39.637  -3.816 0.4000000060
40284  42.942  -38.902  -3.870 0.4000000060
40313  41.124  -38.965  -7.560 0.6999999881
39332  43.910  -39.541  -3.406 0.4000000060
40323  40.314  -38.778  -9.207 0.8000000119
38353  47.175  -41.061  -2.797 0.5000000000
40331  39.345  -38.270  -11.423 0.6999999881
40330  40.218  -38.236  -11.798 0.6000000238
40336  39.985  -37.839  -12.108 0.5000000000
40337  39.225  -37.998  -12.180 0.6000000238
42303  39.808  -36.481  -3.128 0.6999999881
127536  42.198  -35.288  -9.884 0.6000000238
43415  40.719  -35.387  -5.121 0.8000000119
43405  40.670  -35.385  -4.101 0.8000000119
44473  41.264  -34.418  -9.284 0.6000000238
43450  40.484  -34.461  -8.721 0.6000000238
40293  42.623  -38.481  -4.185 0.5000000000
40302  41.343  -38.596  -5.769 0.6000000238
40282  44.621  -38.910  -3.456 0.5000000000
39319  47.817  -39.587  -2.940 0.6999999881
39331  45.373  -39.419  -3.137 0.4000000060
40322  41.256  -38.776  -9.077 0.6999999881
123342  41.011  -38.642  -10.764 0.6999999881
41285  41.216  -38.097  -11.968 0.6000000238
41278  42.128  -38.408  -10.342 0.6000000238
118193  42.322  -37.443  -11.058 0.6000000238
43388  40.491  -35.385  -3.307 0.6000000238
43462  41.618  -35.541  -10.339 0.6000000238
43414  41.021  -34.679  -5.359 0.6999999881
44443  40.938  -34.632  -4.593 0.6999999881
44464  41.346  -33.974  -8.466 0.6999999881
44465  40.797  -34.343  -7.860 0.6999999881
43426  40.841  -35.056  -6.020 0.6999999881
40291  44.181  -38.255  -4.003 0.5000000000
41238  42.587  -37.930  -4.636 0.6000000238
40312  41.499  -38.586  -7.102 0.6000000238
119465  47.465  -38.801  -3.449 0.6999999881
40281  45.639  -38.629  -3.520 0.6000000238
119666  48.450  -39.440  -2.882 0.6999999881
122765  48.259  -40.086  -2.701 0.6999999881
41267  41.837  -38.465  -8.589 0.6999999881
117292  43.582  -37.335  -9.786 0.5000000000
42333  42.776  -37.900  -9.313 0.6000000238
135425  39.218  -35.013  -1.272 0.5000000000
42344  43.979  -36.918  -10.114 0.6000000238
42345  43.106  -37.466  -10.236 0.6000000238
44420  40.454  -34.764  -3.018 0.6000000238
44421  39.946  -34.591  -2.464 0.5000000000
43461  43.104  -35.589  -9.821 0.6000000238
42354  43.024  -36.643  -10.483 0.6000000238
45451  41.127  -33.928  -5.251 0.6000000238
45452  40.285  -33.138  -4.306 0.5000000000
46445  39.554  -32.412  -5.209 0.5000000000
44471  42.926  -34.802  -9.032 0.6999999881
44472  41.938  -34.473  -9.278 0.6999999881
45470  42.215  -33.061  -8.438 0.6999999881
120124  41.142  -33.228  -7.069 0.6999999881
46456  40.767  -32.331  -7.303 0.5000000000
46465  43.172  -32.870  -8.698 0.6999999881
46461  41.622  -32.708  -7.765 0.6000000238
41253  42.564  -37.494  -5.543 0.6000000238
41225  46.079  -37.901  -4.099 0.6999999881
41236  44.590  -37.682  -4.594 0.6000000238
40279  48.302  -38.296  -3.895 0.6999999881
41265  42.696  -37.241  -6.896 0.6999999881
124599  43.524  -36.794  -7.566 0.6999999881
42332  43.988  -36.922  -9.301 0.6000000238
44414  38.980  -34.385  -1.181 0.4000000060
128048  39.603  -32.620  -3.980 0.4000000060
44470  44.050  -34.836  -9.373 0.6000000238
43460  44.110  -36.041  -9.651 0.6000000238
46457  39.722  -32.195  -6.787 0.5000000000
46451  39.346  -32.150  -6.184 0.5000000000
137332  41.477  -32.019  -7.726 0.5000000000
48404  40.422  -30.891  -7.675 0.4000000060
45476  42.953  -33.837  -8.834 0.6000000238
47405  43.482  -32.017  -8.625 0.6999999881
46460  42.339  -32.190  -8.150 0.6000000238
47399  43.313  -30.601  -8.209 0.5000000000
41224  47.249  -37.857  -4.417 0.6000000238
41235  45.484  -37.549  -4.710 0.6999999881
41252  44.014  -37.278  -5.196 0.6999999881
40278  49.164  -38.149  -3.782 0.6999999881
41233  48.340  -38.098  -5.610 0.6999999881
42319  43.393  -36.967  -6.039 0.6000000238
42318  44.303  -36.820  -6.090 0.6000000238
43448  45.111  -36.414  -8.992 0.6000000238
42343  44.595  -36.461  -7.778 0.5000000000
43449  44.423  -36.434  -9.393 0.6000000238
44469  45.237  -34.295  -9.610 0.6000000238
43459  44.799  -35.941  -9.477 0.6000000238
47395  39.890  -31.608  -7.309 0.4000000060
47396  39.391  -31.830  -6.628 0.5000000000
47391  39.128  -31.947  -5.697 0.4000000060
45475  44.102  -33.605  -9.089 0.6000000238
48397  40.567  -30.357  -7.352 0.4000000060
120467  44.860  -31.827  -8.793 0.6000000238
48407  44.725  -30.279  -8.487 0.5000000000
41234  46.473  -37.427  -5.036 0.6999999881
113906  45.859  -37.148  -5.499 0.6000000238
41232  49.370  -37.857  -6.272 0.6999999881
41250  46.734  -37.139  -6.399 0.6000000238
42316  45.859  -36.798  -6.444 0.6000000238
41231  50.039  -37.493  -5.024 0.6999999881
42317  45.080  -36.689  -6.397 0.5000000000
43446  47.021  -36.420  -9.297 0.6000000238
42341  46.693  -36.558  -8.842 0.6000000238
114820  45.781  -35.925  -9.584 0.6000000238
43458  46.469  -35.077  -9.772 0.5000000000
45474  45.646  -33.163  -9.457 0.6000000238
46464  44.495  -32.611  -8.935 0.6000000238
116180  44.928  -31.107  -8.679 0.5000000000
41248  49.564  -37.306  -7.381 0.6999999881
117244  48.531  -37.750  -7.374 0.6999999881
42328  47.131  -37.067  -8.164 0.6000000238
135406  46.969  -36.891  -8.952 0.5000000000
121274  47.191  -35.634  -9.161 0.6000000238
42340  47.146  -36.614  -9.153 0.6000000238
45472  47.702  -33.637  -9.251 0.6000000238
45473  47.149  -33.000  -9.448 0.6000000238
48406  46.393  -31.171  -8.698 0.5000000000
35241  49.305  -43.613  -4.371 0.5000000000
37297  49.288  -41.775  -2.547 0.5000000000
35240  50.811  -43.717  -3.613 0.5000000000
35230  50.281  -43.257  -2.953 0.5000000000
38351  48.875  -40.723  -2.565 0.6999999881
122102  50.953  -41.168  -2.443 0.6999999881
37296  50.230  -41.890  -2.483 0.5000000000
36332  50.661  -42.687  -2.670 0.5000000000
39318  48.963  -39.665  -2.719 0.6999999881
122674  49.900  -40.932  -2.475 0.6999999881
40266  49.003  -38.880  -2.972 0.6999999881
35278  45.309  -44.057  -6.263 0.3000000119
41269  36.876  -37.128  -6.636 0.6999999881
41287  33.538  -37.146  -10.545 0.6000000238
41268  37.891  -36.928  -6.252 0.6999999881
41226  39.206  -37.047  -3.354 0.6999999881
39320  46.966  -39.956  -2.911 0.6000000238
42355  40.922  -36.280  -11.398 0.6000000238
43439  40.451  -35.026  -6.955 0.6999999881
44433  40.728  -34.642  -3.716 0.6000000238
116737  41.067  -33.658  -6.216 0.6999999881
119137  40.612  -33.170  -5.045 0.6000000238
45471  41.449  -33.350  -7.963 0.6999999881
45433  40.281  -33.766  -3.330 0.5000000000
116475  39.566  -33.703  -2.389 0.5000000000
48402  42.014  -30.684  -7.940 0.5000000000
42330  44.771  -36.510  -7.008 0.5000000000
41249  47.525  -37.628  -6.053 0.6999999881
42329  45.870  -36.480  -7.524 0.5000000000
45478  46.604  -33.888  -9.710 0.6000000238
46463  46.238  -32.302  -9.187 0.6000000238
41264  47.791  -37.501  -7.816 0.6000000238
44468  47.161  -34.974  -9.549 0.6000000238
41263  48.324  -37.348  -8.349 0.5000000000
37294  52.997  -41.826  -2.417 0.6000000238
38338  56.579  -40.606  -1.803 0.6000000238
38325  55.128  -40.055  -0.806 0.4000000060
134253  54.607  -40.721  -2.448 0.5000000000
122103  52.094  -40.972  -2.381 0.6000000238
39369  36.436  -39.467  -7.786 0.5000000000
118476  54.170  -40.644  -0.640 0.4000000060
39375  34.795  -39.677  -8.939 0.5000000000
37293  56.039  -41.448  -2.465 0.5000000000
38327  51.925  -39.497  -0.413 0.4000000060
40325  35.703  -39.296  -8.976 0.5000000000
40327  34.091  -38.758  -8.915 0.5000000000
39303  56.467  -40.010  -1.908 0.6000000238
39377  34.023  -38.514  -10.181 0.5000000000
38348  54.102  -39.614  -2.434 0.5000000000
38350  50.589  -40.127  -2.507 0.6000000238
115857  50.226  -39.394  -0.247 0.4000000060
127241  49.457  -39.929  -0.172 0.4000000060
39295  55.147  -38.955  -0.886 0.4000000060
39346  35.029  -39.672  -4.507 0.5000000000
39313  55.852  -39.277  -2.072 0.5000000000
40317  34.430  -39.116  -7.331 0.5000000000
39335  35.532  -39.367  -3.632 0.5000000000
119422  52.585  -39.648  -2.442 0.6000000238
133115  51.418  -39.301  -2.529 0.6000000238
121196  49.745  -38.997  -2.790 0.6000000238
40286  36.370  -38.848  -3.868 0.5000000000
115774  35.807  -39.242  -2.995 0.4000000060
121706  53.807  -38.301  -2.516 0.5000000000
39314  54.993  -38.631  -2.302 0.5000000000
39315  52.560  -38.090  -2.681 0.6000000238
39316  51.421  -38.403  -2.710 0.6000000238
39317  50.538  -39.148  -2.622 0.6000000238
40277  50.543  -37.460  -3.855 0.6000000238
129569  49.794  -38.318  -3.196 0.6000000238
39296  53.126  -38.878  -0.439 0.4000000060
115556  51.111  -38.833  -0.268 0.4000000060
40297  37.037  -38.220  -4.373 0.5000000000
39322  36.743  -38.828  -2.966 0.5000000000
116457  34.184  -39.154  -1.727 0.4000000060
41257  36.145  -37.876  -6.091 0.6000000238
39323  35.269  -39.387  -2.584 0.4000000060
40260  55.358  -38.402  -1.952 0.6000000238
40262  53.445  -37.454  -2.392 0.6000000238
40264  52.026  -37.291  -2.971 0.6000000238
40276  51.819  -36.746  -3.830 0.6000000238
39291  48.041  -39.305  0.421 0.4000000060
40250  35.844  -38.809  -1.799 0.4000000060
40241  31.331  -38.676  -0.600 0.4000000060
41180  54.301  -37.768  -1.020 0.6000000238
116371  54.317  -38.350  -0.697 0.4000000060
41196  53.265  -37.123  -1.555 0.6000000238
40245  55.487  -38.565  -1.649 0.6000000238
40261  54.465  -37.774  -2.131 0.5000000000
41212  52.523  -36.831  -2.642 0.6000000238
41211  53.124  -37.067  -2.246 0.5000000000
40289  51.623  -36.389  -4.885 0.6000000238
115054  51.182  -37.620  0.140 0.4000000060
117637  37.682  -38.387  -2.572 0.6000000238
128348  35.313  -38.518  -1.441 0.5000000000
41191  31.959  -38.230  -0.694 0.5000000000
40242  30.560  -38.154  -0.648 0.5000000000
133398  52.436  -37.222  -0.096 0.4000000060
116764  52.209  -37.953  -0.123 0.4000000060
41181  53.103  -37.383  -0.724 0.5000000000
42281  52.171  -36.540  -1.965 0.5000000000
42282  51.973  -36.321  -3.511 0.5000000000
41222  52.175  -36.184  -4.267 0.6000000238
42308  51.671  -35.545  -5.573 0.6000000238
41246  50.590  -36.758  -6.171 0.6000000238
135240  48.255  -37.936  0.282 0.4000000060
39289  49.411  -38.697  0.086 0.4000000060
40229  47.464  -38.042  0.463 0.4000000060
114013  46.874  -38.566  0.694 0.4000000060
41240  38.962  -37.030  -4.022 0.6000000238
41174  49.267  -37.326  0.271 0.4000000060
39297  50.297  -38.006  0.123 0.4000000060
40238  36.885  -38.156  -0.911 0.6000000238
41201  33.367  -37.667  -1.177 0.5000000000
41192  31.375  -37.732  -0.672 0.4000000060
42231  50.113  -36.534  0.792 0.4000000060
42245  52.489  -36.916  -0.678 0.5000000000
42299  51.539  -35.397  -4.422 0.5000000000
43400  51.728  -34.988  -5.319 0.6000000238
42314  50.941  -35.988  -6.142 0.6000000238
41247  50.233  -36.853  -6.964 0.6000000238
41176  46.439  -37.092  0.791 0.4000000060
41215  38.761  -37.531  -2.794 0.6000000238
40247  38.219  -37.798  -1.504 0.6000000238
41199  35.083  -37.875  -1.034 0.5000000000
42277  30.310  -36.240  -1.936 0.5000000000
41183  49.164  -37.095  0.098 0.4000000060
41172  50.361  -36.591  0.471 0.4000000060
42247  50.883  -36.562  -0.174 0.5000000000
42283  50.819  -35.998  -2.863 0.5000000000
43421  51.496  -35.052  -5.753 0.5000000000
41163  45.982  -37.319  1.264 0.4000000060
41198  38.759  -37.088  -1.415 0.6000000238
41189  35.858  -37.501  -0.404 0.5000000000
42274  33.312  -36.794  -1.302 0.5000000000
42264  51.110  -36.365  -1.613 0.5000000000
43411  50.882  -34.745  -5.462 0.4000000060
43422  50.838  -35.332  -6.002 0.4000000060
42325  49.427  -36.877  -7.713 0.6000000238
42327  48.106  -37.188  -8.559 0.4000000060
42224  45.332  -36.784  1.512 0.4000000060
41175  47.117  -37.427  0.288 0.4000000060
41214  39.301  -36.946  -2.572 0.6000000238
41185  46.856  -37.124  0.205 0.4000000060
42289  39.701  -36.218  -2.348 0.5000000000
123372  37.621  -37.156  -0.280 0.5000000000
42259  34.474  -36.713  -0.875 0.5000000000
137305  31.971  -36.030  -1.334 0.4000000060
42257  36.547  -37.004  0.131 0.4000000060
42284  49.241  -36.431  -2.525 0.5000000000
42301  48.805  -35.724  -3.463 0.6000000238
43412  49.616  -34.588  -5.210 0.4000000060
43423  49.763  -35.164  -5.783 0.4000000060
43436  48.172  -36.716  -8.401 0.4000000060
43413  48.591  -34.470  -4.750 0.5000000000
43379  39.001  -35.684  -1.097 0.5000000000
42255  38.032  -36.570  -0.284 0.6000000238
43371  38.426  -35.811  -0.458 0.4000000060
44449  46.651  -34.610  -6.512 0.5000000000
43437  47.436  -36.983  -9.001 0.5000000000
43403  47.637  -34.328  -4.102 0.5000000000
43402  49.677  -34.768  -4.540 0.5000000000
44439  48.653  -34.586  -5.235 0.5000000000
44448  47.483  -34.667  -5.647 0.5000000000
42233  45.489  -36.604  0.594 0.4000000060
46462  47.691  -33.250  -9.121 0.5000000000
44455  47.022  -35.690  -8.145 0.4000000060
43425  47.370  -35.713  -7.258 0.5000000000
44441  46.747  -33.884  -5.015 0.5000000000
44430  46.924  -33.882  -4.212 0.5000000000
124057  38.134  -35.136  -0.147 0.4000000060
46459  47.264  -32.603  -8.581 0.4000000060
46454  45.957  -33.120  -7.516 0.4000000060
137329  47.776  -33.687  -9.123 0.5000000000
131010  47.191  -34.678  -8.569 0.5000000000
44456  46.506  -34.394  -7.202 0.5000000000
45456  45.301  -33.328  -5.649 0.5000000000
45463  45.711  -33.581  -6.812 0.4000000060
41270  35.644  -37.530  -7.125 0.5000000000
41242  37.570  -37.639  -4.920 0.6000000238
41280  34.181  -37.458  -9.225 0.6000000238
40296  37.836  -37.801  -4.221 0.6000000238
43378  39.589  -35.402  -1.828 0.5000000000
41262  48.813  -37.268  -8.164 0.6000000238
42326  48.685  -37.084  -8.396 0.4000000060
40316  34.946  -38.476  -6.613 0.5000000000
41271  34.650  -37.963  -7.753 0.5000000000
40306  35.305  -38.762  -5.633 0.5000000000
40270  36.353  -38.879  -2.358 0.4000000060
39306  32.805  -39.281  -1.173 0.4000000060
41195  54.048  -37.548  -1.574 0.6000000238
40269  37.213  -38.608  -2.121 0.6000000238
40252  33.602  -38.647  -1.369 0.4000000060
40226  50.467  -36.908  0.676 0.4000000060
120878  38.201  -38.036  -2.935 0.6000000238
132530  37.840  -38.309  -1.926 0.6000000238
41200  34.172  -37.847  -1.246 0.5000000000
41193  30.007  -37.552  -0.964 0.5000000000
40243  29.667  -38.581  -0.847 0.5000000000
41204  30.510  -36.786  -1.203 0.5000000000
41187  37.415  -37.711  -0.633 0.5000000000
41202  32.356  -37.388  -0.876 0.5000000000
42273  33.990  -37.066  -1.278 0.5000000000
43401  51.036  -34.796  -4.817 0.5000000000
41203  31.472  -36.775  -0.905 0.5000000000
136967  49.019  -36.779  -1.310 0.5000000000
42271  39.218  -36.318  -1.543 0.6000000238
43424  48.250  -35.623  -6.330 0.3000000119
22806  39.107  -54.968  -13.161 0.3000000119
22805  39.721  -54.475  -14.145 0.3000000119
24017  39.711  -54.109  -13.220 0.3000000119
25277  40.964  -52.881  -12.975 0.3000000119
121051  40.358  -53.470  -13.140 0.3000000119
116064  40.805  -52.680  -12.066 0.3000000119
26531  42.497  -51.681  -13.252 0.3000000119
25276  41.503  -52.260  -12.620 0.3000000119
136863  39.385  -52.384  -8.696 0.3000000119
25260  40.663  -52.251  -10.556 0.3000000119
26513  41.379  -51.502  -10.611 0.3000000119
26524  42.033  -51.255  -11.408 0.3000000119
26499  39.779  -51.957  -9.169 0.3000000119
26431  40.042  -51.429  -5.804 0.3000000119
26465  40.185  -51.331  -7.885 0.3000000119
26482  40.293  -51.341  -8.833 0.4000000060
27721  41.044  -50.775  -9.262 0.4000000060
27720  41.976  -50.031  -9.627 0.4000000060
27729  43.013  -49.556  -10.248 0.3000000119
27650  40.500  -50.396  -4.822 0.3000000119
127433  40.498  -50.613  -6.351 0.4000000060
27676  41.027  -50.102  -6.850 0.4000000060
120752  41.474  -50.164  -8.844 0.4000000060
27632  40.519  -50.847  -4.056 0.3000000119
28884  42.171  -49.196  -7.776 0.4000000060
120846  41.578  -50.259  -2.415 0.4000000060
28830  41.054  -50.072  -2.850 0.4000000060
27719  42.929  -49.229  -9.523 0.4000000060
29945  42.178  -48.325  -6.624 0.3000000119
28842  40.709  -49.940  -3.513 0.4000000060
28852  40.609  -49.747  -4.358 0.3000000119
28874  41.029  -49.772  -6.159 0.4000000060
28829  41.669  -49.517  -2.495 0.4000000060
29920  41.082  -48.178  -4.145 0.5000000000
28873  41.821  -49.181  -6.858 0.4000000060
35257  46.674  -43.223  -5.224 0.5000000000
28828  42.670  -49.410  -2.036 0.4000000060
28863  41.615  -48.943  -5.996 0.4000000060
35279  44.727  -44.274  -5.782 0.3000000119
35291  46.840  -42.544  -8.233 0.4000000060
32075  43.204  -45.492  -4.432 0.3000000119
39361  37.011  -39.718  -6.819 0.4000000060
38389  36.129  -40.662  -6.355 0.4000000060
36335  47.991  -42.653  -2.989 0.4000000060
35231  49.002  -43.331  -3.579 0.4000000060
35242  48.217  -43.129  -3.536 0.4000000060
137284  41.409  -48.908  -2.751 0.4000000060
29910  40.726  -48.989  -3.747 0.3000000119
29921  40.908  -48.845  -4.645 0.5000000000
119262  48.451  -43.361  -4.388 0.4000000060
29894  42.163  -48.701  -2.493 0.4000000060
35277  45.871  -43.485  -6.611 0.4000000060
114597  41.270  -47.892  -5.116 0.4000000060
35290  47.882  -42.499  -8.225 0.5000000000
29933  41.693  -48.153  -5.899 0.5000000000
132344  48.300  -42.732  -9.091 0.4000000060
34180  45.255  -44.346  -7.508 0.4000000060
32048  42.373  -45.754  -4.404 0.3000000119
34191  45.299  -44.748  -8.349 0.4000000060
39370  35.087  -40.149  -8.065 0.4000000060
38352  47.951  -40.918  -2.598 0.4000000060
30949  42.976  -48.203  -2.437 0.4000000060
29909  41.297  -48.401  -3.159 0.4000000060
130823  49.722  -43.700  -5.129 0.4000000060
34159  48.773  -43.124  -5.584 0.5000000000
30950  42.034  -47.849  -2.847 0.4000000060
35274  48.622  -42.701  -6.993 0.5000000000
127794  43.637  -47.959  -2.342 0.4000000060
30966  44.648  -47.481  -2.878 0.4000000060
30967  43.759  -47.281  -2.852 0.4000000060
32045  44.786  -47.076  -3.916 0.5000000000
32046  43.833  -46.622  -3.704 0.5000000000
34179  49.748  -43.522  -6.349 0.4000000060
35288  49.978  -43.230  -9.178 0.5000000000
30964  46.351  -47.710  -2.795 0.4000000060
32047  43.010  -46.156  -3.727 0.5000000000
127509  48.374  -42.727  -9.191 0.4000000060
32074  44.091  -46.017  -4.831 0.4000000060
33125  45.329  -45.188  -7.896 0.4000000060
33124  45.862  -45.106  -8.293 0.4000000060
34199  47.519  -43.605  -8.916 0.4000000060
34158  50.661  -43.993  -5.377 0.4000000060
34143  51.361  -44.068  -4.562 0.3000000119
32044  45.753  -47.296  -3.868 0.4000000060
32072  46.025  -46.868  -4.817 0.4000000060
34189  50.271  -43.568  -7.484 0.4000000060
39300  30.503  -39.260  -0.553 0.4000000060
32043  47.656  -47.694  -3.595 0.4000000060
30980  46.717  -47.509  -3.724 0.4000000060
32095  46.206  -46.347  -5.827 0.5000000000
32096  45.286  -46.118  -5.834 0.5000000000
34188  51.487  -43.766  -7.996 0.5000000000
32070  48.217  -47.371  -4.548 0.4000000060
33111  46.257  -45.782  -7.042 0.4000000060
35301  49.386  -43.056  -10.393 0.4000000060
113829  47.955  -44.397  -8.565 0.4000000060
112925  49.554  -43.773  -11.028 0.4000000060
35229  51.262  -43.298  -3.000 0.4000000060
34178  51.138  -43.878  -6.587 0.3000000119
32071  47.066  -47.126  -4.675 0.4000000060
118446  47.313  -46.574  -5.685 0.4000000060
32094  48.430  -46.684  -5.821 0.4000000060
125283  48.926  -46.305  -6.562 0.4000000060
32109  47.472  -46.109  -6.557 0.4000000060
32108  48.120  -45.995  -7.022 0.5000000000
32069  49.247  -47.055  -4.850 0.4000000060
32092  50.636  -46.475  -6.154 0.4000000060
32120  49.788  -45.839  -8.473 0.4000000060
112924  49.003  -44.799  -8.996 0.4000000060
113268  50.662  -43.566  -11.179 0.4000000060
37295  51.827  -41.944  -2.414 0.4000000060
32107  48.891  -45.772  -7.628 0.4000000060
114671  42.718  -48.092  -14.220 0.3000000119
132825  39.515  -52.369  -6.310 0.3000000119
134446  40.388  -51.602  -4.189 0.3000000119
27617  41.243  -50.852  -2.638 0.4000000060
29892  43.815  -48.418  -1.653 0.4000000060
30948  44.472  -47.943  -2.045 0.4000000060
115154  44.814  -47.753  -1.790 0.4000000060
30963  47.310  -47.812  -2.664 0.4000000060
34157  52.023  -44.098  -5.786 0.3000000119
121300  49.062  -47.365  -3.957 0.4000000060
35239  52.128  -43.868  -3.804 0.4000000060
122412  53.157  -44.390  -6.034 0.4000000060
34187  51.865  -44.092  -7.697 0.4000000060
124940  50.322  -46.663  -5.078 0.4000000060
32106  50.852  -46.324  -7.428 0.4000000060
33133  50.029  -44.790  -10.387 0.4000000060
34206  51.426  -43.986  -10.456 0.3000000119
34198  51.230  -43.573  -9.128 0.4000000060
117764  51.930  -46.558  -6.690 0.4000000060
35275  47.736  -42.510  -6.872 0.4000000060
36330  52.759  -42.654  -2.634 0.4000000060
131215  40.648  -53.832  -14.332 0.3000000119
23994  40.327  -53.239  -12.170 0.3000000119
25288  42.194  -52.566  -13.944 0.3000000119
30016  42.902  -48.249  -15.028 0.3000000119
30004  43.265  -48.404  -14.222 0.3000000119
25259  41.223  -52.116  -11.474 0.3000000119
26466  39.520  -52.055  -7.401 0.3000000119
26498  40.611  -51.562  -9.774 0.4000000060
27730  42.248  -50.538  -10.601 0.4000000060
26448  40.089  -51.292  -6.860 0.3000000119
26415  40.268  -51.347  -4.830 0.3000000119
27706  40.802  -50.673  -8.426 0.4000000060
27690  41.403  -49.751  -7.427 0.4000000060
122025  40.588  -51.977  -3.555 0.3000000119
28815  42.208  -50.114  -2.017 0.4000000060
30969  41.609  -47.515  -3.654 0.4000000060
132416  44.660  -45.840  -5.626 0.3000000119
30981  41.406  -47.408  -4.588 0.5000000000
30947  45.224  -47.801  -2.085 0.4000000060
33123  47.918  -45.277  -8.163 0.4000000060
116353  50.389  -43.938  -11.353 0.4000000060
131291  55.107  -43.584  -2.428 0.4000000060
36329  55.585  -42.527  -2.482 0.4000000060
37269  56.151  -42.053  -1.379 0.4000000060
137077  55.045  -40.843  -0.793 0.3000000119
37292  56.774  -41.543  -2.019 0.5000000000
128152  54.212  -42.672  -2.655 0.4000000060
122105  54.493  -41.722  -2.520 0.4000000060
35199  45.605  -43.231  -0.960 0.3000000119
133613  46.341  -43.221  -0.958 0.3000000119
118352  48.260  -41.875  -0.358 0.3000000119
37274  50.118  -41.331  -0.429 0.3000000119
132616  49.520  -40.757  -0.311 0.3000000119
38328  50.941  -40.006  -0.389 0.3000000119
35198  46.957  -42.849  -0.741 0.3000000119
128896  46.891  -42.224  -0.393 0.3000000119
37277  46.425  -41.781  -0.070 0.3000000119
117372  43.436  -42.931  -0.588 0.3000000119
36305  44.288  -42.749  -0.552 0.3000000119
38330  48.830  -40.527  -0.102 0.3000000119
38315  48.128  -40.220  0.255 0.3000000119
37278  45.554  -41.956  -0.086 0.3000000119
38319  44.601  -40.865  0.783 0.3000000119
38331  48.187  -41.077  -0.063 0.3000000119
136119  42.644  -41.828  0.780 0.3000000119
37262  44.215  -41.555  0.372 0.3000000119
38307  43.315  -40.534  1.526 0.3000000119
37263  42.964  -41.219  1.199 0.3000000119
38308  42.538  -40.630  1.693 0.3000000119
36286  41.972  -42.275  0.697 0.3000000119
128611  46.139  -40.524  0.554 0.3000000119
136731  45.462  -39.639  1.149 0.3000000119
40216  45.593  -38.246  1.471 0.3000000119
37250  41.365  -41.342  1.702 0.3000000119
38318  45.393  -40.689  0.634 0.3000000119
40218  43.883  -39.140  2.016 0.3000000119
38309  41.753  -40.716  1.940 0.3000000119
39283  42.237  -39.901  2.233 0.3000000119
114754  43.605  -39.844  1.808 0.3000000119
115359  42.379  -39.107  2.564 0.3000000119
41164  45.205  -37.336  1.757 0.3000000119
40217  44.650  -38.439  1.848 0.3000000119
41158  44.427  -37.341  2.259 0.3000000119
41157  44.768  -36.557  2.053 0.3000000119
127957  45.320  -36.573  1.250 0.3000000119
43343  43.963  -35.891  2.730 0.3000000119
43348  43.870  -35.767  2.266 0.3000000119
43356  44.275  -36.021  1.632 0.3000000119
37270  54.915  -41.633  -0.824 0.3000000119
36321  56.427  -42.563  -1.894 0.4000000060
118918  50.763  -40.795  -0.451 0.3000000119
125616  46.900  -39.442  0.628 0.3000000119
35226  55.834  -43.171  -2.070 0.5000000000
36304  45.156  -42.648  -0.527 0.3000000119
37259  46.701  -41.057  0.286 0.3000000119
37275  49.064  -41.427  -0.336 0.3000000119
37273  51.103  -41.428  -0.504 0.3000000119
37272  52.157  -41.380  -0.516 0.3000000119
37261  45.050  -41.392  0.290 0.3000000119
37280  43.795  -42.233  -0.103 0.3000000119
38317  46.837  -40.260  0.500 0.3000000119
38320  43.770  -41.065  1.021 0.3000000119
38301  41.365  -40.128  2.426 0.3000000119
40211  41.115  -39.050  3.218 0.3000000119
39282  44.383  -39.539  1.635 0.3000000119
38303  40.213  -40.758  2.637 0.3000000119
39274  43.076  -39.285  2.228 0.3000000119
34197  51.740  -44.042  -8.455 0.3000000119
34196  52.362  -44.743  -8.399 0.4000000060
32066  54.574  -46.484  -4.881 0.4000000060
32089  53.883  -45.876  -6.745 0.4000000060
34176  53.794  -44.401  -6.247 0.3000000119
133399  55.657  -46.129  -4.564 0.4000000060
32039  54.457  -45.991  -3.729 0.3000000119
34186  52.883  -44.549  -6.899 0.4000000060
32065  55.738  -46.144  -5.115 0.4000000060
115751  54.767  -45.372  -3.235 0.3000000119
123309  54.754  -44.801  -5.718 0.3000000119
34175  55.491  -45.481  -5.440 0.4000000060
33078  55.416  -45.727  -4.125 0.4000000060
35237  54.718  -44.406  -3.440 0.3000000119
117842  54.821  -44.730  -3.244 0.4000000060
35214  55.235  -43.663  -1.838 0.4000000060
34156  54.092  -44.358  -5.349 0.3000000119
35227  53.953  -43.508  -2.954 0.3000000119
133669  53.337  -44.210  -4.426 0.3000000119
34140  55.440  -45.425  -4.242 0.4000000060
33121  54.105  -45.212  -6.602 0.4000000060
26388  41.431  -51.619  -2.358 0.3000000119
32118  52.195  -46.018  -9.165 0.3000000119
23843  44.864  -54.499  -1.788 0.3000000119
23844  44.067  -53.746  -1.954 0.3000000119
25128  42.182  -52.532  -1.636 0.3000000119
27608  41.791  -50.856  -2.085 0.3000000119
32104  52.990  -46.146  -8.101 0.3000000119
32105  52.359  -46.448  -8.098 0.3000000119
129674  45.254  -53.038  -0.246 0.3000000119
25116  43.692  -52.372  -0.639 0.3000000119
25115  44.531  -52.856  -0.646 0.3000000119
27607  42.517  -50.840  -1.494 0.3000000119
29876  43.415  -49.156  -1.494 0.3000000119
117918  53.277  -46.385  -6.901 0.3000000119
25104  46.805  -53.235  0.865 0.3000000119
25106  44.820  -52.555  -0.067 0.3000000119
125886  45.926  -53.183  0.303 0.3000000119
26376  43.094  -51.939  -0.684 0.3000000119
26366  44.199  -52.196  -0.085 0.3000000119
27606  43.295  -50.409  -0.928 0.3000000119
26355  45.148  -52.207  0.933 0.3000000119
26357  43.970  -51.621  0.580 0.3000000119
27595  43.365  -51.173  -0.492 0.3000000119
26367  43.647  -51.704  -0.177 0.3000000119
30926  44.309  -47.961  -1.565 0.3000000119
30945  46.723  -47.724  -1.997 0.3000000119
32042  48.468  -47.608  -3.237 0.3000000119
26346  46.145  -52.374  1.932 0.3000000119
29875  43.767  -48.804  -0.943 0.3000000119
28806  43.605  -49.751  -0.241 0.3000000119
30925  45.385  -47.514  -1.641 0.3000000119
129991  52.677  -46.565  -6.238 0.3000000119
27564  44.009  -51.254  1.991 0.3000000119
26338  44.687  -51.521  2.405 0.3000000119
27568  43.787  -51.106  1.324 0.3000000119
125682  43.569  -50.462  -0.164 0.3000000119
114796  44.659  -47.524  -1.479 0.3000000119
30943  48.039  -47.633  -2.308 0.3000000119
32068  50.017  -46.841  -3.914 0.3000000119
32091  51.745  -46.497  -5.517 0.3000000119
32090  53.405  -46.517  -5.763 0.3000000119
32124  51.739  -45.290  -9.678 0.3000000119
29862  43.230  -49.184  1.114 0.3000000119
29870  43.477  -48.455  -0.414 0.3000000119
30923  46.981  -47.269  -1.670 0.3000000119
130764  49.900  -46.874  -3.144 0.3000000119
26377  42.525  -51.881  -1.189 0.3000000119
23833  45.095  -53.739  -0.889 0.3000000119
25126  43.900  -53.023  -1.230 0.3000000119
21667  38.698  -55.728  -13.366 0.3000000119
23834  44.467  -53.551  -1.271 0.3000000119
23845  43.359  -53.280  -1.914 0.3000000119
23995  39.785  -53.827  -12.312 0.3000000119
25097  45.890  -52.599  1.040 0.3000000119
25105  45.294  -52.594  0.365 0.3000000119
25127  42.947  -52.672  -1.181 0.3000000119
25129  41.663  -52.293  -2.109 0.3000000119
26347  45.335  -52.054  1.658 0.3000000119
26348  44.442  -51.694  1.350 0.3000000119
26356  44.638  -52.142  0.492 0.3000000119
26378  41.945  -51.687  -1.734 0.3000000119
26389  40.958  -51.572  -2.861 0.3000000119
26483  39.650  -51.888  -8.349 0.3000000119
26497  41.397  -50.878  -9.987 0.4000000060
27582  43.638  -50.940  0.434 0.3000000119
27618  40.793  -50.868  -3.223 0.4000000060
27664  40.488  -50.502  -5.544 0.4000000060
27691  40.731  -50.530  -7.506 0.4000000060
27705  41.435  -49.935  -8.129 0.4000000060
28801  43.541  -49.931  0.645 0.3000000119
28813  43.574  -49.523  -0.950 0.3000000119
28814  43.002  -49.906  -1.526 0.3000000119
28841  40.969  -49.227  -3.011 0.4000000060
28864  40.850  -49.533  -5.291 0.4000000060
28872  42.513  -48.383  -7.459 0.3000000119
28892  42.334  -49.364  -8.737 0.4000000060
28958  42.564  -48.753  -15.551 0.3000000119
29869  43.653  -49.019  -0.245 0.3000000119
29893  43.145  -48.873  -2.054 0.4000000060
29934  41.276  -48.687  -5.361 0.5000000000
30924  46.187  -47.403  -1.594 0.3000000119
30944  47.391  -47.656  -1.992 0.3000000119
30946  45.937  -47.779  -2.009 0.4000000060
30965  45.492  -47.599  -2.896 0.4000000060
30968  42.609  -47.076  -3.230 0.4000000060
32041  49.362  -47.193  -3.182 0.3000000119
32049  41.666  -46.538  -4.421 0.5000000000
32073  45.034  -46.623  -4.904 0.5000000000
32093  49.520  -46.616  -5.831 0.4000000060
32117  52.454  -45.901  -8.947 0.3000000119
32119  51.040  -45.888  -9.010 0.4000000060
32125  51.117  -45.083  -10.298 0.3000000119
33046  54.469  -44.863  -2.443 0.3000000119
33097  55.938  -45.993  -4.651 0.4000000060
33109  55.910  -45.779  -4.892 0.4000000060
33110  54.934  -45.703  -5.954 0.4000000060
33112  45.386  -45.499  -6.941 0.3000000119
33122  53.214  -45.422  -7.476 0.4000000060
33132  52.761  -45.685  -8.485 0.4000000060
33134  46.873  -44.824  -8.631 0.4000000060
34112  54.813  -44.056  -2.517 0.4000000060
34141  54.588  -44.478  -4.374 0.3000000119
34142  52.608  -44.281  -4.936 0.3000000119
34144  50.239  -43.892  -4.352 0.5000000000
34155  55.499  -44.986  -5.092 0.4000000060
34177  52.541  -44.280  -6.917 0.4000000060
34181  44.940  -44.723  -6.758 0.4000000060
34185  54.477  -44.958  -6.133 0.4000000060
34190  46.339  -43.768  -8.773 0.4000000060
34205  51.867  -44.561  -9.425 0.3000000119
35228  52.491  -43.326  -3.002 0.4000000060
35238  53.555  -43.974  -3.646 0.3000000119
35244  45.945  -43.181  -4.271 0.6000000238
35256  47.714  -42.984  -5.337 0.5000000000
35259  45.279  -43.722  -5.036 0.3000000119
35276  46.654  -42.739  -6.785 0.4000000060
35289  49.065  -42.732  -7.977 0.5000000000
35292  45.897  -43.463  -7.920 0.4000000060
35302  47.483  -42.675  -8.781 0.4000000060
35309  51.199  -43.523  -10.267 0.4000000060
36285  43.369  -41.729  0.551 0.3000000119
36295  55.654  -43.220  -1.677 0.4000000060
36302  47.614  -42.380  -0.490 0.3000000119
36303  46.122  -42.551  -0.521 0.3000000119
36306  42.807  -42.487  0.074 0.3000000119
36320  56.779  -42.086  -2.006 0.4000000060
36328  56.453  -42.483  -2.066 0.4000000060
36331  51.601  -42.705  -2.632 0.4000000060
36333  49.789  -42.609  -2.680 0.5000000000
36334  48.844  -42.679  -2.872 0.4000000060
36340  47.472  -42.964  -3.546 0.4000000060
36343  44.494  -42.097  -3.715 0.5000000000
36345  42.760  -42.600  -3.638 0.5000000000
36358  43.787  -43.648  -4.633 0.3000000119
37249  42.084  -41.434  1.351 0.3000000119
37260  45.892  -41.264  0.315 0.3000000119
37276  47.369  -41.588  -0.128 0.3000000119
37279  44.675  -42.074  -0.121 0.3000000119
37288  56.762  -41.600  -1.922 0.4000000060
37298  48.239  -41.824  -2.601 0.4000000060
37299  47.362  -42.186  -2.942 0.5000000000
37309  45.663  -41.674  -3.407 0.4000000060
37310  44.257  -41.140  -3.412 0.4000000060
38296  39.608  -40.588  3.186 0.3000000119
38302  40.926  -40.915  2.201 0.3000000119
38306  44.117  -40.366  1.389 0.3000000119
38316  47.465  -40.714  0.261 0.3000000119
38324  55.896  -39.781  -1.449 0.6000000238
38326  54.140  -39.487  -0.554 0.4000000060
38329  50.172  -40.422  -0.367 0.3000000119
38345  56.727  -40.674  -1.978 0.6000000238
38346  56.464  -40.447  -2.135 0.5000000000
38347  55.439  -39.964  -2.358 0.5000000000
38349  51.437  -40.255  -2.443 0.6000000238
38354  46.440  -40.726  -2.949 0.5000000000
38363  44.786  -40.557  -3.181 0.4000000060
38366  41.843  -40.880  -3.738 0.5000000000
39275  41.660  -39.323  2.759 0.3000000119
39276  40.926  -39.695  2.878 0.3000000119
39280  46.476  -39.070  0.850 0.3000000119
39281  45.900  -39.193  1.125 0.3000000119
39290  48.707  -39.560  0.172 0.4000000060
39292  45.000  -40.080  1.157 0.3000000119
39304  34.953  -39.101  -1.847 0.4000000060
39312  56.376  -39.804  -1.898 0.6000000238
39330  46.295  -39.192  -3.158 0.4000000060
39334  41.921  -39.982  -4.022 0.4000000060
39336  34.778  -39.931  -3.605 0.5000000000
39341  42.146  -39.060  -4.130 0.4000000060
39343  40.671  -39.753  -4.481 0.4000000060
39376  34.408  -39.227  -9.277 0.5000000000
40215  46.306  -38.292  1.080 0.3000000119
40227  49.752  -37.122  0.678 0.4000000060
40228  48.690  -38.343  0.278 0.4000000060
40230  46.677  -37.673  0.752 0.4000000060
40233  55.938  -39.317  -1.798 0.6000000238
40234  55.533  -38.858  -1.440 0.4000000060
40235  55.062  -38.278  -1.210 0.6000000238
40236  53.298  -37.772  -0.520 0.4000000060
40237  51.647  -36.991  0.344 0.4000000060
40239  36.082  -38.259  -1.000 0.6000000238
40246  54.943  -37.983  -1.613 0.6000000238
40248  37.471  -38.191  -1.349 0.6000000238
40249  36.686  -38.532  -1.560 0.5000000000
40251  34.553  -38.532  -1.467 0.4000000060
40253  32.688  -38.365  -0.959 0.5000000000
40259  55.777  -39.074  -1.820 0.6000000238
40263  52.689  -37.091  -2.725 0.6000000238
40265  50.824  -37.995  -2.957 0.6000000238
40267  48.335  -38.960  -3.333 0.6999999881
40268  38.307  -37.992  -2.265 0.6000000238
40280  46.534  -38.411  -3.641 0.6999999881
40283  43.696  -38.832  -3.675 0.5000000000
40285  37.536  -38.282  -3.485 0.6000000238
40290  45.080  -38.175  -4.025 0.5000000000
40292  43.288  -38.181  -4.149 0.5000000000
40295  40.886  -39.039  -5.058 0.5000000000
40298  35.843  -38.849  -4.732 0.5000000000
40305  36.568  -38.059  -5.198 0.5000000000
40314  40.453  -39.060  -7.749 0.6999999881
40326  34.217  -38.466  -8.427 0.5000000000
40335  33.934  -38.569  -9.554 0.5000000000
41173  50.120  -36.617  0.750 0.4000000060
41182  50.889  -36.874  0.368 0.4000000060
41184  47.876  -37.367  -0.103 0.4000000060
41186  38.140  -37.303  -0.784 0.5000000000
41188  36.668  -37.698  -0.405 0.5000000000
41190  35.054  -37.124  -0.577 0.5000000000
41197  39.212  -36.860  -1.944 0.6000000238
41213  52.044  -36.624  -3.369 0.6000000238
41223  48.864  -38.166  -4.946 0.6999999881
41227  38.446  -37.585  -3.644 0.6000000238
41237  43.218  -37.464  -4.891 0.6000000238
41239  41.904  -38.049  -5.122 0.6000000238
41241  38.418  -37.258  -4.579 0.6999999881
41251  44.986  -37.142  -5.489 0.6000000238
41254  41.964  -37.932  -6.318 0.6999999881
41261  49.494  -37.047  -7.734 0.6000000238
41266  42.320  -37.985  -7.787 0.6999999881
41276  48.899  -37.139  -8.238 0.6000000238
41277  48.503  -37.238  -8.437 0.5000000000
41281  33.476  -37.978  -9.656 0.5000000000
41291  38.958  -36.893  -11.542 0.6000000238
41293  36.828  -36.950  -12.371 0.6000000238
41294  33.895  -37.330  -11.646 0.6000000238
41296  37.785  -35.945  -12.153 0.6000000238
42223  45.874  -36.818  1.093 0.3000000119
42225  44.829  -36.371  1.708 0.4000000060
42232  46.187  -36.830  0.498 0.4000000060
42234  44.737  -36.317  0.828 0.4000000060
42246  51.436  -36.764  0.038 0.5000000000
42256  37.290  -36.653  0.171 0.4000000060
42258  35.650  -36.827  0.044 0.5000000000
42262  52.697  -36.789  -1.718 0.5000000000
42263  51.959  -36.613  -0.893 0.5000000000
42265  49.946  -36.441  -1.324 0.5000000000
42272  38.640  -36.480  -0.883 0.6000000238
42275  32.597  -36.459  -1.276 0.5000000000
42276  31.136  -36.079  -1.478 0.4000000060
42288  40.197  -35.927  -2.973 0.6999999881
42291  29.709  -36.565  -2.775 0.5000000000
42298  52.024  -35.671  -4.790 0.6000000238
42300  50.249  -35.467  -3.774 0.4000000060
42302  40.301  -36.004  -3.623 0.6999999881
42309  40.281  -36.025  -4.510 0.6999999881
42315  50.175  -36.491  -6.757 0.6000000238
42320  40.105  -35.923  -5.470 0.8000000119
42321  38.817  -36.741  -5.180 0.6999999881
42331  44.032  -36.600  -7.015 0.5000000000
42342  45.395  -36.381  -8.084 0.5000000000
42360  34.336  -36.301  -11.574 0.6000000238
42364  40.319  -36.930  -11.891 0.6000000238
42365  39.485  -36.625  -11.398 0.6000000238
42369  34.904  -37.027  -11.972 0.6000000238
43344  43.359  -35.578  2.923 0.3000000119
43347  44.376  -36.075  2.275 0.3000000119
43357  43.413  -35.657  1.234 0.3000000119
43389  40.141  -35.418  -2.633 0.6000000238
43434  49.895  -36.083  -6.554 0.6000000238
43435  49.005  -36.389  -7.119 0.6000000238
43438  44.254  -36.558  -8.347 0.5000000000
43447  46.091  -36.332  -9.199 0.6000000238
43456  46.994  -35.828  -9.357 0.6000000238
43457  46.784  -35.899  -9.579 0.6000000238
44413  39.444  -34.494  -1.776 0.5000000000
44440  47.689  -34.161  -4.764 0.5000000000
44450  45.845  -33.930  -6.008 0.5000000000
44451  41.062  -34.371  -6.061 0.6999999881
44457  41.074  -33.996  -7.117 0.6999999881
44463  47.447  -34.534  -9.395 0.5000000000
44474  47.521  -33.674  -9.459 0.6000000238
44475  47.255  -34.374  -9.641 0.6000000238
45425  39.202  -33.863  -1.679 0.4000000060
45442  39.618  -33.060  -3.078 0.5000000000
45458  40.848  -33.273  -5.714 0.5000000000
45464  40.760  -32.900  -6.430 0.5000000000
45468  47.719  -33.113  -9.034 0.4000000060
45469  47.025  -33.568  -8.228 0.4000000060
45477  41.990  -33.750  -8.773 0.6999999881
46450  40.203  -32.689  -5.872 0.5000000000
46458  47.354  -32.465  -8.909 0.6000000238
47400  42.739  -31.368  -8.162 0.6000000238
47401  41.696  -31.385  -7.847 0.5000000000
47404  43.782  -31.368  -8.558 0.6999999881
48398  39.766  -30.978  -7.030 0.4000000060
113554  51.690  -44.703  -10.000 0.3000000119
113701  48.623  -43.583  -9.411 0.4000000060
113757  52.216  -45.252  -9.186 0.4000000060
114805  40.838  -33.862  -4.310 0.6000000238
114823  46.322  -39.765  0.722 0.3000000119
114958  49.713  -46.318  -6.947 0.4000000060
115306  34.477  -40.288  -4.347 0.5000000000
115372  55.007  -45.130  -3.373 0.4000000060
116026  43.215  -37.416  -8.489 0.6999999881
117181  47.476  -39.860  0.467 0.3000000119
117253  38.011  -35.774  -9.163 0.6999999881
117314  50.188  -36.297  -0.187 0.5000000000
118368  47.071  -45.454  -7.566 0.4000000060
118389  52.099  -36.985  0.170 0.5000000000
118428  55.957  -40.973  -1.226 0.3000000119
118569  45.174  -39.206  1.427 0.3000000119
118874  42.144  -38.425  -4.479 0.5000000000
118919  51.573  -40.610  -0.460 0.3000000119
119225  39.587  -36.417  -4.909 0.6999999881
119641  48.402  -34.843  -4.045 0.5000000000
120392  49.716  -39.931  -2.593 0.6999999881
120416  44.640  -39.787  -3.154 0.4000000060
120447  43.965  -43.346  -0.841 0.3000000119
120790  43.935  -48.253  -1.060 0.3000000119
121082  51.670  -44.095  -9.309 0.3000000119
121522  43.288  -39.398  -3.652 0.4000000060
121906  38.830  -37.436  -2.034 0.6000000238
122104  53.352  -40.792  -2.366 0.5000000000
122149  43.230  -40.170  -3.586 0.4000000060
122960  43.856  -37.759  -4.499 0.6000000238
123416  37.134  -37.316  -0.094 0.5000000000
124494  45.154  -35.271  -9.632 0.6000000238
125374  41.919  -51.638  -12.208 0.3000000119
125651  40.743  -40.296  2.621 0.3000000119
125806  38.729  -35.057  -0.747 0.4000000060
126557  54.519  -46.232  -5.890 0.4000000060
127603  49.834  -43.603  -3.540 0.5000000000
127946  50.139  -36.475  0.624 0.4000000060
129407  51.109  -44.286  -10.728 0.4000000060
129659  43.801  -41.690  -3.569 0.5000000000
130192  30.755  -37.364  -0.772 0.4000000060
131488  50.148  -43.360  -11.507 0.4000000060
131718  42.932  -51.257  -0.971 0.3000000119
131747  45.252  -40.086  -2.982 0.4000000060
131791  47.445  -38.983  0.569 0.4000000060
131817  48.177  -37.521  0.077 0.4000000060
132086  51.010  -42.091  -2.514 0.6999999881
132168  40.875  -34.674  -6.743 0.6999999881
132373  45.706  -39.995  0.867 0.3000000119
132502  44.348  -43.069  -4.189 0.6000000238
132762  42.938  -40.043  1.905 0.3000000119
132828  50.511  -43.030  -10.971 0.4000000060
133200  53.716  -37.326  -2.048 0.6000000238
133336  34.531  -37.301  -1.034 0.5000000000
133997  49.536  -43.172  -3.000 0.5000000000
134352  38.712  -55.512  -12.827 0.3000000119
134391  47.624  -40.312  -2.749 0.6000000238
134428  37.841  -37.797  -1.019 0.5000000000
134859  39.189  -32.083  -4.803 0.4000000060
135017  48.097  -38.212  -4.459 0.6999999881
135135  47.909  -47.836  -2.868 0.4000000060
135851  47.665  -41.515  -2.672 0.5000000000
136562  41.574  -38.825  3.110 0.3000000119
136646  51.590  -36.501  -1.164 0.5000000000
136689  47.944  -38.565  0.439 0.4000000060
136783  40.542  -50.637  -6.896 0.4000000060
136816  50.155  -36.592  0.837 0.4000000060
136905  40.118  -38.598  -10.757 0.6999999881
137174  43.602  -50.467  1.238 0.3000000119
137235  47.506  -34.142  -9.489 0.6000000238
