#!ascii label  , from subject sub-v1s15x0050208_ses-1 vox2ras=TkReg
1892
128471  -40.750  -28.815  67.184 0.0000000000
34989  -25.541  -37.854  75.590 0.0000000000
54634  -38.154  -16.211  56.747 0.0000000000
42656  -34.304  -30.289  53.446 0.0000000000
50066  -40.011  -21.846  65.653 0.0000000000
37884  -36.456  -34.663  72.576 0.0000000000
41546  -27.389  -30.453  64.644 0.0000000000
45486  -33.672  -26.374  60.523 0.0000000000
40445  -17.780  -31.621  77.024 0.0000000000
58264  -50.523  -12.480  58.402 0.0000000000
38875  -19.776  -33.719  67.492 0.0000000000
41627  -38.948  -31.175  59.743 0.0000000000
44507  -38.446  -27.148  58.869 0.0000000000
130883  -44.202  -26.146  65.457 0.0000000000
40540  -40.291  -31.692  71.267 0.0000000000
41514  -35.305  -30.053  66.715 0.0000000000
41574  -37.660  -31.405  62.581 0.0000000000
111979  -34.103  -30.002  57.061 0.0000000000
62863  -49.264  -7.506  56.109 0.0000000000
120328  -20.740  -35.494  75.394 0.0000000000
38803  -18.345  -34.244  70.969 0.0000000000
38805  -22.301  -33.886  71.383 0.0000000000
52721  -38.506  -18.578  62.386 0.0000000000
33050  -31.489  -39.610  73.033 0.0000000000
37913  -27.281  -34.348  70.288 0.0000000000
38864  -32.374  -34.337  67.544 0.0000000000
43462  -30.751  -28.691  63.483 0.0000000000
43252  -15.176  -28.917  78.233 0.0000000000
55435  -44.189  -15.117  67.363 0.0000000000
53643  -44.475  -17.645  62.105 0.0000000000
55496  -49.216  -16.262  61.840 0.0000000000
56467  -44.041  -15.068  56.113 0.0000000000
58328  -43.653  -12.309  52.475 0.0000000000
41435  -16.572  -29.896  71.057 0.0000000000
131069  -23.713  -31.419  66.938 0.0000000000
41565  -41.495  -30.392  63.667 0.0000000000
131729  -41.573  -28.479  62.014 0.0000000000
124992  -43.696  -28.326  66.266 0.0000000000
42454  -40.120  -30.058  68.404 0.0000000000
39771  -39.438  -32.733  66.338 0.0000000000
39785  -40.040  -32.985  64.680 0.0000000000
39831  -37.384  -32.840  61.600 0.0000000000
54657  -35.586  -16.857  53.815 0.0000000000
55594  -38.217  -15.261  53.846 0.0000000000
34986  -22.541  -36.652  75.274 0.0000000000
35943  -21.461  -36.252  73.042 0.0000000000
126472  -23.683  -36.711  73.433 0.0000000000
44595  -33.332  -27.249  52.682 0.0000000000
46421  -37.731  -25.356  63.378 0.0000000000
46460  -36.199  -25.728  59.818 0.0000000000
48135  -36.771  -23.177  63.148 0.0000000000
50108  -35.989  -20.843  62.101 0.0000000000
120256  -38.362  -20.180  64.728 0.0000000000
35040  -34.658  -37.630  72.347 0.0000000000
36949  -32.487  -36.246  70.524 0.0000000000
36965  -34.011  -35.462  70.059 0.0000000000
117388  -34.769  -28.193  63.778 0.0000000000
41552  -33.003  -29.839  64.967 0.0000000000
45455  -32.460  -26.599  62.229 0.0000000000
40763  -34.517  -31.328  54.489 0.0000000000
55459  -43.979  -16.149  65.085 0.0000000000
55532  -47.036  -15.965  58.428 0.0000000000
56470  -47.078  -14.362  56.366 0.0000000000
116822  -44.547  -13.815  54.099 0.0000000000
59194  -46.567  -11.918  55.530 0.0000000000
62112  -45.600  -8.395  52.630 0.0000000000
42301  -16.461  -30.033  77.549 0.0000000000
42369  -16.067  -29.067  73.948 0.0000000000
41403  -17.128  -30.358  73.507 0.0000000000
130923  -18.569  -34.748  68.685 0.0000000000
39715  -17.684  -33.017  68.408 0.0000000000
37947  -18.819  -34.541  66.896 0.0000000000
39742  -28.041  -32.771  67.902 0.0000000000
39721  -25.420  -32.671  68.740 0.0000000000
40635  -25.295  -31.148  65.791 0.0000000000
41680  -36.845  -31.395  55.798 0.0000000000
43588  -37.532  -28.475  55.064 0.0000000000
42605  -39.796  -28.275  57.466 0.0000000000
130439  -40.194  -27.137  63.099 0.0000000000
120438  -41.587  -24.165  65.732 0.0000000000
39658  -38.569  -32.471  72.310 0.0000000000
39701  -35.438  -32.134  69.953 0.0000000000
40584  -38.541  -31.732  69.121 0.0000000000
111985  -37.570  -29.453  65.815 0.0000000000
44467  -36.085  -27.868  61.150 0.0000000000
43541  -34.324  -27.835  58.492 0.0000000000
42578  -36.424  -30.183  59.361 0.0000000000
39864  -36.291  -32.851  57.752 0.0000000000
61124  -50.030  -9.589  57.833 0.0000000000
62836  -51.174  -6.969  58.746 0.0000000000
38745  -19.105  -33.197  76.492 0.0000000000
39655  -18.205  -32.987  72.976 0.0000000000
37868  -19.636  -34.871  73.442 0.0000000000
131952  -19.823  -34.620  70.887 0.0000000000
39694  -20.455  -32.757  69.320 0.0000000000
45581  -37.191  -26.580  54.470 0.0000000000
52753  -35.971  -18.672  59.709 0.0000000000
120712  -38.888  -17.409  60.286 0.0000000000
34029  -27.780  -38.840  74.393 0.0000000000
35949  -27.048  -36.478  72.602 0.0000000000
35962  -29.568  -36.590  71.844 0.0000000000
38845  -29.883  -34.169  68.771 0.0000000000
39759  -29.782  -32.410  66.631 0.0000000000
40603  -33.487  -32.208  66.880 0.0000000000
40641  -31.614  -31.308  65.434 0.0000000000
42493  -28.701  -30.178  64.027 0.0000000000
47255  -39.412  -24.602  68.610 0.0000000000
122504  -26.641  -37.069  76.526 0.0000000000
35922  -32.679  -36.273  74.177 0.0000000000
38771  -34.734  -34.033  73.595 0.0000000000
131636  -42.616  -24.327  69.755 0.0000000000
48074  -44.535  -23.270  68.498 0.0000000000
50963  -43.957  -21.156  68.179 0.0000000000
53505  -45.049  -17.007  69.074 0.0000000000
52684  -41.229  -18.752  67.984 0.0000000000
53562  -41.535  -17.158  65.894 0.0000000000
53616  -41.914  -17.879  62.829 0.0000000000
54595  -41.567  -16.508  59.589 0.0000000000
53645  -46.849  -17.485  61.796 0.0000000000
55515  -43.772  -16.254  59.316 0.0000000000
55559  -41.057  -15.565  56.769 0.0000000000
56494  -41.722  -14.740  54.244 0.0000000000
122417  -46.094  -9.811  55.404 0.0000000000
43328  -13.891  -28.843  74.069 0.0000000000
40595  -15.425  -31.190  66.855 0.0000000000
40547  -17.385  -31.603  70.416 0.0000000000
40614  -17.389  -31.423  66.346 0.0000000000
38808  -25.031  -34.025  70.862 0.0000000000
39697  -23.502  -32.514  69.490 0.0000000000
40598  -21.479  -31.470  67.496 0.0000000000
41522  -21.831  -31.005  64.829 0.0000000000
41537  -42.651  -30.445  65.868 0.0000000000
42485  -43.012  -29.640  65.518 0.0000000000
43420  -42.860  -28.357  66.956 0.0000000000
42465  -40.280  -29.444  67.626 0.0000000000
120535  -41.433  -31.839  67.137 0.0000000000
40629  -42.138  -31.218  66.009 0.0000000000
40661  -40.042  -32.271  63.866 0.0000000000
54620  -36.932  -16.762  56.991 0.0000000000
54646  -37.035  -16.236  55.634 0.0000000000
55584  -36.820  -15.853  53.883 0.0000000000
55571  -37.783  -15.832  55.263 0.0000000000
34987  -23.894  -37.285  75.235 0.0000000000
126431  -23.219  -36.989  73.850 0.0000000000
35019  -24.108  -37.343  73.837 0.0000000000
43604  -31.736  -28.999  52.033 0.0000000000
43606  -33.276  -28.565  52.781 0.0000000000
128432  -38.963  -23.710  64.949 0.0000000000
47323  -37.469  -24.481  63.611 0.0000000000
49054  -38.406  -22.599  64.620 0.0000000000
50084  -37.904  -21.299  64.238 0.0000000000
50065  -39.400  -21.130  65.793 0.0000000000
35934  -35.383  -36.041  72.687 0.0000000000
35967  -34.487  -37.145  71.578 0.0000000000
36953  -35.399  -35.558  71.499 0.0000000000
44465  -34.649  -27.025  61.895 0.0000000000
44425  -33.636  -27.321  63.119 0.0000000000
45468  -33.367  -26.422  61.403 0.0000000000
46441  -32.221  -25.923  60.853 0.0000000000
41715  -34.099  -30.975  53.690 0.0000000000
41713  -32.396  -30.407  53.401 0.0000000000
41736  -32.958  -30.195  52.827 0.0000000000
129805  -48.714  -14.507  57.788 0.0000000000
134175  -48.671  -13.552  57.345 0.0000000000
57419  -47.179  -13.296  55.963 0.0000000000
59180  -48.267  -11.975  56.903 0.0000000000
41331  -17.444  -31.075  77.516 0.0000000000
41366  -16.958  -30.428  75.986 0.0000000000
41367  -17.395  -30.979  75.449 0.0000000000
39716  -19.400  -33.974  68.123 0.0000000000
38859  -18.508  -34.655  68.127 0.0000000000
38889  -19.224  -34.556  66.984 0.0000000000
124466  -19.359  -34.729  66.328 0.0000000000
38890  -20.157  -33.714  66.953 0.0000000000
121219  -27.408  -31.895  66.635 0.0000000000
40602  -26.704  -32.085  67.042 0.0000000000
40636  -26.179  -31.240  65.877 0.0000000000
41649  -37.816  -31.413  57.744 0.0000000000
41650  -38.152  -30.331  56.990 0.0000000000
41639  -39.331  -29.873  58.340 0.0000000000
126384  -42.910  -27.317  63.807 0.0000000000
44452  -41.153  -27.668  62.224 0.0000000000
45444  -41.312  -26.664  64.340 0.0000000000
45443  -40.083  -26.408  64.356 0.0000000000
46409  -42.825  -25.412  65.494 0.0000000000
128488  -39.456  -31.550  72.065 0.0000000000
39685  -39.021  -32.200  71.116 0.0000000000
39704  -39.997  -32.590  70.199 0.0000000000
40652  -38.896  -32.410  64.662 0.0000000000
128189  -38.618  -31.223  66.217 0.0000000000
42520  -38.294  -29.700  63.664 0.0000000000
130262  -37.042  -28.469  63.843 0.0000000000
43487  -37.418  -28.790  61.975 0.0000000000
43515  -36.765  -29.107  60.372 0.0000000000
42567  -37.099  -30.195  60.658 0.0000000000
115997  -38.086  -32.374  60.353 0.0000000000
39851  -36.793  -33.013  59.271 0.0000000000
125311  -37.094  -32.803  58.081 0.0000000000
40752  -36.075  -32.646  56.040 0.0000000000
37835  -19.986  -34.275  76.272 0.0000000000
38767  -19.315  -34.016  74.994 0.0000000000
36890  -20.124  -35.315  74.024 0.0000000000
36929  -22.320  -35.282  72.232 0.0000000000
130135  -20.592  -35.305  71.906 0.0000000000
133854  -21.556  -34.111  71.390 0.0000000000
38820  -20.287  -33.776  70.570 0.0000000000
38821  -21.514  -33.405  70.903 0.0000000000
44552  -38.355  -27.450  56.416 0.0000000000
44576  -37.305  -26.996  54.246 0.0000000000
45566  -37.568  -26.940  56.249 0.0000000000
47336  -35.147  -24.441  60.616 0.0000000000
46499  -35.162  -25.579  57.601 0.0000000000
46498  -34.630  -24.887  57.212 0.0000000000
51882  -37.365  -19.540  62.782 0.0000000000
51888  -36.004  -19.742  61.201 0.0000000000
52735  -37.523  -18.770  61.565 0.0000000000
134490  -37.635  -18.064  60.311 0.0000000000
53661  -38.797  -17.891  61.002 0.0000000000
33038  -29.752  -39.749  73.771 0.0000000000
35036  -29.300  -38.291  72.926 0.0000000000
35037  -30.395  -38.385  72.410 0.0000000000
37932  -32.388  -34.846  69.031 0.0000000000
36961  -30.980  -35.041  69.849 0.0000000000
37940  -30.930  -34.425  68.515 0.0000000000
38876  -29.892  -33.175  67.776 0.0000000000
39745  -31.337  -33.077  66.790 0.0000000000
40581  -35.321  -31.051  68.739 0.0000000000
39726  -34.260  -32.445  68.633 0.0000000000
40604  -34.183  -31.351  67.546 0.0000000000
42518  -32.045  -28.894  64.042 0.0000000000
41532  -32.581  -30.551  65.332 0.0000000000
42495  -30.736  -29.830  64.271 0.0000000000
41549  -30.490  -30.585  64.660 0.0000000000
43556  -34.164  -29.136  57.908 0.0000000000
37861  -33.611  -34.559  73.919 0.0000000000
41394  -37.368  -30.345  73.495 0.0000000000
47237  -41.017  -24.313  69.372 0.0000000000
48975  -43.353  -22.225  70.760 0.0000000000
49996  -44.322  -21.114  70.404 0.0000000000
50037  -44.367  -21.995  68.238 0.0000000000
51812  -44.760  -19.575  69.440 0.0000000000
55427  -44.672  -15.499  68.252 0.0000000000
118838  -43.659  -18.059  68.814 0.0000000000
54490  -42.711  -16.568  68.085 0.0000000000
53535  -41.447  -17.455  67.483 0.0000000000
54511  -42.409  -16.328  66.665 0.0000000000
53579  -44.371  -17.586  64.190 0.0000000000
53578  -43.087  -17.459  64.142 0.0000000000
53617  -42.806  -17.783  62.766 0.0000000000
53664  -41.529  -17.294  60.930 0.0000000000
53665  -42.451  -17.284  61.060 0.0000000000
54566  -48.640  -16.887  61.612 0.0000000000
55547  -45.394  -15.665  57.687 0.0000000000
55531  -45.463  -16.081  58.519 0.0000000000
55545  -43.777  -15.625  57.682 0.0000000000
114422  -42.918  -15.698  57.906 0.0000000000
55560  -42.565  -15.386  56.630 0.0000000000
56479  -41.042  -14.999  54.921 0.0000000000
56481  -42.814  -14.817  55.222 0.0000000000
57446  -44.040  -12.943  52.834 0.0000000000
57444  -42.804  -13.797  52.359 0.0000000000
57454  -42.404  -13.345  51.694 0.0000000000
62056  -49.175  -8.526  57.199 0.0000000000
61132  -47.489  -9.445  56.504 0.0000000000
62067  -47.784  -8.467  56.207 0.0000000000
42396  -16.075  -29.395  72.097 0.0000000000
42385  -15.311  -29.093  72.592 0.0000000000
41454  -15.544  -29.928  70.081 0.0000000000
115385  -15.159  -30.343  69.079 0.0000000000
41481  -15.831  -30.224  68.640 0.0000000000
119789  -18.249  -33.586  71.905 0.0000000000
39654  -17.828  -32.555  72.267 0.0000000000
38817  -17.927  -33.680  70.479 0.0000000000
40574  -17.532  -31.702  68.044 0.0000000000
134418  -19.854  -34.839  63.580 0.0000000000
36932  -27.031  -35.219  71.363 0.0000000000
134962  -25.761  -35.207  71.820 0.0000000000
37901  -25.947  -34.291  70.882 0.0000000000
130141  -24.671  -31.969  67.743 0.0000000000
120520  -24.717  -32.647  69.077 0.0000000000
113650  -23.349  -31.808  68.185 0.0000000000
40577  -22.474  -31.685  68.431 0.0000000000
133584  -22.912  -31.356  67.145 0.0000000000
39783  -21.194  -32.491  64.415 0.0000000000
41596  -40.136  -30.711  61.632 0.0000000000
41597  -40.622  -29.759  61.105 0.0000000000
41577  -41.379  -29.969  62.655 0.0000000000
43450  -43.105  -28.446  64.074 0.0000000000
44416  -44.322  -27.102  65.625 0.0000000000
121371  -40.412  -30.952  70.506 0.0000000000
39705  -40.598  -32.682  69.323 0.0000000000
39749  -41.214  -32.876  68.174 0.0000000000
39772  -39.831  -32.974  65.722 0.0000000000
120549  -38.316  -33.052  63.775 0.0000000000
41594  -37.123  -32.240  61.803 0.0000000000
122288  -38.484  -33.171  63.484 0.0000000000
40698  -38.718  -32.658  61.866 0.0000000000
55600  -38.039  -15.063  52.506 0.0000000000
36883  -21.363  -35.819  75.681 0.0000000000
129274  -20.984  -36.115  74.151 0.0000000000
122281  -22.060  -36.635  74.532 0.0000000000
35944  -22.205  -36.388  73.174 0.0000000000
37882  -23.292  -35.214  72.238 0.0000000000
45471  -37.886  -26.482  61.292 0.0000000000
45509  -36.748  -26.368  59.297 0.0000000000
46432  -36.823  -25.508  61.667 0.0000000000
47333  -36.148  -24.342  62.073 0.0000000000
48139  -35.687  -23.163  62.101 0.0000000000
116955  -35.253  -21.960  61.590 0.0000000000
122732  -36.297  -22.044  62.670 0.0000000000
51018  -37.495  -20.643  63.671 0.0000000000
51873  -38.204  -19.296  63.607 0.0000000000
34057  -33.546  -38.521  72.856 0.0000000000
35051  -32.126  -37.915  71.591 0.0000000000
35053  -33.877  -38.166  71.588 0.0000000000
36950  -33.071  -35.936  70.306 0.0000000000
36970  -32.959  -34.764  68.874 0.0000000000
42481  -35.606  -29.102  65.458 0.0000000000
41534  -34.203  -30.016  65.733 0.0000000000
43446  -34.040  -28.522  64.076 0.0000000000
43444  -32.529  -28.244  63.717 0.0000000000
43485  -31.027  -27.904  62.982 0.0000000000
44463  -30.025  -27.370  62.030 0.0000000000
44464  -30.905  -26.739  61.735 0.0000000000
41662  -34.640  -31.054  56.104 0.0000000000
41676  -32.797  -30.244  54.889 0.0000000000
56367  -45.870  -13.778  66.719 0.0000000000
56374  -44.157  -15.053  66.209 0.0000000000
55451  -46.495  -15.617  65.858 0.0000000000
55461  -46.502  -16.491  65.289 0.0000000000
53601  -45.616  -17.879  63.638 0.0000000000
55508  -50.077  -15.504  61.497 0.0000000000
54602  -48.636  -16.672  60.415 0.0000000000
55534  -48.818  -15.346  58.957 0.0000000000
131569  -46.923  -15.257  57.219 0.0000000000
56469  -46.024  -14.775  56.050 0.0000000000
56483  -44.628  -14.585  55.425 0.0000000000
57417  -45.843  -13.732  55.323 0.0000000000
57424  -46.018  -13.117  55.103 0.0000000000
59212  -45.460  -11.929  54.505 0.0000000000
62873  -49.475  -7.137  55.640 0.0000000000
62087  -47.322  -7.904  54.967 0.0000000000
62893  -47.757  -7.510  53.720 0.0000000000
42300  -15.840  -29.394  77.906 0.0000000000
43281  -15.118  -28.848  76.135 0.0000000000
42335  -16.482  -29.728  75.403 0.0000000000
42370  -16.604  -29.698  73.676 0.0000000000
118473  -16.824  -29.963  71.865 0.0000000000
38837  -18.433  -34.769  69.258 0.0000000000
38836  -17.888  -34.178  69.579 0.0000000000
38858  -18.312  -34.655  68.571 0.0000000000
38873  -18.571  -34.410  67.453 0.0000000000
37958  -18.953  -34.483  66.202 0.0000000000
37969  -19.563  -34.412  64.368 0.0000000000
37959  -19.529  -34.754  65.566 0.0000000000
38843  -27.350  -33.642  69.282 0.0000000000
38842  -26.593  -33.541  69.543 0.0000000000
39723  -27.087  -32.800  68.124 0.0000000000
116166  -25.979  -31.971  67.107 0.0000000000
40619  -24.634  -31.406  66.440 0.0000000000
112741  -35.829  -30.556  54.406 0.0000000000
42644  -35.774  -29.397  54.166 0.0000000000
42630  -37.192  -29.467  55.276 0.0000000000
43568  -38.795  -28.395  56.527 0.0000000000
44520  -39.434  -27.526  58.014 0.0000000000
43516  -40.716  -28.341  60.114 0.0000000000
44489  -40.077  -27.505  60.157 0.0000000000
45489  -38.664  -26.966  60.707 0.0000000000
116391  -38.878  -26.568  63.402 0.0000000000
46417  -39.221  -25.129  64.937 0.0000000000
49036  -41.080  -22.832  65.954 0.0000000000
38795  -37.278  -33.628  72.555 0.0000000000
38809  -36.867  -34.019  71.819 0.0000000000
39667  -37.522  -33.238  71.702 0.0000000000
40562  -36.883  -31.105  69.720 0.0000000000
41485  -37.003  -30.599  68.120 0.0000000000
39747  -39.185  -32.359  67.857 0.0000000000
41502  -37.446  -30.419  67.392 0.0000000000
42474  -36.854  -29.592  66.507 0.0000000000
43438  -36.322  -28.780  65.093 0.0000000000
44428  -35.802  -27.877  62.969 0.0000000000
44486  -34.888  -27.042  61.022 0.0000000000
45529  -34.129  -26.875  58.868 0.0000000000
44506  -35.376  -27.864  59.767 0.0000000000
42587  -35.380  -29.065  58.680 0.0000000000
42604  -35.159  -30.437  57.777 0.0000000000
40718  -36.818  -32.715  60.138 0.0000000000
41637  -36.101  -31.846  58.611 0.0000000000
41648  -35.472  -31.630  57.330 0.0000000000
40750  -35.372  -31.964  55.527 0.0000000000
40783  -35.444  -31.758  54.749 0.0000000000
60131  -50.587  -10.891  58.285 0.0000000000
61116  -51.471  -9.832  58.906 0.0000000000
62058  -50.816  -8.325  57.956 0.0000000000
62856  -50.635  -7.692  57.568 0.0000000000
63595  -50.754  -6.457  56.942 0.0000000000
120003  -50.245  -6.086  55.542 0.0000000000
39607  -18.564  -32.763  76.035 0.0000000000
39621  -18.081  -32.233  74.508 0.0000000000
39622  -18.462  -32.833  74.999 0.0000000000
38781  -18.673  -33.655  73.459 0.0000000000
124833  -18.777  -34.599  71.429 0.0000000000
36909  -20.196  -35.486  73.006 0.0000000000
37895  -19.616  -34.918  71.445 0.0000000000
37894  -18.920  -35.071  70.683 0.0000000000
112156  -19.225  -34.904  70.193 0.0000000000
39693  -19.436  -33.820  68.989 0.0000000000
39717  -20.273  -32.739  68.522 0.0000000000
43593  -35.118  -28.021  53.597 0.0000000000
44585  -35.879  -26.995  53.533 0.0000000000
45530  -35.780  -26.185  57.969 0.0000000000
53690  -36.685  -17.563  58.413 0.0000000000
53692  -38.234  -16.903  58.886 0.0000000000
134791  -26.274  -38.678  74.928 0.0000000000
35020  -25.719  -37.818  74.029 0.0000000000
115710  -27.142  -37.845  73.746 0.0000000000
35035  -27.966  -36.969  72.702 0.0000000000
36946  -28.499  -35.122  70.767 0.0000000000
35963  -30.560  -36.746  71.458 0.0000000000
36947  -29.457  -35.312  70.631 0.0000000000
37928  -28.553  -34.280  69.586 0.0000000000
38860  -28.588  -33.444  68.562 0.0000000000
133926  -28.672  -32.627  67.500 0.0000000000
40638  -28.695  -31.505  65.710 0.0000000000
118906  -35.046  -34.023  70.323 0.0000000000
37944  -33.613  -34.278  68.797 0.0000000000
38880  -33.036  -33.857  67.161 0.0000000000
41512  -33.709  -30.744  66.082 0.0000000000
121455  -32.646  -31.840  66.048 0.0000000000
38892  -32.300  -33.281  66.635 0.0000000000
40624  -30.955  -31.998  65.996 0.0000000000
41529  -29.083  -31.119  64.907 0.0000000000
44518  -33.678  -27.167  58.120 0.0000000000
44377  -39.564  -27.753  67.643 0.0000000000
45400  -39.789  -26.479  67.680 0.0000000000
42266  -16.622  -29.757  79.580 0.0000000000
40427  -18.388  -31.713  78.201 0.0000000000
38731  -19.255  -32.807  77.234 0.0000000000
38732  -19.767  -33.013  77.177 0.0000000000
118499  -22.444  -35.754  76.335 0.0000000000
116797  -23.810  -36.324  76.358 0.0000000000
35902  -24.813  -36.696  76.324 0.0000000000
34972  -26.040  -37.773  76.173 0.0000000000
34011  -27.294  -38.565  75.188 0.0000000000
112410  -28.898  -38.346  75.250 0.0000000000
34014  -30.321  -38.316  74.802 0.0000000000
34994  -31.118  -36.772  74.963 0.0000000000
35011  -32.531  -37.649  73.868 0.0000000000
35923  -33.639  -36.231  73.671 0.0000000000
36895  -34.615  -35.294  73.498 0.0000000000
38782  -35.487  -34.235  73.446 0.0000000000
38783  -36.502  -33.733  73.259 0.0000000000
38785  -37.575  -32.545  73.112 0.0000000000
40507  -38.655  -30.923  72.822 0.0000000000
43401  -38.705  -27.970  68.654 0.0000000000
45384  -41.782  -26.150  68.026 0.0000000000
45386  -43.876  -26.395  68.400 0.0000000000
45387  -44.404  -26.192  68.244 0.0000000000
118863  -42.726  -22.865  70.722 0.0000000000
47240  -43.806  -24.287  69.464 0.0000000000
47272  -44.698  -24.794  67.411 0.0000000000
48097  -43.984  -23.813  66.693 0.0000000000
48095  -42.406  -22.752  66.464 0.0000000000
50051  -41.830  -21.208  67.039 0.0000000000
51826  -44.705  -19.180  69.277 0.0000000000
51824  -42.787  -19.607  68.525 0.0000000000
50978  -40.440  -20.749  66.977 0.0000000000
52682  -39.946  -18.954  66.864 0.0000000000
52699  -40.116  -18.369  65.704 0.0000000000
53595  -39.967  -18.186  63.989 0.0000000000
54519  -42.956  -16.483  65.381 0.0000000000
117063  -41.247  -17.749  64.149 0.0000000000
111606  -39.845  -18.057  62.317 0.0000000000
133892  -40.286  -17.563  61.272 0.0000000000
54576  -40.229  -16.941  60.044 0.0000000000
54611  -39.644  -16.415  58.568 0.0000000000
113783  -47.779  -17.438  63.277 0.0000000000
53644  -45.909  -17.592  62.058 0.0000000000
54583  -47.101  -17.154  60.226 0.0000000000
54582  -45.876  -17.047  60.373 0.0000000000
54580  -43.789  -16.903  60.519 0.0000000000
54596  -42.470  -16.395  59.581 0.0000000000
55527  -41.082  -16.005  58.170 0.0000000000
55541  -39.425  -15.936  57.107 0.0000000000
55572  -39.781  -15.392  55.636 0.0000000000
56492  -40.025  -14.856  53.956 0.0000000000
56519  -39.611  -14.636  52.705 0.0000000000
56512  -43.228  -14.311  53.832 0.0000000000
56521  -41.374  -14.380  52.519 0.0000000000
134209  -39.828  -14.343  51.231 0.0000000000
115108  -48.169  -11.121  56.979 0.0000000000
60147  -46.385  -10.838  55.628 0.0000000000
59211  -44.719  -10.655  53.786 0.0000000000
62085  -45.715  -8.536  54.225 0.0000000000
115501  -44.474  -9.968  53.140 0.0000000000
60191  -43.046  -10.658  51.370 0.0000000000
43329  -14.561  -28.736  73.732 0.0000000000
120329  -17.750  -31.708  73.995 0.0000000000
41436  -17.304  -30.866  71.712 0.0000000000
41456  -17.118  -30.639  70.823 0.0000000000
39692  -17.598  -32.979  69.197 0.0000000000
41472  -17.249  -30.970  69.189 0.0000000000
41471  -16.791  -30.451  69.254 0.0000000000
41507  -16.231  -30.974  66.675 0.0000000000
35947  -25.270  -36.569  73.062 0.0000000000
37883  -24.222  -35.162  72.174 0.0000000000
38807  -24.128  -33.924  71.161 0.0000000000
38841  -25.840  -33.456  69.829 0.0000000000
38824  -24.376  -33.557  70.553 0.0000000000
39680  -23.097  -32.875  70.132 0.0000000000
39696  -22.535  -32.270  69.624 0.0000000000
39718  -21.068  -32.047  68.788 0.0000000000
40597  -20.870  -31.840  67.232 0.0000000000
41525  -24.441  -30.926  65.604 0.0000000000
41524  -23.532  -30.709  65.321 0.0000000000
41510  -22.780  -30.890  65.816 0.0000000000
126633  -21.567  -31.283  66.087 0.0000000000
40616  -20.969  -31.845  66.329 0.0000000000
39770  -20.727  -32.669  66.464 0.0000000000
42475  -42.164  -30.081  66.576 0.0000000000
42476  -42.955  -29.761  66.136 0.0000000000
122259  -41.846  -29.079  66.844 0.0000000000
42466  -41.099  -29.769  67.069 0.0000000000
120055  -41.345  -30.571  67.001 0.0000000000
41519  -42.492  -30.549  66.094 0.0000000000
54621  -37.687  -16.541  57.244 0.0000000000
54632  -36.674  -16.665  56.271 0.0000000000
54633  -37.473  -16.345  56.416 0.0000000000
132100  -37.632  -16.090  55.863 0.0000000000
55555  -38.199  -15.951  56.040 0.0000000000
34988  -24.850  -37.443  75.359 0.0000000000
35007  -24.439  -37.541  74.604 0.0000000000
35008  -25.301  -37.822  74.843 0.0000000000
118063  -32.906  -29.486  52.636 0.0000000000
43605  -32.431  -28.765  52.354 0.0000000000
42655  -33.520  -29.808  52.953 0.0000000000
116548  -39.507  -23.437  65.278 0.0000000000
48129  -38.446  -23.455  64.611 0.0000000000
49033  -38.880  -22.203  65.077 0.0000000000
125884  -39.327  -21.818  65.409 0.0000000000
36903  -36.022  -35.284  72.461 0.0000000000
36937  -35.839  -35.767  72.140 0.0000000000
36938  -36.288  -35.067  72.296 0.0000000000
45469  -34.137  -26.664  61.276 0.0000000000
45457  -33.773  -26.764  62.118 0.0000000000
117774  -33.522  -30.471  53.242 0.0000000000
42666  -32.211  -29.690  52.495 0.0000000000
58251  -51.144  -12.676  59.039 0.0000000000
125357  -49.358  -13.519  57.775 0.0000000000
58263  -49.780  -12.899  57.925 0.0000000000
58262  -48.719  -12.852  57.246 0.0000000000
126693  -49.720  -12.197  57.830 0.0000000000
41351  -17.381  -31.055  76.526 0.0000000000
40463  -17.707  -31.647  75.992 0.0000000000
127697  -27.894  -31.523  66.006 0.0000000000
40637  -27.103  -31.367  65.939 0.0000000000
41527  -26.800  -30.832  65.301 0.0000000000
113430  -38.656  -30.911  59.004 0.0000000000
41638  -38.491  -30.816  58.294 0.0000000000
41628  -39.526  -30.146  59.183 0.0000000000
132550  -43.390  -26.599  64.749 0.0000000000
44419  -42.091  -27.219  63.566 0.0000000000
45445  -42.594  -26.757  64.333 0.0000000000
129574  -41.760  -26.355  64.825 0.0000000000
45437  -42.691  -26.208  65.016 0.0000000000
39659  -39.892  -31.834  71.558 0.0000000000
39686  -39.962  -32.384  70.945 0.0000000000
39687  -40.326  -32.192  70.988 0.0000000000
41563  -38.254  -31.234  63.326 0.0000000000
41553  -38.679  -30.923  64.739 0.0000000000
125415  -38.228  -30.137  62.847 0.0000000000
42531  -37.843  -29.252  62.852 0.0000000000
41595  -37.993  -30.043  62.005 0.0000000000
42547  -37.517  -29.648  61.365 0.0000000000
116200  -37.314  -30.891  61.416 0.0000000000
129580  -38.104  -31.940  59.533 0.0000000000
40719  -37.186  -32.972  59.686 0.0000000000
40732  -37.713  -32.037  58.776 0.0000000000
40743  -37.067  -32.543  57.423 0.0000000000
37849  -20.376  -34.892  75.836 0.0000000000
37848  -19.809  -34.552  75.530 0.0000000000
37859  -20.173  -35.155  75.031 0.0000000000
37898  -21.926  -34.613  71.785 0.0000000000
44519  -38.272  -27.308  57.930 0.0000000000
45549  -37.818  -27.156  57.161 0.0000000000
47335  -34.415  -23.993  60.106 0.0000000000
125159  -34.454  -24.373  59.398 0.0000000000
51883  -37.915  -19.082  62.809 0.0000000000
51890  -37.386  -19.172  62.224 0.0000000000
133490  -37.903  -18.783  62.125 0.0000000000
52736  -38.285  -18.422  61.624 0.0000000000
33029  -30.905  -39.554  73.527 0.0000000000
34071  -29.970  -39.305  73.064 0.0000000000
34072  -30.981  -39.385  72.815 0.0000000000
37941  -31.965  -34.650  68.226 0.0000000000
37931  -31.445  -34.792  69.106 0.0000000000
38863  -31.441  -34.178  67.739 0.0000000000
38877  -30.901  -33.506  67.376 0.0000000000
38878  -31.949  -33.847  67.051 0.0000000000
40605  -34.969  -30.812  67.959 0.0000000000
41499  -34.687  -30.593  67.177 0.0000000000
42517  -31.223  -29.088  63.962 0.0000000000
42496  -31.696  -29.593  64.358 0.0000000000
133491  -30.497  -29.295  63.816 0.0000000000
42603  -34.573  -29.934  57.615 0.0000000000
50905  -44.745  -20.395  69.909 0.0000000000
55436  -45.474  -14.535  68.212 0.0000000000
54491  -43.974  -16.342  68.343 0.0000000000
55426  -43.497  -15.761  67.730 0.0000000000
54506  -42.797  -16.102  67.352 0.0000000000
55434  -43.403  -15.486  67.079 0.0000000000
53600  -44.595  -17.946  63.667 0.0000000000
53599  -43.542  -17.810  63.551 0.0000000000
53618  -43.860  -17.795  62.727 0.0000000000
53641  -43.021  -17.548  61.893 0.0000000000
53642  -43.754  -17.513  61.812 0.0000000000
119247  -49.139  -15.568  62.294 0.0000000000
55495  -48.886  -16.304  62.264 0.0000000000
55562  -44.614  -15.258  56.620 0.0000000000
55546  -44.607  -15.511  57.306 0.0000000000
55561  -43.910  -15.405  56.904 0.0000000000
112906  -43.161  -15.504  57.170 0.0000000000
130891  -43.346  -15.312  56.554 0.0000000000
55576  -43.102  -15.085  55.956 0.0000000000
133077  -43.640  -12.987  52.529 0.0000000000
58340  -43.208  -12.116  51.921 0.0000000000
62069  -49.484  -7.822  56.791 0.0000000000
61133  -48.329  -8.919  56.904 0.0000000000
62068  -48.698  -8.022  56.351 0.0000000000
43264  -14.428  -28.740  77.549 0.0000000000
132859  -16.343  -29.639  71.558 0.0000000000
126293  -15.908  -29.496  71.291 0.0000000000
42408  -16.042  -29.697  70.495 0.0000000000
42428  -15.767  -30.060  69.323 0.0000000000
42429  -16.230  -29.999  69.691 0.0000000000
39666  -17.884  -33.103  71.385 0.0000000000
37994  -19.248  -34.294  63.401 0.0000000000
37903  -27.602  -34.886  70.830 0.0000000000
37902  -26.755  -34.610  70.815 0.0000000000
40600  -23.957  -31.745  67.627 0.0000000000
40578  -24.151  -32.030  68.166 0.0000000000
133218  -23.297  -31.557  67.526 0.0000000000
41576  -40.438  -30.850  62.455 0.0000000000
42532  -40.937  -29.941  61.827 0.0000000000
42486  -43.365  -28.997  65.889 0.0000000000
42503  -43.281  -28.778  64.993 0.0000000000
43440  -43.678  -28.222  65.460 0.0000000000
43451  -43.505  -27.942  64.549 0.0000000000
43435  -44.084  -27.717  66.786 0.0000000000
42439  -40.236  -30.582  69.470 0.0000000000
40585  -40.960  -31.970  68.945 0.0000000000
41486  -40.610  -31.038  68.751 0.0000000000
39774  -41.056  -33.024  65.752 0.0000000000
115897  -41.310  -32.863  66.313 0.0000000000
39773  -40.331  -33.041  65.444 0.0000000000
39784  -38.888  -33.102  64.154 0.0000000000
128679  -38.479  -33.135  63.683 0.0000000000
39794  -37.982  -33.130  63.224 0.0000000000
39795  -39.097  -33.156  63.992 0.0000000000
40662  -41.088  -31.432  64.092 0.0000000000
40677  -39.964  -31.812  63.032 0.0000000000
41564  -40.743  -31.059  63.279 0.0000000000
40711  -39.396  -31.629  61.340 0.0000000000
54644  -35.775  -16.775  54.707 0.0000000000
55585  -37.606  -15.609  54.342 0.0000000000
134620  -37.941  -15.196  53.147 0.0000000000
35900  -22.043  -36.177  75.979 0.0000000000
35911  -21.744  -36.326  75.145 0.0000000000
116510  -22.565  -36.722  73.688 0.0000000000
35945  -23.007  -36.481  73.310 0.0000000000
115040  -22.714  -35.946  72.705 0.0000000000
36913  -23.738  -35.972  72.877 0.0000000000
44594  -32.532  -27.710  52.291 0.0000000000
45458  -37.949  -26.365  62.167 0.0000000000
46433  -37.411  -26.007  61.728 0.0000000000
46429  -37.378  -25.617  62.471 0.0000000000
48136  -37.360  -23.539  63.671 0.0000000000
47330  -36.605  -24.390  62.595 0.0000000000
48140  -36.287  -23.684  62.536 0.0000000000
134180  -35.758  -23.778  61.947 0.0000000000
49070  -36.229  -22.829  62.639 0.0000000000
49065  -36.684  -22.442  63.098 0.0000000000
51006  -38.353  -20.988  64.756 0.0000000000
128673  -37.989  -20.601  64.270 0.0000000000
51860  -37.952  -19.953  64.030 0.0000000000
51861  -38.490  -19.457  64.403 0.0000000000
35039  -34.142  -38.101  72.563 0.0000000000
34085  -33.544  -38.705  71.852 0.0000000000
34076  -34.178  -38.353  71.944 0.0000000000
35981  -34.269  -36.500  71.191 0.0000000000
35980  -33.642  -36.792  71.127 0.0000000000
36951  -33.722  -35.976  70.561 0.0000000000
36963  -32.893  -35.130  69.378 0.0000000000
37933  -33.285  -34.712  69.022 0.0000000000
116945  -34.901  -28.583  64.311 0.0000000000
42499  -34.332  -29.044  64.700 0.0000000000
44446  -33.138  -26.850  62.653 0.0000000000
43464  -33.418  -27.975  63.651 0.0000000000
44445  -32.418  -27.008  62.812 0.0000000000
44424  -32.010  -27.598  63.193 0.0000000000
44444  -31.639  -27.015  62.478 0.0000000000
45466  -31.891  -26.331  61.715 0.0000000000
41678  -34.554  -31.338  55.145 0.0000000000
41677  -33.683  -30.732  54.837 0.0000000000
126229  -33.279  -30.697  54.170 0.0000000000
56375  -45.173  -14.611  66.224 0.0000000000
55462  -48.112  -15.574  65.413 0.0000000000
54520  -47.472  -16.160  65.492 0.0000000000
54529  -46.928  -16.849  64.742 0.0000000000
54538  -46.298  -17.588  64.195 0.0000000000
57368  -51.055  -14.226  61.104 0.0000000000
57351  -50.729  -13.662  61.494 0.0000000000
57350  -50.771  -14.378  61.960 0.0000000000
56434  -50.787  -14.941  61.438 0.0000000000
122875  -49.377  -15.643  59.836 0.0000000000
56440  -49.768  -15.054  59.386 0.0000000000
56471  -47.810  -14.241  56.860 0.0000000000
56460  -48.114  -14.675  57.371 0.0000000000
56459  -47.423  -14.831  56.899 0.0000000000
55564  -46.594  -15.029  56.575 0.0000000000
134531  -46.565  -14.566  56.175 0.0000000000
56484  -45.557  -14.364  55.568 0.0000000000
56485  -46.401  -14.159  55.882 0.0000000000
58286  -46.649  -12.792  55.512 0.0000000000
58300  -45.991  -12.361  55.084 0.0000000000
58299  -45.479  -12.745  54.520 0.0000000000
62883  -49.108  -7.102  54.799 0.0000000000
62882  -48.606  -7.413  54.831 0.0000000000
42318  -15.839  -29.323  76.805 0.0000000000
42319  -16.438  -29.861  76.415 0.0000000000
41384  -17.006  -30.288  74.989 0.0000000000
41402  -16.967  -30.174  74.216 0.0000000000
41420  -16.708  -29.812  72.810 0.0000000000
38888  -18.583  -34.201  66.694 0.0000000000
38891  -20.206  -34.425  66.522 0.0000000000
133723  -20.169  -34.979  66.238 0.0000000000
115106  -27.778  -33.248  68.591 0.0000000000
39699  -26.834  -33.179  68.852 0.0000000000
40621  -26.486  -31.691  66.509 0.0000000000
40620  -25.617  -31.569  66.465 0.0000000000
40601  -25.150  -31.814  67.132 0.0000000000
41695  -35.770  -31.659  54.715 0.0000000000
41679  -36.547  -30.698  55.114 0.0000000000
118392  -39.029  -29.043  57.045 0.0000000000
42619  -38.256  -29.412  56.295 0.0000000000
43557  -39.379  -28.150  56.985 0.0000000000
44537  -39.531  -27.805  57.258 0.0000000000
44538  -39.971  -27.841  57.756 0.0000000000
121995  -41.069  -29.272  61.424 0.0000000000
41614  -40.506  -29.428  60.190 0.0000000000
42548  -40.875  -28.879  60.869 0.0000000000
116838  -40.328  -27.319  62.393 0.0000000000
44490  -40.541  -27.781  60.517 0.0000000000
44469  -39.963  -27.421  60.955 0.0000000000
115689  -39.455  -27.302  60.600 0.0000000000
44468  -39.220  -27.165  61.174 0.0000000000
44450  -38.607  -26.841  61.653 0.0000000000
44429  -39.485  -27.029  62.890 0.0000000000
46407  -40.746  -25.379  65.339 0.0000000000
46418  -39.929  -25.707  65.006 0.0000000000
47304  -40.777  -24.518  65.571 0.0000000000
48114  -40.085  -23.993  65.464 0.0000000000
48115  -40.913  -23.667  65.721 0.0000000000
38796  -37.785  -32.958  72.640 0.0000000000
38810  -37.336  -33.686  72.216 0.0000000000
39668  -38.261  -32.897  71.868 0.0000000000
40563  -37.857  -31.366  69.893 0.0000000000
40549  -38.072  -31.865  70.706 0.0000000000
40582  -36.414  -30.831  68.849 0.0000000000
40583  -37.604  -31.045  68.856 0.0000000000
38881  -40.144  -33.387  68.045 0.0000000000
39728  -39.713  -32.844  68.452 0.0000000000
39763  -39.311  -32.522  67.100 0.0000000000
41517  -38.245  -30.271  66.107 0.0000000000
41503  -38.297  -30.813  66.927 0.0000000000
41516  -37.619  -30.038  66.662 0.0000000000
42464  -36.980  -29.959  67.103 0.0000000000
42482  -36.577  -29.113  65.756 0.0000000000
43439  -37.073  -28.846  65.123 0.0000000000
43486  -36.593  -28.135  62.550 0.0000000000
43466  -36.450  -28.250  63.459 0.0000000000
44449  -36.009  -27.687  62.085 0.0000000000
44466  -35.424  -27.390  61.537 0.0000000000
44487  -35.507  -27.572  60.628 0.0000000000
43531  -36.408  -29.211  59.658 0.0000000000
42577  -36.075  -29.521  58.957 0.0000000000
42588  -35.588  -29.984  58.398 0.0000000000
40697  -37.316  -32.890  62.028 0.0000000000
41611  -36.878  -32.010  60.860 0.0000000000
40709  -37.235  -32.789  61.043 0.0000000000
39865  -36.619  -32.919  58.426 0.0000000000
40731  -36.409  -32.796  58.518 0.0000000000
40730  -35.921  -32.500  57.871 0.0000000000
40742  -35.865  -32.764  57.040 0.0000000000
41663  -35.426  -31.963  56.418 0.0000000000
40751  -35.883  -32.618  56.172 0.0000000000
40767  -36.443  -32.319  55.989 0.0000000000
40765  -35.782  -32.146  55.317 0.0000000000
40766  -36.113  -32.135  55.292 0.0000000000
41716  -35.242  -31.319  54.230 0.0000000000
62041  -51.310  -7.927  58.687 0.0000000000
62857  -51.146  -7.823  58.138 0.0000000000
62846  -51.271  -7.069  58.318 0.0000000000
63589  -51.245  -6.089  57.619 0.0000000000
62874  -50.149  -6.733  56.096 0.0000000000
64396  -50.628  -6.094  56.285 0.0000000000
38758  -18.927  -33.402  75.535 0.0000000000
37857  -19.139  -34.203  73.964 0.0000000000
37867  -19.154  -34.413  72.899 0.0000000000
38794  -18.669  -34.005  72.411 0.0000000000
37880  -19.209  -34.749  71.838 0.0000000000
35919  -21.215  -36.266  73.532 0.0000000000
36899  -20.647  -35.839  73.630 0.0000000000
36910  -20.793  -35.884  72.820 0.0000000000
37896  -20.067  -35.008  71.470 0.0000000000
132866  -20.197  -35.276  71.903 0.0000000000
37911  -19.185  -35.058  70.738 0.0000000000
38819  -18.772  -35.030  70.043 0.0000000000
39678  -20.942  -32.935  70.108 0.0000000000
38839  -19.787  -33.589  69.824 0.0000000000
131255  -36.385  -28.548  54.285 0.0000000000
43594  -35.832  -28.412  53.930 0.0000000000
44586  -36.771  -26.862  53.770 0.0000000000
45596  -37.024  -26.327  53.936 0.0000000000
45531  -36.590  -26.523  58.386 0.0000000000
46481  -35.984  -25.978  58.910 0.0000000000
125322  -35.171  -25.536  56.736 0.0000000000
50103  -35.816  -21.627  62.156 0.0000000000
50107  -35.423  -21.214  61.589 0.0000000000
51893  -35.723  -19.347  60.388 0.0000000000
118184  -35.551  -18.697  59.100 0.0000000000
53660  -38.107  -17.692  60.217 0.0000000000
53676  -37.030  -17.751  59.166 0.0000000000
53677  -37.783  -17.405  59.422 0.0000000000
53691  -37.439  -17.202  58.633 0.0000000000
53678  -38.566  -17.173  59.641 0.0000000000
130468  -27.528  -38.675  74.280 0.0000000000
34050  -26.970  -38.336  74.262 0.0000000000
34051  -27.671  -38.548  73.901 0.0000000000
35950  -28.933  -37.145  72.529 0.0000000000
129888  -28.476  -37.824  73.041 0.0000000000
35961  -28.546  -36.220  72.066 0.0000000000
36934  -28.989  -35.735  71.309 0.0000000000
35965  -32.551  -37.137  71.148 0.0000000000
35964  -31.548  -37.021  71.217 0.0000000000
35978  -31.900  -36.509  70.717 0.0000000000
37930  -30.419  -34.640  69.282 0.0000000000
36948  -30.488  -35.479  70.476 0.0000000000
37916  -29.961  -34.884  70.028 0.0000000000
37915  -28.967  -34.796  70.103 0.0000000000
37929  -29.436  -34.444  69.454 0.0000000000
38844  -28.979  -33.967  68.959 0.0000000000
39743  -29.407  -32.725  67.357 0.0000000000
39758  -28.913  -32.316  66.864 0.0000000000
119295  -28.370  -31.897  66.427 0.0000000000
40622  -29.253  -31.928  66.204 0.0000000000
130685  -35.853  -33.780  71.023 0.0000000000
38847  -35.232  -33.173  70.177 0.0000000000
39746  -33.892  -32.286  67.818 0.0000000000
38866  -34.024  -33.439  68.695 0.0000000000
133972  -33.806  -33.094  68.047 0.0000000000
38865  -33.365  -33.899  67.910 0.0000000000
39725  -33.411  -33.162  67.330 0.0000000000
42479  -33.857  -29.631  65.127 0.0000000000
41533  -33.393  -30.309  65.529 0.0000000000
41531  -31.839  -30.795  65.107 0.0000000000
40642  -32.239  -31.291  65.568 0.0000000000
130520  -31.832  -31.926  65.838 0.0000000000
39762  -32.459  -32.589  66.309 0.0000000000
39761  -31.665  -32.569  66.307 0.0000000000
40640  -31.005  -31.473  65.548 0.0000000000
42494  -29.407  -30.244  64.149 0.0000000000
40651  -30.174  -31.224  65.077 0.0000000000
122818  -29.029  -30.623  64.390 0.0000000000
44505  -34.711  -27.429  59.339 0.0000000000
135260  -16.091  -29.338  79.706 0.0000000000
39578  -18.828  -32.296  77.829 0.0000000000
36872  -21.772  -35.463  76.271 0.0000000000
34973  -26.582  -37.730  76.236 0.0000000000
34001  -26.710  -38.272  75.775 0.0000000000
34990  -27.350  -37.964  76.002 0.0000000000
34993  -30.476  -37.470  75.073 0.0000000000
36886  -32.195  -35.432  74.582 0.0000000000
35915  -31.354  -35.858  75.044 0.0000000000
134847  -31.911  -36.301  74.631 0.0000000000
35921  -32.090  -37.098  74.368 0.0000000000
35012  -32.994  -37.004  73.792 0.0000000000
38770  -33.935  -33.900  73.869 0.0000000000
36894  -33.876  -35.307  73.672 0.0000000000
37869  -35.069  -34.841  73.479 0.0000000000
39646  -36.245  -33.074  73.475 0.0000000000
40504  -36.260  -32.351  73.504 0.0000000000
121673  -36.833  -32.738  73.386 0.0000000000
40505  -36.780  -31.991  73.481 0.0000000000
41411  -37.956  -30.876  73.307 0.0000000000
41412  -38.580  -30.146  72.980 0.0000000000
40508  -39.073  -30.317  72.624 0.0000000000
133525  -39.011  -27.615  68.060 0.0000000000
129362  -39.927  -25.199  68.324 0.0000000000
113691  -40.861  -26.645  67.587 0.0000000000
46347  -40.648  -25.806  68.022 0.0000000000
47238  -41.893  -24.637  69.328 0.0000000000
117932  -42.482  -25.669  68.657 0.0000000000
46349  -43.387  -25.723  68.750 0.0000000000
46350  -44.026  -25.729  68.703 0.0000000000
48049  -44.065  -22.897  69.916 0.0000000000
48048  -43.504  -22.846  70.412 0.0000000000
48065  -44.278  -23.644  69.231 0.0000000000
47258  -44.692  -24.738  68.112 0.0000000000
48087  -44.664  -23.905  67.822 0.0000000000
48098  -44.541  -24.106  67.158 0.0000000000
49008  -43.997  -22.547  67.480 0.0000000000
115228  -43.526  -21.721  67.605 0.0000000000
50052  -42.159  -21.860  66.678 0.0000000000
50036  -42.661  -21.467  67.198 0.0000000000
55421  -45.240  -15.473  68.988 0.0000000000
52664  -44.850  -18.644  69.337 0.0000000000
52676  -44.944  -18.188  69.278 0.0000000000
115752  -42.616  -17.976  68.614 0.0000000000
52674  -43.250  -18.762  68.752 0.0000000000
52673  -42.122  -18.766  68.429 0.0000000000
50961  -41.291  -20.445  67.555 0.0000000000
51837  -40.803  -19.530  67.663 0.0000000000
50977  -39.813  -20.146  66.950 0.0000000000
52683  -40.509  -18.695  67.338 0.0000000000
53548  -41.299  -17.337  66.676 0.0000000000
52691  -40.257  -18.389  66.557 0.0000000000
53561  -40.754  -17.745  66.030 0.0000000000
53575  -40.007  -18.320  64.850 0.0000000000
114026  -40.552  -18.006  65.211 0.0000000000
55449  -43.636  -15.638  65.766 0.0000000000
53598  -42.510  -17.720  63.505 0.0000000000
53577  -42.038  -17.466  64.288 0.0000000000
53597  -41.623  -17.816  63.520 0.0000000000
53596  -40.751  -17.993  63.545 0.0000000000
53615  -40.602  -18.019  62.697 0.0000000000
53639  -40.452  -17.825  61.938 0.0000000000
127503  -41.218  -17.847  62.318 0.0000000000
54577  -41.104  -16.890  60.178 0.0000000000
53663  -40.636  -17.292  60.751 0.0000000000
54593  -39.910  -16.647  59.310 0.0000000000
54594  -40.743  -16.573  59.475 0.0000000000
54547  -48.123  -17.350  62.589 0.0000000000
117917  -48.281  -16.961  63.301 0.0000000000
53621  -46.884  -17.521  62.719 0.0000000000
55517  -47.660  -16.254  59.102 0.0000000000
54601  -47.864  -16.773  59.830 0.0000000000
54600  -46.956  -16.511  59.275 0.0000000000
55516  -44.632  -16.263  59.104 0.0000000000
54599  -45.885  -16.559  59.440 0.0000000000
111899  -45.067  -16.702  59.880 0.0000000000
54581  -44.836  -17.088  60.647 0.0000000000
54598  -44.225  -16.599  59.875 0.0000000000
54597  -43.363  -16.504  59.804 0.0000000000
55514  -43.132  -16.128  59.220 0.0000000000
112444  -41.869  -15.587  57.088 0.0000000000
111821  -41.991  -15.770  57.904 0.0000000000
55543  -41.323  -15.749  57.482 0.0000000000
55542  -40.629  -15.848  57.475 0.0000000000
111884  -40.172  -15.731  56.898 0.0000000000
55557  -39.595  -15.655  56.387 0.0000000000
55558  -40.388  -15.461  56.167 0.0000000000
55587  -40.069  -15.108  54.769 0.0000000000
56493  -40.802  -14.767  54.100 0.0000000000
56508  -39.607  -14.794  53.461 0.0000000000
56509  -40.487  -14.615  53.210 0.0000000000
56497  -44.263  -14.349  54.694 0.0000000000
56496  -43.431  -14.511  54.576 0.0000000000
134184  -43.976  -14.276  54.002 0.0000000000
57443  -42.053  -14.100  51.968 0.0000000000
56522  -42.267  -14.292  52.752 0.0000000000
56532  -41.198  -14.153  51.703 0.0000000000
56520  -40.457  -14.414  52.229 0.0000000000
60130  -49.820  -10.322  57.833 0.0000000000
60129  -48.909  -10.642  57.469 0.0000000000
60137  -46.717  -9.886  56.057 0.0000000000
133837  -46.819  -10.684  56.123 0.0000000000
60146  -45.680  -10.480  55.050 0.0000000000
121799  -45.277  -11.012  54.475 0.0000000000
60160  -45.196  -10.091  54.394 0.0000000000
62880  -47.290  -7.704  54.260 0.0000000000
62086  -46.494  -8.105  54.462 0.0000000000
62100  -46.051  -8.182  53.556 0.0000000000
61179  -44.408  -9.361  52.455 0.0000000000
60185  -44.089  -10.191  52.508 0.0000000000
43295  -15.165  -28.725  75.172 0.0000000000
43314  -15.277  -28.690  74.267 0.0000000000
128595  -14.708  -29.608  71.679 0.0000000000
42384  -14.527  -29.334  72.441 0.0000000000
41469  -14.620  -30.544  69.651 0.0000000000
41495  -15.223  -30.872  67.537 0.0000000000
40594  -14.916  -31.360  67.188 0.0000000000
40611  -15.048  -31.734  66.595 0.0000000000
39753  -15.325  -32.273  65.859 0.0000000000
39640  -17.796  -32.050  73.118 0.0000000000
40535  -17.593  -32.002  71.672 0.0000000000
40517  -17.565  -31.519  72.465 0.0000000000
126504  -17.410  -31.486  71.138 0.0000000000
38857  -17.852  -34.298  68.807 0.0000000000
40596  -17.573  -31.570  67.224 0.0000000000
41483  -17.187  -30.919  68.553 0.0000000000
41498  -17.149  -30.921  67.750 0.0000000000
41497  -16.432  -30.686  67.463 0.0000000000
41508  -17.035  -30.955  66.951 0.0000000000
37960  -20.050  -35.163  64.817 0.0000000000
35931  -26.602  -37.236  73.327 0.0000000000
35930  -25.816  -37.305  73.484 0.0000000000
35948  -26.110  -36.519  72.830 0.0000000000
122739  -25.456  -34.662  71.415 0.0000000000
36930  -25.072  -35.160  71.991 0.0000000000
37900  -24.625  -34.534  71.566 0.0000000000
39698  -26.038  -33.063  69.163 0.0000000000
118938  -25.279  -33.031  69.425 0.0000000000
122428  -24.203  -32.653  69.417 0.0000000000
128735  -24.660  -32.948  69.609 0.0000000000
39681  -24.079  -33.035  70.001 0.0000000000
38823  -23.610  -33.427  70.645 0.0000000000
40576  -21.650  -31.611  68.258 0.0000000000
40575  -20.857  -31.899  68.003 0.0000000000
41542  -23.281  -30.389  64.549 0.0000000000
41523  -22.608  -30.693  65.064 0.0000000000
41509  -22.007  -30.946  65.610 0.0000000000
40617  -22.108  -31.052  66.308 0.0000000000
39782  -20.988  -32.333  65.483 0.0000000000
41554  -41.756  -30.717  64.592 0.0000000000
42501  -42.076  -29.795  64.169 0.0000000000
41555  -42.490  -30.187  65.109 0.0000000000
42477  -43.238  -28.884  66.305 0.0000000000
43434  -43.411  -28.253  66.705 0.0000000000
42453  -39.632  -29.177  68.230 0.0000000000
40608  -41.012  -31.401  68.185 0.0000000000
41504  -40.743  -30.497  67.711 0.0000000000
40628  -41.605  -32.022  66.450 0.0000000000
40646  -41.602  -32.170  65.774 0.0000000000
40653  -40.667  -32.260  64.575 0.0000000000
40654  -41.388  -31.717  64.963 0.0000000000
41536  -42.092  -31.080  65.512 0.0000000000
124454  -36.519  -17.178  57.324 0.0000000000
53720  -36.037  -17.023  56.088 0.0000000000
54645  -36.232  -16.692  55.552 0.0000000000
121876  -36.453  -16.351  55.006 0.0000000000
54654  -36.273  -16.313  54.266 0.0000000000
54655  -36.975  -15.962  54.759 0.0000000000
35912  -23.411  -36.808  75.677 0.0000000000
128618  -23.168  -37.070  75.018 0.0000000000
35006  -23.537  -37.265  74.474 0.0000000000
47324  -38.069  -24.941  64.122 0.0000000000
47315  -37.894  -24.009  64.238 0.0000000000
48128  -37.849  -23.049  64.209 0.0000000000
49066  -37.298  -22.501  63.615 0.0000000000
50085  -38.378  -21.792  64.669 0.0000000000
50991  -38.775  -20.575  65.384 0.0000000000
35933  -34.969  -36.697  72.714 0.0000000000
35054  -34.620  -37.756  71.815 0.0000000000
35968  -35.182  -37.082  71.963 0.0000000000
36936  -35.138  -36.478  71.702 0.0000000000
36952  -34.554  -35.736  70.860 0.0000000000
44447  -34.336  -27.240  62.752 0.0000000000
44426  -34.223  -27.807  63.457 0.0000000000
134464  -33.728  -27.000  62.685 0.0000000000
45456  -33.065  -26.536  62.000 0.0000000000
45467  -32.651  -26.293  61.528 0.0000000000
46457  -32.224  -25.741  59.789 0.0000000000
41694  -33.980  -31.136  54.029 0.0000000000
41714  -33.333  -30.670  53.578 0.0000000000
130603  -32.990  -30.502  53.049 0.0000000000
57381  -50.560  -13.768  59.120 0.0000000000
56452  -50.033  -14.422  58.741 0.0000000000
126131  -49.993  -13.807  58.297 0.0000000000
56461  -48.561  -14.037  57.420 0.0000000000
57399  -48.159  -13.652  56.946 0.0000000000
57409  -46.975  -13.849  56.043 0.0000000000
58275  -47.790  -13.134  56.516 0.0000000000
58287  -47.290  -12.414  56.031 0.0000000000
41350  -16.956  -30.559  77.069 0.0000000000
41385  -17.409  -30.871  74.354 0.0000000000
132472  -18.859  -34.643  68.437 0.0000000000
38874  -18.813  -34.576  67.480 0.0000000000
131744  -19.680  -34.427  66.771 0.0000000000
39757  -28.100  -32.310  67.125 0.0000000000
39741  -27.286  -32.387  67.402 0.0000000000
112379  -37.395  -31.657  56.895 0.0000000000
41664  -37.529  -30.784  56.354 0.0000000000
111654  -38.781  -30.058  57.631 0.0000000000
42590  -39.964  -28.841  58.130 0.0000000000
43489  -41.856  -27.955  62.389 0.0000000000
43488  -41.263  -28.001  61.737 0.0000000000
44431  -42.179  -27.630  62.971 0.0000000000
113444  -41.575  -27.517  62.878 0.0000000000
117463  -40.804  -27.015  63.560 0.0000000000
45448  -39.722  -26.765  63.599 0.0000000000
46408  -41.728  -25.776  65.230 0.0000000000
47305  -41.698  -24.950  65.553 0.0000000000
39669  -38.979  -32.350  71.687 0.0000000000
39703  -39.076  -32.270  69.984 0.0000000000
40644  -39.060  -32.336  65.728 0.0000000000
40627  -38.889  -31.888  66.634 0.0000000000
41535  -38.672  -30.962  65.466 0.0000000000
132943  -38.500  -30.275  65.061 0.0000000000
42483  -37.855  -29.178  64.982 0.0000000000
43449  -37.339  -28.748  64.440 0.0000000000
42519  -37.621  -28.840  63.729 0.0000000000
43467  -37.215  -28.481  63.083 0.0000000000
133378  -37.050  -28.599  61.552 0.0000000000
114447  -36.559  -28.450  60.875 0.0000000000
43499  -37.128  -28.903  61.126 0.0000000000
42566  -36.697  -29.942  59.981 0.0000000000
39842  -37.160  -32.911  60.561 0.0000000000
39841  -37.051  -32.994  60.152 0.0000000000
39852  -36.954  -33.079  59.694 0.0000000000
39866  -36.814  -33.060  58.822 0.0000000000
39878  -36.565  -32.914  57.772 0.0000000000
39877  -36.145  -32.877  56.915 0.0000000000
38759  -19.474  -33.867  75.985 0.0000000000
37858  -19.669  -34.704  74.522 0.0000000000
36912  -21.832  -35.904  72.637 0.0000000000
36911  -21.148  -35.868  72.582 0.0000000000
36928  -21.330  -35.405  72.144 0.0000000000
37897  -21.037  -34.847  71.635 0.0000000000
38804  -20.733  -34.277  71.165 0.0000000000
43578  -38.131  -27.993  55.480 0.0000000000
43587  -37.135  -28.019  54.514 0.0000000000
44566  -37.974  -27.321  55.551 0.0000000000
44565  -37.561  -27.023  54.801 0.0000000000
45582  -37.393  -26.775  55.290 0.0000000000
46442  -35.609  -25.114  60.282 0.0000000000
46459  -35.472  -25.350  59.403 0.0000000000
46458  -34.829  -24.898  58.989 0.0000000000
46479  -34.646  -24.983  58.124 0.0000000000
51881  -36.884  -19.721  62.407 0.0000000000
51027  -36.286  -20.039  61.942 0.0000000000
51889  -36.781  -19.300  61.613 0.0000000000
52754  -36.506  -18.733  60.339 0.0000000000
52755  -37.189  -18.362  60.324 0.0000000000
52756  -37.802  -18.309  60.843 0.0000000000
33037  -29.235  -39.615  73.899 0.0000000000
35023  -28.460  -38.726  73.550 0.0000000000
34070  -29.221  -39.142  73.444 0.0000000000
120731  -29.677  -37.499  72.325 0.0000000000
122779  -32.454  -35.503  69.826 0.0000000000
115263  -31.628  -35.738  70.247 0.0000000000
36962  -31.830  -35.189  69.607 0.0000000000
38862  -30.378  -33.834  68.105 0.0000000000
39744  -30.336  -32.890  67.043 0.0000000000
39700  -34.677  -32.749  69.408 0.0000000000
40560  -34.870  -31.772  69.221 0.0000000000
40580  -34.518  -31.556  68.373 0.0000000000
42497  -32.592  -29.300  64.418 0.0000000000
41551  -32.185  -30.111  64.744 0.0000000000
41550  -31.342  -30.344  64.684 0.0000000000
41530  -31.070  -30.931  65.121 0.0000000000
126874  -30.031  -30.249  64.322 0.0000000000
43542  -34.620  -28.709  58.415 0.0000000000
35905  -27.281  -37.191  76.426 0.0000000000
35894  -27.995  -36.394  76.612 0.0000000000
37860  -32.877  -34.665  74.345 0.0000000000
36893  -33.115  -35.506  74.039 0.0000000000
41410  -37.075  -31.256  73.493 0.0000000000
48062  -39.478  -23.350  69.610 0.0000000000
47256  -40.230  -24.618  68.804 0.0000000000
121614  -40.308  -23.261  69.933 0.0000000000
48063  -41.046  -23.576  69.957 0.0000000000
48046  -41.983  -23.192  70.490 0.0000000000
49995  -43.650  -21.675  70.770 0.0000000000
48988  -44.405  -22.161  69.816 0.0000000000
127629  -44.527  -22.541  68.586 0.0000000000
50021  -44.658  -21.840  69.065 0.0000000000
131406  -44.668  -21.016  69.204 0.0000000000
50942  -44.378  -20.678  68.664 0.0000000000
56338  -45.850  -13.849  68.939 0.0000000000
56351  -45.664  -14.620  68.853 0.0000000000
54493  -45.105  -16.532  68.982 0.0000000000
53522  -45.103  -17.245  69.117 0.0000000000
54492  -45.035  -16.328  68.837 0.0000000000
53520  -43.413  -17.225  68.603 0.0000000000
53519  -42.396  -17.355  68.320 0.0000000000
122508  -41.049  -18.115  67.682 0.0000000000
135001  -42.005  -17.196  67.967 0.0000000000
133884  -41.616  -17.073  67.054 0.0000000000
112509  -42.242  -16.604  65.950 0.0000000000
124251  -44.509  -16.912  64.669 0.0000000000
54527  -43.505  -16.983  64.650 0.0000000000
117406  -41.017  -17.585  61.515 0.0000000000
53640  -41.996  -17.654  61.900 0.0000000000
54578  -41.990  -16.865  60.276 0.0000000000
55478  -48.697  -16.617  62.648 0.0000000000
54548  -48.475  -17.039  62.120 0.0000000000
54565  -47.768  -17.313  61.408 0.0000000000
112320  -46.169  -15.869  58.058 0.0000000000
54615  -46.277  -16.227  58.726 0.0000000000
55530  -44.554  -15.805  58.161 0.0000000000
55529  -43.600  -15.906  58.601 0.0000000000
55544  -42.498  -15.587  57.339 0.0000000000
117405  -41.792  -15.387  56.436 0.0000000000
55574  -41.269  -15.240  55.821 0.0000000000
55575  -42.233  -15.136  55.866 0.0000000000
56480  -41.934  -14.926  55.089 0.0000000000
57435  -44.283  -13.436  53.352 0.0000000000
57434  -43.869  -13.990  53.429 0.0000000000
57445  -43.602  -13.530  52.770 0.0000000000
57453  -41.617  -13.606  51.358 0.0000000000
112785  -49.763  -8.975  57.623 0.0000000000
61123  -49.105  -9.538  57.479 0.0000000000
127170  -46.454  -9.152  55.569 0.0000000000
62118  -45.604  -8.431  51.637 0.0000000000
62117  -44.872  -8.684  52.044 0.0000000000
43312  -13.818  -28.814  74.951 0.0000000000
129638  -16.094  -29.225  73.082 0.0000000000
43330  -15.396  -28.848  73.421 0.0000000000
42395  -15.243  -29.373  71.806 0.0000000000
42407  -15.225  -29.678  70.970 0.0000000000
41470  -15.168  -30.178  69.690 0.0000000000
115749  -15.808  -30.491  67.894 0.0000000000
116932  -17.603  -32.448  70.900 0.0000000000
39737  -18.198  -33.781  67.148 0.0000000000
39736  -17.872  -32.791  67.596 0.0000000000
39754  -18.023  -32.297  66.701 0.0000000000
38922  -17.617  -33.573  63.521 0.0000000000
37993  -18.734  -34.578  62.879 0.0000000000
38015  -19.500  -34.884  62.867 0.0000000000
37027  -20.099  -35.288  62.984 0.0000000000
36917  -27.246  -35.739  71.927 0.0000000000
36916  -26.432  -35.663  72.027 0.0000000000
36931  -26.237  -34.922  71.370 0.0000000000
40579  -24.744  -32.317  68.413 0.0000000000
39720  -23.979  -32.240  68.842 0.0000000000
39719  -22.995  -32.062  68.918 0.0000000000
40599  -22.445  -31.441  67.738 0.0000000000
122667  -22.168  -31.198  67.009 0.0000000000
40659  -21.366  -31.785  63.708 0.0000000000
40650  -21.315  -31.677  64.602 0.0000000000
41612  -39.189  -31.413  60.529 0.0000000000
113837  -39.794  -30.330  59.949 0.0000000000
41613  -39.969  -30.503  60.778 0.0000000000
42533  -41.456  -29.204  61.947 0.0000000000
42521  -41.938  -29.579  63.286 0.0000000000
42522  -42.506  -28.900  63.549 0.0000000000
43469  -42.392  -28.173  63.010 0.0000000000
121627  -43.163  -27.757  63.850 0.0000000000
44421  -43.432  -27.188  64.429 0.0000000000
45438  -44.000  -26.672  65.094 0.0000000000
41463  -40.475  -31.426  70.967 0.0000000000
40550  -40.590  -32.094  70.579 0.0000000000
40564  -40.742  -32.419  69.599 0.0000000000
39706  -40.843  -32.820  68.803 0.0000000000
38882  -40.573  -33.439  67.804 0.0000000000
40609  -41.348  -32.128  68.050 0.0000000000
39766  -41.021  -33.131  66.868 0.0000000000
39764  -39.946  -33.303  66.732 0.0000000000
40645  -39.326  -32.858  64.928 0.0000000000
114617  -38.460  -31.925  64.048 0.0000000000
40675  -37.506  -32.458  62.835 0.0000000000
128012  -37.390  -31.514  62.022 0.0000000000
40674  -37.524  -32.971  62.661 0.0000000000
39814  -37.599  -33.017  62.423 0.0000000000
40676  -39.123  -32.960  63.293 0.0000000000
39815  -38.311  -33.140  62.717 0.0000000000
39832  -37.927  -33.113  61.883 0.0000000000
40710  -38.522  -32.386  61.174 0.0000000000
54658  -36.147  -16.325  53.402 0.0000000000
36892  -21.114  -36.026  74.887 0.0000000000
35920  -21.491  -36.390  74.304 0.0000000000
35928  -21.922  -36.611  73.743 0.0000000000
35005  -22.697  -36.897  74.342 0.0000000000
123940  -22.831  -34.533  71.777 0.0000000000
45488  -37.769  -26.587  60.442 0.0000000000
45532  -37.461  -26.837  58.705 0.0000000000
45487  -36.930  -26.204  60.190 0.0000000000
46443  -36.355  -25.485  60.809 0.0000000000
47331  -37.095  -24.841  62.927 0.0000000000
46428  -36.658  -24.968  62.252 0.0000000000
46431  -36.172  -24.909  61.566 0.0000000000
114256  -35.533  -24.230  61.406 0.0000000000
48146  -34.816  -23.754  60.890 0.0000000000
48143  -35.250  -23.456  61.498 0.0000000000
48142  -34.629  -23.039  61.015 0.0000000000
49074  -35.176  -22.720  61.569 0.0000000000
49069  -35.709  -22.407  62.153 0.0000000000
50104  -36.426  -21.257  62.651 0.0000000000
50098  -37.459  -21.554  63.743 0.0000000000
132251  -37.212  -21.173  63.479 0.0000000000
51017  -36.920  -20.879  63.144 0.0000000000
51872  -37.626  -19.739  63.340 0.0000000000
52714  -38.634  -18.739  63.174 0.0000000000
33039  -32.330  -39.393  72.847 0.0000000000
34073  -32.069  -39.264  72.598 0.0000000000
34074  -33.024  -39.123  72.402 0.0000000000
35052  -33.153  -38.176  71.499 0.0000000000
116913  -34.005  -37.594  71.441 0.0000000000
35979  -33.020  -36.698  70.965 0.0000000000
123821  -32.779  -34.748  68.832 0.0000000000
37942  -32.678  -34.595  68.248 0.0000000000
42472  -35.030  -29.708  66.002 0.0000000000
41513  -34.462  -30.340  66.410 0.0000000000
42480  -34.686  -29.369  65.340 0.0000000000
42498  -33.494  -29.188  64.556 0.0000000000
43445  -33.104  -28.641  64.143 0.0000000000
132425  -32.570  -28.763  64.113 0.0000000000
43463  -31.612  -28.405  63.561 0.0000000000
44443  -30.156  -27.966  62.585 0.0000000000
118451  -30.758  -27.404  62.364 0.0000000000
45484  -30.612  -26.163  60.988 0.0000000000
45485  -31.416  -26.101  61.159 0.0000000000
41661  -33.852  -30.379  55.958 0.0000000000
42643  -32.175  -29.981  55.287 0.0000000000
41693  -32.517  -30.386  54.177 0.0000000000
56359  -45.829  -13.652  67.306 0.0000000000
130819  -44.818  -14.619  66.787 0.0000000000
56366  -43.886  -15.078  66.727 0.0000000000
55450  -44.628  -15.324  65.591 0.0000000000
55460  -45.190  -16.071  65.013 0.0000000000
54528  -45.623  -17.313  64.694 0.0000000000
53580  -45.305  -17.798  64.184 0.0000000000
53619  -44.912  -17.909  62.954 0.0000000000
55497  -49.743  -15.538  62.015 0.0000000000
54585  -49.052  -16.699  61.204 0.0000000000
55518  -49.459  -16.163  60.738 0.0000000000
117289  -48.541  -16.134  59.570 0.0000000000
55533  -48.015  -15.750  58.561 0.0000000000
56451  -49.167  -14.723  58.411 0.0000000000
56450  -48.436  -15.091  58.025 0.0000000000
121358  -46.763  -15.580  57.746 0.0000000000
55548  -46.220  -15.480  57.319 0.0000000000
55563  -45.506  -15.278  56.763 0.0000000000
56468  -45.072  -14.917  56.049 0.0000000000
56482  -43.700  -14.735  55.335 0.0000000000
56498  -45.070  -14.015  54.940 0.0000000000
57418  -46.541  -13.504  55.631 0.0000000000
57423  -45.329  -13.419  54.645 0.0000000000
57436  -44.889  -13.125  53.921 0.0000000000
58314  -44.490  -12.671  53.361 0.0000000000
59226  -44.475  -11.673  53.425 0.0000000000
62871  -48.130  -7.822  55.435 0.0000000000
62872  -48.903  -7.471  55.482 0.0000000000
62881  -47.992  -7.560  54.549 0.0000000000
62892  -46.926  -7.785  53.599 0.0000000000
43265  -15.136  -28.903  77.162 0.0000000000
42334  -15.852  -29.238  75.774 0.0000000000
42351  -15.947  -29.095  74.829 0.0000000000
42352  -16.534  -29.646  74.500 0.0000000000
38818  -18.430  -34.809  70.052 0.0000000000
38872  -18.041  -34.236  68.045 0.0000000000
38899  -19.152  -33.823  64.918 0.0000000000
36977  -19.957  -35.142  65.813 0.0000000000
37927  -27.741  -34.093  69.739 0.0000000000
38826  -27.075  -33.926  69.830 0.0000000000
39722  -26.221  -32.717  68.416 0.0000000000
39740  -26.451  -32.384  67.648 0.0000000000
39739  -25.517  -32.269  67.886 0.0000000000
130367  -24.443  -31.668  67.180 0.0000000000
42657  -35.143  -30.460  53.850 0.0000000000
114716  -35.039  -29.271  53.723 0.0000000000
42645  -36.608  -29.280  54.711 0.0000000000
116850  -37.401  -30.086  55.752 0.0000000000
42631  -37.908  -28.932  55.607 0.0000000000
43567  -38.483  -27.853  56.099 0.0000000000
131182  -39.141  -27.542  57.474 0.0000000000
114658  -40.007  -29.360  58.716 0.0000000000
42580  -40.393  -28.632  58.784 0.0000000000
43500  -40.964  -28.080  60.982 0.0000000000
44510  -40.506  -27.814  59.694 0.0000000000
44522  -40.453  -27.858  59.069 0.0000000000
44509  -40.125  -27.591  59.366 0.0000000000
44508  -39.393  -27.375  59.069 0.0000000000
45511  -38.531  -27.028  59.785 0.0000000000
45447  -38.127  -26.151  63.031 0.0000000000
134721  -39.212  -26.349  64.019 0.0000000000
45442  -39.202  -25.858  64.519 0.0000000000
132680  -38.670  -25.278  64.476 0.0000000000
47317  -39.351  -24.287  65.149 0.0000000000
114692  -40.258  -23.128  65.547 0.0000000000
49035  -40.370  -22.429  65.671 0.0000000000
37885  -36.779  -34.084  72.835 0.0000000000
119160  -36.712  -34.494  72.260 0.0000000000
38828  -36.659  -33.170  71.271 0.0000000000
39682  -36.081  -32.625  70.643 0.0000000000
39684  -38.074  -32.535  71.387 0.0000000000
39683  -37.113  -32.258  70.982 0.0000000000
39702  -36.413  -31.660  70.273 0.0000000000
40561  -35.817  -31.341  69.515 0.0000000000
41484  -35.931  -30.558  68.146 0.0000000000
132775  -40.370  -32.691  69.586 0.0000000000
39727  -39.285  -32.380  69.086 0.0000000000
119173  -38.495  -31.669  68.242 0.0000000000
40607  -38.679  -31.687  67.420 0.0000000000
40606  -37.932  -31.032  67.811 0.0000000000
41501  -36.534  -30.250  67.571 0.0000000000
41515  -36.197  -29.960  66.958 0.0000000000
42473  -35.909  -29.526  66.274 0.0000000000
43447  -35.692  -28.658  64.664 0.0000000000
43465  -35.601  -28.271  63.804 0.0000000000
43448  -36.530  -28.534  64.366 0.0000000000
44427  -35.007  -27.743  63.235 0.0000000000
44448  -35.217  -27.430  62.457 0.0000000000
133709  -34.395  -26.731  60.571 0.0000000000
127873  -34.299  -26.721  59.788 0.0000000000
45508  -34.905  -27.184  60.181 0.0000000000
43529  -35.067  -28.227  58.974 0.0000000000
43514  -36.123  -28.312  60.221 0.0000000000
43530  -35.777  -28.646  59.344 0.0000000000
111714  -34.852  -29.528  58.156 0.0000000000
41610  -36.589  -31.377  59.946 0.0000000000
41626  -36.465  -32.391  59.298 0.0000000000
42589  -36.093  -30.529  58.752 0.0000000000
41636  -35.706  -31.127  58.129 0.0000000000
41647  -34.859  -30.763  57.011 0.0000000000
40764  -35.134  -31.773  54.816 0.0000000000
40782  -34.752  -31.375  54.259 0.0000000000
131769  -34.699  -31.052  53.830 0.0000000000
59168  -50.535  -11.723  58.311 0.0000000000
133178  -51.152  -11.372  58.645 0.0000000000
60122  -51.386  -10.665  58.777 0.0000000000
123598  -50.632  -10.028  58.260 0.0000000000
62047  -51.196  -8.793  58.543 0.0000000000
61125  -50.599  -9.075  58.056 0.0000000000
62057  -50.070  -8.270  57.487 0.0000000000
131845  -50.027  -7.606  57.086 0.0000000000
63573  -51.221  -6.211  58.437 0.0000000000
63588  -51.088  -7.001  57.685 0.0000000000
62865  -50.377  -7.121  56.983 0.0000000000
62864  -49.798  -7.322  56.402 0.0000000000
63606  -49.674  -6.627  55.176 0.0000000000
63619  -49.392  -6.652  54.484 0.0000000000
39594  -18.182  -32.162  76.544 0.0000000000
39606  -18.104  -32.207  75.500 0.0000000000
39641  -18.400  -32.872  74.012 0.0000000000
38766  -18.776  -33.510  74.489 0.0000000000
36891  -20.607  -35.680  74.526 0.0000000000
36927  -20.655  -35.554  72.276 0.0000000000
36926  -20.261  -35.381  72.211 0.0000000000
37881  -19.729  -35.059  72.368 0.0000000000
135282  -19.107  -34.982  71.180 0.0000000000
38838  -18.793  -34.846  69.425 0.0000000000
39738  -20.371  -32.691  67.782 0.0000000000
41545  -26.400  -30.334  64.690 0.0000000000
125368  -34.202  -28.966  53.321 0.0000000000
43592  -34.105  -27.753  53.238 0.0000000000
43595  -36.669  -27.690  54.040 0.0000000000
44584  -34.907  -27.165  53.355 0.0000000000
44596  -34.233  -26.753  53.017 0.0000000000
124932  -37.299  -26.914  57.940 0.0000000000
45548  -36.636  -26.694  57.308 0.0000000000
45565  -36.410  -26.579  56.222 0.0000000000
45547  -35.650  -26.225  56.999 0.0000000000
46525  -36.784  -25.986  54.250 0.0000000000
51030  -35.293  -20.195  60.799 0.0000000000
52787  -36.203  -18.163  58.955 0.0000000000
114053  -36.429  -17.443  57.784 0.0000000000
53704  -37.070  -17.016  57.797 0.0000000000
54609  -37.948  -16.681  58.074 0.0000000000
34027  -25.867  -38.487  75.127 0.0000000000
131733  -25.687  -38.108  74.494 0.0000000000
35009  -26.222  -38.437  74.530 0.0000000000
35021  -26.395  -37.865  73.951 0.0000000000
117832  -27.304  -37.281  73.166 0.0000000000
35022  -27.815  -37.954  73.366 0.0000000000
35960  -27.770  -36.079  72.195 0.0000000000
36933  -27.967  -35.492  71.527 0.0000000000
35038  -31.576  -38.632  72.168 0.0000000000
35050  -31.074  -37.633  71.796 0.0000000000
35977  -31.043  -36.192  70.903 0.0000000000
36935  -30.003  -35.940  71.125 0.0000000000
37914  -28.096  -34.586  70.231 0.0000000000
118190  -28.159  -33.788  69.107 0.0000000000
132351  -28.337  -33.115  68.280 0.0000000000
38861  -29.420  -33.565  68.394 0.0000000000
39724  -28.918  -33.011  68.026 0.0000000000
41528  -27.910  -31.013  65.298 0.0000000000
37904  -36.186  -34.906  71.777 0.0000000000
37918  -35.152  -34.802  70.831 0.0000000000
38827  -34.608  -34.529  70.049 0.0000000000
38846  -34.459  -33.889  69.542 0.0000000000
37934  -34.021  -34.840  69.505 0.0000000000
37943  -33.069  -34.512  68.303 0.0000000000
37948  -32.880  -34.279  67.578 0.0000000000
38879  -32.720  -33.909  67.041 0.0000000000
40626  -33.904  -31.071  66.782 0.0000000000
40643  -32.968  -31.041  65.859 0.0000000000
40625  -33.300  -31.589  66.311 0.0000000000
132543  -33.041  -32.402  66.374 0.0000000000
38893  -33.011  -33.234  66.663 0.0000000000
39760  -30.705  -32.478  66.470 0.0000000000
40623  -30.116  -32.042  66.036 0.0000000000
115121  -30.367  -31.673  65.630 0.0000000000
40639  -29.623  -31.603  65.544 0.0000000000
41547  -28.346  -30.558  64.541 0.0000000000
42618  -33.324  -29.734  56.982 0.0000000000
44378  -40.364  -27.960  67.283 0.0000000000
114833  -40.006  -27.204  67.416 0.0000000000
46346  -39.569  -25.849  67.968 0.0000000000
47254  -38.740  -24.620  68.642 0.0000000000
42283  -15.918  -29.359  78.959 0.0000000000
42284  -16.520  -30.040  78.657 0.0000000000
41310  -16.908  -30.262  78.946 0.0000000000
41330  -17.075  -30.590  78.181 0.0000000000
40426  -17.878  -31.505  77.868 0.0000000000
39577  -18.304  -32.014  77.466 0.0000000000
39595  -18.699  -32.604  77.016 0.0000000000
38746  -19.655  -33.468  76.649 0.0000000000
37836  -20.621  -34.502  76.293 0.0000000000
133237  -20.870  -34.136  76.457 0.0000000000
36882  -21.004  -35.190  76.092 0.0000000000
35901  -22.845  -36.309  76.116 0.0000000000
34969  -24.327  -37.027  75.903 0.0000000000
34970  -25.214  -37.302  75.954 0.0000000000
34971  -25.726  -37.694  76.019 0.0000000000
33999  -25.948  -38.232  75.798 0.0000000000
34010  -26.364  -38.535  75.336 0.0000000000
34991  -28.157  -38.199  75.578 0.0000000000
34012  -28.365  -38.890  74.693 0.0000000000
34013  -29.389  -38.855  74.685 0.0000000000
34031  -30.088  -39.192  74.375 0.0000000000
34032  -30.936  -38.896  74.227 0.0000000000
35010  -31.174  -37.732  74.654 0.0000000000
120187  -31.860  -38.117  74.135 0.0000000000
35024  -33.209  -37.916  73.473 0.0000000000
121513  -33.813  -37.105  73.438 0.0000000000
35026  -34.413  -37.311  73.007 0.0000000000
36900  -34.390  -35.840  73.450 0.0000000000
35932  -34.453  -36.502  73.281 0.0000000000
36901  -35.105  -35.723  73.184 0.0000000000
36902  -35.686  -35.455  72.807 0.0000000000
113737  -36.077  -34.877  72.875 0.0000000000
38772  -35.145  -33.429  73.546 0.0000000000
124315  -35.906  -33.642  73.462 0.0000000000
113596  -36.059  -34.359  73.232 0.0000000000
37871  -36.403  -34.412  72.988 0.0000000000
38784  -37.151  -33.372  73.036 0.0000000000
40506  -37.363  -31.867  73.365 0.0000000000
116965  -38.113  -31.724  73.050 0.0000000000
39647  -38.192  -32.332  72.755 0.0000000000
40525  -38.845  -31.731  72.500 0.0000000000
40526  -39.296  -31.014  72.400 0.0000000000
41446  -40.031  -30.976  71.659 0.0000000000
131899  -38.878  -29.491  72.711 0.0000000000
41445  -39.730  -30.373  72.004 0.0000000000
42421  -40.112  -30.496  71.290 0.0000000000
128126  -39.765  -29.754  71.184 0.0000000000
42420  -39.877  -30.047  70.245 0.0000000000
43383  -39.069  -28.981  69.037 0.0000000000
43402  -39.245  -28.351  68.136 0.0000000000
43419  -39.882  -28.557  67.599 0.0000000000
44379  -41.618  -28.048  67.083 0.0000000000
45401  -42.067  -27.007  67.534 0.0000000000
44380  -42.862  -27.668  67.363 0.0000000000
46348  -41.588  -25.566  68.471 0.0000000000
45385  -42.960  -26.372  68.300 0.0000000000
45402  -43.454  -27.011  67.880 0.0000000000
44381  -44.481  -27.158  67.285 0.0000000000
45416  -44.751  -26.552  66.708 0.0000000000
46411  -44.615  -25.949  66.015 0.0000000000
48973  -42.115  -22.369  71.093 0.0000000000
47222  -42.811  -23.650  70.297 0.0000000000
48974  -42.952  -22.402  70.931 0.0000000000
48047  -43.160  -23.023  70.544 0.0000000000
47239  -43.274  -24.323  69.735 0.0000000000
46351  -44.398  -25.399  68.469 0.0000000000
46366  -44.749  -25.586  67.818 0.0000000000
46383  -44.393  -25.324  66.194 0.0000000000
47287  -43.611  -24.907  65.967 0.0000000000
47286  -43.499  -24.260  66.265 0.0000000000
47306  -42.588  -24.381  65.887 0.0000000000
48086  -44.352  -23.400  67.324 0.0000000000
49022  -43.492  -23.042  66.859 0.0000000000
48116  -41.900  -23.445  66.018 0.0000000000
133366  -41.740  -22.828  66.187 0.0000000000
49020  -41.573  -22.292  66.302 0.0000000000
49019  -40.766  -22.025  66.022 0.0000000000
52659  -44.850  -19.160  69.590 0.0000000000
51827  -44.672  -19.908  69.295 0.0000000000
111822  -44.480  -20.047  68.912 0.0000000000
52675  -44.375  -18.603  68.993 0.0000000000
51825  -44.072  -19.454  68.788 0.0000000000
50941  -43.625  -20.366  68.396 0.0000000000
120557  -42.271  -20.898  67.482 0.0000000000
132169  -41.149  -20.985  67.071 0.0000000000
50050  -40.257  -21.377  66.194 0.0000000000
50049  -39.743  -20.706  66.499 0.0000000000
50992  -39.309  -20.158  66.154 0.0000000000
51854  -39.357  -19.370  65.947 0.0000000000
52690  -39.750  -18.890  66.218 0.0000000000
51853  -38.875  -19.627  65.290 0.0000000000
52697  -38.965  -19.050  64.686 0.0000000000
129441  -39.387  -18.604  64.399 0.0000000000
52715  -39.304  -18.471  63.560 0.0000000000
55443  -43.450  -15.464  66.439 0.0000000000
55448  -42.891  -16.001  66.114 0.0000000000
54518  -42.102  -17.122  65.243 0.0000000000
54526  -42.692  -17.138  64.750 0.0000000000
53576  -41.246  -17.589  65.023 0.0000000000
122354  -40.626  -17.969  64.458 0.0000000000
53614  -39.953  -18.192  63.125 0.0000000000
52722  -39.220  -18.365  62.732 0.0000000000
53638  -39.073  -18.199  61.910 0.0000000000
121308  -39.688  -17.796  61.517 0.0000000000
53662  -39.690  -17.396  60.672 0.0000000000
53679  -39.384  -17.037  59.845 0.0000000000
54592  -39.070  -16.733  59.117 0.0000000000
54610  -38.814  -16.519  58.322 0.0000000000
54622  -38.601  -16.286  57.415 0.0000000000
53602  -46.791  -17.647  63.525 0.0000000000
53620  -45.874  -17.822  62.904 0.0000000000
121448  -45.210  -17.700  62.321 0.0000000000
54584  -48.233  -17.098  60.751 0.0000000000
53668  -46.670  -17.348  60.957 0.0000000000
53667  -45.826  -17.372  61.199 0.0000000000
53666  -45.047  -17.507  61.566 0.0000000000
54564  -44.185  -17.309  61.285 0.0000000000
54563  -43.331  -17.260  61.128 0.0000000000
54579  -42.885  -16.862  60.379 0.0000000000
55528  -42.529  -15.952  58.715 0.0000000000
54614  -41.905  -16.191  59.087 0.0000000000
54613  -41.246  -16.259  58.942 0.0000000000
54612  -40.465  -16.329  58.754 0.0000000000
54623  -39.441  -16.208  57.822 0.0000000000
55556  -38.828  -15.905  56.606 0.0000000000
115585  -39.008  -15.609  55.878 0.0000000000
121127  -39.155  -15.330  55.111 0.0000000000
55573  -40.505  -15.245  55.465 0.0000000000
55595  -39.168  -15.048  54.168 0.0000000000
56507  -38.752  -14.915  53.174 0.0000000000
56518  -38.780  -14.757  52.258 0.0000000000
56495  -42.586  -14.626  54.424 0.0000000000
56511  -42.419  -14.463  53.591 0.0000000000
57433  -43.068  -14.089  53.074 0.0000000000
56510  -41.528  -14.557  53.391 0.0000000000
56530  -39.587  -14.485  51.776 0.0000000000
59166  -48.868  -11.670  57.409 0.0000000000
59179  -47.661  -11.680  56.495 0.0000000000
121224  -48.160  -10.034  57.059 0.0000000000
60138  -47.379  -10.620  56.504 0.0000000000
59193  -45.851  -11.437  55.104 0.0000000000
132086  -44.946  -11.513  54.028 0.0000000000
62078  -47.379  -8.248  55.607 0.0000000000
62077  -46.699  -8.460  55.310 0.0000000000
61141  -45.909  -8.856  55.011 0.0000000000
61166  -45.223  -8.764  53.524 0.0000000000
61165  -44.729  -9.244  53.147 0.0000000000
60173  -44.872  -9.616  53.756 0.0000000000
119876  -44.271  -10.813  53.027 0.0000000000
59239  -43.470  -11.334  52.094 0.0000000000
43294  -14.380  -28.678  75.520 0.0000000000
43313  -14.437  -28.647  74.589 0.0000000000
43342  -14.707  -28.951  73.041 0.0000000000
39714  -14.107  -32.295  68.232 0.0000000000
128675  -14.554  -30.845  68.933 0.0000000000
118247  -14.588  -31.286  68.046 0.0000000000
40484  -17.728  -31.611  74.953 0.0000000000
40499  -17.525  -31.151  73.357 0.0000000000
41421  -17.239  -30.573  72.605 0.0000000000
134358  -16.990  -30.285  71.366 0.0000000000
41455  -16.648  -30.202  70.161 0.0000000000
39677  -17.597  -32.778  70.053 0.0000000000
121615  -17.401  -31.710  69.575 0.0000000000
40558  -17.458  -31.752  68.815 0.0000000000
125765  -17.144  -30.792  69.872 0.0000000000
41482  -16.554  -30.490  68.372 0.0000000000
41496  -15.777  -30.778  67.244 0.0000000000
40632  -16.186  -31.842  65.344 0.0000000000
40612  -15.727  -31.509  66.154 0.0000000000
119454  -25.034  -37.719  74.122 0.0000000000
35929  -25.009  -37.348  73.630 0.0000000000
35946  -24.418  -36.625  73.260 0.0000000000
36915  -25.569  -35.790  72.383 0.0000000000
36914  -24.731  -35.836  72.626 0.0000000000
37899  -23.751  -34.496  71.715 0.0000000000
38806  -23.232  -33.908  71.256 0.0000000000
37912  -26.452  -33.981  70.246 0.0000000000
38825  -25.660  -33.818  70.397 0.0000000000
38840  -24.995  -33.398  70.104 0.0000000000
38822  -22.662  -33.310  70.806 0.0000000000
39679  -22.028  -32.583  70.378 0.0000000000
39695  -21.498  -32.290  69.572 0.0000000000
40559  -22.010  -31.829  68.987 0.0000000000
41526  -25.845  -30.748  65.267 0.0000000000
119786  -25.064  -30.731  65.212 0.0000000000
41511  -23.682  -31.070  66.105 0.0000000000
40618  -22.894  -31.145  66.546 0.0000000000
124958  -21.462  -31.374  66.740 0.0000000000
40634  -21.386  -31.451  65.472 0.0000000000
39756  -20.554  -32.624  67.086 0.0000000000
38900  -20.719  -33.388  66.318 0.0000000000
33019  -28.985  -39.422  74.161 0.0000000000
33027  -29.571  -39.667  74.055 0.0000000000
33028  -30.217  -39.699  73.858 0.0000000000
34000  -26.281  -38.185  75.918 0.0000000000
34028  -26.855  -38.602  74.680 0.0000000000
34030  -28.591  -39.259  74.072 0.0000000000
34033  -31.660  -39.114  73.616 0.0000000000
34034  -32.416  -38.519  73.598 0.0000000000
34052  -28.868  -39.358  73.834 0.0000000000
34053  -29.564  -39.611  73.646 0.0000000000
34054  -30.374  -39.627  73.398 0.0000000000
34055  -32.189  -39.316  73.187 0.0000000000
34056  -32.851  -38.962  73.109 0.0000000000
34075  -33.746  -38.714  72.189 0.0000000000
34084  -32.696  -38.783  71.932 0.0000000000
35025  -33.892  -37.765  73.167 0.0000000000
35041  -35.078  -37.205  72.180 0.0000000000
35049  -30.238  -37.321  71.960 0.0000000000
35903  -25.587  -37.120  76.300 0.0000000000
35951  -35.368  -36.582  72.303 0.0000000000
35966  -33.379  -37.480  71.308 0.0000000000
36918  -35.632  -35.902  72.372 0.0000000000
36964  -33.376  -35.275  69.635 0.0000000000
37862  -34.334  -34.649  73.626 0.0000000000
37870  -35.644  -34.942  73.197 0.0000000000
37905  -36.869  -34.173  72.483 0.0000000000
37917  -34.438  -35.096  70.199 0.0000000000
38811  -38.026  -33.022  72.211 0.0000000000
38848  -40.321  -33.006  68.839 0.0000000000
38849  -40.699  -33.009  68.727 0.0000000000
38867  -40.546  -33.274  68.345 0.0000000000
38868  -40.927  -33.207  68.274 0.0000000000
38883  -41.056  -33.221  67.621 0.0000000000
38894  -40.127  -33.470  67.433 0.0000000000
38895  -40.564  -33.410  67.063 0.0000000000
38923  -18.435  -33.779  63.444 0.0000000000
39670  -39.747  -32.157  71.367 0.0000000000
39748  -39.792  -33.181  67.574 0.0000000000
39765  -40.584  -33.274  66.219 0.0000000000
39843  -37.842  -32.744  61.048 0.0000000000
40527  -39.765  -31.242  71.856 0.0000000000
40548  -37.229  -31.508  70.341 0.0000000000
40586  -41.013  -32.506  68.735 0.0000000000
40660  -37.820  -32.809  63.297 0.0000000000
40753  -36.546  -32.614  56.739 0.0000000000
40784  -35.774  -32.013  54.974 0.0000000000
41480  -15.141  -30.572  68.334 0.0000000000
41500  -35.588  -30.334  67.442 0.0000000000
41505  -41.268  -31.276  67.423 0.0000000000
41518  -41.744  -31.097  66.555 0.0000000000
41548  -29.679  -30.709  64.576 0.0000000000
41573  -37.323  -32.511  62.333 0.0000000000
41575  -39.504  -32.096  62.293 0.0000000000
41735  -32.313  -30.273  52.868 0.0000000000
42446  -16.288  -30.162  69.041 0.0000000000
42484  -38.286  -29.882  65.346 0.0000000000
42500  -37.992  -29.133  64.304 0.0000000000
42502  -42.784  -29.293  64.565 0.0000000000
42516  -29.933  -29.769  63.942 0.0000000000
42549  -41.219  -28.595  61.478 0.0000000000
42568  -40.563  -28.774  59.498 0.0000000000
42579  -40.247  -29.433  59.348 0.0000000000
42632  -38.399  -28.450  55.959 0.0000000000
43421  -43.769  -27.527  67.339 0.0000000000
43433  -42.856  -29.115  66.509 0.0000000000
43441  -44.155  -27.710  65.973 0.0000000000
43468  -42.014  -28.885  62.584 0.0000000000
43498  -36.674  -28.291  61.603 0.0000000000
43532  -40.573  -28.181  59.265 0.0000000000
43543  -40.191  -28.154  58.167 0.0000000000
43544  -40.437  -28.064  58.725 0.0000000000
44362  -39.251  -27.068  67.779 0.0000000000
44400  -44.491  -27.181  66.400 0.0000000000
44415  -43.902  -27.434  65.137 0.0000000000
44420  -42.645  -27.686  63.380 0.0000000000
44430  -40.805  -27.392  62.847 0.0000000000
44451  -39.558  -27.163  61.881 0.0000000000
44470  -40.627  -27.641  61.480 0.0000000000
44488  -39.370  -27.317  59.956 0.0000000000
44521  -40.143  -27.759  58.522 0.0000000000
44536  -38.782  -27.541  57.092 0.0000000000
44553  -38.943  -27.873  56.759 0.0000000000
44577  -37.703  -27.524  54.920 0.0000000000
45403  -44.237  -26.858  67.907 0.0000000000
45404  -44.723  -26.440  67.569 0.0000000000
45436  -40.858  -26.117  64.920 0.0000000000
45439  -44.488  -26.574  65.816 0.0000000000
45459  -38.691  -26.752  62.564 0.0000000000
45470  -37.184  -26.033  61.015 0.0000000000
45510  -37.616  -26.714  59.580 0.0000000000
46326  -42.804  -25.011  69.236 0.0000000000
46327  -43.605  -25.031  69.117 0.0000000000
46328  -44.034  -25.073  68.930 0.0000000000
46384  -44.810  -25.647  66.905 0.0000000000
46406  -39.948  -24.888  65.343 0.0000000000
46410  -43.969  -25.586  65.617 0.0000000000
46422  -38.507  -25.835  63.890 0.0000000000
46480  -35.304  -25.512  58.509 0.0000000000
47223  -43.436  -23.598  70.137 0.0000000000
47224  -43.797  -23.482  69.918 0.0000000000
47236  -40.062  -23.951  69.313 0.0000000000
47241  -44.306  -24.563  68.803 0.0000000000
47257  -41.035  -25.048  68.754 0.0000000000
47288  -44.374  -24.677  66.610 0.0000000000
47316  -38.629  -24.420  64.664 0.0000000000
47322  -36.887  -24.037  63.127 0.0000000000
47342  -34.973  -24.706  59.821 0.0000000000
48064  -41.932  -23.926  69.878 0.0000000000
48096  -42.954  -23.618  66.368 0.0000000000
48113  -38.958  -22.982  64.996 0.0000000000
48958  -43.017  -21.802  71.165 0.0000000000
48976  -43.875  -22.300  70.382 0.0000000000
48997  -44.489  -22.739  69.211 0.0000000000
49009  -44.540  -22.952  67.998 0.0000000000
49021  -43.027  -22.233  67.037 0.0000000000
49034  -39.600  -22.536  65.384 0.0000000000
49053  -37.879  -22.135  64.197 0.0000000000
50009  -44.627  -21.249  69.717 0.0000000000
50020  -44.540  -21.214  68.756 0.0000000000
50022  -44.640  -20.539  69.115 0.0000000000
50064  -38.798  -21.430  65.224 0.0000000000
50097  -36.874  -21.682  63.246 0.0000000000
50923  -44.684  -20.394  69.378 0.0000000000
50940  -42.388  -20.336  68.077 0.0000000000
50960  -40.383  -20.091  67.333 0.0000000000
50962  -43.107  -20.979  67.711 0.0000000000
51024  -37.097  -20.124  63.043 0.0000000000
51026  -35.653  -20.485  61.478 0.0000000000
51823  -41.694  -19.613  68.133 0.0000000000
51836  -40.100  -19.503  67.190 0.0000000000
51845  -39.649  -19.497  66.618 0.0000000000
51894  -36.418  -19.153  60.901 0.0000000000
52658  -44.900  -18.872  70.005 0.0000000000
52698  -39.438  -18.853  65.325 0.0000000000
52706  -38.787  -18.877  63.979 0.0000000000
52734  -37.034  -18.753  60.936 0.0000000000
52775  -36.732  -18.284  59.710 0.0000000000
53504  -45.093  -17.772  69.217 0.0000000000
53521  -44.577  -17.733  68.946 0.0000000000
53547  -40.794  -17.896  67.023 0.0000000000
53714  -36.280  -17.108  56.734 0.0000000000
54477  -45.135  -16.280  69.044 0.0000000000
54505  -42.066  -16.774  67.384 0.0000000000
54510  -41.820  -16.836  66.580 0.0000000000
54624  -40.199  -16.115  58.049 0.0000000000
55428  -45.332  -15.587  68.989 0.0000000000
55442  -42.940  -15.849  66.737 0.0000000000
55507  -49.590  -16.115  61.545 0.0000000000
55519  -50.117  -15.333  60.588 0.0000000000
55549  -47.536  -15.322  57.716 0.0000000000
55586  -38.419  -15.441  54.700 0.0000000000
56462  -49.306  -14.147  57.998 0.0000000000
57382  -51.022  -13.649  60.091 0.0000000000
57393  -50.423  -13.171  58.481 0.0000000000
57410  -47.503  -13.798  56.427 0.0000000000
58315  -44.954  -12.298  53.939 0.0000000000
58327  -43.199  -12.986  52.106 0.0000000000
58329  -44.149  -12.248  52.942 0.0000000000
59167  -49.719  -11.242  57.821 0.0000000000
59195  -46.990  -11.399  56.072 0.0000000000
59240  -43.996  -11.534  52.742 0.0000000000
60184  -43.604  -10.418  51.982 0.0000000000
61115  -51.147  -9.677  58.559 0.0000000000
61140  -45.597  -9.654  54.893 0.0000000000
61142  -46.973  -8.882  55.997 0.0000000000
61151  -45.360  -9.192  54.353 0.0000000000
62099  -44.893  -8.815  52.786 0.0000000000
112306  -43.622  -26.122  65.195 0.0000000000
112607  -41.327  -32.616  67.245 0.0000000000
113368  -39.558  -32.954  64.764 0.0000000000
113795  -36.094  -27.579  53.763 0.0000000000
114821  -36.972  -31.870  56.315 0.0000000000
115717  -38.379  -29.826  64.603 0.0000000000
116075  -39.319  -14.519  50.981 0.0000000000
116219  -36.529  -26.308  55.204 0.0000000000
117124  -35.498  -36.448  72.132 0.0000000000
118143  -41.191  -21.530  66.604 0.0000000000
118148  -41.729  -17.919  68.175 0.0000000000
118276  -40.451  -32.441  70.178 0.0000000000
118909  -41.747  -16.022  58.566 0.0000000000
119778  -39.969  -15.960  57.474 0.0000000000
121733  -43.883  -10.843  52.486 0.0000000000
123363  -38.548  -30.588  64.115 0.0000000000
123603  -32.864  -27.423  63.250 0.0000000000
123690  -36.308  -31.206  59.177 0.0000000000
124041  -39.924  -32.779  69.385 0.0000000000
124744  -36.594  -20.437  62.570 0.0000000000
125367  -39.298  -32.050  71.922 0.0000000000
125380  -28.150  -39.035  74.000 0.0000000000
125824  -18.039  -32.343  73.689 0.0000000000
126193  -39.040  -32.201  68.522 0.0000000000
128994  -41.994  -25.175  68.906 0.0000000000
129300  -35.714  -24.855  60.986 0.0000000000
129534  -17.584  -31.034  78.207 0.0000000000
130332  -42.822  -28.177  63.516 0.0000000000
130365  -16.843  -31.091  66.469 0.0000000000
130451  -44.529  -16.947  68.764 0.0000000000
130517  -40.952  -27.375  67.329 0.0000000000
130863  -40.851  -32.609  65.204 0.0000000000
131214  -40.718  -31.674  69.987 0.0000000000
131383  -47.928  -12.437  56.623 0.0000000000
131410  -38.521  -15.622  55.406 0.0000000000
131432  -33.377  -35.018  73.953 0.0000000000
131722  -37.401  -17.933  59.851 0.0000000000
132119  -39.490  -29.145  57.649 0.0000000000
132890  -51.325  -6.409  58.102 0.0000000000
133145  -41.254  -17.982  62.965 0.0000000000
134143  -44.555  -24.027  68.446 0.0000000000
134154  -44.236  -21.751  70.276 0.0000000000
134592  -35.047  -28.917  64.909 0.0000000000
