#!ascii label  , from subject sub-v1s15x0050213_ses-1 vox2ras=TkReg
480
15221  -29.402  -50.058  20.935 0.6999999881
15937  -30.260  -49.672  21.397 0.6000000238
15938  -31.188  -50.171  22.040 0.6000000238
15212  -32.945  -50.493  22.572 0.4000000060
15191  -31.568  -50.329  25.439 0.6999999881
15192  -32.085  -49.870  25.936 0.6999999881
15200  -31.144  -50.805  24.928 0.6999999881
15905  -31.747  -49.472  25.171 0.6000000238
15199  -30.622  -50.520  24.234 0.6999999881
15909  -31.185  -50.002  24.691 0.6000000238
15198  -29.994  -50.180  23.529 0.6000000238
15908  -30.604  -49.665  24.011 0.6000000238
15205  -28.417  -50.241  22.312 0.6000000238
15907  -29.848  -49.331  23.373 0.6000000238
139529  -29.662  -48.582  23.150 0.5000000000
15912  -27.906  -49.288  22.130 0.5000000000
133090  -27.937  -48.471  22.201 0.5000000000
17540  -27.783  -47.791  21.493 0.6000000238
121511  -28.146  -48.700  20.871 0.6000000238
16723  -28.124  -48.052  21.155 0.6000000238
16713  -29.227  -48.166  21.164 0.6000000238
16714  -30.265  -48.768  21.313 0.6000000238
15899  -32.576  -49.527  26.587 0.6000000238
16688  -32.401  -48.889  25.749 0.6000000238
16687  -31.904  -48.521  24.876 0.6000000238
16691  -31.244  -49.106  24.441 0.6000000238
120995  -31.283  -48.152  24.217 0.6000000238
16690  -30.544  -48.686  23.728 0.6000000238
17507  -30.027  -47.919  23.224 0.6000000238
134272  -28.731  -47.890  22.527 0.6000000238
16701  -27.611  -47.894  21.761 0.6000000238
17517  -27.852  -47.300  21.941 0.6999999881
18381  -28.018  -46.680  21.739 0.6000000238
17529  -28.662  -47.310  21.381 0.6000000238
16715  -31.211  -48.512  21.529 0.5000000000
15939  -31.762  -49.241  22.055 0.5000000000
16678  -32.958  -48.707  26.584 0.6000000238
121650  -32.440  -47.895  25.365 0.6000000238
17505  -31.911  -47.455  24.627 0.6000000238
18363  -31.195  -47.150  23.900 0.6000000238
137908  -30.639  -46.564  23.527 0.6000000238
17508  -30.744  -47.848  23.702 0.6000000238
141292  -30.049  -46.568  23.162 0.6000000238
17512  -29.548  -47.123  22.847 0.6999999881
17530  -29.754  -47.442  21.286 0.6000000238
130600  -30.604  -47.056  21.311 0.6000000238
16702  -32.928  -48.581  22.197 0.4000000060
16679  -33.444  -48.588  27.336 0.6000000238
17501  -32.965  -47.401  25.893 0.6000000238
123265  -32.478  -46.915  25.212 0.6000000238
18355  -32.093  -46.227  24.828 0.5000000000
18364  -31.678  -46.594  24.375 0.6000000238
126903  -30.057  -45.736  23.320 0.6999999881
19129  -27.955  -44.892  21.780 0.6000000238
18367  -28.166  -46.125  22.052 0.6000000238
127678  -28.044  -45.626  21.874 0.6000000238
137461  -28.761  -46.425  21.498 0.6000000238
128769  -29.596  -46.702  21.353 0.6000000238
126138  -31.415  -46.486  21.321 0.6000000238
17531  -31.578  -47.532  21.394 0.6000000238
133758  -33.448  -47.766  21.916 0.4000000060
16717  -32.616  -47.624  21.567 0.5000000000
16667  -33.884  -48.564  28.250 0.5000000000
17485  -33.907  -47.810  27.593 0.6000000238
16685  -33.407  -47.831  26.666 0.6000000238
17502  -33.416  -47.022  26.423 0.6000000238
18339  -33.028  -46.551  25.903 0.5000000000
19109  -32.517  -45.984  25.414 0.5000000000
19118  -31.469  -45.697  24.439 0.6000000238
19834  -30.061  -44.116  24.619 0.6000000238
19117  -30.475  -45.027  23.969 0.6999999881
19123  -28.736  -44.898  22.698 0.6999999881
18368  -29.098  -46.114  22.620 0.6999999881
20627  -27.884  -43.812  22.084 0.6000000238
122095  -28.126  -45.369  22.090 0.6999999881
19879  -27.812  -44.153  21.962 0.6000000238
19894  -28.404  -44.287  21.661 0.6000000238
19140  -28.669  -45.063  21.548 0.6000000238
127813  -30.202  -45.407  21.345 0.6000000238
125210  -31.137  -45.581  21.343 0.6000000238
17532  -32.346  -46.720  21.327 0.5000000000
17533  -33.323  -46.869  21.373 0.4000000060
17486  -34.364  -46.974  27.951 0.6000000238
18311  -34.109  -46.398  27.355 0.6000000238
124991  -33.840  -47.053  27.084 0.5000000000
18340  -33.603  -46.222  26.640 0.6000000238
19093  -32.982  -45.690  26.016 0.5000000000
19836  -32.338  -45.135  25.646 0.6000000238
19820  -32.190  -44.410  26.042 0.5000000000
19108  -31.875  -45.375  25.067 0.6000000238
19835  -31.374  -44.469  25.367 0.5000000000
19848  -31.165  -44.919  24.671 0.5000000000
20612  -28.598  -43.222  24.082 0.5000000000
19847  -29.119  -43.993  23.782 0.6000000238
19116  -29.425  -44.759  23.399 0.6000000238
20611  -28.626  -42.929  23.841 0.4000000060
19857  -27.910  -43.977  22.384 0.6999999881
21385  -28.715  -42.373  24.056 0.4000000060
20644  -29.051  -43.478  22.061 0.5000000000
139812  -29.836  -43.335  22.497 0.5000000000
20657  -30.049  -43.890  21.695 0.6000000238
20645  -30.671  -43.661  22.110 0.5000000000
19880  -30.437  -44.675  21.424 0.6000000238
18385  -32.944  -46.087  21.202 0.5000000000
19881  -31.211  -44.355  21.642 0.6000000238
19131  -31.704  -45.041  21.311 0.6000000238
19094  -33.405  -45.241  26.553 0.5000000000
142379  -32.794  -44.980  26.131 0.4000000060
20583  -31.248  -43.639  26.018 0.4000000060
20598  -30.413  -43.733  25.345 0.5000000000
22126  -28.688  -41.530  24.429 0.4000000060
21384  -27.984  -41.921  24.526 0.4000000060
21386  -30.249  -42.665  23.909 0.5000000000
20629  -28.953  -43.152  22.987 0.5000000000
20630  -30.799  -43.231  23.211 0.5000000000
19883  -33.524  -44.827  21.629 0.5000000000
126365  -33.251  -45.426  21.265 0.5000000000
19867  -31.744  -44.190  21.946 0.6000000238
19132  -32.511  -45.441  21.301 0.5000000000
20582  -29.961  -43.138  25.638 0.4000000060
21343  -29.544  -42.542  25.969 0.5000000000
20581  -28.782  -42.693  25.204 0.5000000000
21369  -27.771  -41.642  24.785 0.5000000000
21371  -30.228  -41.945  24.441 0.4000000060
20613  -31.597  -42.961  24.091 0.5000000000
19868  -33.490  -44.287  22.579 0.5000000000
19884  -34.523  -44.998  21.310 0.3000000119
21373  -32.249  -42.431  24.556 0.5000000000
20631  -32.197  -43.413  23.542 0.5000000000
125084  -32.619  -44.357  22.188 0.5000000000
21342  -28.410  -42.134  25.474 0.4000000060
22098  -27.559  -41.094  24.954 0.4000000060
128731  -29.777  -40.933  24.558 0.4000000060
22116  -31.461  -41.958  24.604 0.4000000060
22115  -31.179  -41.087  24.686 0.4000000060
129790  -32.200  -41.516  24.809 0.5000000000
19860  -34.841  -44.199  23.036 0.4000000060
19869  -34.271  -44.464  22.210 0.4000000060
20614  -32.693  -43.146  24.254 0.5000000000
19859  -34.119  -44.077  23.183 0.5000000000
21374  -33.233  -42.653  24.752 0.5000000000
20632  -33.125  -43.607  23.810 0.5000000000
20647  -32.799  -43.906  22.990 0.5000000000
130478  -31.500  -40.154  24.620 0.4000000060
22877  -32.212  -40.609  24.788 0.4000000060
20633  -34.654  -43.793  23.858 0.4000000060
133615  -33.901  -43.696  23.887 0.5000000000
22117  -33.082  -41.789  25.084 0.5000000000
20599  -34.898  -43.002  25.137 0.4000000060
20617  -35.331  -43.518  24.579 0.3000000119
129096  -32.792  -41.024  25.059 0.5000000000
21357  -33.759  -42.255  25.135 0.5000000000
21375  -34.056  -42.832  24.908 0.5000000000
23640  -32.306  -39.671  24.505 0.4000000060
21359  -35.441  -42.362  25.410 0.3000000119
21360  -36.283  -42.700  25.410 0.3000000119
22878  -33.010  -40.331  24.890 0.4000000060
21358  -34.521  -42.310  25.290 0.5000000000
23625  -33.811  -40.214  25.102 0.4000000060
22859  -33.476  -40.932  25.238 0.5000000000
22099  -33.993  -41.601  25.314 0.5000000000
24462  -32.897  -39.035  24.172 0.4000000060
140617  -36.024  -42.082  25.497 0.3000000119
22101  -36.591  -41.708  25.492 0.3000000119
23641  -33.352  -39.663  24.630 0.4000000060
22861  -35.243  -40.760  25.394 0.4000000060
22860  -34.320  -40.831  25.349 0.4000000060
24476  -32.494  -38.383  23.568 0.5000000000
22862  -36.196  -40.665  25.391 0.3000000119
22863  -37.130  -40.715  25.359 0.4000000060
22879  -37.745  -40.107  25.033 0.4000000060
22102  -37.547  -41.686  25.414 0.4000000060
24463  -33.825  -39.122  24.326 0.4000000060
23627  -35.543  -40.007  25.241 0.5000000000
23628  -36.319  -39.891  25.197 0.4000000060
137105  -34.551  -39.173  24.464 0.5000000000
23626  -34.651  -40.114  25.199 0.5000000000
23642  -34.990  -39.522  24.843 0.5000000000
23643  -35.786  -39.431  24.799 0.4000000060
23644  -36.601  -39.398  24.711 0.4000000060
23645  -37.393  -39.511  24.619 0.4000000060
22880  -38.527  -40.345  24.854 0.3000000119
24477  -33.545  -38.554  23.787 0.5000000000
24478  -34.480  -38.701  24.023 0.5000000000
121697  -36.914  -38.598  23.240 0.4000000060
24482  -38.084  -38.960  23.028 0.3000000119
25382  -33.088  -37.321  22.708 0.5000000000
24480  -36.222  -38.561  23.458 0.4000000060
24466  -36.952  -38.928  24.030 0.4000000060
24481  -37.521  -38.891  23.414 0.4000000060
141290  -37.966  -39.163  23.532 0.4000000060
23657  -38.508  -39.326  23.742 0.3000000119
25373  -33.269  -37.932  23.210 0.5000000000
24464  -35.201  -39.010  24.339 0.5000000000
24465  -36.019  -38.957  24.169 0.5000000000
25374  -34.320  -38.126  23.429 0.5000000000
24500  -36.887  -38.039  21.582 0.4000000060
24490  -37.406  -38.540  22.475 0.4000000060
26305  -33.960  -36.930  22.067 0.5000000000
25383  -34.084  -37.517  22.777 0.5000000000
25375  -35.015  -37.785  22.993 0.5000000000
25384  -35.616  -37.748  22.353 0.5000000000
24488  -35.721  -38.164  23.036 0.5000000000
24479  -35.307  -38.433  23.670 0.5000000000
26307  -33.582  -36.167  21.920 0.5000000000
26311  -35.227  -36.509  20.904 0.5000000000
24501  -37.689  -38.389  21.261 0.3000000119
24491  -38.280  -38.697  22.117 0.3000000119
26308  -34.465  -36.322  21.360 0.5000000000
25389  -34.815  -36.824  21.560 0.5000000000
124293  -34.841  -37.294  22.197 0.5000000000
15936  -29.290  -49.126  20.968 0.6000000238
15211  -32.121  -50.108  22.471 0.5000000000
15913  -29.148  -49.795  22.840 0.6000000238
132178  -31.073  -46.092  23.819 0.6999999881
18384  -32.074  -45.850  21.255 0.6000000238
19122  -27.876  -44.511  22.117 0.6999999881
20628  -28.175  -43.521  22.396 0.5000000000
19130  -29.325  -44.808  21.433 0.6000000238
20597  -29.196  -43.250  24.882 0.5000000000
20596  -28.295  -42.514  24.469 0.5000000000
137929  -28.382  -43.399  23.331 0.4000000060
19882  -32.373  -44.787  21.536 0.5000000000
21372  -31.213  -42.449  24.359 0.5000000000
22113  -27.874  -41.093  24.744 0.4000000060
22100  -34.899  -41.568  25.419 0.4000000060
130058  -36.679  -40.264  25.299 0.4000000060
23646  -38.193  -39.710  24.473 0.3000000119
25390  -35.545  -37.199  21.380 0.5000000000
10359  -28.620  -57.198  19.402 0.5000000000
10367  -30.547  -57.924  19.011 0.5000000000
10360  -29.782  -57.107  19.347 0.5000000000
11148  -32.960  -56.641  18.120 0.5000000000
141679  -32.860  -57.444  17.932 0.5000000000
10368  -31.654  -58.037  18.538 0.4000000060
11140  -27.918  -56.421  19.552 0.5000000000
11142  -30.129  -56.195  19.499 0.6000000238
11141  -28.867  -56.361  19.483 0.6000000238
11147  -32.054  -57.101  18.633 0.5000000000
11143  -31.238  -56.215  19.305 0.5000000000
11933  -34.680  -56.080  17.084 0.4000000060
11113  -28.856  -56.203  22.138 0.6999999881
11112  -28.182  -55.660  21.302 0.6999999881
137247  -27.799  -55.711  19.654 0.6999999881
11926  -29.191  -55.691  19.564 0.5000000000
11925  -28.127  -55.544  19.500 0.6999999881
11929  -32.621  -55.584  18.688 0.5000000000
11928  -31.654  -55.378  19.418 0.5000000000
11927  -30.705  -55.473  19.622 0.5000000000
12608  -33.345  -54.257  18.563 0.5000000000
11932  -33.536  -55.791  17.818 0.5000000000
11882  -29.973  -55.837  24.232 0.5000000000
11894  -29.706  -55.751  23.499 0.6999999881
121948  -29.713  -54.948  23.258 0.6999999881
11910  -29.357  -55.545  22.719 0.6999999881
12585  -29.236  -54.684  22.537 0.6999999881
11134  -27.633  -55.988  20.325 0.6000000238
120968  -29.084  -54.912  19.612 0.6999999881
141166  -27.970  -54.733  19.550 0.6000000238
12606  -31.591  -54.644  19.769 0.5000000000
133076  -31.006  -54.890  19.787 0.6000000238
12605  -30.256  -54.817  19.802 0.6000000238
12607  -32.451  -54.706  19.280 0.5000000000
13273  -33.637  -53.499  18.873 0.5000000000
12561  -30.367  -55.191  24.448 0.5000000000
136767  -30.032  -55.226  23.854 0.6999999881
11908  -28.056  -54.875  21.236 0.6999999881
12584  -28.546  -54.284  21.813 0.6999999881
123636  -29.109  -53.968  22.416 0.6999999881
12602  -27.457  -54.108  19.934 0.8000000119
13261  -27.383  -53.357  20.046 0.6999999881
12596  -29.668  -54.001  19.884 0.6000000238
133964  -28.657  -53.439  19.763 0.6999999881
12598  -31.947  -54.111  20.016 0.6999999881
12597  -30.918  -54.210  20.138 0.6000000238
13272  -32.808  -53.858  19.482 0.6000000238
13265  -33.230  -53.229  19.938 0.6000000238
12536  -31.075  -54.883  26.032 0.5000000000
12547  -30.989  -54.350  25.263 0.6000000238
135128  -30.695  -55.111  25.196 0.5000000000
141327  -30.640  -54.587  24.661 0.6000000238
11895  -30.263  -54.370  23.880 0.6000000238
12574  -29.623  -54.111  23.022 0.6999999881
13905  -28.800  -52.596  22.217 0.6999999881
13252  -29.345  -53.332  22.669 0.6000000238
13250  -28.018  -53.634  21.373 0.6999999881
13904  -27.853  -52.762  21.322 0.6999999881
13269  -27.436  -53.363  19.987 0.6999999881
13263  -31.464  -53.512  20.593 0.6999999881
13264  -32.387  -53.491  20.394 0.6999999881
12537  -31.400  -54.391  26.584 0.5000000000
13213  -31.145  -53.536  25.299 0.6000000238
13240  -30.469  -53.482  24.077 0.6000000238
13239  -29.961  -53.419  23.417 0.6000000238
13913  -27.489  -52.465  20.333 0.8000000119
121386  -27.553  -51.916  21.069 0.5000000000
13894  -29.043  -51.862  22.490 0.6000000238
13271  -28.343  -52.710  19.861 0.6999999881
13922  -28.106  -51.855  20.023 0.6999999881
13915  -31.122  -52.833  21.093 0.6999999881
13924  -30.170  -52.555  20.643 0.6999999881
13926  -33.675  -52.607  20.451 0.5000000000
13916  -32.508  -52.551  21.603 0.6999999881
142425  -33.262  -51.778  22.193 0.5000000000
12523  -31.567  -54.455  27.461 0.5000000000
13202  -31.656  -53.598  26.708 0.5000000000
13854  -31.637  -52.559  26.353 0.6000000238
119821  -31.434  -53.281  25.939 0.6000000238
13870  -31.270  -52.705  25.486 0.6000000238
127740  -30.615  -52.202  24.374 0.6000000238
139532  -31.165  -51.467  25.161 0.6000000238
13895  -30.342  -52.741  23.880 0.6000000238
14532  -30.687  -51.404  24.457 0.6000000238
130428  -27.265  -50.542  20.825 0.6000000238
15210  -27.766  -50.617  21.620 0.5000000000
14531  -30.110  -51.018  23.669 0.5000000000
15233  -28.605  -50.516  20.495 0.6000000238
15236  -27.498  -50.780  20.574 0.6000000238
132729  -30.290  -51.369  21.335 0.6000000238
14566  -29.539  -50.934  20.835 0.6000000238
14556  -32.037  -50.909  22.493 0.5000000000
13835  -31.965  -52.879  27.191 0.5000000000
13855  -31.959  -52.168  27.010 0.6000000238
14511  -31.390  -51.900  25.704 0.6000000238
14546  -28.740  -51.097  22.399 0.5000000000
15206  -29.389  -50.651  22.969 0.5000000000
15944  -27.212  -50.188  20.785 0.4000000060
15209  -27.121  -50.094  21.092 0.5000000000
123860  -27.551  -49.890  21.640 0.5000000000
15222  -30.287  -50.600  21.468 0.6000000238
139894  -32.126  -53.028  27.771 0.5000000000
13836  -32.227  -52.401  27.798 0.6000000238
14506  -32.191  -51.610  27.322 0.6000000238
14512  -31.780  -51.540  26.479 0.6000000238
16722  -27.376  -48.439  21.115 0.5000000000
15920  -27.137  -49.306  21.211 0.4000000060
13178  -32.202  -53.225  28.490 0.5000000000
141588  -32.425  -51.714  28.064 0.5000000000
15185  -31.866  -50.672  26.213 0.6000000238
13157  -32.299  -53.004  29.545 0.5000000000
13818  -32.526  -52.250  28.844 0.5000000000
14503  -32.731  -51.335  28.627 0.6000000238
119108  -32.200  -50.869  26.978 0.6000000238
13790  -32.233  -52.682  30.440 0.5000000000
13803  -32.551  -52.291  29.796 0.5000000000
128685  -32.850  -50.649  28.289 0.6000000238
15182  -32.724  -50.118  27.465 0.6000000238
14493  -32.584  -51.787  30.538 0.5000000000
15172  -33.081  -50.958  30.248 0.5000000000
14479  -32.319  -51.572  31.265 0.5000000000
136835  -33.016  -49.260  27.162 0.5000000000
15178  -33.195  -50.705  29.197 0.5000000000
15147  -32.113  -50.899  31.670 0.5000000000
119927  -32.674  -50.363  31.396 0.5000000000
15173  -33.425  -50.146  29.981 0.5000000000
15893  -33.351  -49.323  27.882 0.4000000060
15840  -32.211  -49.961  31.707 0.5000000000
15859  -33.504  -49.405  30.579 0.5000000000
15870  -33.674  -49.401  29.622 0.4000000060
15883  -33.669  -49.345  28.746 0.4000000060
15841  -32.978  -49.567  31.351 0.4000000060
16641  -33.717  -48.548  30.646 0.4000000060
133479  -34.323  -47.955  29.183 0.4000000060
15946  -28.345  -49.615  20.665 0.6000000238
14568  -31.158  -51.319  21.929 0.5000000000
14557  -32.769  -51.374  22.427 0.4000000060
14547  -29.556  -51.494  23.075 0.6000000238
142077  -34.190  -48.266  28.750 0.4000000060
127506  -34.573  -47.142  29.020 0.4000000060
138993  -27.632  -54.677  20.517 0.6999999881
135121  -27.455  -52.750  20.120 0.6999999881
13262  -30.529  -53.367  20.440 0.6999999881
119347  -29.445  -53.061  20.109 0.6999999881
14555  -28.179  -51.679  21.696 0.6000000238
136877  -29.631  -52.473  23.076 0.6000000238
122659  -31.746  -52.265  21.810 0.6999999881
13921  -27.538  -51.980  20.310 0.6999999881
13923  -29.087  -52.179  20.119 0.6999999881
13906  -32.603  -52.053  22.137 0.6000000238
10361  -30.906  -57.074  19.167 0.5000000000
11088  -29.785  -56.403  24.630 0.5000000000
11114  -29.421  -56.428  23.024 0.6999999881
11144  -32.079  -56.162  18.912 0.5000000000
11146  -27.952  -57.404  19.491 0.5000000000
11870  -30.576  -55.649  25.872 0.5000000000
11909  -28.738  -55.197  21.973 0.6999999881
11919  -27.708  -55.235  20.579 0.6999999881
11921  -27.480  -54.984  19.970 0.8000000119
11924  -27.667  -54.992  19.773 0.6999999881
12591  -27.772  -54.182  20.967 0.6999999881
12595  -27.426  -54.115  20.140 0.6999999881
12603  -27.639  -54.108  19.737 0.6999999881
12604  -28.364  -54.102  19.605 0.6999999881
12612  -33.167  -55.008  18.402 0.5000000000
13192  -31.932  -53.578  27.668 0.5000000000
13214  -31.342  -54.021  25.937 0.5000000000
13227  -30.751  -53.883  24.624 0.6000000238
13251  -28.646  -53.437  21.977 0.6999999881
13256  -27.575  -53.421  20.593 0.8000000119
13257  -32.013  -52.983  21.185 0.6999999881
13270  -27.828  -53.363  19.746 0.6999999881
13883  -30.827  -52.942  24.673 0.6000000238
13914  -30.725  -52.060  21.353 0.6999999881
13917  -33.292  -52.317  21.569 0.5000000000
13925  -32.857  -52.910  20.889 0.6999999881
13931  -27.583  -52.498  20.026 0.6999999881
14499  -32.824  -51.579  29.556 0.5000000000
14533  -30.994  -52.087  24.997 0.6000000238
14548  -30.196  -51.875  23.747 0.5000000000
14554  -27.323  -50.961  21.031 0.6000000238
14565  -27.426  -51.538  20.676 0.6999999881
14567  -29.792  -51.753  20.746 0.6999999881
14578  -27.476  -51.261  20.630 0.6999999881
14579  -28.161  -50.971  20.365 0.6000000238
14580  -28.817  -51.360  20.289 0.6000000238
14586  -27.702  -51.449  20.335 0.6999999881
15148  -32.783  -51.024  31.082 0.5000000000
15163  -33.167  -50.291  30.860 0.5000000000
15179  -33.481  -49.940  29.195 0.5000000000
15186  -32.291  -50.233  26.629 0.6000000238
15231  -27.420  -50.834  20.672 0.6000000238
15232  -27.652  -50.239  20.577 0.6000000238
15842  -33.412  -48.910  31.101 0.4000000060
15882  -33.240  -50.025  28.449 0.6000000238
15921  -32.695  -49.524  22.460 0.4000000060
15934  -27.019  -49.623  20.930 0.5000000000
15935  -27.036  -48.807  21.022 0.5000000000
15945  -27.272  -49.311  20.854 0.4000000060
16654  -34.047  -48.692  29.200 0.4000000060
16655  -34.101  -48.237  29.942 0.4000000060
16684  -32.861  -48.147  26.010 0.6000000238
16694  -28.939  -48.925  22.706 0.6000000238
16712  -27.401  -48.207  21.349 0.6000000238
16716  -32.076  -48.383  21.723 0.5000000000
17471  -34.275  -47.798  28.430 0.4000000060
17511  -28.414  -46.844  22.252 0.6000000238
17528  -27.788  -47.509  21.759 0.6000000238
18312  -34.446  -46.149  27.880 0.5000000000
18362  -30.434  -47.219  23.411 0.6000000238
18372  -27.915  -45.700  21.835 0.6000000238
18382  -29.343  -45.764  21.409 0.6000000238
18383  -30.444  -46.182  21.343 0.6000000238
18395  -28.309  -45.721  21.564 0.6000000238
19126  -27.909  -44.827  21.931 0.6000000238
19133  -34.050  -45.399  21.104 0.3000000119
19858  -28.385  -43.857  23.036 0.6000000238
19866  -27.762  -44.069  22.048 0.6000000238
20600  -35.636  -43.082  25.232 0.3000000119
20615  -33.569  -43.270  24.394 0.5000000000
20616  -34.408  -43.369  24.519 0.5000000000
20642  -27.830  -43.856  21.979 0.6000000238
20643  -28.069  -43.676  21.959 0.6000000238
20646  -31.844  -43.748  22.586 0.5000000000
20655  -28.103  -43.881  21.809 0.6000000238
20656  -28.871  -43.932  21.628 0.6000000238
20665  -28.415  -43.962  21.674 0.6000000238
21355  -27.718  -41.604  25.082 0.4000000060
21356  -27.938  -42.098  24.797 0.5000000000
21370  -27.981  -42.040  24.522 0.5000000000
22864  -38.020  -40.914  25.213 0.4000000060
22873  -27.787  -40.527  25.008 0.4000000060
23629  -37.001  -39.913  25.141 0.4000000060
23656  -37.758  -39.262  23.998 0.4000000060
121240  -27.361  -48.547  21.447 0.4000000060
123467  -33.816  -48.852  30.009 0.4000000060
124647  -30.954  -49.276  21.646 0.6000000238
124826  -28.212  -43.597  22.614 0.4000000060
128973  -30.493  -47.919  21.308 0.6000000238
129299  -32.491  -51.040  27.778 0.6000000238
131336  -28.052  -46.551  21.789 0.6000000238
131482  -32.073  -51.633  22.313 0.6000000238
131964  -34.176  -39.614  24.807 0.5000000000
132093  -35.749  -41.516  25.468 0.3000000119
132772  -31.482  -51.122  25.674 0.6000000238
133088  -29.914  -55.413  19.657 0.5000000000
133309  -36.229  -43.447  24.984 0.3000000119
134248  -32.328  -48.908  22.143 0.5000000000
137199  -33.507  -43.926  23.304 0.5000000000
139400  -32.092  -46.811  24.716 0.6000000238
140177  -33.285  -49.918  22.597 0.4000000060
