#!ascii label  , from subject sub-v1s15x0050195_ses-1 vox2ras=TkReg
863
122528  41.526  35.686  41.476 0.0000000000
131899  47.624  35.398  45.634 0.0000000000
91113  43.833  27.715  38.271 0.0000000000
95185  36.782  34.104  40.539 0.0000000000
93831  38.960  30.900  39.878 0.0000000000
127622  45.556  41.056  44.526 0.0000000000
97306  41.736  36.350  46.268 0.0000000000
101036  42.416  43.093  44.626 0.0000000000
87192  39.799  22.824  39.738 0.0000000000
88888  40.704  24.532  35.843 0.0000000000
96624  48.079  36.802  41.093 0.0000000000
125257  44.538  33.648  37.646 0.0000000000
133714  44.368  32.973  41.481 0.0000000000
91791  40.395  28.420  41.292 0.0000000000
103266  42.727  46.738  42.019 0.0000000000
101614  48.688  44.045  47.277 0.0000000000
91827  42.138  28.617  37.069 0.0000000000
96671  38.424  35.879  40.114 0.0000000000
94503  37.654  32.802  40.078 0.0000000000
95203  40.007  34.396  38.830 0.0000000000
97986  44.372  37.308  43.556 0.0000000000
97357  40.081  36.410  42.877 0.0000000000
128251  39.712  39.391  45.410 0.0000000000
135206  42.554  21.640  41.604 0.0000000000
85505  41.828  20.994  38.853 0.0000000000
87177  44.653  22.460  40.678 0.0000000000
103792  45.874  48.196  38.979 0.0000000000
96623  50.246  36.004  43.676 0.0000000000
95897  48.725  35.782  40.851 0.0000000000
95161  46.916  33.796  43.930 0.0000000000
93793  38.846  31.263  43.966 0.0000000000
93097  40.169  31.216  42.174 0.0000000000
123662  38.286  27.730  42.444 0.0000000000
124523  38.757  25.125  41.679 0.0000000000
99130  45.287  39.326  46.108 0.0000000000
101622  45.637  43.384  46.244 0.0000000000
98527  48.362  39.163  46.543 0.0000000000
99145  49.800  39.477  45.544 0.0000000000
93133  45.460  30.752  37.568 0.0000000000
93135  43.656  30.638  37.640 0.0000000000
91832  44.211  28.817  35.583 0.0000000000
92474  37.450  29.720  40.390 0.0000000000
91814  38.492  28.494  39.658 0.0000000000
102143  45.792  44.971  44.206 0.0000000000
122745  43.579  42.108  43.408 0.0000000000
97320  44.507  36.386  45.663 0.0000000000
94452  46.106  32.353  46.941 0.0000000000
102699  37.146  46.532  44.933 0.0000000000
103242  39.395  47.209  45.868 0.0000000000
99133  42.894  39.762  45.614 0.0000000000
89620  41.589  25.990  38.982 0.0000000000
89642  42.676  26.266  36.157 0.0000000000
88066  40.372  23.620  37.758 0.0000000000
125035  41.674  21.207  36.128 0.0000000000
96639  45.298  35.940  41.647 0.0000000000
96686  43.316  35.970  38.058 0.0000000000
96676  47.254  36.106  38.026 0.0000000000
94499  45.930  33.352  39.232 0.0000000000
93125  44.718  30.440  39.263 0.0000000000
94483  42.993  32.719  42.904 0.0000000000
93103  42.121  31.037  41.100 0.0000000000
91087  42.051  27.947  40.003 0.0000000000
89609  39.704  25.327  40.645 0.0000000000
86305  39.881  21.763  41.989 0.0000000000
103784  43.231  47.333  39.225 0.0000000000
103760  44.320  47.574  42.286 0.0000000000
103234  44.430  47.024  45.374 0.0000000000
103738  48.060  47.104  45.467 0.0000000000
101021  48.497  42.548  45.705 0.0000000000
98560  46.610  37.975  44.043 0.0000000000
94521  41.642  32.196  38.707 0.0000000000
92492  40.813  29.206  38.768 0.0000000000
132707  39.853  27.295  37.555 0.0000000000
90423  42.543  27.675  33.978 0.0000000000
131720  40.505  36.009  40.284 0.0000000000
96681  39.713  35.614  39.344 0.0000000000
123916  40.928  36.109  39.482 0.0000000000
96628  42.712  35.761  42.635 0.0000000000
97341  42.209  36.418  43.232 0.0000000000
96642  41.271  35.774  42.310 0.0000000000
116729  39.731  36.007  41.666 0.0000000000
87150  44.247  23.060  42.307 0.0000000000
86300  43.881  22.111  40.977 0.0000000000
88016  45.052  23.340  42.071 0.0000000000
127385  36.669  26.517  38.480 0.0000000000
96601  49.585  35.380  45.346 0.0000000000
95876  48.735  34.401  44.360 0.0000000000
95137  47.776  33.968  45.330 0.0000000000
92451  36.829  29.038  43.777 0.0000000000
129266  38.351  30.187  42.989 0.0000000000
97955  46.696  37.357  45.730 0.0000000000
99122  47.284  39.604  46.528 0.0000000000
97932  48.996  38.256  46.314 0.0000000000
97952  50.666  37.495  45.468 0.0000000000
91809  45.052  29.225  37.813 0.0000000000
91818  45.042  29.436  36.672 0.0000000000
91112  44.458  28.107  37.514 0.0000000000
95178  35.465  33.083  41.401 0.0000000000
94494  36.241  32.618  40.816 0.0000000000
94512  38.715  32.186  39.721 0.0000000000
93823  37.558  31.494  40.360 0.0000000000
93116  38.380  30.550  40.142 0.0000000000
91802  37.955  29.119  40.078 0.0000000000
92485  38.663  29.342  39.821 0.0000000000
101034  45.871  42.492  44.585 0.0000000000
101646  44.590  43.767  43.687 0.0000000000
127678  44.340  41.963  43.789 0.0000000000
96660  37.203  35.832  41.007 0.0000000000
137033  35.888  34.781  41.436 0.0000000000
97321  43.565  36.472  45.726 0.0000000000
125249  44.320  33.840  46.799 0.0000000000
122720  43.227  34.746  46.403 0.0000000000
97960  41.297  37.713  45.916 0.0000000000
120373  41.375  39.650  45.469 0.0000000000
98543  42.718  38.343  45.684 0.0000000000
128585  44.200  38.143  45.701 0.0000000000
88857  40.322  24.762  39.159 0.0000000000
88868  40.432  24.390  38.331 0.0000000000
88055  40.158  23.550  38.557 0.0000000000
85491  43.017  20.994  38.899 0.0000000000
85517  41.842  20.888  37.509 0.0000000000
85516  42.707  20.670  37.459 0.0000000000
97338  46.742  36.598  42.302 0.0000000000
96653  46.234  36.528  40.273 0.0000000000
96652  48.245  36.650  39.456 0.0000000000
95176  45.763  33.807  41.191 0.0000000000
95182  46.546  34.324  39.709 0.0000000000
95183  45.268  33.180  40.495 0.0000000000
94509  45.610  32.119  39.090 0.0000000000
93820  44.689  31.882  39.960 0.0000000000
124034  44.730  31.589  46.999 0.0000000000
94466  45.024  32.312  45.822 0.0000000000
94468  42.936  32.175  44.800 0.0000000000
93105  40.506  30.369  41.633 0.0000000000
93814  41.494  31.685  41.736 0.0000000000
92462  41.196  29.716  41.130 0.0000000000
92471  42.686  29.502  40.280 0.0000000000
91800  41.641  28.352  40.450 0.0000000000
90351  41.329  27.004  40.112 0.0000000000
90352  39.890  26.223  40.855 0.0000000000
87153  38.801  22.852  42.610 0.0000000000
87166  39.126  22.937  41.844 0.0000000000
114094  42.355  46.774  40.082 0.0000000000
103274  43.822  47.525  40.806 0.0000000000
103265  43.668  47.224  41.671 0.0000000000
132952  40.919  44.934  44.740 0.0000000000
102680  40.884  47.118  45.638 0.0000000000
102145  42.280  45.283  44.819 0.0000000000
101615  47.020  43.539  46.715 0.0000000000
102129  45.466  45.304  45.927 0.0000000000
102123  46.735  45.109  46.568 0.0000000000
103233  46.745  47.237  45.894 0.0000000000
102657  48.417  45.747  47.020 0.0000000000
102127  49.312  44.856  45.816 0.0000000000
128066  49.005  42.814  46.383 0.0000000000
97982  49.249  36.774  43.400 0.0000000000
98559  47.681  38.472  44.431 0.0000000000
97984  47.016  37.082  43.317 0.0000000000
97985  46.083  36.827  43.270 0.0000000000
120622  43.749  35.330  37.457 0.0000000000
95201  42.251  34.087  38.139 0.0000000000
129739  42.759  33.311  38.131 0.0000000000
91820  42.503  29.245  37.440 0.0000000000
92491  41.731  29.473  38.351 0.0000000000
91821  41.491  28.723  38.080 0.0000000000
91822  40.490  28.348  38.503 0.0000000000
91123  40.647  27.647  37.042 0.0000000000
89654  41.182  25.170  35.954 0.0000000000
89667  42.686  26.572  35.104 0.0000000000
89668  41.924  25.983  34.888 0.0000000000
96672  37.672  35.549  40.377 0.0000000000
95184  37.255  33.502  40.255 0.0000000000
95925  38.279  34.550  39.656 0.0000000000
95193  38.623  33.716  39.494 0.0000000000
94511  39.204  32.867  39.430 0.0000000000
98568  44.553  38.923  43.938 0.0000000000
96659  38.068  36.072  40.901 0.0000000000
123825  40.784  21.482  40.336 0.0000000000
86331  40.766  21.654  39.445 0.0000000000
86315  42.438  21.300  40.242 0.0000000000
124475  43.579  21.484  39.770 0.0000000000
97336  49.267  36.360  43.016 0.0000000000
96637  48.605  36.564  40.534 0.0000000000
95895  49.176  35.425  42.308 0.0000000000
95888  46.767  34.435  42.478 0.0000000000
95168  45.614  33.839  42.407 0.0000000000
93791  40.503  31.572  44.835 0.0000000000
94470  41.022  32.044  44.046 0.0000000000
93798  39.447  31.537  43.430 0.0000000000
92456  39.408  29.740  42.064 0.0000000000
91792  39.390  28.193  41.756 0.0000000000
90340  39.397  26.566  41.425 0.0000000000
119798  38.715  26.056  41.897 0.0000000000
88005  37.942  24.120  42.796 0.0000000000
135413  38.496  22.806  44.135 0.0000000000
102731  41.303  46.002  41.395 0.0000000000
118223  44.024  41.192  45.705 0.0000000000
101624  44.023  43.138  45.350 0.0000000000
100373  45.916  41.505  46.471 0.0000000000
127105  47.054  41.286  46.692 0.0000000000
122892  48.278  41.652  46.867 0.0000000000
99748  49.414  40.775  46.121 0.0000000000
99119  50.067  39.800  46.017 0.0000000000
97970  50.981  37.892  44.205 0.0000000000
93841  45.459  32.089  37.667 0.0000000000
93837  43.951  31.912  37.922 0.0000000000
93141  44.859  30.552  37.057 0.0000000000
92496  43.916  29.573  36.717 0.0000000000
91833  43.750  28.693  35.333 0.0000000000
88100  40.587  23.914  34.549 0.0000000000
89679  40.934  25.823  33.789 0.0000000000
93119  36.175  30.060  40.898 0.0000000000
93824  36.867  31.941  40.530 0.0000000000
123187  36.897  30.279  40.605 0.0000000000
92475  36.674  29.483  40.596 0.0000000000
91091  36.865  28.027  40.112 0.0000000000
91106  37.279  27.445  39.591 0.0000000000
90366  37.484  26.856  38.927 0.0000000000
102696  45.519  45.450  43.106 0.0000000000
102159  43.742  44.344  42.492 0.0000000000
123539  46.688  35.472  45.680 0.0000000000
95866  46.952  33.435  46.214 0.0000000000
95867  45.630  34.331  46.337 0.0000000000
116925  45.189  32.427  47.323 0.0000000000
93777  43.841  31.048  47.494 0.0000000000
93780  41.077  31.064  46.266 0.0000000000
93781  39.909  30.900  45.720 0.0000000000
102683  38.308  46.804  45.762 0.0000000000
122354  40.214  44.732  44.731 0.0000000000
101037  41.449  42.783  44.522 0.0000000000
100381  42.908  41.448  45.311 0.0000000000
124600  44.428  39.085  45.839 0.0000000000
117151  45.229  38.408  45.815 0.0000000000
90375  42.485  26.643  38.631 0.0000000000
90385  43.704  27.077  37.249 0.0000000000
90387  42.441  26.171  37.846 0.0000000000
89644  41.289  25.155  37.042 0.0000000000
88079  40.527  23.788  36.728 0.0000000000
86356  40.671  22.204  37.679 0.0000000000
87217  40.862  22.148  36.938 0.0000000000
87243  40.721  22.758  35.645 0.0000000000
122529  43.131  35.593  41.619 0.0000000000
96668  42.053  36.277  39.428 0.0000000000
96666  44.129  36.684  39.242 0.0000000000
96677  45.674  36.555  38.538 0.0000000000
95929  45.710  35.351  37.277 0.0000000000
95911  48.836  36.106  39.353 0.0000000000
121534  47.755  35.677  38.125 0.0000000000
94517  45.589  33.156  37.998 0.0000000000
93835  45.705  31.831  37.847 0.0000000000
93124  45.569  30.864  38.239 0.0000000000
92481  44.520  29.486  39.001 0.0000000000
95151  46.321  33.146  45.149 0.0000000000
95163  44.813  33.278  43.366 0.0000000000
95170  43.584  32.903  42.213 0.0000000000
94484  42.160  32.495  42.690 0.0000000000
113955  42.744  32.593  42.103 0.0000000000
93812  43.157  32.068  41.152 0.0000000000
93113  43.659  30.808  40.199 0.0000000000
92482  43.448  29.066  39.619 0.0000000000
91811  43.282  28.410  39.403 0.0000000000
90364  41.837  26.733  39.457 0.0000000000
89621  40.704  25.559  39.466 0.0000000000
88044  39.637  23.650  39.872 0.0000000000
88836  39.255  24.802  41.126 0.0000000000
88030  39.450  23.388  40.589 0.0000000000
87179  39.707  22.467  40.660 0.0000000000
116607  41.032  21.460  42.031 0.0000000000
103794  44.031  47.691  38.985 0.0000000000
128793  45.297  48.347  41.242 0.0000000000
103764  46.479  47.791  42.543 0.0000000000
102131  43.704  45.428  45.249 0.0000000000
103250  43.253  47.683  44.409 0.0000000000
103238  44.664  47.518  44.585 0.0000000000
103753  45.565  47.665  43.819 0.0000000000
103248  47.252  46.529  43.476 0.0000000000
102676  47.824  45.868  44.760 0.0000000000
101632  47.270  44.117  45.286 0.0000000000
99767  46.830  40.943  45.132 0.0000000000
99749  48.974  41.206  45.867 0.0000000000
99766  48.046  40.449  45.305 0.0000000000
99148  46.073  39.417  44.484 0.0000000000
132462  45.197  37.219  43.493 0.0000000000
96627  44.511  36.075  42.694 0.0000000000
96688  41.055  35.593  38.624 0.0000000000
132331  40.548  33.844  38.663 0.0000000000
93829  40.416  31.495  39.307 0.0000000000
119670  42.245  31.572  38.542 0.0000000000
93126  41.412  31.296  38.844 0.0000000000
92483  40.198  29.917  39.356 0.0000000000
91812  40.005  28.988  39.204 0.0000000000
122944  38.893  27.416  38.740 0.0000000000
90398  43.843  27.447  36.069 0.0000000000
91842  43.572  28.527  35.077 0.0000000000
91843  43.107  28.428  34.704 0.0000000000
90424  42.121  27.271  33.502 0.0000000000
91131  40.953  27.664  35.843 0.0000000000
88834  46.560  24.488  41.768 0.0000000000
87175  46.041  23.171  40.032 0.0000000000
96656  41.295  35.931  40.454 0.0000000000
96641  42.121  35.587  42.041 0.0000000000
96629  41.858  35.852  42.790 0.0000000000
121511  40.646  35.838  41.414 0.0000000000
127059  49.313  35.872  45.555 0.0000000000
95865  48.522  34.496  45.271 0.0000000000
96602  48.513  34.907  45.516 0.0000000000
97318  47.158  36.391  45.611 0.0000000000
97954  47.951  37.251  45.805 0.0000000000
97317  48.348  36.138  45.653 0.0000000000
91819  44.421  28.359  38.185 0.0000000000
136394  44.875  28.766  37.337 0.0000000000
95177  36.166  33.609  40.906 0.0000000000
129932  36.674  33.297  40.561 0.0000000000
125034  38.670  31.590  39.889 0.0000000000
93822  38.244  31.185  40.180 0.0000000000
93129  38.808  30.110  39.891 0.0000000000
100389  45.178  41.835  44.372 0.0000000000
100390  44.604  41.212  44.084 0.0000000000
95915  36.930  35.111  40.647 0.0000000000
96661  36.429  35.342  41.362 0.0000000000
95905  36.278  34.523  40.981 0.0000000000
122646  35.698  34.065  41.365 0.0000000000
97322  42.645  36.539  45.927 0.0000000000
96606  43.237  35.689  45.950 0.0000000000
96590  42.314  35.481  46.294 0.0000000000
97323  41.960  37.172  46.015 0.0000000000
128397  42.112  37.857  45.797 0.0000000000
97959  42.665  37.504  45.775 0.0000000000
97958  43.227  37.132  45.713 0.0000000000
88043  39.886  23.543  39.243 0.0000000000
125521  40.072  24.108  38.950 0.0000000000
128284  40.066  22.960  38.955 0.0000000000
85503  43.231  20.815  38.092 0.0000000000
96638  47.448  36.816  40.479 0.0000000000
96625  48.006  36.846  40.823 0.0000000000
94500  45.135  32.597  40.014 0.0000000000
94501  44.175  32.410  40.820 0.0000000000
94456  43.535  31.685  46.252 0.0000000000
94467  43.909  32.317  45.299 0.0000000000
92463  40.498  29.322  41.402 0.0000000000
91790  41.054  28.829  40.914 0.0000000000
91801  40.954  28.063  40.780 0.0000000000
91089  40.801  27.386  40.633 0.0000000000
125030  40.452  27.761  41.081 0.0000000000
87140  39.488  22.180  43.559 0.0000000000
114112  42.166  46.411  41.103 0.0000000000
103275  43.022  47.007  40.856 0.0000000000
122293  41.729  44.189  44.526 0.0000000000
102146  41.291  46.002  45.169 0.0000000000
101636  42.591  44.059  44.634 0.0000000000
101015  48.144  42.946  47.108 0.0000000000
133515  47.281  44.346  46.799 0.0000000000
102122  48.186  45.062  47.190 0.0000000000
102658  47.464  45.787  46.848 0.0000000000
102121  49.143  44.953  47.361 0.0000000000
101613  49.332  43.950  46.990 0.0000000000
101013  49.285  43.317  46.739 0.0000000000
97337  48.468  36.219  42.116 0.0000000000
97983  48.189  36.790  43.121 0.0000000000
126793  47.972  36.590  41.758 0.0000000000
122774  47.295  36.708  42.398 0.0000000000
95199  44.621  34.869  37.312 0.0000000000
95200  43.448  34.233  37.684 0.0000000000
94519  43.690  32.956  38.014 0.0000000000
91828  41.132  28.151  37.615 0.0000000000
91122  41.608  28.137  36.431 0.0000000000
89669  41.034  25.413  34.881 0.0000000000
95913  38.121  35.274  39.900 0.0000000000
95924  39.448  34.974  39.106 0.0000000000
125248  38.868  34.549  39.352 0.0000000000
95192  39.331  33.973  39.179 0.0000000000
114799  43.840  38.257  43.724 0.0000000000
97987  43.436  37.353  43.551 0.0000000000
96630  41.095  36.229  43.009 0.0000000000
97342  41.832  37.190  43.505 0.0000000000
96658  38.939  36.110  40.737 0.0000000000
96644  38.839  36.126  41.905 0.0000000000
114853  41.832  21.439  41.496 0.0000000000
86316  41.646  21.314  40.542 0.0000000000
86302  42.579  21.459  41.004 0.0000000000
87163  44.461  22.755  41.489 0.0000000000
86313  44.052  21.887  40.176 0.0000000000
87190  44.844  22.164  39.873 0.0000000000
103805  45.663  47.572  38.212 0.0000000000
122442  46.353  47.213  37.830 0.0000000000
124952  49.632  35.797  42.972 0.0000000000
95160  47.887  34.147  44.171 0.0000000000
95887  47.874  34.793  42.571 0.0000000000
95162  45.834  33.560  43.650 0.0000000000
93792  39.562  31.480  44.351 0.0000000000
93797  40.154  31.892  43.711 0.0000000000
93799  38.880  30.985  43.170 0.0000000000
92457  38.394  29.184  42.582 0.0000000000
133046  38.838  29.729  42.423 0.0000000000
91783  39.097  29.001  42.109 0.0000000000
91077  38.846  27.568  42.013 0.0000000000
128289  38.938  26.900  41.836 0.0000000000
91065  38.311  26.886  42.380 0.0000000000
89583  37.925  25.055  42.682 0.0000000000
87993  37.665  23.772  43.473 0.0000000000
88004  38.194  23.319  43.077 0.0000000000
132606  37.926  23.155  43.974 0.0000000000
99741  45.028  40.660  46.165 0.0000000000
100374  44.642  41.431  45.937 0.0000000000
99739  47.532  40.617  46.687 0.0000000000
100372  47.511  42.048  46.855 0.0000000000
99121  48.635  40.162  46.670 0.0000000000
99737  49.444  40.359  46.351 0.0000000000
131928  49.322  39.846  46.530 0.0000000000
96599  50.672  36.686  44.892 0.0000000000
97951  51.206  37.781  44.902 0.0000000000
97326  50.556  36.659  44.086 0.0000000000
97981  50.189  37.092  43.873 0.0000000000
93139  45.464  31.269  37.595 0.0000000000
93842  45.100  31.404  37.361 0.0000000000
93140  45.120  30.630  37.185 0.0000000000
91831  44.645  29.187  36.064 0.0000000000
92495  44.928  29.850  36.488 0.0000000000
91825  44.410  29.057  35.941 0.0000000000
92464  35.372  29.890  41.243 0.0000000000
93108  35.699  30.707  41.168 0.0000000000
94504  37.010  32.715  40.410 0.0000000000
116838  37.440  32.194  40.309 0.0000000000
93117  37.682  30.598  40.382 0.0000000000
93118  36.920  31.089  40.567 0.0000000000
91804  36.372  28.629  40.513 0.0000000000
91803  37.180  28.884  40.283 0.0000000000
91090  37.682  28.256  39.878 0.0000000000
118883  38.221  27.558  39.301 0.0000000000
102677  46.634  45.572  44.187 0.0000000000
101047  44.037  42.819  43.509 0.0000000000
101647  43.788  43.679  43.093 0.0000000000
101048  43.310  42.863  43.091 0.0000000000
96604  45.582  35.627  45.728 0.0000000000
124353  46.521  34.298  46.136 0.0000000000
94453  44.127  31.600  47.598 0.0000000000
136329  42.620  30.609  47.714 0.0000000000
114101  37.866  46.274  44.162 0.0000000000
113908  37.844  46.741  45.308 0.0000000000
124723  39.415  44.418  44.689 0.0000000000
120725  40.026  43.461  44.426 0.0000000000
101637  40.850  43.765  44.459 0.0000000000
99134  42.170  39.271  45.575 0.0000000000
99754  42.112  40.119  45.485 0.0000000000
100382  42.006  41.035  45.238 0.0000000000
99753  42.853  40.576  45.493 0.0000000000
127463  43.597  40.194  45.694 0.0000000000
99132  43.634  39.443  45.723 0.0000000000
130403  45.280  36.702  45.627 0.0000000000
97319  46.101  36.533  45.624 0.0000000000
134943  42.052  26.089  38.419 0.0000000000
127210  40.942  24.974  37.898 0.0000000000
88877  40.634  24.425  37.407 0.0000000000
128252  40.770  24.615  36.637 0.0000000000
86343  41.309  21.307  39.001 0.0000000000
86344  40.811  21.772  38.457 0.0000000000
122520  41.511  21.145  38.275 0.0000000000
86367  41.466  21.387  36.794 0.0000000000
86355  41.178  21.568  37.583 0.0000000000
87231  40.604  22.893  36.380 0.0000000000
87230  41.109  21.995  36.061 0.0000000000
86379  41.587  21.429  35.420 0.0000000000
122530  44.413  35.725  41.161 0.0000000000
96654  43.672  35.829  40.484 0.0000000000
96665  46.946  36.579  39.020 0.0000000000
95921  45.898  36.084  37.587 0.0000000000
115912  48.737  36.492  39.893 0.0000000000
95903  48.814  35.794  39.975 0.0000000000
118123  46.978  34.847  38.540 0.0000000000
136848  46.978  35.129  37.918 0.0000000000
95190  45.993  34.054  38.370 0.0000000000
94508  45.795  32.560  38.383 0.0000000000
93828  45.287  31.275  39.095 0.0000000000
95130  46.543  32.824  46.473 0.0000000000
95138  47.053  33.284  46.091 0.0000000000
95139  46.576  32.787  46.478 0.0000000000
95153  44.309  32.799  44.293 0.0000000000
95152  45.310  32.969  44.724 0.0000000000
95164  43.865  33.008  43.116 0.0000000000
94478  40.749  32.152  43.081 0.0000000000
94477  41.567  32.334  43.323 0.0000000000
93805  40.735  31.793  42.333 0.0000000000
94493  42.072  32.294  41.946 0.0000000000
131215  42.379  31.849  41.413 0.0000000000
94492  42.687  32.306  41.640 0.0000000000
93813  42.932  31.344  40.819 0.0000000000
91799  42.528  28.574  40.018 0.0000000000
91102  42.686  27.833  39.461 0.0000000000
90363  42.423  27.163  39.266 0.0000000000
91103  41.968  27.378  39.770 0.0000000000
89608  40.346  25.863  40.223 0.0000000000
90365  41.067  26.324  39.794 0.0000000000
89622  40.028  25.033  39.910 0.0000000000
88847  39.556  24.367  40.391 0.0000000000
89595  39.292  25.667  41.296 0.0000000000
88837  38.830  24.296  41.560 0.0000000000
87165  39.598  22.320  41.496 0.0000000000
88017  39.107  23.549  41.390 0.0000000000
133114  39.372  22.920  41.177 0.0000000000
86317  40.166  21.754  41.068 0.0000000000
103294  42.504  46.798  38.693 0.0000000000
125504  41.931  46.376  37.944 0.0000000000
103766  44.483  47.867  41.340 0.0000000000
103776  44.568  48.119  40.479 0.0000000000
103765  45.335  48.089  41.996 0.0000000000
103759  45.186  47.708  42.858 0.0000000000
101623  44.728  43.278  45.659 0.0000000000
127006  44.066  44.087  45.243 0.0000000000
127613  45.044  44.156  45.741 0.0000000000
102665  44.323  46.174  45.546 0.0000000000
129948  43.744  46.985  45.363 0.0000000000
103747  43.495  47.535  44.869 0.0000000000
136080  44.066  47.299  45.060 0.0000000000
103739  47.204  47.401  45.421 0.0000000000
118095  46.196  47.572  45.311 0.0000000000
103745  46.879  47.525  44.651 0.0000000000
103752  46.804  47.427  43.681 0.0000000000
103247  47.558  46.902  44.109 0.0000000000
102693  47.808  46.346  44.584 0.0000000000
102675  48.766  46.124  44.979 0.0000000000
101621  48.899  43.895  45.923 0.0000000000
102128  48.239  44.971  45.428 0.0000000000
126747  48.059  43.134  45.471 0.0000000000
101033  47.125  42.455  45.193 0.0000000000
100379  47.742  41.849  45.364 0.0000000000
99128  49.863  40.136  45.931 0.0000000000
99129  49.368  40.384  45.722 0.0000000000
99146  48.609  39.489  45.119 0.0000000000
99147  47.187  39.420  44.761 0.0000000000
124825  46.691  40.064  44.885 0.0000000000
124360  46.523  38.751  44.386 0.0000000000
98561  45.572  38.592  44.137 0.0000000000
98567  45.830  37.571  43.723 0.0000000000
96626  46.111  36.267  42.032 0.0000000000
97339  45.180  36.551  43.108 0.0000000000
96640  43.826  35.706  42.242 0.0000000000
96678  43.189  36.518  38.838 0.0000000000
96679  41.440  36.102  38.854 0.0000000000
96687  42.075  35.740  38.427 0.0000000000
127937  41.896  33.098  38.485 0.0000000000
95202  41.284  33.910  38.434 0.0000000000
94522  40.870  32.947  38.745 0.0000000000
136211  40.882  32.057  38.989 0.0000000000
93134  44.158  31.148  37.643 0.0000000000
93838  43.156  31.371  38.096 0.0000000000
128167  41.694  30.317  38.624 0.0000000000
93136  41.011  29.920  38.872 0.0000000000
93127  40.762  30.644  39.143 0.0000000000
91115  40.403  27.739  37.930 0.0000000000
91116  39.690  27.679  38.496 0.0000000000
91124  39.068  27.052  38.001 0.0000000000
90386  43.122  26.513  36.851 0.0000000000
90413  43.038  27.582  34.463 0.0000000000
90412  43.605  28.042  34.950 0.0000000000
91139  43.067  28.204  34.402 0.0000000000
90425  41.434  26.899  33.197 0.0000000000
96657  39.811  36.048  40.594 0.0000000000
96670  39.204  35.999  39.833 0.0000000000
96669  40.055  35.963  39.651 0.0000000000
95923  40.210  35.317  38.851 0.0000000000
128520  43.350  36.107  43.022 0.0000000000
118646  43.086  36.705  43.356 0.0000000000
96643  40.416  36.005  42.365 0.0000000000
86288  42.975  22.044  42.020 0.0000000000
86301  43.168  21.765  41.316 0.0000000000
87164  43.714  22.403  41.773 0.0000000000
87162  45.199  23.088  41.170 0.0000000000
95863  49.878  35.157  44.914 0.0000000000
95885  49.492  34.878  43.386 0.0000000000
95875  49.411  34.714  44.664 0.0000000000
95150  47.208  33.413  45.415 0.0000000000
93093  37.779  30.338  43.788 0.0000000000
92450  37.607  29.393  43.281 0.0000000000
98541  46.310  38.220  45.953 0.0000000000
99123  46.196  39.849  46.440 0.0000000000
128160  47.040  38.822  46.327 0.0000000000
98540  47.490  38.177  46.125 0.0000000000
97931  50.369  38.474  46.004 0.0000000000
97953  49.486  37.112  45.797 0.0000000000
97316  50.098  36.269  45.475 0.0000000000
92489  45.219  30.104  37.105 0.0000000000
91120  44.817  28.746  36.584 0.0000000000
91128  44.534  28.810  35.909 0.0000000000
94502  38.092  32.024  40.056 0.0000000000
92473  38.174  29.912  40.182 0.0000000000
101633  46.059  44.156  44.615 0.0000000000
101645  45.288  44.229  44.077 0.0000000000
101634  45.421  43.379  44.363 0.0000000000
101035  44.797  42.680  44.117 0.0000000000
133690  35.148  33.781  41.739 0.0000000000
96605  44.687  35.321  45.902 0.0000000000
96589  43.979  35.036  46.141 0.0000000000
99135  40.649  39.166  45.527 0.0000000000
99755  40.564  39.924  45.329 0.0000000000
125152  41.393  39.015  45.584 0.0000000000
136041  42.439  38.800  45.627 0.0000000000
124251  42.916  39.054  45.652 0.0000000000
98542  43.549  38.675  45.698 0.0000000000
120650  43.381  37.868  45.691 0.0000000000
130665  43.931  37.245  45.660 0.0000000000
89633  40.926  25.231  38.657 0.0000000000
85504  42.339  20.809  38.347 0.0000000000
85532  42.220  20.724  36.652 0.0000000000
95898  47.016  34.830  41.290 0.0000000000
95904  47.758  35.171  39.977 0.0000000000
117832  44.375  31.196  39.856 0.0000000000
94455  45.656  31.959  46.898 0.0000000000
94475  43.379  32.594  43.935 0.0000000000
93815  40.807  31.210  41.802 0.0000000000
93104  41.338  30.691  41.366 0.0000000000
93115  41.953  30.087  40.790 0.0000000000
92472  41.825  29.156  40.598 0.0000000000
91088  41.474  27.660  40.313 0.0000000000
90339  40.591  26.667  40.466 0.0000000000
88018  38.557  23.637  42.173 0.0000000000
87152  39.386  22.341  42.276 0.0000000000
103283  41.657  46.460  39.412 0.0000000000
103282  42.447  46.900  39.341 0.0000000000
103777  43.325  47.430  40.026 0.0000000000
122527  40.273  46.492  45.657 0.0000000000
103241  40.073  47.185  45.804 0.0000000000
127828  46.086  44.256  46.336 0.0000000000
102664  45.404  46.550  45.834 0.0000000000
119764  45.677  47.198  45.620 0.0000000000
122397  46.276  46.881  46.131 0.0000000000
103227  47.338  46.618  46.558 0.0000000000
103225  49.090  46.318  46.000 0.0000000000
102662  49.246  45.743  45.687 0.0000000000
102120  49.358  44.881  46.587 0.0000000000
128748  49.353  44.151  46.387 0.0000000000
126506  48.946  43.119  46.044 0.0000000000
97971  49.951  37.786  44.102 0.0000000000
98558  49.289  38.590  44.713 0.0000000000
97972  48.725  37.539  44.039 0.0000000000
97973  47.549  37.567  43.841 0.0000000000
95931  42.698  35.156  37.863 0.0000000000
92490  42.860  29.988  37.760 0.0000000000
89653  42.005  25.726  36.060 0.0000000000
90414  42.542  27.031  34.015 0.0000000000
95914  37.526  34.562  40.110 0.0000000000
95194  37.902  33.643  39.821 0.0000000000
96682  38.826  35.397  39.545 0.0000000000
94513  38.329  32.849  39.720 0.0000000000
93830  39.407  31.740  39.600 0.0000000000
99149  45.145  39.562  44.242 0.0000000000
99769  44.876  40.421  44.233 0.0000000000
116133  43.790  39.233  43.727 0.0000000000
97988  42.563  37.293  43.527 0.0000000000
133066  39.672  36.169  42.331 0.0000000000
98545  40.031  38.578  45.666 0.0000000000
97961  40.333  37.866  45.936 0.0000000000
97933  41.303  36.965  46.212 0.0000000000
87178  40.204  21.997  40.048 0.0000000000
87191  40.343  22.286  39.144 0.0000000000
86330  41.343  21.303  39.744 0.0000000000
85482  41.926  21.208  39.841 0.0000000000
85493  41.760  21.140  39.354 0.0000000000
86314  43.259  21.519  40.466 0.0000000000
86329  43.023  21.227  39.665 0.0000000000
86328  43.481  21.268  39.255 0.0000000000
86327  44.177  21.576  39.321 0.0000000000
97356  48.533  36.533  40.955 0.0000000000
96636  48.724  35.942  41.932 0.0000000000
95896  48.887  35.838  41.391 0.0000000000
95886  49.006  34.700  42.823 0.0000000000
95169  44.546  33.332  42.280 0.0000000000
93790  41.543  31.620  45.312 0.0000000000
94469  41.987  32.076  44.403 0.0000000000
116498  40.044  31.783  42.850 0.0000000000
93098  39.078  30.438  42.538 0.0000000000
93106  39.736  30.492  42.084 0.0000000000
136104  39.970  29.784  41.725 0.0000000000
122000  39.808  28.958  41.676 0.0000000000
132861  39.904  28.336  41.537 0.0000000000
115817  39.970  27.851  41.413 0.0000000000
91076  39.442  27.373  41.573 0.0000000000
89582  38.371  25.360  42.205 0.0000000000
88824  38.374  24.599  42.174 0.0000000000
87141  38.705  22.694  43.525 0.0000000000
87130  39.102  22.564  44.312 0.0000000000
103267  41.823  46.402  42.258 0.0000000000
101025  43.049  42.372  45.084 0.0000000000
129786  43.296  43.399  44.909 0.0000000000
101024  43.696  42.610  45.313 0.0000000000
101023  44.464  42.414  45.671 0.0000000000
125778  45.249  42.096  46.204 0.0000000000
99740  46.081  40.635  46.499 0.0000000000
101016  46.337  42.562  46.550 0.0000000000
120157  48.653  42.492  46.932 0.0000000000
119163  48.967  42.847  46.631 0.0000000000
100371  48.701  42.104  46.580 0.0000000000
99736  49.776  40.255  46.112 0.0000000000
99144  50.088  39.402  45.717 0.0000000000
132703  51.063  38.227  45.394 0.0000000000
98538  51.193  38.236  44.860 0.0000000000
98557  50.580  38.601  44.977 0.0000000000
94518  45.239  33.088  37.722 0.0000000000
93836  44.834  32.515  37.615 0.0000000000
93142  44.274  30.068  37.037 0.0000000000
91826  43.400  29.073  36.182 0.0000000000
91834  42.744  28.643  35.655 0.0000000000
88900  40.674  24.694  34.824 0.0000000000
91793  35.085  29.056  41.224 0.0000000000
136681  36.383  30.729  40.824 0.0000000000
92476  35.877  29.271  40.866 0.0000000000
91805  35.554  28.435  40.789 0.0000000000
102152  45.157  44.818  43.577 0.0000000000
102153  44.427  44.648  43.047 0.0000000000
99779  44.119  40.623  43.811 0.0000000000
100404  43.874  41.360  43.629 0.0000000000
96603  47.351  34.377  45.776 0.0000000000
129074  46.374  33.067  46.678 0.0000000000
96588  44.782  34.447  46.412 0.0000000000
95855  45.507  33.313  46.927 0.0000000000
95132  46.024  32.355  47.001 0.0000000000
120562  45.345  31.937  47.191 0.0000000000
93779  42.424  30.790  46.931 0.0000000000
93782  38.919  31.056  44.865 0.0000000000
103243  38.922  47.166  45.823 0.0000000000
127089  38.092  46.446  45.785 0.0000000000
102682  38.885  46.938  46.061 0.0000000000
102681  39.582  47.068  46.032 0.0000000000
99771  40.563  40.698  45.061 0.0000000000
100392  41.398  41.724  44.788 0.0000000000
100391  42.223  42.038  44.889 0.0000000000
99752  43.556  40.963  45.581 0.0000000000
99751  44.208  40.685  45.819 0.0000000000
135284  44.808  39.582  46.016 0.0000000000
97956  45.680  37.454  45.692 0.0000000000
91114  43.052  27.404  38.799 0.0000000000
90374  43.365  27.117  38.124 0.0000000000
89643  42.191  25.849  37.042 0.0000000000
89632  41.653  25.578  38.032 0.0000000000
87203  40.361  22.730  38.244 0.0000000000
87218  40.496  22.902  37.285 0.0000000000
133522  40.589  23.665  35.608 0.0000000000
128937  40.703  23.021  34.963 0.0000000000
96655  42.387  35.761  40.778 0.0000000000
96667  43.052  36.326  39.650 0.0000000000
115560  45.149  36.228  39.845 0.0000000000
95922  44.465  36.338  38.260 0.0000000000
95930  44.675  35.746  37.496 0.0000000000
96664  48.352  36.120  38.729 0.0000000000
95912  48.209  35.591  38.808 0.0000000000
95920  46.836  35.591  37.632 0.0000000000
95197  46.153  34.699  37.716 0.0000000000
95198  45.364  34.170  37.621 0.0000000000
93132  45.665  31.241  37.795 0.0000000000
93123  45.735  31.568  38.262 0.0000000000
92480  45.328  30.093  38.067 0.0000000000
91810  44.162  28.688  38.872 0.0000000000
115833  47.573  34.005  45.674 0.0000000000
95140  45.975  32.457  46.296 0.0000000000
94476  42.469  32.441  43.615 0.0000000000
94485  41.402  32.234  42.477 0.0000000000
94491  43.381  32.530  41.582 0.0000000000
93821  43.754  31.654  40.510 0.0000000000
93114  42.794  30.431  40.519 0.0000000000
92470  43.601  29.926  39.841 0.0000000000
91101  43.612  28.031  38.885 0.0000000000
88858  39.839  24.248  39.561 0.0000000000
91075  40.099  27.122  41.103 0.0000000000
123279  39.259  24.085  41.023 0.0000000000
86303  40.956  21.375  41.222 0.0000000000
125553  42.256  21.743  42.209 0.0000000000
103793  44.884  47.738  38.663 0.0000000000
103783  44.041  47.798  39.681 0.0000000000
131277  45.083  48.296  39.664 0.0000000000
103775  45.847  48.705  40.847 0.0000000000
117178  46.349  48.564  41.756 0.0000000000
103259  42.151  47.020  43.382 0.0000000000
101635  43.148  44.657  44.872 0.0000000000
102130  44.501  44.961  45.502 0.0000000000
103251  42.388  47.501  44.619 0.0000000000
103258  43.231  47.316  43.157 0.0000000000
123839  44.042  47.513  43.261 0.0000000000
103754  44.440  47.590  43.857 0.0000000000
103740  45.089  47.395  45.112 0.0000000000
136307  45.389  47.650  43.344 0.0000000000
103758  46.350  47.427  43.112 0.0000000000
103249  47.190  46.557  43.075 0.0000000000
102142  46.775  44.987  44.792 0.0000000000
102663  49.025  45.669  45.223 0.0000000000
124276  46.568  43.222  44.914 0.0000000000
100388  46.346  41.750  44.863 0.0000000000
100370  48.775  41.856  46.323 0.0000000000
100378  48.703  41.994  45.912 0.0000000000
99750  48.246  41.353  45.515 0.0000000000
99768  45.802  40.230  44.547 0.0000000000
125831  44.836  38.012  43.787 0.0000000000
97340  43.960  36.566  43.300 0.0000000000
95932  41.639  34.920  38.266 0.0000000000
95933  40.740  34.714  38.531 0.0000000000
95191  40.004  33.370  39.025 0.0000000000
94510  40.141  32.394  39.258 0.0000000000
94520  42.713  32.319  38.328 0.0000000000
117815  42.479  30.810  38.347 0.0000000000
93128  39.872  30.828  39.565 0.0000000000
135056  39.413  30.279  39.671 0.0000000000
92484  39.372  29.574  39.589 0.0000000000
91813  39.238  28.758  39.458 0.0000000000
91104  39.736  28.316  39.046 0.0000000000
91105  39.086  27.991  39.199 0.0000000000
134048  43.974  27.522  37.638 0.0000000000
91121  44.376  27.939  36.625 0.0000000000
91129  44.104  28.440  35.547 0.0000000000
90399  43.324  26.999  35.510 0.0000000000
89678  41.867  26.510  33.782 0.0000000000
91152  41.359  27.095  33.216 0.0000000000
91147  42.075  27.494  33.690 0.0000000000
91140  42.459  27.862  34.169 0.0000000000
91130  42.079  28.156  35.096 0.0000000000
88835  46.060  24.385  42.336 0.0000000000
88015  45.795  23.787  41.696 0.0000000000
136570  46.325  23.922  41.110 0.0000000000
87176  45.376  22.793  40.359 0.0000000000
85492  42.353  21.061  39.325 0.0000000000
88029  45.864  23.423  40.784 0.0000000000
91784  38.679  28.331  42.254 0.0000000000
93092  38.401  30.761  43.645 0.0000000000
93806  39.506  31.158  42.666 0.0000000000
95131  46.331  32.508  46.770 0.0000000000
95864  49.267  34.841  45.281 0.0000000000
95884  49.936  35.304  43.969 0.0000000000
96600  50.232  35.707  45.144 0.0000000000
96613  50.397  35.797  44.449 0.0000000000
96680  40.541  35.861  39.040 0.0000000000
97325  51.109  37.261  44.473 0.0000000000
97334  50.662  37.418  44.050 0.0000000000
97335  50.041  36.615  43.591 0.0000000000
97957  44.778  37.405  45.644 0.0000000000
97969  51.167  37.857  44.361 0.0000000000
98525  50.170  39.396  46.096 0.0000000000
98526  49.645  39.266  46.394 0.0000000000
98528  46.148  39.030  46.242 0.0000000000
98539  50.489  38.822  45.588 0.0000000000
98544  40.912  38.468  45.689 0.0000000000
99120  49.838  39.921  46.274 0.0000000000
99124  45.235  39.981  46.227 0.0000000000
99131  44.405  39.931  45.917 0.0000000000
99738  48.866  41.101  46.512 0.0000000000
100380  43.750  41.770  45.518 0.0000000000
101014  49.104  43.265  47.044 0.0000000000
101022  45.222  42.720  46.097 0.0000000000
101620  49.287  43.471  46.530 0.0000000000
102147  39.476  46.165  45.751 0.0000000000
102656  49.144  45.747  46.680 0.0000000000
102659  46.384  46.130  46.419 0.0000000000
102684  37.423  46.394  45.538 0.0000000000
102694  47.387  46.261  43.976 0.0000000000
103226  48.465  46.759  45.898 0.0000000000
103232  48.798  46.424  45.400 0.0000000000
103237  47.976  46.609  44.933 0.0000000000
103735  47.769  47.167  46.082 0.0000000000
103746  45.826  47.743  44.609 0.0000000000
118242  43.036  26.652  37.796 0.0000000000
123453  41.863  38.499  45.672 0.0000000000
128685  48.415  46.445  46.440 0.0000000000
129008  42.388  36.211  38.706 0.0000000000
132005  47.646  47.235  44.829 0.0000000000
133962  43.957  35.813  45.777 0.0000000000
136880  42.146  21.371  40.833 0.0000000000
137832  39.047  47.234  45.553 0.0000000000
