#!ascii label  , from subject sub-v1s15x0050195_ses-1 vox2ras=TkReg
1043
15250  30.177  -57.491  4.630 0.3000000119
22535  31.606  -48.879  4.833 0.6000000238
133219  32.561  -44.324  4.890 0.6999999881
26200  31.956  -44.467  4.850 0.6999999881
15251  29.412  -57.080  4.801 0.4000000060
20044  30.772  -52.030  9.157 0.4000000060
14365  29.494  -58.245  6.856 0.5000000000
14364  30.166  -58.605  6.780 0.5000000000
22546  32.855  -48.140  4.864 0.6999999881
23467  32.449  -47.974  4.528 0.6999999881
25256  33.434  -45.237  4.588 0.6000000238
25257  32.582  -44.976  4.617 0.6000000238
26186  33.744  -44.354  5.190 0.6999999881
26173  32.234  -44.075  6.248 0.6999999881
16152  28.406  -56.394  6.064 0.5000000000
19264  30.866  -52.994  8.846 0.4000000060
15232  29.141  -57.463  6.032 0.6000000238
21614  31.545  -49.582  8.345 0.4000000060
22512  33.300  -48.731  6.805 0.5000000000
16143  28.928  -56.968  7.741 0.6000000238
22513  32.376  -47.952  7.071 0.6000000238
22523  33.061  -47.934  6.349 0.6000000238
14351  29.356  -57.856  7.523 0.6000000238
22545  34.131  -47.688  5.132 0.6000000238
24368  33.571  -46.337  4.516 0.6000000238
25255  34.257  -45.616  4.515 0.6000000238
26176  35.230  -44.320  5.838 0.6999999881
26185  34.642  -44.495  5.158 0.6999999881
26177  34.324  -44.332  6.044 0.6999999881
27102  33.421  -44.056  7.649 0.6999999881
27111  34.930  -44.154  6.755 0.6999999881
27101  34.355  -43.947  7.503 0.6999999881
28031  35.895  -42.660  8.010 0.6999999881
128901  27.777  -55.860  6.571 0.5000000000
16948  28.113  -55.009  8.305 0.5000000000
18481  29.748  -53.914  9.280 0.5000000000
20833  32.372  -50.234  7.833 0.4000000060
16133  28.541  -55.784  8.127 0.5000000000
21624  32.797  -49.268  7.368 0.5000000000
22522  33.785  -48.284  6.361 0.6000000238
127310  29.256  -56.705  8.394 0.6000000238
16940  29.654  -55.546  9.302 0.5000000000
18489  32.119  -53.847  8.453 0.5000000000
117406  34.474  -47.525  4.902 0.6999999881
24367  34.513  -46.779  4.571 0.6000000238
23466  33.515  -47.495  4.716 0.6999999881
26197  35.025  -45.046  4.695 0.6000000238
119608  35.004  -45.920  4.443 0.6000000238
27119  36.125  -44.231  5.633 0.6000000238
26184  35.576  -44.565  5.144 0.6000000238
27109  36.654  -43.760  6.171 0.6000000238
27110  35.748  -43.941  6.490 0.6999999881
27092  32.875  -43.688  8.353 0.6999999881
28041  37.136  -43.120  6.743 0.6000000238
27090  35.053  -42.926  8.240 0.6999999881
28017  34.286  -42.709  8.684 0.6999999881
28030  36.691  -42.736  7.474 0.6999999881
20832  33.202  -50.888  7.458 0.4000000060
16947  28.815  -55.144  8.797 0.5000000000
19275  31.524  -52.854  8.412 0.4000000060
21623  33.695  -50.174  7.054 0.5000000000
22521  34.631  -48.717  6.255 0.6000000238
18480  30.655  -54.178  9.037 0.4000000060
22533  33.931  -47.716  5.686 0.6000000238
20057  32.908  -52.828  7.933 0.4000000060
19274  32.322  -53.480  8.212 0.4000000060
20067  34.315  -52.040  7.756 0.4000000060
23457  35.091  -47.906  5.245 0.6999999881
24366  35.499  -46.596  4.522 0.6000000238
25254  35.755  -45.712  4.518 0.6000000238
26183  36.536  -44.435  5.065 0.6000000238
26196  36.070  -44.970  4.787 0.6000000238
27108  37.627  -43.474  5.880 0.6000000238
28018  33.271  -43.034  8.947 0.6999999881
124900  35.128  -42.178  8.614 0.6999999881
28985  36.785  -42.111  8.046 0.6000000238
116565  36.026  -41.626  8.600 0.6000000238
20058  32.157  -52.456  7.983 0.4000000060
20840  34.617  -50.815  6.886 0.4000000060
22531  35.757  -48.653  5.506 0.6999999881
20831  34.104  -51.486  7.358 0.4000000060
22544  35.931  -47.985  5.241 0.8000000119
19279  33.569  -52.592  8.050 0.5000000000
24365  36.374  -46.415  4.483 0.6999999881
25253  36.641  -45.576  4.497 0.6000000238
26182  37.498  -44.190  4.912 0.5000000000
26195  37.019  -44.771  4.662 0.6000000238
28005  32.675  -42.451  9.457 0.6999999881
28992  38.803  -41.132  5.449 0.6000000238
28040  37.986  -42.703  6.323 0.6000000238
133503  34.482  -41.890  9.023 0.8000000119
28961  33.487  -41.192  9.755 0.8000000119
28028  38.227  -41.716  6.809 0.6000000238
28029  37.440  -42.392  7.285 0.6000000238
21633  35.130  -49.975  6.471 0.5000000000
22520  35.578  -49.326  5.891 0.6000000238
20839  35.531  -51.207  6.788 0.5000000000
20828  37.179  -50.366  6.894 0.6999999881
20838  36.298  -51.178  6.792 0.4000000060
23463  37.177  -47.120  4.501 0.6999999881
118786  37.125  -46.254  4.414 0.6999999881
27127  38.474  -43.813  4.625 0.6000000238
26194  38.052  -44.569  4.607 0.6000000238
27116  38.808  -43.023  4.489 0.6000000238
134937  33.253  -40.569  10.088 0.6000000238
28039  38.518  -42.037  5.309 0.6000000238
28975  35.060  -41.356  8.924 0.6999999881
28960  34.267  -41.233  9.364 0.6999999881
123977  37.952  -41.041  7.519 0.6999999881
29958  37.372  -40.844  8.194 0.6999999881
114843  35.644  -40.854  8.862 0.6999999881
21640  37.063  -50.015  5.910 0.5000000000
21641  36.381  -49.715  5.657 0.6000000238
130288  36.402  -48.735  5.383 0.6000000238
22519  38.499  -49.051  6.310 0.6999999881
21631  37.202  -50.217  6.483 0.6000000238
22543  36.933  -48.076  5.057 0.6999999881
23441  37.690  -48.852  6.822 0.6999999881
21621  37.000  -50.194  7.241 0.6999999881
135756  37.896  -47.265  4.386 0.6999999881
24363  38.766  -46.306  4.296 0.6999999881
26193  39.126  -44.265  4.342 0.5000000000
25251  38.894  -45.250  4.339 0.6000000238
29922  31.886  -40.316  10.922 0.5000000000
29001  39.713  -41.612  4.069 0.6000000238
28052  39.810  -42.446  4.128 0.6000000238
30921  33.242  -39.769  10.196 0.6000000238
31907  32.750  -38.907  10.540 0.5000000000
28046  38.962  -42.231  4.347 0.6000000238
135160  34.886  -40.492  9.127 0.6000000238
31921  33.488  -38.844  9.705 0.5000000000
32874  33.069  -37.449  9.515 0.5000000000
29974  39.226  -40.114  5.132 0.6999999881
29967  38.571  -40.540  6.703 0.6999999881
29968  37.922  -40.277  7.666 0.6999999881
29959  36.456  -40.643  8.588 0.6999999881
30950  34.815  -39.119  8.706 0.5000000000
30957  38.544  -39.505  7.015 0.6999999881
31936  35.914  -38.797  8.097 0.6000000238
22542  37.785  -48.595  5.186 0.6000000238
21629  38.410  -49.228  6.100 0.6999999881
22541  38.585  -48.526  5.375 0.6000000238
23450  38.623  -48.284  6.509 0.6999999881
120738  37.999  -47.898  4.584 0.6999999881
25250  40.066  -44.968  4.356 0.6999999881
119268  39.965  -46.041  4.418 0.6999999881
26192  40.085  -43.949  4.390 0.6000000238
30907  32.057  -38.903  11.287 0.4000000060
27125  40.263  -43.134  4.295 0.5000000000
32862  32.535  -37.344  10.288 0.4000000060
30963  39.961  -38.834  4.315 0.6000000238
29979  39.404  -40.668  4.401 0.6000000238
31920  34.143  -39.008  9.004 0.5000000000
31939  33.859  -38.324  8.823 0.5000000000
30949  35.490  -39.307  8.517 0.5000000000
31938  34.497  -38.443  8.428 0.4000000060
118555  39.126  -39.594  6.003 0.6000000238
30958  37.877  -38.814  7.448 0.6999999881
31935  37.003  -38.984  8.092 0.6000000238
31948  36.372  -38.224  7.882 0.5000000000
132857  40.455  -48.084  6.304 0.6000000238
23456  39.565  -48.587  5.853 0.6999999881
23462  39.137  -47.944  5.088 0.6999999881
25239  39.875  -46.540  6.922 0.6999999881
122280  40.784  -47.427  6.515 0.6999999881
24362  40.624  -46.718  5.067 0.6000000238
25249  40.869  -45.814  5.010 0.6000000238
28999  40.989  -40.634  3.890 0.6000000238
27124  40.715  -43.534  4.629 0.5000000000
29000  40.401  -41.351  3.956 0.6000000238
30969  40.758  -38.657  2.959 0.6000000238
28997  40.091  -40.579  3.729 0.6000000238
33839  33.202  -36.967  8.906 0.5000000000
33840  32.641  -36.599  9.564 0.4000000060
30964  39.328  -38.732  5.843 0.6000000238
33851  33.640  -36.983  7.997 0.4000000060
31954  38.676  -38.466  6.699 0.6000000238
31947  37.324  -38.213  7.571 0.5000000000
126143  41.249  -46.992  6.258 0.6999999881
24357  41.176  -46.969  5.716 0.6000000238
25232  39.965  -45.641  7.445 0.6999999881
26175  41.077  -45.293  5.832 0.6000000238
26181  40.980  -45.223  5.264 0.6000000238
25224  38.825  -45.594  7.495 0.6999999881
27115  41.020  -44.274  5.046 0.5000000000
29976  41.305  -40.184  4.044 0.6000000238
28996  41.092  -40.939  4.545 0.6000000238
29980  41.206  -39.638  3.349 0.6000000238
30972  41.141  -38.589  2.908 0.5000000000
31953  40.306  -37.762  4.484 0.6000000238
132347  39.412  -37.937  5.753 0.6000000238
32891  37.844  -37.494  7.132 0.5000000000
26168  40.354  -44.546  7.623 0.6999999881
131122  40.560  -44.251  6.271 0.6999999881
136564  40.841  -43.663  5.341 0.6000000238
115122  40.948  -42.033  5.005 0.5000000000
30968  41.452  -38.971  4.433 0.6000000238
29977  41.361  -40.107  4.898 0.6000000238
115472  41.036  -37.481  4.044 0.6000000238
32906  40.561  -36.488  4.907 0.6000000238
32901  38.955  -37.487  6.397 0.5000000000
18468  32.364  -53.762  9.023 0.5000000000
20055  35.096  -51.653  8.147 0.5000000000
122937  33.265  -52.488  9.249 0.5000000000
20041  34.445  -51.454  8.735 0.5000000000
21611  36.201  -50.443  7.647 0.6999999881
22501  35.680  -49.146  7.977 0.6999999881
21612  35.306  -49.961  8.326 0.5000000000
130008  34.217  -50.489  9.024 0.5000000000
22510  36.989  -49.190  7.320 0.6999999881
22511  36.104  -48.448  7.654 0.6999999881
24355  38.203  -47.118  6.599 0.6999999881
14389  30.750  -58.167  5.665 0.3000000119
120996  32.856  -44.258  5.267 0.6999999881
24369  32.791  -46.863  4.522 0.6000000238
26171  33.831  -44.261  6.857 0.6999999881
28019  32.311  -43.154  8.913 0.6999999881
20069  35.593  -51.595  7.232 0.6000000238
28047  38.328  -42.903  5.219 0.6000000238
28974  36.874  -41.396  8.373 0.6999999881
29934  33.901  -40.373  9.575 0.6000000238
29960  35.658  -40.113  8.791 0.6999999881
30933  33.839  -39.574  9.526 0.6000000238
30947  37.192  -39.987  8.297 0.6999999881
31922  32.960  -38.119  10.100 0.5000000000
31889  32.327  -38.104  10.877 0.5000000000
31949  35.521  -38.148  7.937 0.5000000000
26191  40.803  -44.593  4.798 0.5000000000
25231  40.472  -45.378  6.935 0.6999999881
28045  40.810  -43.068  4.714 0.5000000000
31958  41.298  -38.322  3.767 0.6000000238
128100  40.160  -37.098  5.055 0.6000000238
30967  41.422  -39.407  3.759 0.6000000238
27107  40.396  -43.030  5.980 0.5000000000
23438  34.469  -47.585  8.310 0.6000000238
25219  32.197  -45.705  9.605 0.6000000238
25205  32.325  -44.943  9.994 0.4000000060
24346  33.734  -46.304  8.612 0.5000000000
23437  35.260  -47.965  7.982 0.6000000238
22515  30.480  -47.958  7.854 0.5000000000
26144  31.519  -44.805  10.648 0.4000000060
118551  32.419  -47.785  6.212 0.5000000000
22525  30.787  -48.944  5.443 0.5000000000
24336  33.097  -46.815  8.974 0.5000000000
26133  31.944  -44.133  11.126 0.4000000060
22524  31.757  -47.766  6.593 0.5000000000
22548  31.150  -48.773  4.681 0.5000000000
116266  32.994  -46.015  9.057 0.6000000238
22547  31.953  -48.724  4.748 0.5000000000
24345  34.439  -46.311  8.280 0.5000000000
23443  35.776  -47.320  7.604 0.6000000238
27974  31.577  -42.762  12.795 0.4000000060
27975  30.754  -43.151  12.776 0.4000000060
26159  33.273  -44.796  9.771 0.4000000060
22538  28.562  -48.974  4.982 0.5000000000
25217  33.621  -45.386  9.055 0.5000000000
22549  30.090  -48.726  4.674 0.5000000000
22550  29.032  -48.448  4.606 0.5000000000
23444  34.892  -46.853  7.897 0.6000000238
24351  35.582  -46.498  7.687 0.6000000238
23442  36.734  -47.948  7.285 0.6000000238
125470  32.244  -46.039  4.540 0.5000000000
24358  30.155  -46.063  5.086 0.5000000000
23459  28.287  -47.762  5.145 0.4000000060
25227  35.678  -45.355  8.326 0.5000000000
25228  34.335  -45.723  8.543 0.5000000000
25226  36.631  -45.143  8.323 0.6000000238
25225  37.699  -45.321  8.004 0.6000000238
24349  37.453  -46.471  6.884 0.6000000238
25233  37.759  -45.866  7.153 0.6000000238
25240  38.463  -46.463  6.798 0.6000000238
27068  32.712  -43.937  11.083 0.4000000060
27038  32.189  -43.190  12.084 0.4000000060
25244  31.172  -44.739  4.956 0.5000000000
24359  29.305  -46.418  5.217 0.5000000000
25247  28.608  -45.745  5.647 0.4000000060
25259  30.941  -45.648  4.733 0.6000000238
24360  28.430  -46.767  5.390 0.4000000060
26167  34.961  -44.620  9.314 0.6000000238
26166  36.862  -44.497  9.013 0.6000000238
26165  37.660  -44.769  8.840 0.6000000238
26164  38.641  -45.031  8.621 0.6000000238
134136  31.896  -41.717  13.674 0.4000000060
26188  30.574  -44.119  5.354 0.5000000000
26190  28.886  -44.728  5.789 0.4000000060
25242  27.559  -45.750  6.291 0.4000000060
27066  34.430  -43.605  10.792 0.6000000238
27067  33.535  -43.775  10.989 0.4000000060
26157  35.685  -44.026  9.776 0.6000000238
26158  34.120  -44.649  9.538 0.6000000238
126394  35.909  -44.696  9.002 0.5000000000
26155  37.568  -44.207  9.514 0.6000000238
26156  36.642  -44.053  9.604 0.5000000000
26153  39.444  -44.733  9.043 0.6000000238
28913  31.053  -41.909  13.847 0.4000000060
27986  32.964  -42.856  12.149 0.4000000060
27120  31.480  -43.528  5.809 0.6000000238
27122  29.986  -43.300  5.511 0.5000000000
27113  28.898  -43.110  6.172 0.5000000000
26180  27.920  -44.827  6.563 0.5000000000
27050  34.032  -43.211  11.449 0.4000000060
27985  33.664  -42.779  11.986 0.4000000060
27049  34.950  -43.041  11.296 0.5000000000
27064  37.164  -43.104  10.686 0.5000000000
27995  37.653  -42.493  10.864 0.5000000000
27079  38.307  -43.851  10.000 0.6000000238
27078  39.331  -44.069  9.762 0.6000000238
26169  40.114  -44.944  8.310 0.6000000238
29901  33.215  -40.777  13.905 0.4000000060
27966  32.242  -42.212  13.157 0.4000000060
28894  32.307  -41.072  14.041 0.4000000060
29886  31.813  -40.605  14.579 0.4000000060
27103  32.529  -43.970  7.448 0.6000000238
29900  33.986  -40.463  13.962 0.4000000060
28929  32.927  -42.145  12.906 0.4000000060
28042  30.313  -41.987  5.992 0.6000000238
28044  29.340  -42.157  6.308 0.5000000000
27114  28.330  -43.805  6.820 0.4000000060
27972  34.110  -42.249  12.407 0.4000000060
27997  35.856  -42.776  11.159 0.5000000000
133691  38.355  -42.750  10.557 0.5000000000
28003  38.876  -42.513  10.275 0.6000000238
27089  39.953  -43.682  9.246 0.6000000238
27088  40.132  -43.161  8.341 0.6000000238
30874  33.217  -39.702  14.846 0.4000000060
27093  31.957  -43.519  8.095 0.6000000238
27094  31.105  -43.107  7.674 0.6000000238
28994  29.850  -41.703  6.411 0.5000000000
28035  28.337  -42.174  7.622 0.5000000000
28911  34.022  -41.075  13.449 0.4000000060
27971  34.998  -41.995  12.260 0.4000000060
28938  35.971  -41.726  12.113 0.5000000000
27982  36.932  -41.847  11.323 0.5000000000
28958  39.279  -42.122  9.707 0.5000000000
30875  32.227  -39.885  14.915 0.4000000060
28020  31.383  -43.032  8.664 0.6000000238
28008  29.975  -42.015  8.650 0.5000000000
28976  29.369  -40.698  7.699 0.5000000000
134788  36.445  -41.752  11.718 0.5000000000
28948  37.659  -41.642  10.942 0.4000000060
29944  38.616  -40.899  9.760 0.4000000060
28973  39.451  -41.682  8.897 0.4000000060
28027  39.798  -42.110  8.113 0.6000000238
28038  40.406  -42.074  6.168 0.4000000060
122902  33.269  -38.656  15.747 0.4000000060
29884  33.603  -40.169  14.372 0.4000000060
28006  31.725  -42.621  9.455 0.6000000238
29883  34.338  -39.989  14.303 0.4000000060
28962  32.105  -41.896  10.059 0.5000000000
28007  30.794  -42.557  9.234 0.5000000000
28965  29.510  -41.146  9.002 0.5000000000
29961  29.116  -39.890  8.047 0.4000000060
28964  30.234  -42.007  9.731 0.4000000060
29921  36.646  -40.719  12.057 0.5000000000
30906  37.057  -40.380  11.400 0.5000000000
30919  37.398  -40.055  10.606 0.6000000238
29943  39.115  -41.284  9.433 0.4000000060
29956  39.342  -40.945  8.705 0.4000000060
29965  39.961  -40.569  7.322 0.4000000060
30930  38.268  -39.957  9.252 0.5000000000
127682  32.020  -41.056  10.558 0.5000000000
136137  31.395  -41.550  10.432 0.6000000238
136745  31.346  -40.273  11.174 0.4000000060
30956  39.851  -39.323  7.604 0.5000000000
29973  40.584  -40.412  6.300 0.5000000000
31918  37.798  -39.080  9.398 0.5000000000
29945  37.901  -40.540  10.100 0.5000000000
30946  38.824  -39.643  8.551 0.5000000000
30945  39.348  -39.749  8.231 0.5000000000
31842  34.635  -38.447  15.433 0.4000000060
32905  40.894  -36.748  4.822 0.5000000000
121560  41.032  -39.313  5.659 0.4000000060
30955  40.245  -39.773  6.976 0.5000000000
31917  38.505  -38.887  8.645 0.5000000000
30908  31.548  -39.676  11.362 0.4000000060
32899  41.033  -36.839  4.823 0.4000000060
32888  40.748  -36.617  5.950 0.4000000060
31952  41.285  -37.955  4.683 0.5000000000
31944  40.736  -37.695  6.117 0.5000000000
31933  39.445  -38.074  7.810 0.5000000000
31945  40.104  -38.401  7.355 0.5000000000
137570  39.006  -38.454  8.232 0.5000000000
132567  38.989  -36.917  8.226 0.5000000000
32882  39.551  -37.204  7.742 0.4000000060
24370  31.486  -46.307  4.563 0.5000000000
124697  31.376  -44.024  5.352 0.6000000238
123630  32.003  -47.145  4.499 0.6000000238
22514  31.404  -47.945  7.476 0.5000000000
29935  32.648  -40.407  10.508 0.5000000000
27097  40.337  -43.635  7.401 0.6000000238
28982  40.106  -41.429  6.992 0.4000000060
23470  29.714  -47.978  4.499 0.5000000000
23469  30.668  -47.911  4.505 0.5000000000
24371  30.758  -46.702  4.642 0.5000000000
25246  29.485  -45.397  5.440 0.4000000060
25241  28.128  -45.208  6.054 0.4000000060
26142  34.749  -44.063  10.045 0.6000000238
26189  29.704  -44.361  5.483 0.6000000238
27123  29.207  -43.654  5.794 0.4000000060
28928  33.632  -41.864  12.915 0.4000000060
27104  31.647  -43.514  7.008 0.6000000238
28048  30.859  -42.671  5.918 0.6000000238
28050  29.571  -42.578  5.785 0.5000000000
26174  27.767  -44.479  7.541 0.5000000000
25236  27.448  -45.461  6.891 0.5000000000
27105  28.708  -42.715  6.894 0.5000000000
28021  30.572  -42.641  8.211 0.5000000000
28995  29.552  -41.639  6.804 0.5000000000
28987  29.266  -41.106  7.122 0.5000000000
29932  38.199  -41.297  10.459 0.5000000000
28988  29.086  -40.768  7.221 0.5000000000
28925  36.230  -41.067  12.554 0.5000000000
28983  39.650  -41.143  8.054 0.3000000119
119984  40.342  -37.419  7.137 0.4000000060
12623  32.051  -60.547  12.476 0.3000000119
12661  31.506  -60.582  10.739 0.3000000119
131828  32.968  -60.728  11.053 0.3000000119
12681  32.695  -60.577  9.652 0.3000000119
12660  32.390  -60.584  10.544 0.3000000119
12659  33.304  -60.616  10.224 0.3000000119
11803  32.382  -60.954  7.963 0.3000000119
123783  32.892  -60.547  8.752 0.3000000119
11786  36.543  -61.967  9.395 0.3000000119
12658  34.225  -60.746  9.876 0.3000000119
12698  34.420  -60.392  8.069 0.3000000119
121523  33.060  -60.599  7.907 0.3000000119
124827  35.316  -61.242  9.542 0.3000000119
12695  37.589  -60.566  8.949 0.3000000119
12678  35.944  -60.960  9.069 0.3000000119
12697  35.270  -60.484  8.571 0.4000000060
134956  34.983  -60.357  7.896 0.4000000060
128986  36.010  -60.218  6.663 0.4000000060
119550  35.537  -60.635  5.826 0.3000000119
13547  38.755  -59.362  8.994 0.3000000119
13548  37.744  -59.694  8.562 0.4000000060
13561  37.159  -59.496  7.420 0.4000000060
12708  36.507  -60.013  7.514 0.4000000060
13537  39.732  -60.247  9.812 0.3000000119
12719  36.630  -59.678  6.471 0.4000000060
15161  40.927  -57.995  10.094 0.4000000060
14331  40.014  -59.299  9.587 0.4000000060
128578  36.291  -60.247  5.383 0.4000000060
13581  36.698  -59.248  5.105 0.3000000119
14346  39.190  -58.456  8.694 0.4000000060
13559  38.323  -58.515  7.948 0.3000000119
13560  37.811  -58.955  7.650 0.4000000060
14345  40.304  -58.286  9.454 0.4000000060
14374  37.514  -58.258  5.972 0.5000000000
13568  37.305  -58.992  6.343 0.4000000060
14350  29.969  -58.462  7.733 0.5000000000
16101  40.640  -57.118  10.328 0.4000000060
132144  37.049  -58.887  5.590 0.4000000060
15249  31.595  -57.591  4.546 0.3000000119
14363  31.387  -58.566  7.173 0.4000000060
14403  35.061  -58.149  4.647 0.3000000119
22504  31.029  -48.396  8.219 0.4000000060
22505  30.258  -48.356  8.517 0.4000000060
20056  34.318  -52.090  8.155 0.4000000060
19262  33.437  -52.666  8.440 0.4000000060
18479  32.013  -54.006  8.725 0.4000000060
15192  39.335  -57.543  8.338 0.4000000060
14360  38.606  -57.862  7.486 0.3000000119
14361  38.006  -58.366  6.811 0.5000000000
17711  31.257  -54.453  9.343 0.4000000060
16119  30.091  -56.669  9.603 0.4000000060
16115  40.382  -56.631  9.717 0.4000000060
129851  30.796  -58.628  6.754 0.4000000060
14388  37.026  -58.361  5.381 0.4000000060
14349  31.412  -58.582  8.050 0.5000000000
14401  36.567  -58.411  4.933 0.5000000000
14375  32.209  -58.062  6.591 0.4000000060
15231  31.912  -57.789  5.447 0.4000000060
15260  35.433  -57.371  4.816 0.3000000119
15230  33.002  -57.413  5.368 0.4000000060
23445  31.014  -47.829  7.040 0.4000000060
20054  35.502  -51.592  7.648 0.4000000060
16127  39.570  -56.278  8.758 0.4000000060
15209  38.833  -57.031  7.179 0.4000000060
17698  30.620  -55.335  10.018 0.4000000060
15183  30.472  -57.642  9.431 0.5000000000
16128  39.044  -55.919  7.743 0.4000000060
16148  38.544  -56.574  6.554 0.4000000060
135070  30.837  -58.260  9.110 0.5000000000
16944  39.085  -55.648  8.557 0.4000000060
133802  38.750  -55.681  7.805 0.4000000060
127863  38.441  -55.988  6.535 0.4000000060
16140  37.942  -55.740  6.450 0.5000000000
16150  37.324  -56.212  5.921 0.5000000000
16107  30.571  -56.575  10.523 0.4000000060
15182  31.197  -58.038  9.773 0.5000000000
16923  39.102  -54.654  9.848 0.4000000060
16151  36.389  -56.506  6.053 0.5000000000
14348  32.302  -58.328  8.330 0.4000000060
15246  35.125  -56.868  5.028 0.4000000060
15211  34.455  -56.986  6.537 0.4000000060
15229  33.836  -57.093  5.749 0.4000000060
14347  33.068  -57.956  8.034 0.4000000060
131748  32.514  -53.254  9.478 0.4000000060
20043  33.135  -51.491  9.679 0.3000000119
16129  37.735  -55.533  7.284 0.4000000060
16141  37.095  -55.922  6.643 0.4000000060
16093  30.778  -56.356  11.399 0.4000000060
137427  27.163  -46.201  6.468 0.4000000060
115271  37.848  -55.031  10.023 0.4000000060
136690  37.775  -55.479  8.834 0.4000000060
16130  36.637  -56.126  7.858 0.5000000000
16142  35.869  -56.560  7.206 0.5000000000
16106  31.092  -57.043  11.039 0.5000000000
15181  32.107  -58.158  9.917 0.4000000060
17696  37.324  -54.719  10.516 0.4000000060
15210  34.999  -56.858  7.137 0.4000000060
14332  32.963  -57.991  8.751 0.4000000060
15212  33.609  -57.551  7.222 0.4000000060
117537  33.499  -57.703  9.037 0.4000000060
20806  33.645  -50.833  9.418 0.4000000060
17680  30.577  -55.414  11.252 0.3000000119
16946  37.340  -55.681  8.421 0.4000000060
16116  36.303  -56.072  8.896 0.4000000060
134605  30.657  -55.853  11.656 0.3000000119
16924  36.632  -55.345  10.264 0.4000000060
16103  35.983  -55.909  9.778 0.4000000060
16131  35.648  -56.521  8.404 0.4000000060
15193  34.986  -56.907  8.067 0.5000000000
16907  36.191  -54.872  11.047 0.4000000060
16925  35.629  -55.639  10.522 0.4000000060
16118  34.446  -56.833  9.636 0.4000000060
15194  34.235  -57.316  8.802 0.4000000060
121417  32.825  -57.794  10.103 0.4000000060
22502  34.827  -48.677  8.395 0.4000000060
16117  35.362  -56.414  9.303 0.4000000060
9681  33.409  -65.111  5.954 0.3000000119
11785  37.601  -62.435  9.450 0.3000000119
13518  40.719  -59.007  10.002 0.4000000060
16935  40.275  -55.825  10.310 0.4000000060
16943  39.787  -55.706  9.540 0.4000000060
17693  40.092  -54.065  10.738 0.4000000060
17695  38.736  -53.977  10.440 0.4000000060
19251  32.126  -52.649  10.301 0.3000000119
17677  37.590  -53.870  10.908 0.4000000060
20807  32.829  -50.571  9.843 0.4000000060
19237  31.269  -53.120  11.136 0.4000000060
16910  30.727  -55.294  12.215 0.4000000060
17678  35.671  -54.281  11.704 0.4000000060
16926  34.783  -55.929  10.796 0.4000000060
15164  34.284  -56.543  10.480 0.4000000060
134610  33.811  -57.046  10.241 0.4000000060
16091  32.169  -56.791  11.868 0.3000000119
15153  31.854  -57.284  11.296 0.4000000060
122175  35.083  -54.963  11.576 0.4000000060
14335  30.752  -58.494  8.386 0.4000000060
21595  33.578  -49.700  9.321 0.4000000060
12683  30.981  -60.923  10.062 0.3000000119
12699  32.118  -60.795  8.998 0.3000000119
9004  33.132  -65.888  6.471 0.3000000119
9680  33.689  -64.323  5.413 0.3000000119
12680  33.553  -60.504  9.371 0.3000000119
12677  37.167  -61.382  9.140 0.3000000119
135215  35.246  -60.706  9.137 0.4000000060
12710  34.852  -60.328  7.115 0.4000000060
12694  38.730  -60.622  9.461 0.3000000119
133459  37.079  -60.010  8.214 0.4000000060
12656  39.816  -60.296  10.029 0.3000000119
16102  40.436  -57.000  10.674 0.4000000060
16149  38.109  -56.393  6.103 0.4000000060
15226  36.603  -56.872  5.499 0.5000000000
15228  34.626  -56.810  5.453 0.3000000119
14387  37.378  -57.284  5.705 0.5000000000
17710  39.781  -54.844  10.214 0.4000000060
131768  34.350  -57.299  7.745 0.4000000060
15165  33.166  -57.406  10.509 0.4000000060
126000  31.535  -49.205  10.525 0.4000000060
22478  32.141  -48.937  10.053 0.4000000060
22480  30.760  -47.956  10.699 0.4000000060
24338  31.686  -46.211  9.765 0.3000000119
22493  32.127  -48.004  9.762 0.5000000000
23430  33.275  -47.702  9.022 0.4000000060
23439  33.753  -47.220  8.587 0.4000000060
23393  33.517  -47.338  14.875 0.3000000119
22447  33.533  -47.487  14.691 0.3000000119
25180  28.396  -45.548  13.454 0.3000000119
26121  29.228  -44.947  12.426 0.3000000119
27027  30.063  -43.348  13.093 0.3000000119
27052  31.595  -43.785  11.657 0.3000000119
119010  30.189  -47.772  14.936 0.3000000119
23397  28.789  -47.187  14.354 0.3000000119
115400  28.235  -44.925  14.068 0.3000000119
23381  33.358  -47.340  15.078 0.3000000119
23383  31.277  -47.362  15.988 0.3000000119
27040  29.570  -44.132  12.758 0.3000000119
23385  28.873  -47.093  15.167 0.3000000119
27020  28.504  -43.682  14.915 0.3000000119
27028  29.353  -43.751  13.576 0.3000000119
26082  27.712  -44.460  16.314 0.3000000119
25163  27.969  -45.842  15.119 0.3000000119
27942  28.564  -42.304  15.748 0.3000000119
26998  27.837  -43.743  16.173 0.3000000119
27933  28.094  -42.440  16.312 0.3000000119
24289  29.209  -46.881  16.270 0.3000000119
27953  29.513  -42.517  14.540 0.3000000119
28880  30.191  -41.098  15.115 0.3000000119
29875  31.331  -40.091  15.127 0.3000000119
122664  27.655  -43.797  16.718 0.3000000119
27941  29.172  -42.089  15.219 0.3000000119
29863  29.981  -39.795  16.065 0.3000000119
28871  27.754  -42.108  16.984 0.3000000119
29865  28.504  -40.646  16.842 0.3000000119
28869  28.917  -40.965  16.076 0.3000000119
30832  29.417  -39.213  17.611 0.3000000119
30860  31.789  -39.419  15.498 0.3000000119
29876  30.493  -40.328  15.421 0.3000000119
30848  31.393  -38.941  16.116 0.3000000119
31844  32.361  -38.791  15.885 0.3000000119
31843  34.036  -38.132  15.878 0.3000000119
32771  33.529  -37.027  17.155 0.3000000119
33742  33.677  -36.977  16.613 0.3000000119
32802  33.881  -37.425  15.911 0.3000000119
24328  30.646  -46.294  10.571 0.3000000119
23420  31.345  -47.509  10.197 0.4000000060
27039  30.355  -43.747  12.421 0.3000000119
28896  30.630  -41.529  14.481 0.3000000119
137451  30.946  -48.688  10.791 0.5000000000
129747  31.003  -47.510  15.440 0.3000000119
27029  28.706  -44.126  14.148 0.3000000119
25191  28.722  -45.407  12.809 0.3000000119
25200  29.673  -45.328  11.730 0.3000000119
26134  30.562  -44.906  11.264 0.3000000119
131520  27.912  -45.068  14.837 0.3000000119
24290  28.373  -46.489  15.589 0.3000000119
27968  29.825  -42.924  13.814 0.3000000119
27008  28.235  -43.197  15.769 0.3000000119
29848  28.353  -40.429  17.697 0.3000000119
30816  29.440  -39.060  18.576 0.3000000119
28881  29.440  -41.381  15.451 0.3000000119
28859  27.553  -41.978  17.940 0.3000000119
30850  29.580  -39.428  16.808 0.3000000119
16893  31.187  -55.506  12.645 0.3000000119
16892  31.973  -55.612  12.822 0.4000000060
17643  32.771  -54.078  13.299 0.4000000060
17644  31.846  -54.334  13.424 0.4000000060
18456  30.594  -53.667  12.128 0.3000000119
18421  31.235  -53.282  13.727 0.4000000060
18402  31.720  -52.880  14.050 0.3000000119
16871  30.860  -54.710  12.894 0.4000000060
121898  30.405  -52.429  13.264 0.4000000060
124106  30.419  -50.963  13.944 0.3000000119
20007  31.183  -51.405  11.376 0.3000000119
20008  30.584  -51.640  12.106 0.4000000060
20765  30.251  -51.076  12.929 0.4000000060
20774  31.411  -50.801  11.006 0.3000000119
127545  31.005  -50.165  11.335 0.4000000060
21567  30.809  -49.398  11.199 0.4000000060
121832  31.273  -52.184  11.303 0.3000000119
137343  32.513  -49.370  9.843 0.3000000119
21596  32.925  -49.845  9.696 0.3000000119
20790  32.253  -50.898  10.304 0.3000000119
20775  30.635  -50.765  11.829 0.4000000060
17645  31.197  -54.371  13.269 0.4000000060
14317  39.923  -59.133  10.398 0.3000000119
16909  33.578  -55.863  11.918 0.3000000119
13501  36.068  -59.677  11.567 0.3000000119
13522  37.047  -60.006  11.065 0.3000000119
14318  38.588  -59.334  10.651 0.3000000119
117316  40.189  -57.996  10.581 0.3000000119
17662  32.389  -54.883  13.098 0.3000000119
16908  34.486  -55.575  11.459 0.3000000119
14308  35.728  -58.862  11.730 0.3000000119
14306  37.323  -58.463  11.013 0.3000000119
15151  36.283  -58.270  11.486 0.3000000119
15149  39.185  -57.169  10.981 0.3000000119
16085  40.210  -55.788  10.835 0.3000000119
16891  33.012  -55.387  12.560 0.3000000119
14294  34.452  -58.664  13.013 0.3000000119
15136  36.258  -57.471  11.862 0.3000000119
15137  35.535  -58.080  12.001 0.3000000119
15150  37.850  -57.490  11.232 0.3000000119
137651  36.888  -57.725  11.440 0.3000000119
16086  39.724  -56.101  11.274 0.3000000119
16071  35.569  -57.230  12.436 0.3000000119
16070  36.541  -56.608  12.359 0.3000000119
16087  38.372  -56.558  11.575 0.3000000119
16069  37.683  -56.132  12.249 0.3000000119
16904  40.113  -54.515  11.090 0.3000000119
17694  39.701  -53.868  10.538 0.3000000119
119732  37.665  -52.502  11.192 0.3000000119
16072  34.792  -57.088  13.015 0.3000000119
16887  39.392  -54.709  12.093 0.3000000119
16888  38.216  -55.228  12.565 0.3000000119
18451  40.134  -53.194  10.890 0.3000000119
17661  33.420  -54.563  12.775 0.3000000119
16051  35.808  -56.204  13.069 0.3000000119
16052  34.830  -56.192  13.564 0.3000000119
16889  36.998  -55.684  12.806 0.3000000119
17657  39.773  -53.667  11.680 0.3000000119
17676  38.653  -52.831  10.877 0.3000000119
18454  36.301  -53.229  11.807 0.3000000119
17660  34.370  -54.171  12.488 0.3000000119
18419  33.158  -53.209  13.498 0.3000000119
16090  33.099  -56.595  11.639 0.3000000119
16867  36.464  -55.160  13.444 0.3000000119
17658  38.765  -54.152  12.517 0.3000000119
18452  39.543  -52.125  11.170 0.3000000119
15163  38.711  -58.208  10.747 0.3000000119
14307  36.527  -59.071  11.210 0.3000000119
14319  37.432  -59.394  10.859 0.3000000119
11749  32.789  -60.870  11.904 0.3000000119
12679  34.516  -60.487  9.072 0.4000000060
12696  36.462  -60.505  8.474 0.4000000060
12709  35.663  -60.309  7.734 0.4000000060
12737  36.488  -59.968  5.002 0.3000000119
13519  40.456  -59.651  10.010 0.3000000119
13536  40.378  -59.652  10.038 0.4000000060
13569  36.693  -59.455  5.534 0.4000000060
14315  40.942  -58.426  10.009 0.4000000060
14316  40.686  -58.722  10.154 0.4000000060
14330  41.005  -58.475  10.013 0.4000000060
14333  32.346  -58.256  9.159 0.4000000060
14334  31.527  -58.420  9.034 0.5000000000
14362  32.733  -58.014  7.407 0.4000000060
14373  38.266  -57.442  6.396 0.4000000060
14376  31.346  -58.372  6.393 0.4000000060
14377  29.786  -58.120  5.887 0.5000000000
15138  34.828  -57.963  12.591 0.3000000119
15152  32.694  -57.190  11.225 0.3000000119
15162  40.837  -57.878  10.271 0.4000000060
15166  32.372  -57.676  10.667 0.4000000060
15167  31.559  -57.673  10.553 0.5000000000
15168  30.781  -57.332  10.217 0.5000000000
15178  40.804  -57.666  9.873 0.4000000060
15179  33.577  -57.469  9.703 0.4000000060
15180  32.901  -57.938  9.477 0.4000000060
15184  29.776  -57.196  8.950 0.4000000060
15191  40.009  -57.180  9.065 0.4000000060
15195  33.650  -57.677  8.308 0.4000000060
15196  30.232  -58.045  8.690 0.5000000000
15197  29.576  -57.604  8.235 0.6000000238
15208  39.292  -56.653  7.941 0.4000000060
15213  33.089  -57.636  6.501 0.4000000060
15214  28.875  -57.387  6.944 0.6000000238
15227  35.355  -56.661  5.928 0.4000000060
15244  36.654  -57.579  5.150 0.5000000000
15245  35.978  -57.026  5.000 0.3000000119
16073  32.556  -56.151  12.282 0.3000000119
16074  31.613  -56.191  12.334 0.3000000119
16075  30.903  -56.048  12.120 0.4000000060
16088  37.196  -56.985  11.774 0.3000000119
16089  33.992  -56.257  11.219 0.3000000119
16092  31.355  -56.675  11.757 0.4000000060
16104  35.073  -56.239  10.083 0.4000000060
16105  33.531  -56.871  10.905 0.4000000060
16120  29.329  -56.098  8.840 0.5000000000
16132  34.897  -56.782  8.859 0.5000000000
16139  38.815  -56.229  7.058 0.4000000060
16144  28.254  -56.296  7.182 0.5000000000
16870  31.503  -54.955  13.114 0.4000000060
16886  40.016  -54.156  11.402 0.3000000119
16890  34.138  -55.029  12.147 0.3000000119
16905  39.840  -55.077  11.480 0.3000000119
16906  38.905  -55.639  11.957 0.3000000119
16922  40.110  -54.952  10.688 0.4000000060
16927  30.467  -55.985  10.851 0.4000000060
16936  39.226  -55.250  9.349 0.4000000060
16937  38.325  -55.266  9.243 0.4000000060
16938  37.123  -55.539  9.410 0.4000000060
16939  30.223  -55.920  9.898 0.4000000060
16945  38.362  -55.456  8.168 0.4000000060
16950  38.471  -55.700  7.160 0.4000000060
17656  40.223  -53.419  11.105 0.3000000119
17675  40.262  -53.764  11.005 0.3000000119
17679  30.626  -54.619  11.845 0.3000000119
17697  30.927  -54.750  10.388 0.4000000060
17712  30.508  -54.809  9.411 0.5000000000
17713  29.490  -54.638  9.248 0.4000000060
17718  31.534  -54.112  8.870 0.5000000000
17719  28.435  -54.781  8.993 0.5000000000
18420  32.065  -53.542  13.750 0.4000000060
18422  30.800  -53.818  13.232 0.4000000060
18432  40.085  -52.728  11.206 0.3000000119
18433  39.447  -52.870  11.885 0.3000000119
18437  33.785  -53.715  13.002 0.3000000119
18438  30.616  -54.133  12.676 0.4000000060
18453  38.799  -51.481  10.973 0.3000000119
18455  31.176  -54.023  10.846 0.3000000119
18467  39.418  -52.794  10.798 0.3000000119
18469  31.689  -54.140  9.602 0.4000000060
18488  32.404  -53.677  8.420 0.4000000060
18490  31.540  -53.760  8.621 0.4000000060
19190  31.156  -52.533  14.071 0.3000000119
19191  30.713  -52.113  13.974 0.4000000060
19204  30.722  -52.912  13.546 0.4000000060
19215  38.788  -50.959  11.271 0.3000000119
19220  30.429  -53.285  12.950 0.4000000060
19238  30.526  -52.610  12.332 0.3000000119
19263  32.850  -53.251  8.767 0.4000000060
19273  32.855  -53.202  8.223 0.4000000060
19980  30.428  -51.639  13.614 0.4000000060
19994  30.336  -51.879  12.842 0.4000000060
20024  32.642  -51.999  10.005 0.4000000060
20025  31.822  -51.637  10.683 0.3000000119
20042  33.857  -52.004  8.977 0.5000000000
20059  31.278  -51.459  8.714 0.4000000060
20066  35.046  -51.893  7.659 0.5000000000
20068  33.518  -52.118  7.731 0.4000000060
20819  35.632  -51.122  8.030 0.6999999881
20820  34.901  -50.782  8.567 0.5000000000
20821  32.692  -51.718  7.760 0.4000000060
20822  31.921  -51.049  8.168 0.4000000060
20823  31.268  -50.364  8.704 0.4000000060
20829  36.754  -50.893  7.104 0.6000000238
20830  34.955  -51.679  7.290 0.4000000060
20837  36.897  -50.743  6.807 0.6999999881
20842  36.656  -50.482  6.279 0.6000000238
21568  30.441  -49.944  11.908 0.4000000060
21580  32.252  -49.828  10.142 0.3000000119
21581  31.521  -50.039  10.700 0.3000000119
21597  29.672  -48.673  9.069 0.4000000060
21613  34.297  -49.459  8.775 0.4000000060
21615  30.645  -49.293  8.861 0.4000000060
21622  36.404  -49.494  7.590 0.6999999881
21630  37.652  -49.654  6.492 0.6999999881
21632  36.017  -50.571  6.103 0.5000000000
21634  34.169  -49.484  6.632 0.6000000238
21639  37.699  -49.736  6.086 0.5000000000
21643  28.110  -49.354  5.258 0.5000000000
22423  32.751  -47.504  15.607 0.3000000119
22439  33.510  -47.615  15.283 0.3000000119
22479  31.497  -48.379  10.341 0.4000000060
22491  33.445  -48.665  9.121 0.3000000119
22492  32.783  -48.929  9.579 0.4000000060
22503  33.949  -48.184  8.631 0.4000000060
22509  37.480  -49.741  6.946 0.6999999881
22518  39.278  -48.703  6.082 0.6999999881
22528  38.893  -48.931  5.927 0.6999999881
22529  38.202  -49.194  5.745 0.6000000238
22530  37.221  -49.213  5.522 0.6000000238
22532  34.986  -48.213  5.582 0.6999999881
22534  32.291  -48.569  4.816 0.6999999881
23382  32.827  -47.366  15.237 0.3000000119
23384  30.026  -47.373  15.710 0.3000000119
23394  32.771  -47.388  14.922 0.3000000119
23395  31.415  -47.704  14.951 0.3000000119
23396  29.334  -47.528  14.652 0.3000000119
23421  30.633  -47.107  10.591 0.3000000119
23431  32.598  -47.324  9.379 0.5000000000
23432  31.845  -47.006  9.701 0.4000000060
23447  40.946  -47.794  6.127 0.6999999881
23448  40.204  -48.355  6.150 0.6999999881
23449  39.647  -48.485  6.262 0.6000000238
23451  37.468  -47.441  6.782 0.6000000238
23454  40.809  -47.498  5.573 0.6000000238
23455  40.343  -48.104  5.704 0.6999999881
23458  29.088  -47.488  4.710 0.4000000060
23461  39.787  -47.172  4.787 0.6000000238
23464  36.167  -47.275  4.709 0.6999999881
23465  35.259  -47.413  4.811 0.6999999881
23468  31.639  -48.184  4.449 0.6000000238
24297  28.349  -46.589  14.559 0.3000000119
24327  31.203  -46.682  10.137 0.3000000119
24337  32.414  -46.413  9.391 0.5000000000
24344  35.043  -45.942  8.013 0.5000000000
24350  36.478  -46.703  7.296 0.6000000238
24354  39.676  -47.679  6.602 0.6999999881
24364  37.850  -46.635  4.338 0.6999999881
24372  29.955  -47.089  4.740 0.5000000000
25164  27.801  -45.138  15.674 0.3000000119
25170  28.088  -45.740  14.249 0.3000000119
25190  29.064  -45.767  12.267 0.3000000119
25199  30.141  -45.797  11.082 0.3000000119
25206  31.590  -45.509  10.053 0.3000000119
25218  32.821  -45.454  9.465 0.6000000238
25234  36.904  -45.816  7.450 0.6000000238
25235  35.975  -45.868  7.752 0.6000000238
25237  41.116  -46.188  6.304 0.6000000238
25238  40.810  -46.453  6.784 0.6999999881
25243  41.201  -46.125  5.729 0.6000000238
25245  30.344  -45.070  5.205 0.5000000000
25248  27.787  -46.149  5.842 0.4000000060
25252  37.708  -45.578  4.414 0.6999999881
25258  31.721  -45.286  4.625 0.6999999881
26093  27.966  -44.258  15.472 0.3000000119
26103  28.214  -44.421  14.688 0.3000000119
26110  28.778  -44.668  13.260 0.3000000119
26120  29.959  -44.494  12.001 0.3000000119
26143  33.866  -44.218  10.320 0.6000000238
26154  38.560  -44.503  9.397 0.6000000238
26170  39.477  -45.152  8.264 0.6000000238
26172  33.070  -44.257  6.891 0.6999999881
26178  33.348  -44.328  6.028 0.6999999881
26179  28.540  -44.206  6.194 0.4000000060
26187  32.095  -44.107  5.336 0.6999999881
26198  34.048  -44.742  4.794 0.6000000238
26199  33.209  -44.504  4.831 0.6999999881
27019  29.137  -43.301  14.340 0.3000000119
27051  33.074  -43.345  11.625 0.4000000060
27053  30.782  -44.097  11.778 0.3000000119
27063  38.006  -43.223  10.535 0.5000000000
27065  35.487  -43.423  10.585 0.6000000238
27080  37.390  -43.630  10.138 0.5000000000
27081  36.466  -43.520  10.277 0.6000000238
27091  33.818  -43.564  8.321 0.6999999881
27098  40.270  -44.155  8.497 0.6000000238
27099  36.240  -43.340  7.087 0.6999999881
27100  35.290  -43.551  7.533 0.6999999881
27112  31.379  -43.191  6.161 0.6000000238
27117  38.043  -43.653  5.116 0.6000000238
27118  37.055  -44.010  5.384 0.6000000238
27121  30.808  -43.254  5.587 0.6000000238
27126  39.435  -43.377  4.295 0.5000000000
27920  27.529  -42.654  17.427 0.3000000119
27934  27.752  -43.040  16.662 0.3000000119
27952  30.264  -42.210  14.132 0.3000000119
27954  28.846  -42.844  15.073 0.3000000119
27967  30.704  -42.621  13.384 0.4000000060
27973  32.543  -42.594  12.591 0.4000000060
27983  35.412  -42.403  11.711 0.5000000000
27984  34.514  -42.628  11.853 0.4000000060
27996  36.728  -42.569  11.051 0.5000000000
28002  39.387  -43.087  9.819 0.6000000238
28004  33.651  -42.057  9.354 0.6999999881
28016  39.688  -42.636  9.064 0.5000000000
28026  40.188  -42.570  7.220 0.6000000238
28032  30.880  -42.588  6.436 0.6000000238
28033  30.569  -42.412  7.146 0.5000000000
28034  28.999  -41.614  6.939 0.5000000000
28043  29.905  -41.831  5.974 0.5000000000
28049  30.270  -42.390  5.731 0.5000000000
28051  40.548  -42.565  4.335 0.5000000000
28858  27.963  -41.253  17.339 0.3000000119
28870  28.302  -41.590  16.423 0.3000000119
28882  28.844  -41.659  15.766 0.3000000119
28895  31.448  -41.303  14.256 0.4000000060
28897  29.847  -41.792  14.790 0.3000000119
28912  32.878  -41.549  13.411 0.4000000060
28927  34.537  -41.568  12.809 0.4000000060
28947  38.326  -42.084  10.629 0.4000000060
28949  32.779  -41.163  10.180 0.5000000000
28950  30.593  -41.576  10.410 0.4000000060
28959  38.820  -41.683  10.135 0.5000000000
28963  31.095  -42.205  10.025 0.6000000238
28984  37.473  -41.617  7.792 0.6000000238
28986  29.888  -41.790  7.270 0.5000000000
28989  28.658  -40.926  7.448 0.5000000000
28991  40.823  -41.194  5.599 0.5000000000
28993  30.304  -41.971  6.441 0.5000000000
28998  39.231  -41.448  4.371 0.6000000238
29847  28.867  -39.838  17.210 0.3000000119
29864  29.201  -40.171  16.443 0.3000000119
29877  29.682  -40.611  15.743 0.3000000119
29885  32.704  -40.385  14.431 0.4000000060
29887  30.976  -40.829  14.806 0.3000000119
29920  37.140  -41.131  11.461 0.5000000000
29933  37.589  -40.864  10.868 0.6000000238
29957  38.987  -40.437  8.832 0.5000000000
29966  39.641  -40.254  8.036 0.5000000000
29969  29.016  -40.206  7.483 0.5000000000
29978  40.070  -39.724  3.712 0.6000000238
29981  40.824  -39.300  3.053 0.6000000238
29982  41.299  -39.322  3.170 0.6000000238
30831  29.966  -38.885  17.176 0.3000000119
30833  28.819  -39.691  18.080 0.3000000119
30857  34.886  -38.944  15.190 0.4000000060
30858  33.989  -38.965  15.400 0.3000000119
30859  32.778  -39.244  15.358 0.4000000060
30861  30.864  -39.574  15.756 0.3000000119
30872  34.968  -39.434  14.482 0.4000000060
30873  34.194  -39.548  14.778 0.4000000060
30922  32.388  -39.642  10.831 0.5000000000
30931  37.652  -39.824  9.840 0.5000000000
30932  35.085  -39.742  8.902 0.5000000000
30948  36.283  -39.629  8.417 0.6999999881
30970  41.316  -39.350  3.253 0.6000000238
30971  41.267  -39.106  3.016 0.5000000000
30973  41.348  -39.218  3.161 0.5000000000
31828  33.669  -37.506  16.501 0.3000000119
31829  33.148  -38.182  16.311 0.4000000060
31830  31.131  -38.513  16.678 0.3000000119
31890  31.262  -38.900  11.736 0.4000000060
31934  39.290  -38.955  8.071 0.5000000000
31946  38.075  -38.114  7.111 0.5000000000
31956  41.378  -39.091  3.212 0.5000000000
31957  41.325  -38.359  3.224 0.6000000238
31960  41.347  -38.903  3.029 0.5000000000
32790  32.892  -37.630  17.054 0.3000000119
32873  33.587  -37.607  8.766 0.5000000000
32883  38.812  -37.838  8.378 0.5000000000
32889  40.389  -36.453  7.072 0.4000000060
32890  38.617  -36.652  6.565 0.5000000000
32892  36.909  -37.525  7.604 0.5000000000
33867  40.880  -36.024  5.191 0.4000000060
115421  32.855  -48.107  9.396 0.4000000060
116188  38.538  -47.246  4.422 0.6999999881
116297  30.273  -48.355  6.787 0.5000000000
117197  40.894  -37.195  4.234 0.6000000238
117352  30.693  -58.682  7.508 0.4000000060
117503  31.190  -43.428  12.241 0.4000000060
117768  35.007  -45.229  8.640 0.5000000000
117774  40.726  -41.703  4.416 0.6000000238
117810  31.971  -53.525  10.011 0.3000000119
118056  36.361  -43.066  10.764 0.5000000000
118091  33.012  -44.349  10.487 0.4000000060
118286  32.307  -43.659  11.514 0.4000000060
118322  36.643  -53.887  11.418 0.4000000060
119467  33.311  -42.425  12.491 0.4000000060
119906  32.020  -58.376  7.549 0.4000000060
120133  40.561  -38.768  6.494 0.5000000000
120195  32.753  -52.748  9.550 0.5000000000
120498  32.962  -48.131  5.151 0.6000000238
120519  36.601  -41.338  11.892 0.5000000000
120762  32.941  -41.748  9.754 0.6999999881
121369  32.003  -47.355  15.398 0.3000000119
121485  28.004  -45.870  16.043 0.3000000119
122281  30.466  -53.491  9.071 0.4000000060
123954  40.663  -40.185  3.595 0.6000000238
124550  40.646  -59.026  9.950 0.4000000060
125101  38.755  -43.285  10.244 0.5000000000
125299  34.476  -39.727  9.196 0.6000000238
125332  35.239  -55.414  11.100 0.4000000060
125878  31.173  -46.036  10.169 0.3000000119
126488  31.166  -40.864  10.865 0.4000000060
126702  31.383  -53.893  13.514 0.4000000060
126968  33.416  -38.069  9.399 0.5000000000
127162  36.077  -51.312  7.386 0.6000000238
128084  30.746  -49.047  4.803 0.5000000000
128541  33.657  -60.442  8.442 0.3000000119
128811  34.240  -46.828  8.327 0.5000000000
129843  36.240  -42.184  11.538 0.5000000000
130910  31.505  -42.257  13.382 0.4000000060
131070  33.826  -47.384  14.722 0.3000000119
131359  37.696  -39.510  7.757 0.6999999881
132053  34.886  -54.474  12.033 0.4000000060
132109  35.891  -56.776  5.360 0.5000000000
133378  34.380  -45.111  8.971 0.6000000238
133927  39.969  -44.426  9.132 0.6000000238
134744  34.393  -44.225  6.818 0.6999999881
135050  32.921  -45.861  4.525 0.6000000238
135474  30.694  -54.690  12.491 0.3000000119
135869  32.289  -44.404  10.640 0.4000000060
135995  33.704  -57.086  4.989 0.4000000060
136186  32.582  -45.887  9.348 0.6000000238
136665  34.591  -43.388  8.134 0.6999999881
136805  31.326  -47.273  4.524 0.5000000000
137101  38.782  -55.429  8.813 0.4000000060
137201  36.153  -57.652  4.855 0.5000000000
137264  37.803  -49.385  6.603 0.6999999881
