#!ascii label  , from subject sub-v1s15x0050203_ses-1 vox2ras=TkReg
1526
62927  -37.737  -10.963  56.116 0.0000000000
133272  -48.716  1.750  52.579 0.0000000000
68651  -42.994  -4.115  54.976 0.0000000000
38031  -13.504  -35.071  74.247 0.0000000000
61806  -33.356  -11.077  59.382 0.0000000000
50057  -26.062  -22.775  72.939 0.0000000000
49064  -35.881  -23.494  72.516 0.0000000000
55384  -39.425  -17.275  66.548 0.0000000000
59483  -39.050  -13.227  66.003 0.0000000000
45343  -19.161  -27.047  68.660 0.0000000000
48093  -21.325  -24.437  73.627 0.0000000000
138575  -22.379  -24.040  67.110 0.0000000000
126817  -31.162  -23.544  65.981 0.0000000000
51173  -35.839  -21.349  66.709 0.0000000000
65779  -38.191  -7.448  62.638 0.0000000000
65795  -42.902  -8.243  61.606 0.0000000000
147153  -45.492  -0.891  53.546 0.0000000000
65850  -41.070  -8.168  55.128 0.0000000000
126741  -48.584  -0.097  48.571 0.0000000000
36025  -9.000  -36.875  75.972 0.0000000000
63847  -37.363  -9.146  64.784 0.0000000000
126196  -34.414  -9.291  58.308 0.0000000000
130724  -25.655  -21.475  65.824 0.0000000000
48110  -30.522  -24.685  72.251 0.0000000000
132404  -45.381  -5.596  60.379 0.0000000000
72671  -57.603  -0.592  47.440 0.0000000000
55406  -36.682  -18.243  64.031 0.0000000000
56405  -37.566  -16.428  63.589 0.0000000000
47251  -20.652  -25.676  68.240 0.0000000000
50215  -33.258  -21.880  63.302 0.0000000000
150532  -35.359  -19.831  63.838 0.0000000000
53290  -37.575  -19.558  66.776 0.0000000000
63919  -38.563  -9.526  59.821 0.0000000000
64881  -40.713  -8.770  62.475 0.0000000000
137079  -40.669  -9.992  58.965 0.0000000000
73570  -46.734  0.799  53.015 0.0000000000
73547  -47.126  0.336  55.518 0.0000000000
75453  -50.812  2.306  52.506 0.0000000000
39034  -10.654  -33.681  72.808 0.0000000000
37018  -11.241  -35.583  75.815 0.0000000000
60639  -37.392  -11.990  62.805 0.0000000000
61734  -38.370  -11.178  65.100 0.0000000000
62861  -35.717  -10.325  62.427 0.0000000000
64893  -35.218  -7.926  61.200 0.0000000000
63915  -33.029  -8.979  58.973 0.0000000000
50039  -22.931  -22.868  73.585 0.0000000000
49005  -22.766  -23.248  76.849 0.0000000000
148299  -24.759  -23.291  76.040 0.0000000000
48064  -27.257  -24.100  75.630 0.0000000000
51208  -23.595  -20.853  63.549 0.0000000000
51226  -25.664  -21.063  62.740 0.0000000000
49114  -33.519  -23.971  68.810 0.0000000000
48172  -31.087  -24.265  69.070 0.0000000000
134975  -32.961  -24.785  72.592 0.0000000000
126274  -32.379  -23.950  76.440 0.0000000000
41091  -16.136  -31.162  71.624 0.0000000000
42153  -17.710  -31.052  73.879 0.0000000000
40051  -19.588  -32.131  76.183 0.0000000000
66738  -41.928  -5.988  55.165 0.0000000000
66708  -43.210  -6.542  57.676 0.0000000000
67686  -43.982  -5.080  56.848 0.0000000000
74578  -59.253  0.969  46.599 0.0000000000
37998  -13.160  -35.058  78.845 0.0000000000
56333  -41.152  -16.949  69.053 0.0000000000
58410  -40.613  -14.504  68.521 0.0000000000
57374  -39.584  -15.602  66.197 0.0000000000
58464  -37.848  -14.348  62.266 0.0000000000
44265  -19.354  -28.549  71.477 0.0000000000
46263  -19.878  -26.797  74.696 0.0000000000
46316  -20.551  -26.275  71.698 0.0000000000
48142  -21.821  -24.480  70.859 0.0000000000
50089  -23.790  -22.312  70.202 0.0000000000
50211  -27.689  -22.283  62.260 0.0000000000
50214  -30.439  -22.544  62.488 0.0000000000
50150  -33.834  -23.012  66.049 0.0000000000
51134  -35.882  -21.952  69.355 0.0000000000
52158  -37.640  -20.793  69.688 0.0000000000
54302  -39.866  -18.830  69.153 0.0000000000
44307  -17.467  -28.631  68.292 0.0000000000
66607  -38.696  -6.418  66.175 0.0000000000
67566  -41.139  -5.144  69.100 0.0000000000
66622  -40.789  -6.202  65.256 0.0000000000
66625  -43.637  -6.174  65.328 0.0000000000
70699  -44.241  -2.116  54.038 0.0000000000
147711  -45.500  -3.301  56.683 0.0000000000
71628  -45.959  -2.023  55.781 0.0000000000
28921  -6.097  -42.921  77.263 0.0000000000
63977  -40.520  -9.644  55.875 0.0000000000
66770  -40.310  -6.489  52.784 0.0000000000
70712  -41.664  -2.613  52.325 0.0000000000
71677  -43.224  -1.248  51.574 0.0000000000
72600  -44.626  -0.563  51.252 0.0000000000
73594  -47.142  0.106  51.326 0.0000000000
73611  -47.969  -0.166  50.833 0.0000000000
130167  -46.906  0.208  48.603 0.0000000000
36977  -9.927  -36.283  79.424 0.0000000000
35022  -9.199  -37.769  79.344 0.0000000000
31964  -8.016  -40.511  78.452 0.0000000000
64776  -40.407  -8.949  70.965 0.0000000000
60585  -40.087  -12.370  68.166 0.0000000000
62793  -39.705  -10.416  67.462 0.0000000000
64812  -38.980  -7.911  67.366 0.0000000000
65749  -37.328  -7.500  63.781 0.0000000000
64910  -36.487  -8.201  60.240 0.0000000000
62915  -36.682  -10.705  57.361 0.0000000000
48027  -20.146  -24.958  77.459 0.0000000000
50128  -23.837  -21.985  67.087 0.0000000000
50105  -25.948  -22.348  69.831 0.0000000000
50165  -28.322  -22.792  65.409 0.0000000000
133621  -28.815  -23.532  69.027 0.0000000000
49049  -28.132  -23.778  72.779 0.0000000000
127754  -29.708  -24.383  75.337 0.0000000000
135231  -12.766  -33.563  71.564 0.0000000000
40106  -14.902  -33.229  71.010 0.0000000000
39024  -15.291  -33.450  74.814 0.0000000000
64938  -42.078  -8.373  58.694 0.0000000000
66677  -44.596  -6.605  61.471 0.0000000000
67644  -47.548  -5.536  62.800 0.0000000000
68581  -46.489  -4.091  58.816 0.0000000000
142949  -50.527  0.116  51.250 0.0000000000
73616  -53.089  0.230  51.521 0.0000000000
72620  -55.185  -0.859  51.154 0.0000000000
148069  -54.987  -0.944  48.459 0.0000000000
152627  -57.837  -1.309  50.162 0.0000000000
54396  -35.906  -18.172  62.682 0.0000000000
55432  -36.361  -17.526  62.732 0.0000000000
54423  -35.042  -17.763  59.811 0.0000000000
52244  -33.988  -20.329  61.657 0.0000000000
53325  -35.190  -19.213  62.479 0.0000000000
53315  -36.109  -18.908  63.841 0.0000000000
62903  -38.084  -10.747  57.913 0.0000000000
63920  -39.389  -9.931  59.670 0.0000000000
62918  -39.412  -10.761  57.472 0.0000000000
74519  -47.361  1.225  52.835 0.0000000000
73571  -47.374  1.215  53.743 0.0000000000
74521  -48.589  2.052  53.637 0.0000000000
75443  -49.375  2.403  53.267 0.0000000000
74532  -49.645  2.178  52.459 0.0000000000
38042  -12.023  -34.334  73.788 0.0000000000
38029  -11.497  -34.657  74.339 0.0000000000
37034  -11.994  -35.214  75.131 0.0000000000
61796  -35.365  -11.642  60.631 0.0000000000
61772  -35.976  -11.071  62.111 0.0000000000
61783  -34.894  -10.870  61.062 0.0000000000
62870  -34.073  -9.640  60.782 0.0000000000
62890  -33.001  -10.107  59.767 0.0000000000
144661  -18.681  -30.193  76.343 0.0000000000
128451  -24.121  -22.438  72.637 0.0000000000
50026  -24.277  -22.795  74.491 0.0000000000
50027  -25.115  -22.900  74.245 0.0000000000
49021  -26.312  -23.706  75.340 0.0000000000
49036  -26.339  -23.465  74.376 0.0000000000
49076  -34.722  -23.890  70.972 0.0000000000
48128  -33.468  -24.759  71.251 0.0000000000
48113  -34.335  -24.419  72.246 0.0000000000
48087  -34.107  -24.058  74.449 0.0000000000
43196  -18.507  -29.791  73.653 0.0000000000
43184  -18.412  -30.012  74.548 0.0000000000
139270  -18.507  -30.371  75.844 0.0000000000
138584  -40.762  -6.946  71.972 0.0000000000
67713  -42.731  -4.815  55.226 0.0000000000
67696  -43.034  -5.251  55.875 0.0000000000
68631  -43.347  -4.496  55.555 0.0000000000
55373  -40.411  -17.113  67.691 0.0000000000
56357  -40.449  -16.133  67.528 0.0000000000
56371  -39.611  -16.452  66.313 0.0000000000
57416  -38.345  -15.019  63.857 0.0000000000
140650  -36.982  -14.774  61.039 0.0000000000
59545  -36.992  -13.338  61.015 0.0000000000
45330  -19.406  -27.572  69.947 0.0000000000
46315  -20.246  -27.090  71.553 0.0000000000
46349  -19.972  -26.953  69.902 0.0000000000
48181  -21.717  -24.687  68.118 0.0000000000
48170  -21.651  -24.835  69.040 0.0000000000
48171  -22.255  -24.176  68.586 0.0000000000
133923  -22.862  -23.247  70.610 0.0000000000
50116  -23.296  -22.940  68.498 0.0000000000
50228  -29.375  -22.432  61.178 0.0000000000
51188  -34.679  -21.715  65.080 0.0000000000
50182  -33.341  -22.485  64.434 0.0000000000
51172  -35.235  -21.935  66.660 0.0000000000
50122  -35.224  -22.310  68.122 0.0000000000
51144  -35.922  -21.680  68.387 0.0000000000
138841  -36.498  -21.425  69.151 0.0000000000
51145  -36.642  -21.001  68.322 0.0000000000
54345  -38.322  -18.389  66.361 0.0000000000
53279  -38.303  -19.425  67.931 0.0000000000
54333  -39.337  -18.334  67.662 0.0000000000
54317  -40.303  -18.210  68.752 0.0000000000
44308  -18.143  -28.193  68.688 0.0000000000
66642  -38.591  -6.390  64.737 0.0000000000
67608  -39.328  -5.900  65.824 0.0000000000
65750  -39.947  -6.949  64.107 0.0000000000
64882  -42.210  -8.731  62.179 0.0000000000
65752  -41.810  -7.313  64.149 0.0000000000
65754  -43.358  -7.358  63.896 0.0000000000
66626  -44.389  -6.250  65.005 0.0000000000
66663  -44.600  -7.055  63.468 0.0000000000
71652  -44.866  -1.405  53.588 0.0000000000
70693  -45.294  -2.169  55.125 0.0000000000
71641  -45.806  -1.547  54.970 0.0000000000
73539  -48.359  1.125  57.248 0.0000000000
71666  -42.784  -1.657  52.198 0.0000000000
71676  -42.388  -1.464  51.311 0.0000000000
72615  -44.140  -0.627  50.246 0.0000000000
72616  -44.949  -0.395  50.329 0.0000000000
73592  -46.374  -0.008  51.186 0.0000000000
73608  -45.870  -0.215  50.134 0.0000000000
130385  -47.072  -0.176  49.706 0.0000000000
37015  -8.651  -35.793  74.937 0.0000000000
127009  -8.001  -37.191  75.963 0.0000000000
126343  -12.276  -34.571  81.046 0.0000000000
36979  -11.654  -35.868  78.696 0.0000000000
37973  -10.912  -35.072  81.500 0.0000000000
34006  -9.987  -37.846  80.703 0.0000000000
31960  -8.986  -39.846  79.179 0.0000000000
32996  -8.545  -39.283  78.806 0.0000000000
126249  -8.644  -40.446  78.794 0.0000000000
29931  -7.827  -42.147  78.207 0.0000000000
59476  -39.768  -13.537  67.387 0.0000000000
59469  -40.490  -13.691  68.679 0.0000000000
60594  -39.732  -12.675  67.470 0.0000000000
62828  -38.131  -10.322  65.291 0.0000000000
61723  -38.826  -10.852  65.961 0.0000000000
63828  -38.499  -9.807  65.976 0.0000000000
146843  -39.617  -8.971  67.899 0.0000000000
63827  -38.203  -8.778  65.922 0.0000000000
146385  -37.564  -7.578  64.991 0.0000000000
64848  -37.371  -8.269  64.732 0.0000000000
64936  -34.356  -8.746  59.137 0.0000000000
65806  -35.856  -7.868  60.814 0.0000000000
63931  -35.160  -9.159  58.809 0.0000000000
63932  -36.608  -9.837  58.542 0.0000000000
140811  -34.907  -9.859  57.622 0.0000000000
47201  -20.544  -25.554  73.736 0.0000000000
47179  -19.993  -25.728  75.900 0.0000000000
48062  -20.734  -24.803  74.994 0.0000000000
51195  -24.189  -20.840  64.737 0.0000000000
51184  -23.890  -21.276  65.302 0.0000000000
51168  -24.441  -21.405  66.488 0.0000000000
50119  -24.991  -21.868  68.146 0.0000000000
51155  -25.539  -21.842  67.361 0.0000000000
49192  -29.649  -23.116  64.754 0.0000000000
50178  -28.147  -22.564  64.238 0.0000000000
49177  -29.567  -23.248  65.519 0.0000000000
48145  -30.576  -24.663  70.527 0.0000000000
149651  -29.590  -23.897  69.411 0.0000000000
49075  -29.254  -24.075  70.782 0.0000000000
49095  -28.463  -23.613  70.629 0.0000000000
48109  -29.701  -24.493  72.333 0.0000000000
135834  -29.000  -24.492  74.060 0.0000000000
48083  -30.276  -24.451  74.615 0.0000000000
51111  -38.213  -21.477  71.945 0.0000000000
132266  -15.997  -32.200  71.700 0.0000000000
40090  -16.063  -32.774  72.351 0.0000000000
38046  -15.408  -34.086  73.004 0.0000000000
39002  -20.361  -33.110  77.886 0.0000000000
64958  -40.784  -8.955  55.474 0.0000000000
63965  -41.305  -8.863  56.718 0.0000000000
65841  -41.711  -7.991  56.543 0.0000000000
66702  -44.139  -6.017  58.828 0.0000000000
66691  -43.795  -6.511  59.323 0.0000000000
66684  -44.930  -6.065  60.966 0.0000000000
66671  -46.037  -6.149  62.323 0.0000000000
67649  -46.075  -5.670  61.612 0.0000000000
144796  -46.249  -3.168  57.482 0.0000000000
69645  -46.157  -3.693  58.003 0.0000000000
142943  -46.989  -3.387  58.531 0.0000000000
73627  -48.272  -0.223  49.664 0.0000000000
151583  -49.400  0.368  51.717 0.0000000000
73629  -49.546  -0.267  50.191 0.0000000000
72641  -51.489  -0.418  49.393 0.0000000000
131529  -52.810  -0.634  50.354 0.0000000000
72619  -53.743  -0.605  50.966 0.0000000000
132096  -53.738  -0.996  49.840 0.0000000000
72679  -55.961  -0.361  46.791 0.0000000000
72669  -54.966  -0.651  47.460 0.0000000000
135813  -55.977  -0.715  47.508 0.0000000000
71695  -56.247  -1.519  49.691 0.0000000000
71704  -57.329  -1.240  48.811 0.0000000000
72661  -59.193  -0.632  48.751 0.0000000000
150123  -60.093  -0.363  48.051 0.0000000000
55396  -38.368  -17.675  65.666 0.0000000000
56384  -38.427  -16.950  65.124 0.0000000000
145280  -37.214  -17.075  63.805 0.0000000000
56433  -36.541  -16.392  61.555 0.0000000000
138793  -19.608  -26.585  68.182 0.0000000000
51249  -32.937  -21.165  61.388 0.0000000000
52202  -34.648  -20.742  63.889 0.0000000000
52197  -35.724  -20.484  65.126 0.0000000000
52189  -37.048  -20.048  66.947 0.0000000000
52198  -36.351  -19.829  65.224 0.0000000000
54358  -37.711  -18.365  65.516 0.0000000000
64895  -38.607  -8.498  61.302 0.0000000000
65781  -40.121  -8.107  62.965 0.0000000000
64913  -39.244  -9.213  60.830 0.0000000000
63898  -41.081  -9.491  61.265 0.0000000000
64897  -41.792  -9.200  60.916 0.0000000000
72578  -45.850  -0.301  53.253 0.0000000000
149677  -45.987  -0.681  53.919 0.0000000000
131214  -46.809  0.567  53.895 0.0000000000
73556  -47.325  1.003  54.899 0.0000000000
75454  -51.395  2.331  52.502 0.0000000000
37032  -9.923  -34.963  74.856 0.0000000000
37002  -9.714  -36.130  75.989 0.0000000000
60626  -38.309  -12.248  64.004 0.0000000000
60603  -39.074  -12.381  66.181 0.0000000000
61760  -37.678  -11.735  63.576 0.0000000000
61744  -37.302  -11.019  63.923 0.0000000000
63877  -36.566  -9.831  63.634 0.0000000000
64866  -36.090  -8.645  62.928 0.0000000000
62860  -35.152  -9.642  61.926 0.0000000000
64907  -33.881  -8.705  60.037 0.0000000000
63930  -33.585  -8.917  58.712 0.0000000000
49044  -21.855  -23.860  73.392 0.0000000000
49032  -21.760  -23.730  74.690 0.0000000000
49033  -22.409  -23.229  74.958 0.0000000000
125991  -23.959  -23.041  76.299 0.0000000000
128023  -27.545  -24.196  77.805 0.0000000000
52210  -24.251  -20.248  63.244 0.0000000000
147497  -25.837  -21.362  64.947 0.0000000000
128405  -32.814  -23.869  67.668 0.0000000000
144998  -30.946  -23.701  67.595 0.0000000000
48163  -32.303  -24.658  69.553 0.0000000000
48147  -32.260  -24.882  70.329 0.0000000000
144112  -32.148  -24.778  72.697 0.0000000000
134215  -31.637  -24.506  73.937 0.0000000000
48086  -33.219  -24.386  74.300 0.0000000000
43252  -16.760  -29.789  69.831 0.0000000000
42183  -16.476  -30.662  71.214 0.0000000000
41050  -17.462  -31.632  74.018 0.0000000000
40058  -17.941  -32.339  75.281 0.0000000000
41041  -17.987  -31.693  74.695 0.0000000000
66725  -41.605  -6.766  55.203 0.0000000000
65842  -42.124  -7.170  56.430 0.0000000000
66715  -42.562  -6.469  56.405 0.0000000000
67675  -43.570  -5.811  57.120 0.0000000000
133255  -44.523  -5.494  58.385 0.0000000000
141481  -48.442  0.992  47.466 0.0000000000
72639  -49.424  -0.144  48.354 0.0000000000
127640  -49.753  0.328  47.599 0.0000000000
73659  -56.626  0.287  46.218 0.0000000000
73649  -58.982  0.357  47.290 0.0000000000
74589  -57.915  1.341  45.712 0.0000000000
74590  -58.892  1.957  46.022 0.0000000000
38012  -14.417  -34.880  76.486 0.0000000000
37006  -13.716  -35.614  76.323 0.0000000000
148974  -41.873  -14.956  70.699 0.0000000000
137745  -41.193  -16.010  68.955 0.0000000000
58418  -40.324  -14.687  67.910 0.0000000000
134341  -39.039  -14.048  65.691 0.0000000000
57386  -38.904  -15.636  65.025 0.0000000000
58444  -38.678  -14.495  64.448 0.0000000000
59504  -38.710  -13.661  64.438 0.0000000000
60656  -37.708  -12.784  62.417 0.0000000000
60674  -36.809  -12.516  61.284 0.0000000000
131796  -19.334  -29.033  72.639 0.0000000000
44230  -19.637  -28.365  74.322 0.0000000000
45297  -19.988  -27.651  72.344 0.0000000000
46297  -20.343  -26.750  72.399 0.0000000000
47209  -20.818  -25.538  72.884 0.0000000000
47240  -20.749  -25.760  69.552 0.0000000000
47230  -21.319  -25.169  70.579 0.0000000000
48108  -21.643  -24.433  72.300 0.0000000000
49058  -22.301  -23.697  72.063 0.0000000000
150283  -23.663  -22.472  71.756 0.0000000000
50069  -24.481  -22.257  71.278 0.0000000000
50213  -29.537  -22.578  62.588 0.0000000000
151948  -31.191  -23.230  64.779 0.0000000000
127303  -31.928  -22.419  62.919 0.0000000000
50166  -32.854  -22.967  64.910 0.0000000000
133667  -32.669  -23.537  66.130 0.0000000000
49143  -34.068  -23.458  67.558 0.0000000000
49116  -34.751  -23.202  69.633 0.0000000000
50093  -35.658  -22.812  70.533 0.0000000000
50058  -36.481  -23.032  72.547 0.0000000000
50072  -36.642  -22.371  71.253 0.0000000000
51124  -37.615  -21.216  70.436 0.0000000000
52147  -38.591  -20.505  70.371 0.0000000000
52178  -37.624  -19.939  67.589 0.0000000000
52159  -38.322  -20.164  69.558 0.0000000000
53235  -39.662  -19.726  70.527 0.0000000000
130874  -40.775  -18.657  70.858 0.0000000000
43253  -17.192  -29.262  69.491 0.0000000000
66578  -39.275  -6.894  67.955 0.0000000000
67577  -39.632  -5.894  67.433 0.0000000000
145398  -40.892  -5.777  67.431 0.0000000000
67596  -42.484  -5.608  66.809 0.0000000000
65751  -40.928  -7.137  64.110 0.0000000000
66623  -41.722  -6.283  65.291 0.0000000000
69712  -43.325  -3.467  54.661 0.0000000000
69699  -43.651  -3.819  55.247 0.0000000000
69700  -44.403  -3.410  55.526 0.0000000000
70671  -45.689  -2.784  56.285 0.0000000000
71620  -47.062  -1.770  57.272 0.0000000000
71635  -46.354  -1.137  55.640 0.0000000000
71629  -46.804  -1.287  56.494 0.0000000000
62951  -37.724  -10.683  54.597 0.0000000000
62941  -39.182  -10.734  55.569 0.0000000000
63990  -38.972  -10.109  54.299 0.0000000000
64006  -39.317  -9.370  53.799 0.0000000000
64983  -40.063  -8.161  53.596 0.0000000000
66736  -40.800  -7.075  54.164 0.0000000000
66754  -41.100  -5.889  53.919 0.0000000000
67732  -41.266  -5.254  53.690 0.0000000000
68664  -41.981  -4.038  54.015 0.0000000000
69719  -42.335  -3.343  53.708 0.0000000000
70697  -42.701  -2.648  53.377 0.0000000000
71651  -43.983  -1.727  53.251 0.0000000000
71667  -44.475  -1.151  52.898 0.0000000000
71688  -42.721  -1.111  50.508 0.0000000000
71678  -44.016  -0.955  51.722 0.0000000000
72591  -45.530  -0.283  52.480 0.0000000000
73581  -46.029  0.096  51.944 0.0000000000
73593  -46.850  0.377  51.846 0.0000000000
74541  -47.572  0.680  51.902 0.0000000000
73595  -48.483  0.563  51.896 0.0000000000
74552  -47.798  0.297  51.562 0.0000000000
143734  -47.589  -0.175  49.465 0.0000000000
139985  -47.532  0.235  48.246 0.0000000000
73643  -47.755  0.889  47.604 0.0000000000
37004  -11.942  -35.946  76.469 0.0000000000
36990  -10.825  -36.273  77.432 0.0000000000
36017  -9.472  -36.754  76.903 0.0000000000
35983  -9.708  -36.404  81.311 0.0000000000
144123  -9.326  -36.831  79.268 0.0000000000
35039  -8.748  -37.783  77.980 0.0000000000
35032  -8.486  -38.559  78.284 0.0000000000
34020  -7.960  -39.491  78.082 0.0000000000
31970  -6.979  -40.706  77.715 0.0000000000
30940  -6.761  -41.717  77.660 0.0000000000
143865  -39.845  -7.848  69.737 0.0000000000
61684  -40.730  -11.640  69.517 0.0000000000
61724  -39.335  -12.125  66.892 0.0000000000
61697  -40.113  -11.571  68.226 0.0000000000
63777  -40.187  -9.476  69.284 0.0000000000
133513  -39.802  -8.783  68.669 0.0000000000
65699  -39.313  -7.608  68.080 0.0000000000
66593  -38.662  -6.811  66.815 0.0000000000
66619  -38.274  -6.667  65.301 0.0000000000
65763  -37.864  -7.029  63.178 0.0000000000
65761  -36.191  -7.884  62.615 0.0000000000
148832  -36.647  -7.492  62.079 0.0000000000
64894  -37.686  -8.130  61.056 0.0000000000
64927  -37.124  -8.817  59.754 0.0000000000
63933  -37.471  -10.064  58.615 0.0000000000
138132  -37.206  -10.936  56.759 0.0000000000
62912  -32.049  -10.396  58.123 0.0000000000
62899  -31.969  -9.742  58.144 0.0000000000
63944  -32.431  -9.182  57.612 0.0000000000
63961  -33.083  -9.452  56.773 0.0000000000
63975  -33.821  -9.936  55.959 0.0000000000
62937  -34.458  -10.399  55.254 0.0000000000
133332  -36.277  -10.869  55.615 0.0000000000
62950  -36.675  -10.708  54.546 0.0000000000
48045  -21.387  -23.979  77.256 0.0000000000
49174  -22.522  -23.776  65.828 0.0000000000
148790  -23.297  -22.612  65.174 0.0000000000
49138  -23.388  -22.851  67.043 0.0000000000
146824  -23.967  -22.087  68.252 0.0000000000
50103  -24.147  -22.091  69.612 0.0000000000
126429  -25.384  -22.327  70.739 0.0000000000
51227  -26.310  -21.444  62.287 0.0000000000
50194  -26.930  -21.961  63.803 0.0000000000
50148  -27.369  -22.441  66.524 0.0000000000
129386  -29.961  -23.707  67.924 0.0000000000
143515  -28.515  -23.167  67.438 0.0000000000
131269  -27.208  -22.493  67.390 0.0000000000
49124  -27.306  -22.826  69.181 0.0000000000
50071  -27.169  -22.878  70.994 0.0000000000
49060  -26.612  -22.935  72.348 0.0000000000
48080  -27.719  -23.970  74.121 0.0000000000
48081  -28.808  -24.485  75.002 0.0000000000
39035  -11.598  -33.757  72.771 0.0000000000
38052  -13.193  -34.417  72.897 0.0000000000
40123  -14.551  -32.621  70.328 0.0000000000
40122  -13.497  -32.699  70.209 0.0000000000
39059  -13.655  -33.704  71.363 0.0000000000
38053  -14.165  -34.565  72.661 0.0000000000
38032  -14.253  -35.006  74.196 0.0000000000
137418  -14.922  -33.846  76.106 0.0000000000
39010  -18.538  -32.834  76.759 0.0000000000
63950  -40.629  -10.039  57.497 0.0000000000
64929  -41.706  -8.997  59.086 0.0000000000
64915  -42.481  -8.511  60.530 0.0000000000
65834  -42.647  -7.285  57.817 0.0000000000
65819  -42.821  -7.679  59.740 0.0000000000
65796  -43.610  -7.466  61.426 0.0000000000
126410  -45.130  -6.941  62.924 0.0000000000
68613  -44.286  -4.405  56.513 0.0000000000
68580  -45.678  -4.479  58.375 0.0000000000
68567  -45.960  -4.735  59.188 0.0000000000
150225  -49.250  0.900  52.189 0.0000000000
74544  -50.861  1.787  52.306 0.0000000000
73598  -51.778  0.978  52.065 0.0000000000
73613  -50.257  -0.261  50.229 0.0000000000
73614  -51.357  0.157  51.249 0.0000000000
74547  -53.411  1.602  52.368 0.0000000000
74548  -54.451  1.780  52.470 0.0000000000
73601  -56.279  1.138  52.442 0.0000000000
72656  -53.382  -0.651  48.334 0.0000000000
71694  -55.361  -1.477  49.897 0.0000000000
72622  -56.952  -1.067  51.239 0.0000000000
73639  -59.430  -0.454  48.304 0.0000000000
54401  -35.344  -18.257  61.517 0.0000000000
128230  -34.564  -19.244  61.056 0.0000000000
53332  -35.011  -18.927  61.712 0.0000000000
54395  -35.496  -18.536  62.241 0.0000000000
62916  -37.958  -10.960  56.936 0.0000000000
152437  -38.799  -10.824  57.742 0.0000000000
62917  -38.719  -10.927  57.138 0.0000000000
74531  -47.875  1.256  52.325 0.0000000000
74520  -47.910  1.634  53.072 0.0000000000
38030  -12.515  -34.889  74.358 0.0000000000
37035  -13.080  -35.344  74.953 0.0000000000
61795  -34.543  -11.196  60.352 0.0000000000
62891  -33.735  -10.698  60.062 0.0000000000
62901  -32.678  -10.466  59.061 0.0000000000
43158  -19.023  -29.759  77.027 0.0000000000
44218  -18.871  -29.588  76.055 0.0000000000
50056  -25.151  -22.493  72.680 0.0000000000
50041  -24.488  -22.629  73.542 0.0000000000
49046  -25.499  -22.781  73.528 0.0000000000
143460  -25.782  -23.084  74.100 0.0000000000
49047  -26.241  -23.131  73.641 0.0000000000
141681  -35.274  -23.685  71.485 0.0000000000
49062  -34.823  -24.106  71.783 0.0000000000
148375  -34.897  -24.142  72.441 0.0000000000
49051  -35.333  -23.908  73.075 0.0000000000
43172  -18.519  -30.250  75.401 0.0000000000
68650  -42.380  -4.439  54.616 0.0000000000
55372  -39.786  -17.617  67.244 0.0000000000
56356  -40.099  -16.772  66.916 0.0000000000
57472  -36.609  -15.388  60.498 0.0000000000
57454  -37.366  -15.004  61.749 0.0000000000
152213  -19.423  -27.159  69.330 0.0000000000
142674  -21.795  -24.620  67.194 0.0000000000
48182  -22.277  -24.129  67.775 0.0000000000
49108  -22.816  -23.511  68.963 0.0000000000
49122  -22.754  -23.547  68.185 0.0000000000
51189  -35.317  -21.283  65.465 0.0000000000
51171  -34.950  -21.925  65.898 0.0000000000
146918  -35.490  -21.524  66.127 0.0000000000
51156  -35.582  -21.809  67.435 0.0000000000
51157  -36.234  -21.166  67.487 0.0000000000
55371  -39.024  -18.010  66.910 0.0000000000
55361  -40.122  -17.958  67.979 0.0000000000
45342  -18.586  -27.585  68.246 0.0000000000
45329  -18.882  -27.754  69.165 0.0000000000
65764  -38.499  -7.051  63.384 0.0000000000
66661  -38.897  -6.692  64.077 0.0000000000
64883  -42.761  -8.333  62.642 0.0000000000
152167  -42.527  -8.208  63.156 0.0000000000
65768  -43.050  -7.903  63.351 0.0000000000
65769  -43.847  -7.453  63.328 0.0000000000
65782  -43.588  -7.789  62.444 0.0000000000
71640  -45.047  -1.870  54.451 0.0000000000
72567  -45.624  -1.226  54.190 0.0000000000
73531  -49.047  0.856  58.133 0.0000000000
71675  -41.606  -1.669  51.008 0.0000000000
73625  -45.588  0.078  49.015 0.0000000000
147923  -9.039  -36.162  75.486 0.0000000000
130933  -8.341  -36.543  75.236 0.0000000000
37980  -11.510  -34.911  80.798 0.0000000000
36951  -11.623  -35.185  82.188 0.0000000000
149091  -9.141  -40.409  79.007 0.0000000000
29933  -9.464  -41.974  78.788 0.0000000000
60604  -39.313  -12.996  66.788 0.0000000000
63866  -37.488  -9.928  64.758 0.0000000000
63848  -37.858  -9.464  65.361 0.0000000000
63803  -38.922  -9.195  66.578 0.0000000000
140416  -37.632  -8.726  65.298 0.0000000000
142741  -37.014  -8.750  64.122 0.0000000000
64925  -35.224  -8.559  59.595 0.0000000000
63947  -35.384  -9.768  58.079 0.0000000000
48078  -20.846  -24.939  74.124 0.0000000000
47191  -20.395  -25.450  74.513 0.0000000000
51186  -24.903  -21.084  65.319 0.0000000000
51185  -24.297  -21.208  65.703 0.0000000000
51169  -25.067  -21.430  66.608 0.0000000000
51170  -25.885  -21.774  66.534 0.0000000000
147905  -30.151  -23.296  65.207 0.0000000000
49178  -30.292  -23.432  65.992 0.0000000000
48125  -30.825  -24.810  71.320 0.0000000000
48144  -30.007  -24.549  70.980 0.0000000000
149982  -30.096  -24.612  71.676 0.0000000000
48124  -29.424  -24.312  71.584 0.0000000000
134185  -29.819  -24.534  73.859 0.0000000000
48096  -30.148  -24.606  73.048 0.0000000000
52124  -38.886  -21.020  72.373 0.0000000000
40066  -16.496  -32.922  74.176 0.0000000000
64952  -41.265  -8.444  55.937 0.0000000000
67659  -44.877  -5.726  59.748 0.0000000000
66692  -44.367  -6.072  59.538 0.0000000000
147948  -45.562  -5.747  61.145 0.0000000000
67653  -46.074  -5.230  60.991 0.0000000000
70648  -46.769  -3.011  57.897 0.0000000000
73628  -49.071  -0.266  49.442 0.0000000000
138064  -53.084  -0.783  49.188 0.0000000000
72670  -56.638  -0.608  47.264 0.0000000000
72659  -56.787  -0.888  48.048 0.0000000000
72660  -58.036  -0.891  48.333 0.0000000000
55395  -37.787  -17.627  64.936 0.0000000000
55407  -37.204  -17.608  64.250 0.0000000000
55450  -36.116  -17.124  61.868 0.0000000000
55465  -35.977  -16.797  61.053 0.0000000000
52257  -32.741  -20.889  60.499 0.0000000000
52229  -34.773  -19.892  62.798 0.0000000000
52212  -34.405  -20.554  63.121 0.0000000000
52213  -34.966  -20.094  63.563 0.0000000000
52203  -35.335  -20.227  64.263 0.0000000000
52204  -35.866  -19.877  64.667 0.0000000000
54370  -36.626  -18.780  64.482 0.0000000000
54371  -37.080  -18.245  64.778 0.0000000000
64912  -38.363  -8.888  60.493 0.0000000000
63907  -39.070  -9.475  60.234 0.0000000000
63921  -40.249  -10.021  59.604 0.0000000000
127287  -39.805  -9.767  60.279 0.0000000000
137951  -40.524  -9.848  60.201 0.0000000000
63909  -41.153  -9.641  60.519 0.0000000000
63922  -41.122  -9.717  59.571 0.0000000000
151098  -46.366  0.256  53.342 0.0000000000
74498  -48.161  1.687  55.624 0.0000000000
73548  -47.838  1.137  56.142 0.0000000000
75446  -51.543  2.696  52.636 0.0000000000
37033  -10.881  -34.985  75.011 0.0000000000
38028  -10.444  -34.474  74.149 0.0000000000
37017  -10.279  -35.458  75.533 0.0000000000
60640  -38.010  -12.544  63.214 0.0000000000
62862  -36.344  -10.805  62.819 0.0000000000
62853  -36.714  -10.540  63.478 0.0000000000
62852  -36.235  -10.095  63.027 0.0000000000
138487  -35.738  -9.504  62.669 0.0000000000
63916  -33.179  -9.135  59.793 0.0000000000
63906  -33.730  -9.224  60.299 0.0000000000
64923  -33.728  -8.782  59.382 0.0000000000
128362  -22.482  -23.354  72.996 0.0000000000
49045  -22.268  -23.348  74.007 0.0000000000
50024  -22.923  -22.880  74.415 0.0000000000
49034  -24.871  -23.073  75.062 0.0000000000
50013  -23.956  -22.898  75.424 0.0000000000
48046  -26.584  -23.935  76.396 0.0000000000
48047  -27.422  -24.216  76.632 0.0000000000
52211  -24.931  -20.659  63.208 0.0000000000
51209  -24.512  -20.618  63.903 0.0000000000
51210  -25.474  -21.068  63.587 0.0000000000
49128  -32.771  -24.089  68.369 0.0000000000
49113  -32.847  -24.421  69.157 0.0000000000
48112  -33.655  -24.710  72.016 0.0000000000
48127  -32.706  -24.953  71.158 0.0000000000
152274  -33.051  -24.891  71.784 0.0000000000
48111  -32.364  -24.914  71.950 0.0000000000
48098  -32.420  -24.608  73.511 0.0000000000
48099  -33.265  -24.581  73.359 0.0000000000
48068  -33.804  -23.951  75.345 0.0000000000
43229  -17.086  -29.985  70.671 0.0000000000
43218  -17.182  -30.320  71.642 0.0000000000
42160  -17.443  -30.816  73.327 0.0000000000
42141  -17.967  -31.117  74.268 0.0000000000
41035  -18.864  -30.830  76.162 0.0000000000
66726  -42.050  -6.633  55.794 0.0000000000
67695  -42.525  -5.940  55.841 0.0000000000
148794  -43.459  -5.374  56.494 0.0000000000
67676  -44.279  -5.349  57.575 0.0000000000
73644  -48.896  0.303  47.746 0.0000000000
73667  -57.165  0.912  45.767 0.0000000000
73660  -57.647  0.458  46.213 0.0000000000
38007  -14.333  -34.470  77.562 0.0000000000
38959  -14.004  -34.339  81.197 0.0000000000
56334  -41.472  -16.437  69.726 0.0000000000
57363  -40.057  -15.831  66.779 0.0000000000
57364  -40.205  -15.211  67.421 0.0000000000
58427  -39.733  -14.936  66.733 0.0000000000
58417  -39.930  -14.382  67.345 0.0000000000
58426  -39.341  -14.805  66.006 0.0000000000
56395  -38.507  -16.186  64.709 0.0000000000
57399  -38.161  -15.926  64.050 0.0000000000
58452  -38.090  -14.652  63.101 0.0000000000
58453  -38.456  -14.085  63.738 0.0000000000
140707  -38.832  -14.080  65.004 0.0000000000
59503  -38.462  -13.135  63.780 0.0000000000
59514  -38.143  -13.568  62.909 0.0000000000
60687  -36.472  -12.856  60.567 0.0000000000
44243  -19.679  -28.392  73.276 0.0000000000
44255  -19.577  -28.474  72.180 0.0000000000
46298  -20.571  -26.067  72.444 0.0000000000
47218  -20.896  -25.657  72.010 0.0000000000
143437  -20.087  -26.150  68.457 0.0000000000
48158  -21.754  -24.654  69.998 0.0000000000
47241  -21.204  -25.286  69.731 0.0000000000
47219  -21.390  -24.990  71.539 0.0000000000
48121  -21.887  -24.285  71.578 0.0000000000
48122  -22.351  -23.809  71.147 0.0000000000
50088  -23.355  -22.726  70.038 0.0000000000
49072  -22.869  -23.081  71.449 0.0000000000
144977  -23.417  -22.656  70.834 0.0000000000
143265  -23.910  -22.340  70.894 0.0000000000
128017  -29.868  -22.484  61.832 0.0000000000
128800  -29.043  -22.530  61.873 0.0000000000
50198  -30.097  -22.696  63.264 0.0000000000
49193  -31.179  -22.950  64.131 0.0000000000
51248  -32.324  -21.679  61.748 0.0000000000
50231  -31.952  -22.128  62.269 0.0000000000
51228  -32.645  -21.910  62.619 0.0000000000
50167  -33.604  -22.762  65.223 0.0000000000
50181  -32.634  -22.643  64.154 0.0000000000
49180  -32.372  -23.364  65.458 0.0000000000
49161  -33.281  -23.528  66.459 0.0000000000
49142  -33.383  -23.698  67.213 0.0000000000
50133  -33.976  -23.297  66.810 0.0000000000
129240  -35.429  -22.255  68.873 0.0000000000
50107  -34.818  -22.889  68.834 0.0000000000
50108  -35.347  -22.628  69.658 0.0000000000
49098  -35.011  -23.234  70.323 0.0000000000
50094  -36.267  -22.350  70.671 0.0000000000
51146  -37.129  -20.900  69.056 0.0000000000
51136  -37.021  -21.297  69.842 0.0000000000
51125  -38.317  -21.009  70.962 0.0000000000
52146  -38.083  -20.727  70.202 0.0000000000
53300  -36.901  -19.786  66.111 0.0000000000
53264  -39.270  -19.092  68.804 0.0000000000
53263  -38.666  -19.521  68.765 0.0000000000
53250  -39.292  -19.517  69.561 0.0000000000
53234  -39.035  -20.112  70.180 0.0000000000
53236  -40.261  -19.287  70.925 0.0000000000
54289  -40.216  -19.015  70.039 0.0000000000
55350  -40.819  -17.782  69.255 0.0000000000
132842  -40.834  -18.196  70.042 0.0000000000
56322  -41.263  -17.355  69.884 0.0000000000
44285  -17.701  -28.811  69.093 0.0000000000
44264  -18.896  -28.899  71.144 0.0000000000
66594  -38.936  -6.259  66.903 0.0000000000
66595  -39.352  -6.277  67.592 0.0000000000
67576  -39.210  -5.995  66.994 0.0000000000
67609  -40.183  -5.885  65.899 0.0000000000
67594  -40.582  -5.836  66.623 0.0000000000
67579  -41.687  -5.512  67.503 0.0000000000
67595  -41.532  -5.801  66.680 0.0000000000
65766  -40.504  -7.665  63.573 0.0000000000
66646  -42.227  -6.823  64.723 0.0000000000
66624  -42.641  -6.321  65.332 0.0000000000
67612  -43.012  -5.948  66.042 0.0000000000
127883  -43.777  -5.747  66.050 0.0000000000
67598  -45.291  -5.025  66.200 0.0000000000
70692  -43.723  -2.800  54.382 0.0000000000
69713  -43.895  -3.206  54.955 0.0000000000
70683  -44.553  -2.647  54.834 0.0000000000
70684  -45.153  -2.720  55.613 0.0000000000
70672  -46.329  -2.235  56.684 0.0000000000
71642  -46.382  -0.588  54.866 0.0000000000
72561  -47.019  -0.364  56.130 0.0000000000
149763  -47.295  -0.553  56.813 0.0000000000
143704  -6.085  -41.824  77.403 0.0000000000
149925  -5.714  -41.303  77.290 0.0000000000
29941  -5.759  -42.362  77.112 0.0000000000
64982  -39.554  -8.639  53.356 0.0000000000
64969  -40.017  -8.890  54.165 0.0000000000
65873  -40.331  -7.337  53.388 0.0000000000
66753  -40.776  -6.494  53.668 0.0000000000
68663  -41.455  -4.490  53.488 0.0000000000
67733  -41.755  -4.803  54.213 0.0000000000
69718  -41.684  -3.710  53.298 0.0000000000
69735  -41.980  -2.950  53.057 0.0000000000
70714  -43.143  -1.966  52.957 0.0000000000
138116  -43.747  -1.323  52.414 0.0000000000
72599  -43.704  -0.986  50.898 0.0000000000
72590  -44.709  -0.749  52.224 0.0000000000
126181  -45.283  -0.286  51.816 0.0000000000
35044  -7.590  -38.062  76.198 0.0000000000
144039  -13.273  -35.845  76.924 0.0000000000
37005  -12.875  -35.853  76.250 0.0000000000
36992  -12.576  -36.039  77.081 0.0000000000
131279  -10.819  -35.897  79.256 0.0000000000
132458  -11.433  -36.162  77.918 0.0000000000
36978  -10.614  -36.246  78.419 0.0000000000
36018  -10.221  -36.263  76.770 0.0000000000
36000  -9.759  -36.595  78.529 0.0000000000
35012  -10.391  -36.622  81.779 0.0000000000
142619  -9.181  -37.985  79.457 0.0000000000
35023  -9.319  -37.412  79.674 0.0000000000
35028  -9.181  -37.570  79.380 0.0000000000
35998  -9.039  -37.509  78.886 0.0000000000
35033  -8.933  -37.812  78.794 0.0000000000
35027  -8.905  -38.107  79.039 0.0000000000
138236  -8.160  -39.889  78.574 0.0000000000
33002  -8.083  -39.697  78.365 0.0000000000
32995  -7.684  -40.283  78.141 0.0000000000
33001  -7.291  -40.181  77.840 0.0000000000
30933  -7.456  -40.785  77.957 0.0000000000
30941  -7.008  -41.142  77.726 0.0000000000
30934  -7.507  -41.386  78.010 0.0000000000
28915  -8.176  -42.968  78.334 0.0000000000
64764  -40.393  -8.008  71.144 0.0000000000
64786  -40.181  -8.321  70.307 0.0000000000
58402  -41.547  -14.834  69.897 0.0000000000
58401  -40.997  -14.219  69.235 0.0000000000
60586  -40.399  -12.869  68.792 0.0000000000
59460  -40.874  -13.359  69.353 0.0000000000
60575  -40.810  -12.502  69.445 0.0000000000
61698  -40.361  -12.045  68.877 0.0000000000
61735  -38.845  -11.759  65.610 0.0000000000
147303  -39.096  -11.646  66.314 0.0000000000
132471  -39.834  -11.150  67.650 0.0000000000
62774  -40.127  -10.753  68.232 0.0000000000
61683  -40.364  -11.239  68.930 0.0000000000
62759  -40.324  -10.401  69.054 0.0000000000
63788  -39.988  -9.744  68.245 0.0000000000
63787  -39.250  -8.662  67.256 0.0000000000
64796  -39.419  -8.275  68.050 0.0000000000
64797  -39.554  -7.923  68.990 0.0000000000
65715  -38.922  -7.241  67.387 0.0000000000
65714  -38.581  -7.546  66.760 0.0000000000
65740  -37.456  -7.586  64.399 0.0000000000
66618  -37.710  -7.062  64.810 0.0000000000
149748  -37.648  -7.190  64.216 0.0000000000
66659  -37.689  -7.086  63.790 0.0000000000
65762  -37.182  -7.320  63.200 0.0000000000
141361  -35.465  -8.847  62.268 0.0000000000
64878  -35.576  -8.038  62.060 0.0000000000
132046  -35.726  -8.170  60.129 0.0000000000
65792  -36.332  -7.658  61.490 0.0000000000
65807  -36.773  -7.864  60.893 0.0000000000
65793  -37.074  -7.619  61.628 0.0000000000
64911  -37.388  -8.457  60.376 0.0000000000
63948  -36.244  -10.173  57.956 0.0000000000
151760  -37.409  -10.837  57.419 0.0000000000
62926  -36.385  -10.827  56.596 0.0000000000
62911  -31.499  -10.062  57.914 0.0000000000
63960  -32.042  -9.095  56.930 0.0000000000
62936  -33.671  -10.002  55.097 0.0000000000
62924  -34.652  -10.340  56.107 0.0000000000
133767  -35.813  -10.760  54.869 0.0000000000
135425  -19.693  -27.757  74.884 0.0000000000
45266  -19.513  -27.934  75.720 0.0000000000
136227  -19.607  -27.160  75.385 0.0000000000
47170  -19.786  -25.676  76.924 0.0000000000
49019  -21.877  -23.600  75.556 0.0000000000
48063  -21.335  -24.007  76.133 0.0000000000
49004  -22.018  -23.549  76.552 0.0000000000
51167  -23.963  -21.537  66.273 0.0000000000
50175  -23.538  -21.792  64.803 0.0000000000
50162  -23.597  -21.974  65.709 0.0000000000
50146  -23.612  -22.190  66.449 0.0000000000
50117  -23.663  -22.349  67.906 0.0000000000
127079  -25.521  -22.109  68.907 0.0000000000
126649  -24.609  -22.027  68.904 0.0000000000
50104  -24.922  -22.117  69.742 0.0000000000
50210  -26.923  -21.898  62.296 0.0000000000
148086  -28.467  -22.759  64.766 0.0000000000
141826  -27.408  -22.215  64.395 0.0000000000
50177  -27.849  -22.480  64.938 0.0000000000
50176  -27.131  -22.068  65.159 0.0000000000
50164  -27.590  -22.442  65.695 0.0000000000
135622  -31.310  -23.966  68.384 0.0000000000
130854  -30.032  -23.511  67.007 0.0000000000
49127  -30.554  -23.892  68.502 0.0000000000
150585  -29.292  -23.548  68.255 0.0000000000
132992  -28.625  -23.296  68.109 0.0000000000
50131  -27.872  -22.943  67.805 0.0000000000
49139  -27.912  -23.127  68.618 0.0000000000
125882  -27.057  -22.568  68.341 0.0000000000
49125  -27.939  -23.250  69.299 0.0000000000
126366  -28.009  -23.541  72.015 0.0000000000
134354  -27.852  -23.379  71.218 0.0000000000
49073  -27.221  -23.104  71.772 0.0000000000
49061  -27.364  -23.384  72.541 0.0000000000
49048  -27.547  -23.674  73.310 0.0000000000
48082  -29.514  -24.492  74.553 0.0000000000
147878  -31.999  -24.241  75.342 0.0000000000
48084  -31.264  -24.392  74.770 0.0000000000
50059  -37.113  -22.471  72.662 0.0000000000
147892  -12.299  -34.160  73.175 0.0000000000
42182  -15.942  -30.979  70.786 0.0000000000
42198  -15.722  -30.822  69.823 0.0000000000
41109  -15.448  -31.447  70.207 0.0000000000
40124  -15.430  -32.515  70.959 0.0000000000
136715  -15.251  -32.081  70.411 0.0000000000
39072  -14.003  -33.278  70.753 0.0000000000
39060  -14.371  -33.660  71.303 0.0000000000
39036  -15.378  -33.845  73.875 0.0000000000
38054  -14.983  -34.344  72.500 0.0000000000
38045  -14.744  -34.592  73.384 0.0000000000
39023  -14.864  -34.472  74.351 0.0000000000
39016  -14.928  -34.079  75.237 0.0000000000
40050  -18.690  -32.420  75.941 0.0000000000
40049  -17.763  -32.768  76.000 0.0000000000
68462  -41.360  -4.842  69.944 0.0000000000
63976  -39.916  -10.204  55.681 0.0000000000
63963  -40.159  -10.384  57.056 0.0000000000
131006  -40.207  -10.132  56.339 0.0000000000
64937  -41.700  -8.829  58.227 0.0000000000
63951  -41.216  -9.399  57.615 0.0000000000
64930  -42.266  -8.400  59.453 0.0000000000
128260  -42.619  -6.890  57.058 0.0000000000
65827  -43.039  -6.978  58.374 0.0000000000
66682  -44.050  -6.512  60.035 0.0000000000
65809  -43.421  -7.007  59.915 0.0000000000
65810  -43.737  -6.964  60.649 0.0000000000
65808  -43.131  -7.620  60.648 0.0000000000
150525  -44.055  -6.896  61.249 0.0000000000
65797  -44.137  -7.090  61.945 0.0000000000
66669  -44.828  -6.813  62.235 0.0000000000
67643  -46.823  -6.218  62.916 0.0000000000
67639  -47.310  -5.757  63.589 0.0000000000
69687  -44.514  -3.834  56.176 0.0000000000
68614  -44.964  -3.872  56.824 0.0000000000
68595  -45.358  -4.218  57.590 0.0000000000
68568  -46.785  -4.406  59.585 0.0000000000
136625  -49.133  1.407  52.309 0.0000000000
141087  -49.719  -0.056  51.201 0.0000000000
73596  -50.085  0.923  52.037 0.0000000000
73597  -50.975  1.062  52.044 0.0000000000
72640  -50.049  -0.322  49.104 0.0000000000
147131  -50.780  -0.318  49.460 0.0000000000
72618  -51.861  -0.371  50.292 0.0000000000
73615  -52.210  0.090  51.270 0.0000000000
149768  -52.517  0.961  52.068 0.0000000000
72602  -54.660  -0.295  51.552 0.0000000000
72603  -55.615  -0.097  51.926 0.0000000000
72604  -56.666  -0.116  52.059 0.0000000000
72668  -53.793  -0.469  47.552 0.0000000000
72657  -54.240  -0.797  48.324 0.0000000000
72643  -54.571  -1.173  49.269 0.0000000000
71696  -57.175  -1.479  49.561 0.0000000000
142867  -58.034  -0.962  51.035 0.0000000000
151026  -58.245  -0.636  51.597 0.0000000000
133842  -59.375  -0.158  47.894 0.0000000000
74566  -59.326  0.308  47.294 0.0000000000
54383  -36.277  -18.213  63.307 0.0000000000
55421  -36.761  -17.602  63.562 0.0000000000
54402  -35.769  -17.852  62.074 0.0000000000
55449  -35.639  -17.544  61.275 0.0000000000
52258  -33.472  -20.572  61.070 0.0000000000
52259  -34.058  -19.924  61.073 0.0000000000
53324  -34.553  -19.724  61.868 0.0000000000
53314  -35.423  -19.452  63.360 0.0000000000
54382  -35.735  -18.746  62.983 0.0000000000
142701  -38.246  -10.268  58.706 0.0000000000
63934  -38.817  -10.043  59.126 0.0000000000
63935  -39.861  -10.269  58.847 0.0000000000
141778  -47.967  1.757  53.964 0.0000000000
75431  -49.356  2.438  54.479 0.0000000000
75432  -49.965  2.876  54.104 0.0000000000
75433  -50.628  2.914  53.990 0.0000000000
75444  -50.003  2.824  53.094 0.0000000000
75452  -50.263  2.425  52.440 0.0000000000
152021  -11.767  -34.034  73.379 0.0000000000
38041  -11.217  -34.086  73.559 0.0000000000
61785  -36.412  -11.776  61.684 0.0000000000
61773  -36.736  -11.493  62.420 0.0000000000
61784  -35.671  -11.341  61.369 0.0000000000
62872  -35.250  -10.598  61.763 0.0000000000
62871  -34.606  -10.084  61.307 0.0000000000
62881  -34.160  -10.402  60.709 0.0000000000
62880  -33.537  -9.860  60.298 0.0000000000
62889  -32.657  -9.610  59.181 0.0000000000
42123  -18.772  -30.012  76.989 0.0000000000
50040  -23.573  -22.632  73.200 0.0000000000
50025  -23.588  -22.716  73.987 0.0000000000
126252  -25.703  -23.658  76.217 0.0000000000
49035  -25.644  -23.317  74.736 0.0000000000
49022  -27.104  -23.843  74.717 0.0000000000
49097  -34.371  -23.778  70.094 0.0000000000
49096  -33.578  -24.285  69.741 0.0000000000
48149  -33.936  -24.388  70.660 0.0000000000
48129  -34.181  -24.429  71.478 0.0000000000
138647  -33.803  -24.563  72.794 0.0000000000
48100  -33.952  -24.324  73.612 0.0000000000
49050  -34.541  -24.291  73.000 0.0000000000
131276  -34.740  -24.000  73.904 0.0000000000
43195  -18.083  -30.522  73.836 0.0000000000
43171  -18.250  -30.706  74.451 0.0000000000
42142  -18.338  -30.809  74.891 0.0000000000
67712  -42.149  -5.174  54.849 0.0000000000
128115  -42.481  -5.435  55.399 0.0000000000
68612  -43.657  -4.778  56.209 0.0000000000
55362  -40.646  -17.445  68.487 0.0000000000
56343  -40.811  -16.503  68.298 0.0000000000
57429  -37.025  -15.860  62.076 0.0000000000
57415  -37.884  -15.600  63.312 0.0000000000
57430  -37.642  -15.289  62.533 0.0000000000
59526  -37.766  -13.536  62.112 0.0000000000
151645  -36.974  -14.065  60.830 0.0000000000
45322  -19.284  -28.199  70.693 0.0000000000
45309  -19.771  -27.899  71.491 0.0000000000
46335  -19.907  -27.375  70.716 0.0000000000
46336  -20.411  -26.480  70.714 0.0000000000
47266  -21.165  -25.141  67.691 0.0000000000
136887  -21.004  -25.484  68.997 0.0000000000
47252  -21.232  -25.171  68.417 0.0000000000
48159  -22.291  -24.129  69.451 0.0000000000
48143  -22.337  -23.979  70.318 0.0000000000
49093  -22.843  -23.384  69.787 0.0000000000
50101  -23.329  -22.835  69.265 0.0000000000
51199  -34.343  -21.460  64.267 0.0000000000
51198  -33.670  -21.900  63.988 0.0000000000
50183  -34.005  -22.126  64.711 0.0000000000
50168  -34.319  -22.416  65.541 0.0000000000
50151  -34.590  -22.642  66.474 0.0000000000
50134  -34.483  -22.997  67.195 0.0000000000
50135  -34.969  -22.434  67.297 0.0000000000
51135  -36.410  -21.822  69.962 0.0000000000
54344  -38.023  -19.037  66.761 0.0000000000
54331  -38.019  -19.351  67.263 0.0000000000
54332  -38.569  -18.790  67.294 0.0000000000
54315  -38.957  -18.964  68.143 0.0000000000
54316  -39.644  -18.581  68.406 0.0000000000
45321  -18.908  -28.157  69.913 0.0000000000
66620  -38.815  -6.162  65.586 0.0000000000
67592  -39.007  -5.977  66.372 0.0000000000
128369  -39.073  -6.056  65.226 0.0000000000
66621  -39.798  -6.064  65.259 0.0000000000
66644  -40.379  -6.557  64.680 0.0000000000
150860  -41.500  -8.769  62.542 0.0000000000
65767  -41.424  -7.842  63.600 0.0000000000
137226  -42.246  -7.892  63.573 0.0000000000
65753  -42.642  -7.371  64.074 0.0000000000
66647  -43.194  -6.846  64.627 0.0000000000
131420  -43.971  -6.570  64.677 0.0000000000
66648  -44.752  -6.662  64.308 0.0000000000
72562  -47.612  0.497  56.449 0.0000000000
72555  -47.885  0.165  57.216 0.0000000000
75438  -55.493  2.739  52.767 0.0000000000
67749  -40.239  -5.597  52.269 0.0000000000
70726  -42.001  -1.931  51.924 0.0000000000
70713  -42.354  -2.252  52.686 0.0000000000
72601  -45.489  -0.182  51.149 0.0000000000
73609  -46.751  -0.177  50.412 0.0000000000
73626  -46.433  -0.044  49.369 0.0000000000
37989  -12.857  -34.653  79.824 0.0000000000
37988  -12.150  -34.836  80.184 0.0000000000
36967  -11.396  -35.387  79.796 0.0000000000
36966  -10.478  -35.714  80.088 0.0000000000
32987  -10.549  -38.663  80.637 0.0000000000
32991  -9.431  -39.321  79.804 0.0000000000
32990  -8.944  -39.093  79.323 0.0000000000
34010  -8.921  -38.404  79.117 0.0000000000
32997  -8.566  -39.731  78.881 0.0000000000
30935  -8.266  -41.216  78.510 0.0000000000
29932  -8.607  -41.982  78.575 0.0000000000
58409  -40.178  -14.000  68.011 0.0000000000
59468  -40.107  -13.196  68.092 0.0000000000
62840  -37.721  -10.702  64.593 0.0000000000
62814  -39.164  -10.158  66.668 0.0000000000
63804  -39.494  -9.522  67.308 0.0000000000
64832  -38.644  -8.305  66.653 0.0000000000
64831  -38.226  -7.841  66.067 0.0000000000
64849  -37.722  -8.021  65.451 0.0000000000
64859  -36.890  -8.086  64.094 0.0000000000
64909  -35.056  -8.151  60.372 0.0000000000
64926  -36.223  -8.646  59.645 0.0000000000
63917  -35.984  -9.171  59.035 0.0000000000
135761  -35.870  -9.646  58.498 0.0000000000
62914  -35.701  -10.390  57.279 0.0000000000
47200  -20.208  -26.104  74.162 0.0000000000
46248  -19.684  -26.538  75.572 0.0000000000
47190  -20.094  -26.010  74.993 0.0000000000
47180  -20.281  -25.357  75.217 0.0000000000
139772  -20.371  -24.960  75.798 0.0000000000
48989  -22.190  -23.683  77.836 0.0000000000
51194  -23.763  -20.999  64.397 0.0000000000
51153  -24.173  -21.651  66.970 0.0000000000
51154  -24.576  -21.629  67.331 0.0000000000
148615  -25.685  -22.067  68.140 0.0000000000
50196  -28.442  -22.571  63.516 0.0000000000
132372  -27.941  -22.389  63.009 0.0000000000
50179  -28.958  -22.879  64.232 0.0000000000
49191  -28.972  -23.042  65.069 0.0000000000
49176  -28.871  -23.123  65.856 0.0000000000
48161  -30.799  -24.530  69.836 0.0000000000
49112  -30.280  -24.136  69.264 0.0000000000
48160  -29.932  -24.302  70.097 0.0000000000
49111  -29.074  -23.763  69.978 0.0000000000
49110  -28.245  -23.438  69.870 0.0000000000
49074  -28.644  -23.796  71.434 0.0000000000
48123  -28.824  -24.038  72.323 0.0000000000
151572  -28.638  -24.113  72.943 0.0000000000
48095  -29.208  -24.394  73.149 0.0000000000
41075  -16.480  -31.511  72.345 0.0000000000
41090  -15.816  -31.665  71.095 0.0000000000
134663  -16.201  -31.663  71.828 0.0000000000
40107  -15.602  -33.072  71.603 0.0000000000
39061  -15.050  -33.739  71.613 0.0000000000
39037  -15.822  -33.433  73.108 0.0000000000
40040  -20.079  -32.631  76.986 0.0000000000
40039  -19.310  -32.574  76.623 0.0000000000
63992  -40.174  -9.498  55.034 0.0000000000
64951  -40.955  -9.138  56.142 0.0000000000
64943  -41.732  -8.463  57.372 0.0000000000
66701  -43.561  -6.504  58.550 0.0000000000
66683  -44.330  -6.511  60.729 0.0000000000
66678  -45.350  -6.237  61.743 0.0000000000
130809  -46.888  -5.760  62.139 0.0000000000
69670  -45.731  -3.548  57.239 0.0000000000
69618  -47.351  -3.797  59.203 0.0000000000
73612  -48.834  -0.171  51.112 0.0000000000
72642  -52.276  -0.599  49.354 0.0000000000
127357  -54.585  -1.193  50.463 0.0000000000
72678  -55.048  -0.156  46.615 0.0000000000
72658  -55.741  -0.909  48.236 0.0000000000
72644  -55.523  -1.286  49.056 0.0000000000
71703  -56.435  -1.298  48.876 0.0000000000
72645  -58.285  -1.159  49.408 0.0000000000
74579  -59.465  1.015  46.502 0.0000000000
74567  -59.451  0.269  47.302 0.0000000000
73650  -59.986  0.250  47.245 0.0000000000
55383  -38.852  -17.684  66.249 0.0000000000
56370  -39.023  -16.955  65.838 0.0000000000
56383  -37.853  -16.846  64.349 0.0000000000
56404  -36.920  -16.896  63.187 0.0000000000
56416  -37.248  -16.130  62.860 0.0000000000
47265  -20.586  -25.623  67.303 0.0000000000
129093  -21.547  -24.711  66.335 0.0000000000
48198  -22.174  -24.233  66.472 0.0000000000
51259  -31.991  -21.403  60.472 0.0000000000
152157  -32.391  -21.403  61.032 0.0000000000
51229  -33.402  -21.402  62.670 0.0000000000
52227  -33.553  -20.880  61.986 0.0000000000
51230  -33.894  -20.898  62.707 0.0000000000
51212  -33.953  -21.272  63.412 0.0000000000
51200  -34.989  -20.951  64.672 0.0000000000
52187  -35.878  -20.957  65.982 0.0000000000
52188  -36.486  -20.637  66.628 0.0000000000
140755  -36.304  -20.365  65.793 0.0000000000
53307  -36.277  -19.345  64.583 0.0000000000
54357  -36.923  -19.058  65.245 0.0000000000
53301  -37.602  -19.054  66.123 0.0000000000
64879  -38.871  -8.156  62.079 0.0000000000
65780  -39.168  -7.746  62.792 0.0000000000
64880  -39.804  -8.461  62.277 0.0000000000
138475  -40.464  -9.084  61.760 0.0000000000
63908  -40.238  -9.544  60.977 0.0000000000
126697  -41.470  -9.054  61.804 0.0000000000
64898  -42.255  -8.829  61.390 0.0000000000
72579  -46.364  -0.096  53.958 0.0000000000
73555  -46.814  0.213  54.611 0.0000000000
129302  -52.349  3.061  52.876 0.0000000000
75455  -52.234  2.605  52.556 0.0000000000
38027  -9.436  -34.616  74.173 0.0000000000
37016  -9.455  -35.597  75.240 0.0000000000
60627  -38.701  -12.816  64.569 0.0000000000
60615  -38.900  -12.578  65.375 0.0000000000
61746  -38.596  -11.985  64.797 0.0000000000
61745  -38.012  -11.468  64.327 0.0000000000
61759  -36.998  -11.255  63.202 0.0000000000
62839  -37.173  -10.280  64.051 0.0000000000
63865  -37.082  -9.523  64.116 0.0000000000
63864  -36.518  -9.146  63.647 0.0000000000
144604  -36.213  -9.467  63.198 0.0000000000
64877  -35.036  -8.606  61.608 0.0000000000
63897  -34.526  -9.195  61.239 0.0000000000
64891  -34.124  -8.897  60.646 0.0000000000
64892  -34.634  -8.401  60.910 0.0000000000
64924  -34.449  -8.532  59.805 0.0000000000
147893  -33.617  -9.166  58.088 0.0000000000
129924  -21.631  -23.881  74.018 0.0000000000
48079  -21.221  -24.282  74.433 0.0000000000
126849  -22.572  -23.196  75.863 0.0000000000
136219  -23.545  -22.793  74.710 0.0000000000
50012  -23.078  -22.893  75.247 0.0000000000
49020  -23.292  -22.996  76.108 0.0000000000
49006  -23.563  -23.150  77.060 0.0000000000
52201  -23.947  -20.505  63.873 0.0000000000
51196  -25.140  -21.014  64.461 0.0000000000
49159  -31.536  -23.647  66.619 0.0000000000
151792  -31.230  -23.661  67.005 0.0000000000
126862  -31.981  -23.941  67.852 0.0000000000
48173  -31.983  -24.396  68.834 0.0000000000
48162  -31.627  -24.659  69.666 0.0000000000
48148  -33.154  -24.742  70.484 0.0000000000
126818  -31.825  -24.985  71.229 0.0000000000
48126  -31.449  -24.817  72.223 0.0000000000
135215  -30.894  -24.647  72.897 0.0000000000
48097  -31.550  -24.648  73.176 0.0000000000
48085  -32.215  -24.400  74.513 0.0000000000
48067  -32.826  -24.186  75.361 0.0000000000
48052  -33.444  -23.803  76.457 0.0000000000
42199  -16.307  -30.387  70.300 0.0000000000
42171  -16.641  -30.890  72.072 0.0000000000
41049  -16.913  -32.243  73.714 0.0000000000
40067  -17.195  -32.441  74.560 0.0000000000
40059  -18.760  -31.998  75.359 0.0000000000
41042  -18.453  -31.206  75.354 0.0000000000
40060  -19.173  -31.703  75.832 0.0000000000
65859  -41.189  -7.317  54.817 0.0000000000
65851  -41.582  -7.486  55.688 0.0000000000
66716  -43.007  -6.324  56.921 0.0000000000
67685  -43.031  -5.873  56.437 0.0000000000
66709  -43.899  -5.968  58.011 0.0000000000
67667  -44.719  -5.605  59.136 0.0000000000
137946  -45.381  -5.305  59.541 0.0000000000
73638  -48.151  0.274  47.892 0.0000000000
72653  -50.316  -0.167  48.033 0.0000000000
73658  -55.612  0.441  46.119 0.0000000000
72680  -57.106  -0.237  46.763 0.0000000000
73648  -58.246  -0.000  46.917 0.0000000000
73661  -58.629  0.954  46.494 0.0000000000
74577  -58.973  1.093  46.614 0.0000000000
37036  -13.931  -35.383  74.882 0.0000000000
37020  -13.449  -35.574  75.572 0.0000000000
36993  -13.828  -35.394  77.208 0.0000000000
37982  -13.332  -34.160  80.480 0.0000000000
57339  -41.463  -15.625  69.589 0.0000000000
57338  -41.129  -15.096  69.046 0.0000000000
57354  -40.699  -15.423  68.223 0.0000000000
59484  -39.374  -13.982  66.605 0.0000000000
136834  -39.352  -16.190  65.815 0.0000000000
57373  -39.236  -15.549  65.570 0.0000000000
57400  -38.627  -15.348  64.526 0.0000000000
58435  -38.976  -14.835  65.176 0.0000000000
59493  -38.886  -13.392  65.178 0.0000000000
60655  -37.128  -12.227  62.013 0.0000000000
59525  -37.352  -13.035  61.687 0.0000000000
60673  -36.093  -12.093  60.967 0.0000000000
61808  -34.999  -12.021  59.905 0.0000000000
44219  -19.386  -28.792  75.221 0.0000000000
45277  -19.863  -27.513  74.027 0.0000000000
45287  -20.112  -27.221  73.200 0.0000000000
143353  -20.108  -26.749  73.879 0.0000000000
46281  -20.372  -26.247  73.246 0.0000000000
48092  -20.972  -25.101  73.471 0.0000000000
46360  -19.859  -26.600  69.043 0.0000000000
46350  -20.365  -26.251  69.752 0.0000000000
132017  -20.814  -25.774  70.241 0.0000000000
47229  -20.908  -25.748  71.133 0.0000000000
47210  -21.242  -25.124  72.335 0.0000000000
48107  -21.293  -24.840  72.938 0.0000000000
137735  -21.614  -24.309  72.999 0.0000000000
136563  -21.973  -23.941  72.744 0.0000000000
145073  -23.438  -22.621  72.555 0.0000000000
50055  -24.547  -22.317  72.035 0.0000000000
50238  -27.996  -22.298  60.854 0.0000000000
50227  -28.269  -22.413  61.727 0.0000000000
50212  -28.591  -22.509  62.624 0.0000000000
50197  -29.229  -22.696  63.378 0.0000000000
147001  -30.465  -23.136  64.563 0.0000000000
147651  -30.797  -23.375  65.296 0.0000000000
126778  -31.288  -22.407  62.368 0.0000000000
50200  -33.121  -22.275  63.836 0.0000000000
50180  -31.899  -22.691  63.743 0.0000000000
49194  -31.962  -23.083  64.631 0.0000000000
49179  -31.572  -23.398  65.362 0.0000000000
127076  -31.955  -23.571  66.060 0.0000000000
49160  -32.428  -23.732  66.902 0.0000000000
49129  -33.478  -23.815  67.989 0.0000000000
49115  -34.216  -23.617  69.243 0.0000000000
50121  -34.649  -22.958  67.888 0.0000000000
49130  -34.163  -23.511  68.374 0.0000000000
49077  -35.339  -23.345  70.977 0.0000000000
49078  -35.999  -23.078  71.544 0.0000000000
50073  -36.817  -22.532  71.893 0.0000000000
51109  -37.090  -22.052  71.422 0.0000000000
51123  -36.958  -21.811  70.695 0.0000000000
138842  -37.632  -21.622  71.233 0.0000000000
52135  -38.792  -20.910  71.623 0.0000000000
52148  -39.129  -20.411  70.999 0.0000000000
52177  -36.888  -20.534  67.540 0.0000000000
52168  -37.329  -20.476  68.328 0.0000000000
144733  -37.677  -20.465  69.031 0.0000000000
52169  -37.968  -19.977  68.543 0.0000000000
53217  -40.009  -19.900  71.536 0.0000000000
54303  -40.419  -18.419  69.436 0.0000000000
131147  -16.677  -29.561  69.172 0.0000000000
127816  -17.308  -29.470  70.083 0.0000000000
43230  -17.717  -29.377  70.529 0.0000000000
44273  -17.844  -29.016  69.920 0.0000000000
131120  -18.083  -29.052  70.416 0.0000000000
44242  -19.164  -29.283  73.299 0.0000000000
67552  -39.812  -5.991  69.137 0.0000000000
67593  -39.621  -5.837  66.637 0.0000000000
136690  -40.070  -5.764  67.233 0.0000000000
144519  -41.005  -5.602  68.247 0.0000000000
67567  -41.788  -5.078  68.322 0.0000000000
65765  -39.519  -7.370  63.485 0.0000000000
66645  -41.331  -6.712  64.700 0.0000000000
67611  -42.101  -5.938  65.951 0.0000000000
127838  -43.095  -5.113  67.302 0.0000000000
67613  -44.611  -5.710  65.744 0.0000000000
69688  -45.006  -3.313  56.195 0.0000000000
70658  -46.024  -2.951  56.937 0.0000000000
70659  -46.603  -2.590  57.338 0.0000000000
70660  -47.240  -2.265  57.900 0.0000000000
31975  -6.157  -40.756  77.392 0.0000000000
62940  -38.282  -10.842  55.332 0.0000000000
62928  -38.577  -10.945  56.246 0.0000000000
62953  -38.924  -10.607  54.923 0.0000000000
129110  -39.533  -10.221  54.954 0.0000000000
63991  -39.653  -9.679  54.414 0.0000000000
143354  -40.542  -8.706  54.805 0.0000000000
65858  -40.588  -7.941  54.292 0.0000000000
65872  -39.729  -7.937  52.890 0.0000000000
66737  -41.278  -6.438  54.491 0.0000000000
67711  -41.565  -5.581  54.404 0.0000000000
67731  -40.830  -5.805  53.172 0.0000000000
69711  -42.653  -3.722  54.364 0.0000000000
69720  -42.985  -3.011  54.086 0.0000000000
70698  -43.448  -2.375  53.692 0.0000000000
71668  -45.123  -0.748  52.991 0.0000000000
72592  -46.167  0.210  52.725 0.0000000000
73582  -46.590  0.481  52.359 0.0000000000
74530  -47.169  0.849  52.333 0.0000000000
74542  -48.314  1.019  52.091 0.0000000000
73610  -47.402  -0.180  50.607 0.0000000000
148293  -47.985  -0.037  48.726 0.0000000000
37019  -12.723  -35.608  75.529 0.0000000000
133534  -12.145  -35.675  75.826 0.0000000000
141435  -12.202  -35.976  77.850 0.0000000000
36991  -11.701  -36.164  77.224 0.0000000000
136732  -11.065  -36.028  76.644 0.0000000000
37003  -10.484  -35.856  76.156 0.0000000000
35979  -11.437  -35.840  82.149 0.0000000000
35984  -9.933  -35.954  82.030 0.0000000000
36965  -9.879  -36.029  80.447 0.0000000000
35016  -9.840  -37.021  81.000 0.0000000000
35989  -9.453  -36.487  80.767 0.0000000000
35992  -9.395  -36.739  79.962 0.0000000000
35999  -9.369  -36.951  79.094 0.0000000000
36007  -9.236  -37.090  78.063 0.0000000000
36016  -8.759  -37.331  77.009 0.0000000000
36015  -8.303  -37.717  76.914 0.0000000000
34016  -8.549  -38.932  78.711 0.0000000000
31969  -6.448  -41.206  77.580 0.0000000000
29937  -6.582  -42.604  77.525 0.0000000000
29938  -7.175  -42.366  77.773 0.0000000000
128884  -40.718  -7.623  71.977 0.0000000000
65681  -40.122  -7.362  70.355 0.0000000000
58385  -41.979  -14.424  71.386 0.0000000000
59461  -41.322  -13.872  69.977 0.0000000000
61713  -39.759  -11.841  67.535 0.0000000000
61712  -39.377  -11.171  66.920 0.0000000000
62760  -40.565  -10.918  69.548 0.0000000000
62743  -40.514  -10.176  69.999 0.0000000000
63764  -40.305  -9.203  70.151 0.0000000000
135294  -39.981  -8.556  69.530 0.0000000000
152462  -38.986  -6.653  67.339 0.0000000000
66606  -38.348  -7.032  66.103 0.0000000000
66641  -37.974  -6.763  64.450 0.0000000000
66660  -38.164  -6.743  63.955 0.0000000000
143558  -36.604  -8.466  63.610 0.0000000000
64867  -36.651  -7.839  63.287 0.0000000000
65791  -35.765  -7.754  61.521 0.0000000000
65776  -36.088  -7.615  62.090 0.0000000000
65777  -36.634  -7.528  62.637 0.0000000000
65778  -37.297  -7.377  62.472 0.0000000000
65794  -37.929  -7.765  61.834 0.0000000000
64928  -37.878  -9.021  59.933 0.0000000000
63918  -36.891  -9.356  59.151 0.0000000000
130079  -37.848  -9.598  59.330 0.0000000000
61816  -33.096  -11.441  58.525 0.0000000000
62900  -32.134  -9.950  58.727 0.0000000000
63929  -32.438  -9.393  58.564 0.0000000000
147323  -32.209  -9.241  58.031 0.0000000000
64935  -32.889  -9.036  58.233 0.0000000000
63945  -33.336  -9.345  57.497 0.0000000000
63946  -34.185  -9.637  57.546 0.0000000000
63974  -32.881  -9.533  55.957 0.0000000000
63962  -34.015  -9.802  56.784 0.0000000000
62913  -34.836  -10.153  56.928 0.0000000000
62925  -35.491  -10.640  56.358 0.0000000000
62948  -34.314  -10.347  54.440 0.0000000000
62938  -35.281  -10.666  55.480 0.0000000000
128899  -37.001  -10.968  56.090 0.0000000000
62939  -37.306  -10.899  55.362 0.0000000000
45265  -19.309  -28.705  76.085 0.0000000000
45252  -19.253  -28.082  76.713 0.0000000000
132534  -21.258  -24.110  75.236 0.0000000000
145018  -20.864  -24.478  75.733 0.0000000000
48209  -21.888  -24.376  65.723 0.0000000000
49155  -22.790  -23.601  66.653 0.0000000000
49137  -22.817  -23.557  67.442 0.0000000000
49123  -23.234  -23.066  67.823 0.0000000000
50102  -23.732  -22.324  69.460 0.0000000000
50118  -24.320  -21.936  68.163 0.0000000000
128796  -24.019  -22.096  68.857 0.0000000000
50090  -24.357  -22.163  70.414 0.0000000000
50070  -25.297  -22.394  71.756 0.0000000000
125859  -25.892  -22.638  72.244 0.0000000000
51211  -26.425  -21.573  63.109 0.0000000000
50195  -27.691  -22.334  63.655 0.0000000000
51197  -26.111  -21.442  64.086 0.0000000000
51187  -26.434  -21.682  65.313 0.0000000000
50163  -26.701  -21.939  65.995 0.0000000000
49158  -30.859  -23.588  66.683 0.0000000000
150552  -29.399  -23.385  66.910 0.0000000000
49126  -29.752  -23.801  68.721 0.0000000000
49140  -29.242  -23.419  67.494 0.0000000000
50149  -28.145  -22.848  66.188 0.0000000000
50132  -27.976  -22.875  67.001 0.0000000000
50147  -26.523  -22.120  66.918 0.0000000000
50130  -26.353  -22.229  67.777 0.0000000000
50120  -26.212  -22.252  68.460 0.0000000000
146917  -26.498  -22.422  69.114 0.0000000000
49094  -27.726  -23.233  70.477 0.0000000000
50092  -27.181  -22.819  70.350 0.0000000000
50091  -26.493  -22.590  70.550 0.0000000000
149248  -26.306  -22.672  71.493 0.0000000000
127121  -26.779  -23.255  73.089 0.0000000000
126079  -26.949  -23.562  73.860 0.0000000000
127227  -27.913  -24.289  74.936 0.0000000000
143846  -28.367  -24.335  74.330 0.0000000000
48065  -28.129  -24.379  75.831 0.0000000000
134184  -30.794  -24.547  73.760 0.0000000000
127753  -30.585  -24.269  75.521 0.0000000000
38043  -12.932  -34.680  73.646 0.0000000000
40105  -13.088  -33.120  70.844 0.0000000000
39049  -13.423  -34.101  72.092 0.0000000000
149814  -15.061  -34.115  72.012 0.0000000000
38061  -14.414  -34.155  71.881 0.0000000000
38044  -13.879  -34.845  73.472 0.0000000000
136011  -14.464  -35.057  74.916 0.0000000000
38017  -14.601  -34.749  75.646 0.0000000000
62929  -39.520  -10.719  56.474 0.0000000000
63949  -40.007  -10.467  57.929 0.0000000000
63936  -40.673  -10.027  58.233 0.0000000000
63964  -40.789  -9.715  56.725 0.0000000000
63937  -41.244  -9.569  58.610 0.0000000000
64914  -41.805  -9.102  59.990 0.0000000000
65833  -42.172  -7.625  57.183 0.0000000000
129524  -42.144  -8.032  57.999 0.0000000000
136764  -43.201  -7.033  59.104 0.0000000000
65826  -42.599  -7.666  58.731 0.0000000000
65770  -44.350  -7.222  62.748 0.0000000000
66649  -45.376  -6.693  63.589 0.0000000000
66670  -45.448  -6.600  62.467 0.0000000000
66664  -45.863  -6.530  63.002 0.0000000000
68632  -43.932  -4.102  55.902 0.0000000000
68594  -44.634  -4.653  57.209 0.0000000000
67677  -44.926  -4.884  57.987 0.0000000000
67668  -45.183  -5.090  58.767 0.0000000000
67660  -46.205  -4.954  60.133 0.0000000000
67654  -46.837  -4.885  60.863 0.0000000000
134294  -46.820  -5.252  61.451 0.0000000000
74543  -50.015  1.861  52.258 0.0000000000
74545  -51.543  1.971  52.366 0.0000000000
74546  -52.379  1.991  52.401 0.0000000000
72617  -51.036  -0.240  50.277 0.0000000000
74533  -53.320  2.645  52.603 0.0000000000
74534  -54.355  2.767  52.557 0.0000000000
74535  -55.306  2.542  52.639 0.0000000000
73599  -54.036  0.574  51.987 0.0000000000
73600  -55.190  1.112  52.363 0.0000000000
73583  -55.957  2.115  52.609 0.0000000000
73584  -56.478  1.847  52.745 0.0000000000
149330  -53.793  -0.904  48.977 0.0000000000
71689  -55.396  -1.283  50.591 0.0000000000
71690  -56.126  -1.408  50.479 0.0000000000
72621  -55.944  -0.929  51.269 0.0000000000
72672  -58.728  -0.297  47.791 0.0000000000
73640  -59.657  -0.330  48.117 0.0000000000
32989  -8.761  -38.956  79.081 0.0000000000
34005  -9.381  -37.744  80.170 0.0000000000
34011  -9.074  -38.279  79.314 0.0000000000
34012  -9.389  -38.411  79.854 0.0000000000
35011  -9.935  -36.379  81.750 0.0000000000
35013  -11.024  -36.589  81.874 0.0000000000
35015  -9.480  -36.933  80.470 0.0000000000
35978  -10.458  -36.130  82.103 0.0000000000
35980  -12.315  -35.907  81.911 0.0000000000
35991  -9.318  -37.049  79.890 0.0000000000
36008  -9.938  -36.484  77.689 0.0000000000
36950  -10.811  -35.618  82.133 0.0000000000
36952  -12.285  -35.288  82.068 0.0000000000
36954  -9.720  -35.996  81.455 0.0000000000
36955  -10.447  -35.589  81.808 0.0000000000
36956  -11.145  -35.034  82.056 0.0000000000
36960  -10.315  -35.584  81.025 0.0000000000
36961  -10.897  -35.293  80.629 0.0000000000
36968  -12.300  -35.280  79.272 0.0000000000
36981  -13.111  -35.680  77.781 0.0000000000
37007  -14.122  -35.357  75.574 0.0000000000
37974  -11.708  -34.800  81.585 0.0000000000
38965  -13.713  -34.134  80.906 0.0000000000
39050  -15.499  -33.706  72.300 0.0000000000
43231  -18.229  -29.159  70.878 0.0000000000
48043  -20.144  -25.113  76.507 0.0000000000
48094  -28.373  -24.144  73.527 0.0000000000
48146  -31.321  -24.833  70.469 0.0000000000
48164  -32.839  -24.648  69.845 0.0000000000
48990  -23.027  -23.381  77.888 0.0000000000
49059  -22.924  -22.940  72.286 0.0000000000
49063  -35.399  -23.805  72.127 0.0000000000
49109  -27.540  -23.036  69.835 0.0000000000
49141  -31.631  -23.748  67.205 0.0000000000
49156  -28.794  -23.194  66.732 0.0000000000
49157  -29.487  -23.334  66.325 0.0000000000
49181  -33.138  -23.289  65.707 0.0000000000
49207  -29.809  -22.898  64.010 0.0000000000
49208  -30.522  -22.863  63.843 0.0000000000
50054  -23.038  -22.819  72.920 0.0000000000
50106  -26.860  -22.617  69.829 0.0000000000
50109  -35.891  -22.261  70.041 0.0000000000
50129  -24.055  -21.866  67.637 0.0000000000
50199  -32.604  -22.339  63.405 0.0000000000
52228  -34.217  -20.408  62.341 0.0000000000
53306  -35.720  -19.592  64.108 0.0000000000
56415  -36.698  -16.677  62.386 0.0000000000
58480  -37.397  -14.006  61.497 0.0000000000
62902  -37.092  -10.485  57.998 0.0000000000
62904  -39.036  -10.605  58.308 0.0000000000
64868  -41.042  -8.311  63.051 0.0000000000
64869  -41.988  -8.453  63.025 0.0000000000
64896  -39.524  -8.863  61.563 0.0000000000
64908  -34.423  -8.494  60.322 0.0000000000
65672  -40.462  -7.154  71.265 0.0000000000
65729  -37.887  -7.271  65.461 0.0000000000
66579  -39.561  -6.406  68.526 0.0000000000
66643  -39.364  -6.367  64.701 0.0000000000
66662  -43.977  -7.042  64.068 0.0000000000
66693  -44.648  -6.078  60.208 0.0000000000
67578  -40.123  -5.660  67.948 0.0000000000
67610  -41.183  -5.951  65.892 0.0000000000
67638  -46.286  -6.187  63.764 0.0000000000
71691  -57.041  -1.468  50.363 0.0000000000
126240  -31.064  -22.687  63.239 0.0000000000
129911  -27.263  -22.132  63.014 0.0000000000
130640  -20.417  -25.977  69.016 0.0000000000
130961  -38.976  -16.277  65.296 0.0000000000
133846  -23.702  -22.350  68.725 0.0000000000
133875  -12.728  -34.485  80.554 0.0000000000
141351  -24.823  -21.201  66.028 0.0000000000
142194  -32.985  -21.411  62.077 0.0000000000
142372  -26.667  -21.770  64.617 0.0000000000
143444  -25.463  -23.437  75.439 0.0000000000
148220  -28.685  -22.435  61.240 0.0000000000
148854  -33.250  -20.484  60.511 0.0000000000
149524  -6.743  -40.557  77.621 0.0000000000
