#!ascii label  , from subject sub-v1s15x0050203_ses-1 vox2ras=TkReg
1250
106147  46.437  39.066  31.333 0.0000000000
106104  52.694  39.718  35.986 0.0000000000
100895  50.814  30.873  37.761 0.0000000000
104224  41.152  36.621  34.563 0.0000000000
102962  42.360  33.710  30.871 0.0000000000
135599  49.671  44.780  34.439 0.0000000000
105457  50.305  38.749  38.950 0.0000000000
135368  46.805  46.246  36.554 0.0000000000
97844  47.340  27.573  41.436 0.0000000000
150400  46.443  25.813  35.993 0.0000000000
106150  52.227  39.017  30.609 0.0000000000
104245  49.777  36.568  32.463 0.0000000000
128005  54.879  33.411  35.819 0.0000000000
127028  52.543  32.305  44.009 0.0000000000
113807  46.529  53.591  31.534 0.0000000000
110176  52.880  47.664  36.549 0.0000000000
102285  44.584  33.690  36.977 0.0000000000
105498  43.608  38.317  32.365 0.0000000000
103601  41.435  35.275  31.755 0.0000000000
104276  43.850  36.156  29.248 0.0000000000
106698  48.715  40.589  34.527 0.0000000000
106116  45.004  39.620  34.391 0.0000000000
132210  45.958  41.644  37.639 0.0000000000
97046  51.270  26.202  43.167 0.0000000000
95490  50.978  24.696  40.212 0.0000000000
95479  54.747  24.941  41.212 0.0000000000
113843  49.608  53.312  28.582 0.0000000000
105489  52.953  39.082  32.851 0.0000000000
104252  54.401  35.456  31.185 0.0000000000
103558  53.017  35.638  35.467 0.0000000000
102809  53.789  33.714  49.054 0.0000000000
101548  56.008  32.628  45.909 0.0000000000
127034  51.432  32.625  46.900 0.0000000000
139033  48.642  32.438  44.474 0.0000000000
107798  50.550  42.804  36.489 0.0000000000
110179  49.099  46.956  36.593 0.0000000000
107807  53.024  42.664  35.315 0.0000000000
135369  53.296  43.274  33.360 0.0000000000
102930  50.857  34.825  35.733 0.0000000000
104206  47.297  36.283  35.397 0.0000000000
102275  47.861  33.776  38.123 0.0000000000
102313  39.879  33.527  32.140 0.0000000000
101664  41.850  31.653  33.120 0.0000000000
111483  50.112  48.874  35.128 0.0000000000
110210  47.268  46.152  33.754 0.0000000000
106087  51.997  39.660  37.880 0.0000000000
103525  51.582  36.014  38.639 0.0000000000
112048  40.960  49.814  34.722 0.0000000000
112058  43.575  50.140  33.824 0.0000000000
107783  47.876  42.161  37.012 0.0000000000
100121  48.327  30.397  39.834 0.0000000000
99396  46.504  28.775  38.022 0.0000000000
96277  47.309  25.568  39.246 0.0000000000
95539  50.646  24.413  36.568 0.0000000000
147886  49.103  39.144  31.198 0.0000000000
104288  48.405  37.193  29.582 0.0000000000
104269  51.483  36.236  29.239 0.0000000000
102950  53.305  34.293  33.582 0.0000000000
100892  53.861  31.810  37.620 0.0000000000
102249  54.796  33.562  40.532 0.0000000000
146950  55.799  32.172  41.209 0.0000000000
147149  52.000  31.601  40.639 0.0000000000
100844  49.096  31.906  42.077 0.0000000000
98615  47.189  28.346  43.222 0.0000000000
115107  46.300  55.066  30.228 0.0000000000
113805  49.304  52.503  31.443 0.0000000000
112597  49.941  51.255  34.994 0.0000000000
139646  51.653  50.937  35.713 0.0000000000
109601  51.709  45.879  34.697 0.0000000000
107236  51.079  41.655  33.521 0.0000000000
104247  45.664  36.254  32.093 0.0000000000
103578  43.640  35.219  34.541 0.0000000000
100161  43.831  31.452  35.318 0.0000000000
99408  45.486  29.862  36.544 0.0000000000
105496  44.990  38.958  31.746 0.0000000000
104874  43.632  36.904  30.641 0.0000000000
105519  45.084  37.786  30.189 0.0000000000
106134  47.440  39.323  32.572 0.0000000000
106700  46.840  39.778  34.669 0.0000000000
106124  46.182  39.328  33.003 0.0000000000
106126  44.515  39.435  33.680 0.0000000000
137080  53.083  25.875  43.620 0.0000000000
96261  52.994  24.993  41.931 0.0000000000
96252  54.806  25.388  42.711 0.0000000000
99426  41.794  29.734  33.170 0.0000000000
106111  52.705  39.498  35.061 0.0000000000
104229  52.775  37.275  33.917 0.0000000000
104847  51.945  37.201  35.793 0.0000000000
102185  51.431  33.030  50.526 0.0000000000
101518  52.660  32.746  48.728 0.0000000000
106675  52.442  40.588  36.314 0.0000000000
140493  51.533  43.032  36.249 0.0000000000
138677  52.845  41.206  35.735 0.0000000000
151019  53.297  41.094  34.815 0.0000000000
102274  51.020  32.939  37.277 0.0000000000
102914  49.565  34.666  36.750 0.0000000000
101612  49.280  32.601  37.979 0.0000000000
103567  40.092  35.812  35.025 0.0000000000
103592  40.424  35.123  33.310 0.0000000000
102972  41.283  34.022  30.012 0.0000000000
102964  40.137  34.039  31.314 0.0000000000
102318  41.043  33.233  31.174 0.0000000000
101665  41.225  32.257  32.731 0.0000000000
129857  41.881  33.242  31.796 0.0000000000
135481  49.370  47.249  34.744 0.0000000000
110831  48.390  47.027  34.333 0.0000000000
109604  48.410  45.442  34.338 0.0000000000
105486  41.724  38.378  34.709 0.0000000000
104210  41.043  37.170  35.127 0.0000000000
106075  51.215  39.331  38.411 0.0000000000
104823  53.410  38.837  39.453 0.0000000000
105432  53.209  39.041  40.570 0.0000000000
106091  47.413  39.973  37.894 0.0000000000
135188  46.919  41.978  37.368 0.0000000000
106089  49.080  39.846  37.710 0.0000000000
106664  49.460  40.553  37.245 0.0000000000
99381  46.731  28.980  40.545 0.0000000000
145455  46.653  27.924  39.706 0.0000000000
97057  47.409  26.523  40.420 0.0000000000
95507  52.580  24.425  38.180 0.0000000000
95509  50.575  24.337  37.971 0.0000000000
95538  52.194  24.548  36.787 0.0000000000
136114  51.416  39.064  30.468 0.0000000000
105525  50.398  37.435  28.958 0.0000000000
105523  52.185  37.528  29.177 0.0000000000
103584  54.768  34.238  33.628 0.0000000000
102959  54.104  34.569  31.900 0.0000000000
102302  54.461  33.579  34.392 0.0000000000
102293  53.393  33.222  35.345 0.0000000000
129720  54.804  32.891  36.400 0.0000000000
102874  52.331  34.628  41.435 0.0000000000
102882  52.618  34.393  39.570 0.0000000000
102243  54.503  33.745  42.595 0.0000000000
130991  53.593  32.197  44.793 0.0000000000
101575  56.019  32.318  43.558 0.0000000000
127922  54.554  32.125  43.147 0.0000000000
100850  54.129  31.764  41.376 0.0000000000
147136  52.028  32.150  42.410 0.0000000000
101594  50.989  32.053  41.680 0.0000000000
101588  50.723  32.284  42.564 0.0000000000
100839  46.605  31.162  43.720 0.0000000000
100847  46.902  30.854  42.973 0.0000000000
115086  46.683  56.327  31.578 0.0000000000
115097  48.150  56.076  30.679 0.0000000000
113820  48.300  53.327  30.841 0.0000000000
110822  45.268  47.902  35.753 0.0000000000
112043  45.353  49.609  34.210 0.0000000000
112028  46.397  48.865  35.198 0.0000000000
152148  51.482  47.467  36.828 0.0000000000
111457  49.807  48.736  36.599 0.0000000000
111456  51.488  49.619  37.043 0.0000000000
112596  50.960  51.428  35.468 0.0000000000
111454  52.281  49.743  36.729 0.0000000000
110819  52.361  48.080  35.938 0.0000000000
110192  53.273  47.372  35.929 0.0000000000
106709  52.361  40.803  32.210 0.0000000000
107837  52.672  42.387  32.789 0.0000000000
146024  52.024  41.141  32.136 0.0000000000
106132  50.331  39.606  32.203 0.0000000000
128099  48.705  36.860  30.411 0.0000000000
104274  46.225  36.198  29.763 0.0000000000
127023  47.681  36.728  31.958 0.0000000000
103549  45.854  35.398  36.697 0.0000000000
104209  45.208  36.164  35.051 0.0000000000
102931  44.277  34.959  36.134 0.0000000000
102295  42.841  33.421  35.191 0.0000000000
101641  43.849  32.856  36.219 0.0000000000
97873  45.979  27.042  37.098 0.0000000000
149183  45.872  29.192  37.632 0.0000000000
97881  45.584  28.010  35.777 0.0000000000
104864  42.308  37.280  33.355 0.0000000000
126623  41.269  35.587  32.935 0.0000000000
104869  42.663  36.755  32.120 0.0000000000
104278  42.375  34.966  29.579 0.0000000000
102970  42.856  34.400  29.378 0.0000000000
107818  49.493  42.304  34.411 0.0000000000
105492  42.668  38.452  33.654 0.0000000000
97051  50.090  26.135  42.181 0.0000000000
128148  49.853  25.404  40.784 0.0000000000
96262  51.175  25.424  41.692 0.0000000000
95489  52.629  24.585  40.612 0.0000000000
142910  52.863  39.443  32.065 0.0000000000
104872  53.670  37.088  30.241 0.0000000000
146840  53.785  36.860  32.264 0.0000000000
146167  54.241  35.510  33.454 0.0000000000
102927  54.715  34.160  35.430 0.0000000000
102832  54.741  34.274  46.202 0.0000000000
102864  55.688  33.885  44.732 0.0000000000
102212  54.667  33.243  47.810 0.0000000000
101533  53.858  32.578  47.551 0.0000000000
101551  51.832  32.464  45.277 0.0000000000
101568  50.243  32.510  44.469 0.0000000000
127030  49.646  32.587  46.010 0.0000000000
101554  48.289  32.529  45.458 0.0000000000
100110  45.706  30.545  44.816 0.0000000000
113790  45.767  53.579  32.039 0.0000000000
108987  48.360  44.662  36.547 0.0000000000
110180  48.096  46.897  36.546 0.0000000000
148508  50.022  44.484  36.531 0.0000000000
108985  51.256  44.819  36.516 0.0000000000
139534  52.767  45.613  36.329 0.0000000000
109599  53.618  45.391  35.190 0.0000000000
107816  53.540  43.358  34.272 0.0000000000
106705  52.986  40.820  33.088 0.0000000000
103575  50.694  35.639  34.620 0.0000000000
104219  48.431  36.473  34.462 0.0000000000
103560  49.431  35.737  35.597 0.0000000000
102916  47.915  35.157  37.020 0.0000000000
102276  46.406  34.082  37.956 0.0000000000
97097  48.022  25.766  34.043 0.0000000000
97886  46.963  26.973  34.294 0.0000000000
102305  39.134  33.620  33.651 0.0000000000
102953  39.655  34.224  32.263 0.0000000000
102320  39.661  33.960  32.004 0.0000000000
101658  40.392  32.424  33.521 0.0000000000
100930  40.976  31.637  33.006 0.0000000000
100183  41.362  30.925  33.076 0.0000000000
100172  41.834  30.450  33.189 0.0000000000
112064  48.719  49.220  32.919 0.0000000000
128645  47.720  48.427  33.151 0.0000000000
135329  52.595  39.159  37.683 0.0000000000
104199  51.954  37.787  37.342 0.0000000000
104833  52.669  38.260  38.623 0.0000000000
104170  52.474  36.824  40.100 0.0000000000
103510  52.439  35.492  42.803 0.0000000000
102855  53.454  34.765  45.239 0.0000000000
126982  52.764  34.908  47.973 0.0000000000
112046  42.513  49.541  34.531 0.0000000000
111474  43.839  48.330  35.456 0.0000000000
129637  45.934  46.098  36.630 0.0000000000
108988  47.531  44.514  36.609 0.0000000000
107799  49.422  42.493  36.613 0.0000000000
147211  50.903  40.710  36.819 0.0000000000
100124  50.193  30.200  38.433 0.0000000000
149136  49.510  30.086  37.867 0.0000000000
99384  48.508  29.430  38.338 0.0000000000
97858  46.476  27.285  38.412 0.0000000000
96292  47.157  24.992  37.606 0.0000000000
95492  49.564  24.655  39.450 0.0000000000
128481  49.092  24.301  38.024 0.0000000000
95558  48.236  24.569  36.177 0.0000000000
106153  47.705  38.936  30.695 0.0000000000
105517  46.619  38.239  29.821 0.0000000000
105527  48.741  37.575  29.401 0.0000000000
104270  49.811  36.678  29.140 0.0000000000
128905  50.991  36.429  30.328 0.0000000000
145558  53.430  35.823  29.440 0.0000000000
103598  52.586  35.499  31.739 0.0000000000
104230  51.352  35.972  32.665 0.0000000000
102929  51.781  34.419  35.192 0.0000000000
145277  51.893  33.460  36.253 0.0000000000
127469  52.375  31.769  37.311 0.0000000000
104189  51.931  36.012  36.837 0.0000000000
102900  53.371  34.335  37.533 0.0000000000
102262  55.452  33.315  38.492 0.0000000000
135157  56.012  33.358  43.040 0.0000000000
126713  56.172  33.140  40.920 0.0000000000
101600  56.067  32.727  38.716 0.0000000000
100865  54.908  32.183  38.801 0.0000000000
100867  52.907  31.441  39.129 0.0000000000
147606  51.740  31.075  38.885 0.0000000000
100861  50.540  31.302  40.089 0.0000000000
100863  48.734  31.173  40.499 0.0000000000
99378  46.701  29.240  41.435 0.0000000000
100837  48.138  31.792  43.101 0.0000000000
99375  46.669  29.355  42.249 0.0000000000
97840  48.305  27.270  42.613 0.0000000000
97044  49.913  26.699  43.284 0.0000000000
114474  48.322  54.389  29.007 0.0000000000
114446  49.607  53.885  29.814 0.0000000000
113788  50.801  52.193  32.003 0.0000000000
111470  47.861  48.768  35.960 0.0000000000
113171  48.361  51.415  32.935 0.0000000000
113170  49.957  51.774  33.621 0.0000000000
113168  51.292  52.045  33.838 0.0000000000
112605  51.520  51.533  33.836 0.0000000000
111482  51.410  49.820  35.654 0.0000000000
110830  50.666  47.648  35.280 0.0000000000
142720  50.466  45.222  34.489 0.0000000000
128423  53.041  45.194  34.386 0.0000000000
149272  52.175  44.132  33.772 0.0000000000
107817  50.377  42.888  34.230 0.0000000000
106696  50.292  41.053  34.013 0.0000000000
106133  49.204  39.366  32.224 0.0000000000
104891  45.940  36.485  28.994 0.0000000000
103617  44.397  35.099  29.087 0.0000000000
103600  43.765  34.675  30.927 0.0000000000
104235  46.537  36.556  33.742 0.0000000000
143415  44.254  35.707  33.100 0.0000000000
143426  42.953  34.273  33.068 0.0000000000
102304  42.475  33.025  34.101 0.0000000000
100923  42.414  31.429  33.956 0.0000000000
138667  48.093  31.192  38.220 0.0000000000
101615  46.517  32.318  38.328 0.0000000000
101629  45.421  32.306  37.623 0.0000000000
97888  45.824  28.366  35.003 0.0000000000
100913  45.315  31.395  35.672 0.0000000000
96258  57.159  25.618  41.903 0.0000000000
95496  56.738  25.461  39.400 0.0000000000
106148  45.741  38.972  31.501 0.0000000000
105506  44.689  38.306  31.149 0.0000000000
105505  45.398  38.559  30.877 0.0000000000
106135  46.798  39.256  32.110 0.0000000000
126939  46.092  39.184  32.022 0.0000000000
106136  45.423  39.234  32.349 0.0000000000
96247  53.904  25.536  43.249 0.0000000000
105478  52.427  38.775  35.453 0.0000000000
104853  52.352  37.517  34.927 0.0000000000
131628  52.091  38.107  35.818 0.0000000000
107199  52.092  41.579  36.135 0.0000000000
106684  52.767  40.434  36.026 0.0000000000
151870  52.872  40.212  35.544 0.0000000000
101627  50.962  31.897  37.500 0.0000000000
129550  50.165  32.752  37.597 0.0000000000
101628  50.171  31.545  37.639 0.0000000000
152981  40.119  35.298  34.235 0.0000000000
103591  41.104  35.952  33.854 0.0000000000
102324  41.582  33.895  29.845 0.0000000000
102325  41.168  33.874  30.161 0.0000000000
102317  41.556  33.601  30.431 0.0000000000
109603  49.489  45.531  34.500 0.0000000000
110202  48.872  46.287  34.496 0.0000000000
134696  48.843  44.746  34.397 0.0000000000
104860  41.578  37.444  34.542 0.0000000000
104211  40.594  36.560  35.185 0.0000000000
105440  51.846  39.132  39.299 0.0000000000
105441  50.577  38.444  39.709 0.0000000000
105458  49.076  38.673  38.872 0.0000000000
106090  48.218  39.886  37.820 0.0000000000
106077  48.639  39.285  38.285 0.0000000000
106076  49.805  39.329  38.199 0.0000000000
97845  46.862  28.005  40.927 0.0000000000
97847  47.106  27.295  40.684 0.0000000000
97054  47.720  26.851  41.151 0.0000000000
149686  52.100  24.457  37.538 0.0000000000
130168  51.809  38.329  29.807 0.0000000000
105511  52.554  38.237  29.963 0.0000000000
102939  54.974  33.887  34.395 0.0000000000
102301  54.806  33.891  33.995 0.0000000000
102291  54.765  33.603  34.920 0.0000000000
101636  54.694  33.100  35.742 0.0000000000
102282  54.964  33.183  36.576 0.0000000000
102870  53.449  34.300  42.861 0.0000000000
102873  53.316  34.110  41.975 0.0000000000
102239  54.266  34.001  43.210 0.0000000000
127802  53.868  32.121  43.819 0.0000000000
101587  53.383  32.099  42.795 0.0000000000
129933  52.638  32.243  43.250 0.0000000000
101577  51.575  32.345  43.325 0.0000000000
98613  46.585  29.015  44.435 0.0000000000
114436  46.457  55.310  32.191 0.0000000000
115087  46.400  56.456  31.929 0.0000000000
114435  47.071  55.546  31.641 0.0000000000
151724  47.747  54.423  31.005 0.0000000000
113806  47.259  53.402  31.158 0.0000000000
110806  45.901  47.367  36.192 0.0000000000
110821  46.127  48.131  35.692 0.0000000000
139600  46.774  47.784  36.132 0.0000000000
110802  52.388  48.196  36.867 0.0000000000
110803  50.989  48.713  37.096 0.0000000000
140619  51.984  49.041  37.056 0.0000000000
111455  52.239  49.839  36.992 0.0000000000
110801  52.435  48.980  36.619 0.0000000000
110818  52.946  48.151  36.319 0.0000000000
110800  53.111  47.673  36.260 0.0000000000
106713  52.306  40.169  31.678 0.0000000000
106142  51.975  39.816  31.210 0.0000000000
106143  50.934  39.524  31.235 0.0000000000
149915  49.190  36.715  32.172 0.0000000000
127024  48.592  36.788  31.810 0.0000000000
127027  49.001  36.655  32.799 0.0000000000
102918  45.401  34.875  37.054 0.0000000000
103550  45.061  35.277  36.443 0.0000000000
102919  44.689  34.552  36.760 0.0000000000
102920  43.912  34.147  36.298 0.0000000000
102286  44.038  33.418  36.460 0.0000000000
97084  46.171  26.306  36.497 0.0000000000
97874  45.667  27.927  36.666 0.0000000000
97090  46.120  26.459  35.680 0.0000000000
105499  42.909  37.892  32.878 0.0000000000
104868  43.333  37.432  31.820 0.0000000000
104262  43.098  35.922  29.822 0.0000000000
104277  43.278  35.217  29.020 0.0000000000
107224  49.528  41.351  34.373 0.0000000000
148465  48.726  41.734  34.592 0.0000000000
107225  47.934  41.277  34.871 0.0000000000
106105  46.210  39.878  35.034 0.0000000000
106685  46.741  40.337  35.166 0.0000000000
106138  43.900  38.927  32.748 0.0000000000
106127  43.789  39.291  33.540 0.0000000000
105491  43.281  38.726  33.186 0.0000000000
152774  42.509  37.935  33.521 0.0000000000
97047  50.542  26.254  42.767 0.0000000000
96256  50.657  25.799  42.082 0.0000000000
96255  51.443  25.749  42.503 0.0000000000
96260  54.140  25.000  41.947 0.0000000000
95480  53.496  24.702  41.159 0.0000000000
149392  54.171  24.703  40.567 0.0000000000
95498  54.103  24.672  39.700 0.0000000000
127657  48.457  53.425  28.531 0.0000000000
113845  48.040  52.414  28.307 0.0000000000
105495  53.125  38.526  31.808 0.0000000000
135502  53.237  37.805  32.464 0.0000000000
104216  52.970  36.438  34.371 0.0000000000
104228  53.536  36.338  33.611 0.0000000000
104202  53.438  35.628  34.805 0.0000000000
103573  54.389  34.885  34.516 0.0000000000
103557  53.992  34.841  35.289 0.0000000000
126797  54.234  33.925  48.264 0.0000000000
102819  54.805  33.958  47.226 0.0000000000
102205  54.240  33.162  48.717 0.0000000000
151484  51.726  32.691  47.903 0.0000000000
101517  53.729  32.733  48.556 0.0000000000
129934  52.573  32.655  47.583 0.0000000000
101534  52.519  32.525  46.416 0.0000000000
127031  51.139  32.585  45.840 0.0000000000
101535  50.415  32.617  46.415 0.0000000000
127624  48.942  32.598  46.253 0.0000000000
101555  47.390  32.416  45.665 0.0000000000
101571  46.795  32.087  44.980 0.0000000000
100825  46.041  31.737  45.346 0.0000000000
108389  49.908  43.569  36.542 0.0000000000
136613  49.233  45.014  36.531 0.0000000000
108386  52.481  43.231  35.763 0.0000000000
108387  52.058  43.812  36.152 0.0000000000
140873  52.079  44.501  36.293 0.0000000000
108984  52.960  44.537  35.866 0.0000000000
108996  53.536  44.737  35.300 0.0000000000
137055  53.432  43.273  34.898 0.0000000000
106121  52.961  40.114  33.565 0.0000000000
106695  53.157  40.959  33.959 0.0000000000
106130  53.007  39.993  32.659 0.0000000000
146627  51.070  35.144  35.117 0.0000000000
103576  49.820  36.063  34.872 0.0000000000
103544  49.964  35.146  36.085 0.0000000000
138639  48.696  33.657  37.874 0.0000000000
102915  48.652  34.937  36.938 0.0000000000
102903  48.093  34.500  37.538 0.0000000000
103534  47.279  34.993  37.296 0.0000000000
138098  47.064  33.595  38.257 0.0000000000
103602  40.431  34.617  31.878 0.0000000000
102319  40.326  33.762  31.232 0.0000000000
101667  39.708  33.259  33.045 0.0000000000
101666  40.513  32.765  32.670 0.0000000000
100929  41.426  31.451  33.020 0.0000000000
100928  41.869  31.060  33.122 0.0000000000
112039  50.503  49.687  34.790 0.0000000000
111492  49.656  49.422  33.872 0.0000000000
110836  47.908  47.712  33.857 0.0000000000
151603  47.363  47.811  33.394 0.0000000000
110837  47.126  47.105  33.487 0.0000000000
141940  52.448  39.504  37.599 0.0000000000
105467  52.621  38.643  38.068 0.0000000000
149275  52.797  39.102  38.380 0.0000000000
129777  53.281  38.023  39.809 0.0000000000
103512  52.320  35.660  41.738 0.0000000000
103499  52.433  35.467  43.677 0.0000000000
102833  53.569  34.713  46.113 0.0000000000
112614  41.777  51.236  33.822 0.0000000000
146736  41.740  49.904  34.432 0.0000000000
111475  42.970  48.276  35.531 0.0000000000
110808  44.057  47.281  36.375 0.0000000000
110807  44.919  47.285  36.237 0.0000000000
107784  47.165  42.820  37.050 0.0000000000
144332  46.725  44.201  36.773 0.0000000000
108391  47.351  43.647  36.748 0.0000000000
132587  48.179  43.879  36.601 0.0000000000
107202  48.693  41.982  36.798 0.0000000000
106088  50.746  39.753  37.709 0.0000000000
106663  50.386  40.354  37.219 0.0000000000
106662  51.424  40.212  37.187 0.0000000000
106661  52.251  40.035  37.114 0.0000000000
100125  49.568  29.865  38.591 0.0000000000
99383  49.154  29.594  38.236 0.0000000000
100126  48.940  29.572  38.805 0.0000000000
97062  46.750  26.603  39.376 0.0000000000
97851  46.638  27.283  39.345 0.0000000000
96278  46.797  26.006  39.004 0.0000000000
96282  46.589  26.014  38.288 0.0000000000
96281  47.035  25.351  38.433 0.0000000000
95491  50.117  24.915  40.189 0.0000000000
130740  49.191  25.108  40.188 0.0000000000
95501  50.437  24.571  39.459 0.0000000000
95520  50.201  24.345  37.220 0.0000000000
127053  49.777  24.321  37.829 0.0000000000
95521  49.315  24.315  37.278 0.0000000000
95541  48.751  24.396  36.672 0.0000000000
95540  49.732  24.407  36.380 0.0000000000
146126  48.923  24.714  35.162 0.0000000000
95556  49.669  24.573  35.387 0.0000000000
143784  48.627  38.863  30.509 0.0000000000
105515  48.213  38.376  29.748 0.0000000000
105514  49.051  38.319  29.634 0.0000000000
104885  50.976  36.758  28.741 0.0000000000
104886  49.933  36.823  28.849 0.0000000000
104286  50.746  36.539  28.925 0.0000000000
104256  50.041  36.537  30.110 0.0000000000
104253  54.266  36.228  30.611 0.0000000000
104267  53.938  36.019  29.611 0.0000000000
104266  54.173  35.413  30.289 0.0000000000
103597  53.609  34.724  31.986 0.0000000000
103606  53.798  34.917  30.962 0.0000000000
103586  52.967  34.797  32.800 0.0000000000
150178  52.052  35.410  32.980 0.0000000000
103587  52.234  34.931  33.686 0.0000000000
102942  52.511  34.339  34.346 0.0000000000
101638  53.579  32.405  36.419 0.0000000000
102283  52.806  32.906  36.112 0.0000000000
101639  52.595  32.282  36.797 0.0000000000
101625  53.245  31.878  37.104 0.0000000000
104190  51.622  36.876  37.509 0.0000000000
145794  51.690  36.983  36.630 0.0000000000
103533  51.635  35.977  37.795 0.0000000000
102881  53.578  33.792  40.009 0.0000000000
102892  52.921  34.356  38.569 0.0000000000
102891  53.919  33.710  38.997 0.0000000000
130918  54.345  33.637  37.959 0.0000000000
102252  55.174  33.486  39.484 0.0000000000
102222  56.111  33.419  45.891 0.0000000000
139761  56.158  33.442  44.165 0.0000000000
101564  56.282  32.899  44.516 0.0000000000
101585  55.929  32.132  42.592 0.0000000000
101584  56.187  32.397  42.594 0.0000000000
132744  56.069  32.428  40.982 0.0000000000
101597  56.195  32.750  39.862 0.0000000000
101598  55.798  32.255  40.305 0.0000000000
101601  55.823  32.347  39.219 0.0000000000
100857  54.907  32.030  39.748 0.0000000000
130187  52.912  31.701  40.924 0.0000000000
100858  53.765  31.623  40.178 0.0000000000
100859  52.470  31.482  39.942 0.0000000000
100860  51.453  31.353  39.912 0.0000000000
100868  50.845  30.733  39.121 0.0000000000
100851  51.175  31.676  40.821 0.0000000000
101595  49.976  32.102  41.861 0.0000000000
100853  49.330  31.672  41.214 0.0000000000
100854  48.513  31.433  41.476 0.0000000000
100116  47.983  30.880  40.845 0.0000000000
100855  47.805  31.079  41.805 0.0000000000
101569  49.499  32.525  44.701 0.0000000000
101579  49.440  32.422  43.993 0.0000000000
101580  48.705  32.247  43.571 0.0000000000
99373  46.589  29.473  43.087 0.0000000000
100115  46.653  30.091  42.614 0.0000000000
98619  46.812  28.777  42.607 0.0000000000
98618  47.206  28.204  42.537 0.0000000000
97837  47.701  27.769  42.943 0.0000000000
97839  49.095  26.925  42.996 0.0000000000
114449  46.003  55.521  30.889 0.0000000000
114464  44.084  53.418  30.190 0.0000000000
114463  44.954  54.152  30.299 0.0000000000
115106  47.054  55.365  29.984 0.0000000000
113819  49.222  53.331  30.589 0.0000000000
114447  49.280  54.413  30.128 0.0000000000
113818  49.730  53.086  30.381 0.0000000000
113804  50.061  52.479  31.254 0.0000000000
110805  47.581  47.551  36.396 0.0000000000
110804  48.726  47.731  36.549 0.0000000000
112026  49.595  50.020  36.046 0.0000000000
132374  48.386  49.490  35.683 0.0000000000
112598  48.500  50.521  34.563 0.0000000000
112607  49.160  51.202  34.057 0.0000000000
113158  51.422  51.276  35.405 0.0000000000
113162  50.862  51.703  34.945 0.0000000000
113161  51.270  51.755  34.520 0.0000000000
112604  51.474  51.809  34.086 0.0000000000
112595  51.432  51.423  34.734 0.0000000000
112038  51.513  50.871  35.224 0.0000000000
110820  51.400  48.884  35.717 0.0000000000
110200  51.567  46.918  35.233 0.0000000000
109602  50.578  45.989  34.691 0.0000000000
108422  53.569  44.028  33.979 0.0000000000
109008  53.511  45.035  34.429 0.0000000000
108423  53.167  43.867  33.485 0.0000000000
107235  51.943  42.123  33.005 0.0000000000
107826  52.247  42.885  33.211 0.0000000000
108425  51.508  43.472  33.808 0.0000000000
107827  51.257  42.534  33.651 0.0000000000
107223  50.350  41.968  34.153 0.0000000000
106144  49.915  39.256  31.331 0.0000000000
143100  49.715  39.703  33.168 0.0000000000
106145  48.376  39.179  31.480 0.0000000000
105529  47.136  37.523  29.467 0.0000000000
105530  46.333  37.342  29.364 0.0000000000
104890  46.596  36.782  29.383 0.0000000000
104260  46.359  36.377  31.390 0.0000000000
104261  45.637  35.866  30.593 0.0000000000
130356  44.377  35.075  30.364 0.0000000000
104248  45.004  35.727  31.347 0.0000000000
104205  48.101  36.297  35.244 0.0000000000
104234  47.927  36.634  33.819 0.0000000000
104221  46.715  36.465  34.744 0.0000000000
103577  44.388  35.762  34.833 0.0000000000
104223  44.854  36.232  33.965 0.0000000000
103589  44.079  35.703  34.027 0.0000000000
103590  43.536  35.039  33.383 0.0000000000
102943  43.006  34.523  34.152 0.0000000000
102952  42.572  33.600  33.363 0.0000000000
102944  42.778  33.953  34.699 0.0000000000
101649  43.169  32.802  35.580 0.0000000000
101650  42.716  32.746  34.867 0.0000000000
100915  42.988  32.010  34.962 0.0000000000
100162  42.972  31.218  34.610 0.0000000000
100171  43.403  30.656  34.582 0.0000000000
100141  48.307  29.571  38.184 0.0000000000
146599  48.915  30.807  37.953 0.0000000000
127879  47.053  29.477  38.223 0.0000000000
99402  45.640  29.925  37.325 0.0000000000
100142  46.347  30.502  38.191 0.0000000000
100143  45.801  31.333  37.906 0.0000000000
101616  45.895  32.287  38.130 0.0000000000
145014  45.589  30.945  37.402 0.0000000000
97895  47.146  27.672  33.812 0.0000000000
97887  46.424  27.764  34.443 0.0000000000
97896  47.059  28.642  33.866 0.0000000000
105497  44.290  38.693  32.034 0.0000000000
105507  44.004  37.868  31.457 0.0000000000
104873  44.330  37.343  30.360 0.0000000000
104880  44.779  36.774  29.422 0.0000000000
106113  48.297  39.754  34.206 0.0000000000
146413  47.497  39.663  34.269 0.0000000000
106114  46.875  39.452  33.847 0.0000000000
106115  45.985  39.546  34.282 0.0000000000
106125  45.254  39.411  33.393 0.0000000000
106137  44.569  39.193  32.738 0.0000000000
96248  52.129  25.924  43.255 0.0000000000
96254  52.463  25.478  42.519 0.0000000000
130050  52.957  25.604  43.036 0.0000000000
96259  55.601  25.400  41.957 0.0000000000
105483  52.825  39.281  34.038 0.0000000000
105490  52.832  38.130  33.435 0.0000000000
105484  52.583  38.440  34.451 0.0000000000
104203  52.546  36.424  35.188 0.0000000000
102785  52.596  33.450  49.809 0.0000000000
102197  53.755  33.099  49.262 0.0000000000
101492  52.556  32.858  49.736 0.0000000000
101519  50.709  32.703  47.794 0.0000000000
107797  51.226  42.165  36.379 0.0000000000
107796  52.462  42.333  35.728 0.0000000000
144088  53.076  41.878  35.295 0.0000000000
107210  53.268  41.531  35.133 0.0000000000
106683  53.056  40.815  35.423 0.0000000000
106110  53.002  40.293  34.704 0.0000000000
102284  51.147  33.641  36.693 0.0000000000
102913  50.518  34.409  36.456 0.0000000000
102901  50.151  33.784  37.213 0.0000000000
151652  49.468  33.433  37.667 0.0000000000
102263  48.415  33.074  38.209 0.0000000000
102963  40.915  34.312  30.669 0.0000000000
102973  40.756  33.958  30.558 0.0000000000
102326  40.907  33.710  30.576 0.0000000000
101670  40.671  33.076  31.881 0.0000000000
102312  41.415  32.812  32.228 0.0000000000
128951  41.916  32.320  33.047 0.0000000000
144439  49.931  48.134  35.118 0.0000000000
111484  49.001  48.048  34.505 0.0000000000
110203  47.986  46.148  34.217 0.0000000000
104854  41.177  37.888  35.253 0.0000000000
104855  40.500  37.360  35.709 0.0000000000
104212  39.870  36.483  35.779 0.0000000000
105456  52.383  39.325  38.638 0.0000000000
106074  52.828  39.185  38.691 0.0000000000
145816  53.027  39.116  39.236 0.0000000000
130358  53.659  39.077  39.946 0.0000000000
106667  46.191  40.696  37.896 0.0000000000
106666  47.049  40.625  37.694 0.0000000000
106665  47.862  40.575  37.555 0.0000000000
107188  48.391  41.266  37.175 0.0000000000
150809  48.936  40.926  37.171 0.0000000000
134990  48.651  40.490  37.444 0.0000000000
143734  49.856  39.925  37.608 0.0000000000
99380  47.140  29.254  39.860 0.0000000000
100127  48.061  29.387  39.137 0.0000000000
98623  46.697  28.296  40.364 0.0000000000
97058  46.825  26.929  39.986 0.0000000000
96270  47.771  25.732  40.009 0.0000000000
127055  52.015  24.384  39.042 0.0000000000
95508  50.920  24.392  38.783 0.0000000000
127054  51.545  24.380  38.130 0.0000000000
127052  51.225  24.403  37.225 0.0000000000
129921  51.420  24.493  36.308 0.0000000000
106151  50.432  38.948  30.423 0.0000000000
105513  49.945  38.300  29.545 0.0000000000
105512  50.898  38.346  29.576 0.0000000000
105524  51.343  37.498  29.000 0.0000000000
145520  51.788  36.862  28.691 0.0000000000
104241  54.502  35.265  32.151 0.0000000000
103605  54.372  34.856  31.694 0.0000000000
103596  54.441  34.652  32.672 0.0000000000
102960  53.953  34.375  32.776 0.0000000000
102940  54.346  33.904  33.648 0.0000000000
102941  53.593  33.738  34.216 0.0000000000
102303  53.776  33.415  34.743 0.0000000000
101648  54.037  32.760  35.711 0.0000000000
101624  54.291  32.375  36.811 0.0000000000
102879  51.814  35.052  40.091 0.0000000000
102883  51.815  35.345  39.247 0.0000000000
102878  52.411  34.475  40.506 0.0000000000
102877  53.321  33.883  41.010 0.0000000000
102246  54.543  33.616  41.566 0.0000000000
101549  54.720  32.379  45.809 0.0000000000
101565  56.073  32.425  44.819 0.0000000000
101576  55.428  32.199  43.874 0.0000000000
101586  55.436  32.145  42.926 0.0000000000
100841  55.331  32.091  41.912 0.0000000000
100849  54.996  32.005  40.805 0.0000000000
100842  54.372  31.980  42.341 0.0000000000
100843  53.103  31.933  41.881 0.0000000000
101593  52.016  31.848  41.418 0.0000000000
101589  49.691  32.259  42.682 0.0000000000
100833  47.072  31.825  44.134 0.0000000000
100838  47.356  31.515  43.377 0.0000000000
100112  46.416  30.336  43.504 0.0000000000
98616  46.721  28.947  43.548 0.0000000000
114450  45.515  55.425  31.310 0.0000000000
115683  46.690  56.330  31.549 0.0000000000
115098  46.810  55.939  30.843 0.0000000000
115696  47.630  56.124  30.660 0.0000000000
115692  47.629  56.254  30.869 0.0000000000
114448  48.488  54.802  30.588 0.0000000000
111486  44.119  48.930  34.852 0.0000000000
112044  44.379  49.658  34.194 0.0000000000
111485  44.993  49.020  34.754 0.0000000000
112029  45.806  49.141  34.725 0.0000000000
110178  50.329  47.122  36.707 0.0000000000
134998  49.993  47.864  36.685 0.0000000000
112016  50.348  49.740  36.561 0.0000000000
112025  50.886  50.526  36.468 0.0000000000
112589  50.328  50.811  35.746 0.0000000000
112581  51.965  50.330  36.794 0.0000000000
112013  52.031  50.201  36.802 0.0000000000
111468  52.172  49.854  36.616 0.0000000000
127684  52.436  48.992  36.603 0.0000000000
110193  52.913  47.502  35.778 0.0000000000
110199  52.827  46.740  35.361 0.0000000000
107245  52.885  42.090  32.680 0.0000000000
107825  53.006  43.020  32.922 0.0000000000
107246  52.586  41.577  32.626 0.0000000000
107247  52.486  41.710  32.592 0.0000000000
106706  51.721  41.374  32.754 0.0000000000
144837  50.858  40.806  33.300 0.0000000000
106131  51.478  40.177  31.954 0.0000000000
104272  48.076  36.968  29.715 0.0000000000
104273  47.124  36.696  29.760 0.0000000000
104258  47.883  36.814  30.667 0.0000000000
104259  47.043  36.650  30.872 0.0000000000
127022  46.963  36.625  32.059 0.0000000000
103563  46.502  35.755  36.328 0.0000000000
104207  46.533  36.179  35.632 0.0000000000
103564  45.672  35.893  35.913 0.0000000000
103565  44.738  35.594  35.687 0.0000000000
103566  43.951  35.197  35.399 0.0000000000
134064  43.276  34.651  35.077 0.0000000000
102933  43.208  34.081  35.545 0.0000000000
100906  43.782  32.245  35.795 0.0000000000
126800  46.385  27.851  37.915 0.0000000000
97867  45.930  27.903  37.361 0.0000000000
98641  45.658  28.849  37.130 0.0000000000
98646  45.482  28.837  36.236 0.0000000000
104238  41.674  36.635  33.748 0.0000000000
104249  41.982  36.229  32.673 0.0000000000
149033  42.134  35.841  31.663 0.0000000000
104875  43.078  36.608  31.099 0.0000000000
104263  42.537  35.864  30.800 0.0000000000
103610  41.750  35.049  30.559 0.0000000000
103611  41.617  34.370  29.956 0.0000000000
102976  42.072  34.233  29.617 0.0000000000
102971  42.183  33.924  29.807 0.0000000000
108414  49.278  43.297  34.414 0.0000000000
130421  48.037  42.312  34.672 0.0000000000
106699  47.618  40.250  34.798 0.0000000000
151412  43.335  39.604  34.233 0.0000000000
104859  42.176  37.960  34.060 0.0000000000
147648  45.710  40.456  38.226 0.0000000000
148729  47.035  39.543  38.322 0.0000000000
105459  48.034  38.762  38.882 0.0000000000
97052  49.437  26.297  41.848 0.0000000000
97053  48.569  26.527  41.501 0.0000000000
96263  50.074  25.760  41.528 0.0000000000
96268  50.657  25.258  41.005 0.0000000000
95482  51.673  24.875  40.994 0.0000000000
144548  52.021  25.256  41.836 0.0000000000
129937  51.862  24.496  40.033 0.0000000000
95499  52.880  24.409  39.769 0.0000000000
127056  53.262  24.432  38.919 0.0000000000
141908  52.814  39.176  31.367 0.0000000000
105503  52.764  38.763  30.683 0.0000000000
105502  53.276  38.220  30.863 0.0000000000
104867  53.718  37.285  31.397 0.0000000000
104242  54.353  36.191  31.679 0.0000000000
104863  53.344  37.065  33.076 0.0000000000
132801  54.184  36.002  32.732 0.0000000000
103585  54.614  34.780  33.800 0.0000000000
103556  54.823  34.237  34.829 0.0000000000
102911  54.762  33.757  36.022 0.0000000000
102854  54.520  34.336  45.033 0.0000000000
102853  55.898  33.954  45.713 0.0000000000
148915  55.630  33.774  46.340 0.0000000000
102831  55.399  33.232  46.619 0.0000000000
101504  54.074  32.886  48.943 0.0000000000
101532  54.864  32.850  47.386 0.0000000000
149028  55.276  32.743  46.541 0.0000000000
101550  53.155  32.387  45.584 0.0000000000
127623  52.445  32.368  44.743 0.0000000000
101567  51.359  32.462  44.313 0.0000000000
127029  50.895  32.581  45.022 0.0000000000
101552  50.116  32.564  45.365 0.0000000000
101553  49.169  32.575  45.329 0.0000000000
101570  47.657  32.302  44.701 0.0000000000
100109  46.147  30.810  44.253 0.0000000000
99363  45.933  29.713  44.726 0.0000000000
113808  46.137  53.568  31.774 0.0000000000
149931  47.892  45.005  36.548 0.0000000000
150913  47.349  46.787  36.497 0.0000000000
109586  48.333  45.489  36.538 0.0000000000
109585  49.481  46.073  36.572 0.0000000000
108388  51.122  43.781  36.456 0.0000000000
109584  50.946  46.541  36.699 0.0000000000
109583  51.819  46.087  36.602 0.0000000000
110177  52.191  47.222  36.700 0.0000000000
109582  52.861  46.839  36.448 0.0000000000
110175  53.213  47.236  36.284 0.0000000000
108983  53.435  45.612  35.803 0.0000000000
108411  53.577  44.022  34.737 0.0000000000
107806  53.403  42.472  34.777 0.0000000000
140487  53.495  42.737  33.950 0.0000000000
107234  53.244  42.458  33.228 0.0000000000
137901  52.654  41.102  32.524 0.0000000000
106140  52.570  40.099  31.869 0.0000000000
104217  50.179  36.194  34.069 0.0000000000
104232  49.562  36.472  33.448 0.0000000000
104218  49.282  36.383  34.283 0.0000000000
104204  48.938  36.219  35.064 0.0000000000
130365  48.575  35.911  35.796 0.0000000000
103546  48.210  35.518  36.461 0.0000000000
103561  47.759  35.986  35.948 0.0000000000
103548  46.585  35.292  36.976 0.0000000000
151337  46.026  35.024  37.205 0.0000000000
142326  45.686  33.776  37.777 0.0000000000
96335  47.502  25.343  35.102 0.0000000000
96336  46.673  25.893  35.317 0.0000000000
97098  47.169  26.179  34.547 0.0000000000
101660  38.821  33.297  34.490 0.0000000000
102954  39.294  34.017  32.839 0.0000000000
102314  39.381  33.823  32.777 0.0000000000
101659  39.615  32.890  34.041 0.0000000000
101651  40.172  32.177  34.334 0.0000000000
100173  41.309  30.328  33.193 0.0000000000
111493  48.670  48.603  33.777 0.0000000000
132508  47.911  44.783  34.254 0.0000000000
109605  47.547  45.443  34.046 0.0000000000
105473  52.446  38.947  36.573 0.0000000000
139916  51.913  37.948  36.548 0.0000000000
141118  52.350  38.575  37.291 0.0000000000
104841  52.136  37.681  37.994 0.0000000000
104181  51.812  36.955  38.445 0.0000000000
104172  52.631  37.771  39.079 0.0000000000
104173  51.968  36.591  39.341 0.0000000000
102875  51.899  35.282  40.788 0.0000000000
102871  52.498  34.747  42.366 0.0000000000
102866  53.151  34.777  44.204 0.0000000000
151341  54.097  34.551  46.923 0.0000000000
102810  53.386  34.444  48.575 0.0000000000
112059  42.938  50.031  34.065 0.0000000000
111488  42.365  48.837  35.109 0.0000000000
111487  43.213  48.888  34.983 0.0000000000
111473  44.699  48.415  35.342 0.0000000000
110181  46.144  46.719  36.479 0.0000000000
108378  45.832  43.167  37.347 0.0000000000
109588  45.701  45.378  36.768 0.0000000000
109587  46.480  45.465  36.644 0.0000000000
146295  47.370  45.388  36.577 0.0000000000
142760  48.836  43.286  36.598 0.0000000000
107201  49.311  41.430  36.839 0.0000000000
106677  50.181  41.011  36.774 0.0000000000
133426  50.261  41.847  36.575 0.0000000000
106676  51.747  40.739  36.612 0.0000000000
106099  52.506  39.791  36.816 0.0000000000
100138  50.331  30.277  37.980 0.0000000000
100148  50.112  30.571  37.752 0.0000000000
100139  49.572  29.830  38.090 0.0000000000
100140  49.047  29.649  38.044 0.0000000000
99395  47.519  29.147  38.406 0.0000000000
99385  47.510  28.906  38.683 0.0000000000
98626  46.868  28.513  38.441 0.0000000000
98635  46.494  28.276  38.021 0.0000000000
97075  46.382  26.654  37.911 0.0000000000
129597  46.350  26.160  37.288 0.0000000000
96306  46.732  25.400  36.734 0.0000000000
96269  48.519  25.579  40.388 0.0000000000
96276  48.387  25.167  39.741 0.0000000000
95503  48.193  24.744  38.941 0.0000000000
128508  49.873  24.409  38.607 0.0000000000
95502  48.957  24.463  38.766 0.0000000000
95510  48.345  24.468  38.156 0.0000000000
95523  47.803  24.571  37.535 0.0000000000
96305  47.389  24.771  36.969 0.0000000000
96317  47.493  24.858  36.133 0.0000000000
96316  48.212  24.772  35.470 0.0000000000
135587  47.046  39.152  31.251 0.0000000000
105504  46.148  38.694  30.660 0.0000000000
106154  46.876  38.826  30.547 0.0000000000
105516  47.392  38.368  29.779 0.0000000000
104888  48.605  37.238  29.492 0.0000000000
105526  49.513  37.460  29.173 0.0000000000
104887  49.243  37.110  29.222 0.0000000000
104287  49.243  37.050  29.242 0.0000000000
144888  49.350  36.728  29.937 0.0000000000
104257  49.426  36.769  31.274 0.0000000000
126996  50.347  36.563  31.451 0.0000000000
104878  52.795  37.497  29.452 0.0000000000
104283  53.228  36.175  29.195 0.0000000000
104268  52.734  35.940  29.359 0.0000000000
103615  54.014  35.026  30.397 0.0000000000
104254  53.106  35.587  30.385 0.0000000000
104255  52.096  36.032  30.325 0.0000000000
104243  51.313  36.237  31.565 0.0000000000
104231  50.441  36.281  33.191 0.0000000000
103588  51.213  35.693  33.717 0.0000000000
103574  51.567  35.042  34.471 0.0000000000
102928  52.845  33.704  34.877 0.0000000000
126533  52.323  33.633  35.645 0.0000000000
102912  51.434  34.120  36.034 0.0000000000
132638  51.875  32.927  36.760 0.0000000000
101626  51.780  32.177  37.230 0.0000000000
100894  51.706  31.381  37.667 0.0000000000
104198  52.271  36.239  35.988 0.0000000000
103524  52.161  35.212  38.181 0.0000000000
103532  52.594  35.168  37.178 0.0000000000
103543  53.139  35.224  36.163 0.0000000000
103531  53.805  34.359  36.577 0.0000000000
102899  54.607  33.565  36.938 0.0000000000
102273  55.436  33.118  37.555 0.0000000000
102238  55.233  33.668  43.537 0.0000000000
151237  55.458  33.522  42.825 0.0000000000
102242  55.743  33.440  42.143 0.0000000000
101574  56.309  32.952  43.284 0.0000000000
102241  56.215  33.221  42.384 0.0000000000
102245  55.795  33.381  41.144 0.0000000000
102251  55.965  33.205  39.084 0.0000000000
102261  55.978  33.017  38.163 0.0000000000
102272  55.494  32.843  37.478 0.0000000000
129158  55.655  32.725  37.682 0.0000000000
100879  54.856  32.323  38.022 0.0000000000
100880  54.137  31.742  38.359 0.0000000000
100866  53.964  31.618  39.099 0.0000000000
100881  53.277  31.482  38.368 0.0000000000
100893  52.595  31.424  37.766 0.0000000000
127799  52.352  31.244  38.372 0.0000000000
100137  51.443  30.849  38.051 0.0000000000
100123  50.863  30.537  38.336 0.0000000000
100869  50.052  30.550  39.331 0.0000000000
100120  49.171  30.522  39.546 0.0000000000
100852  50.248  31.706  41.027 0.0000000000
100862  49.619  31.271  40.283 0.0000000000
100122  47.549  30.086  40.318 0.0000000000
98621  46.710  28.647  41.153 0.0000000000
101578  50.314  32.420  43.512 0.0000000000
148370  49.374  32.330  43.307 0.0000000000
100845  48.333  31.593  42.339 0.0000000000
100846  47.610  31.255  42.630 0.0000000000
100118  46.822  29.906  41.794 0.0000000000
98620  46.987  28.305  41.791 0.0000000000
97843  48.049  27.123  41.867 0.0000000000
97049  48.873  26.770  42.248 0.0000000000
97048  49.675  26.515  42.568 0.0000000000
97042  51.557  26.464  43.771 0.0000000000
114473  49.192  54.140  28.758 0.0000000000
115104  48.755  55.584  29.824 0.0000000000
115103  49.240  54.785  29.333 0.0000000000
114460  49.536  54.238  29.299 0.0000000000
134500  50.147  52.791  30.053 0.0000000000
113803  50.504  52.330  31.120 0.0000000000
113189  51.171  52.030  32.066 0.0000000000
113192  46.022  52.678  31.743 0.0000000000
113191  46.722  52.369  31.544 0.0000000000
111471  46.967  48.458  35.769 0.0000000000
111469  48.951  49.202  36.274 0.0000000000
113180  47.195  51.563  32.170 0.0000000000
113190  48.013  52.184  31.594 0.0000000000
113179  49.562  51.981  32.506 0.0000000000
113163  50.301  51.665  34.407 0.0000000000
113169  50.930  52.036  34.221 0.0000000000
113789  50.411  52.219  32.286 0.0000000000
113177  51.238  52.180  32.920 0.0000000000
113167  51.521  51.959  33.332 0.0000000000
112054  51.509  51.105  34.173 0.0000000000
110201  50.003  46.561  34.814 0.0000000000
110198  53.345  46.556  35.563 0.0000000000
137994  52.908  45.931  34.869 0.0000000000
108424  52.653  43.680  33.396 0.0000000000
109009  52.252  44.699  34.137 0.0000000000
135975  52.283  45.321  34.444 0.0000000000
138799  51.355  44.928  34.371 0.0000000000
109010  50.387  44.462  34.382 0.0000000000
108413  50.362  43.734  34.312 0.0000000000
106697  49.570  40.546  34.191 0.0000000000
106707  50.032  40.279  33.676 0.0000000000
106123  48.750  39.538  33.361 0.0000000000
128098  48.177  39.333  32.498 0.0000000000
106146  47.573  39.235  31.758 0.0000000000
105518  45.849  38.065  29.964 0.0000000000
104879  45.568  37.167  29.353 0.0000000000
104292  44.623  35.783  28.920 0.0000000000
104290  46.313  36.514  29.326 0.0000000000
103622  44.884  35.680  29.050 0.0000000000
103623  44.215  35.290  28.868 0.0000000000
103618  43.589  34.888  28.938 0.0000000000
103609  43.606  34.608  29.455 0.0000000000
102961  42.982  34.129  30.110 0.0000000000
127026  48.212  36.726  32.909 0.0000000000
127025  47.296  36.637  33.078 0.0000000000
104246  46.413  36.528  32.675 0.0000000000
104222  45.818  36.447  34.383 0.0000000000
104236  45.678  36.452  33.309 0.0000000000
104237  44.941  36.142  32.699 0.0000000000
103599  44.384  35.451  31.869 0.0000000000
143417  43.825  35.095  32.290 0.0000000000
102951  43.175  34.306  31.827 0.0000000000
143211  42.578  33.730  32.199 0.0000000000
102311  42.086  32.842  32.863 0.0000000000
101657  42.400  32.176  34.027 0.0000000000
100882  49.479  31.168  37.801 0.0000000000
101613  48.523  32.071  38.218 0.0000000000
151894  47.707  32.198  38.355 0.0000000000
100884  47.444  30.450  38.239 0.0000000000
101614  47.181  31.749  38.376 0.0000000000
137675  47.053  32.734  38.378 0.0000000000
102265  46.249  33.167  38.213 0.0000000000
102277  45.512  33.027  37.836 0.0000000000
101630  44.956  32.975  37.362 0.0000000000
97880  45.843  27.331  35.278 0.0000000000
98652  45.642  28.844  35.491 0.0000000000
98659  46.574  29.145  34.453 0.0000000000
99423  46.071  29.539  35.042 0.0000000000
100153  45.441  30.850  36.669 0.0000000000
100904  45.145  31.726  36.708 0.0000000000
101640  44.461  32.939  36.786 0.0000000000
100905  44.492  32.379  36.433 0.0000000000
136297  56.635  25.770  42.789 0.0000000000
95478  56.087  25.485  41.123 0.0000000000
96267  56.837  25.678  41.148 0.0000000000
95487  55.302  25.118  40.313 0.0000000000
95481  52.553  24.819  41.333 0.0000000000
95486  56.397  25.507  40.444 0.0000000000
95488  53.428  24.553  40.353 0.0000000000
95500  51.219  24.471  39.514 0.0000000000
95504  47.560  25.053  38.849 0.0000000000
95511  47.642  24.781  38.251 0.0000000000
95522  48.521  24.370  37.424 0.0000000000
95542  47.981  24.477  36.820 0.0000000000
95557  48.901  24.528  35.858 0.0000000000
96253  53.494  25.306  42.557 0.0000000000
96264  49.123  25.831  41.032 0.0000000000
96275  48.844  24.746  39.418 0.0000000000
96293  46.664  25.618  37.691 0.0000000000
96318  46.891  25.388  35.836 0.0000000000
97056  48.165  26.161  40.786 0.0000000000
97061  47.097  26.214  39.696 0.0000000000
97066  46.584  26.623  38.746 0.0000000000
97085  45.724  27.126  36.175 0.0000000000
97099  46.418  26.675  34.881 0.0000000000
97841  47.564  27.711  42.192 0.0000000000
97848  46.732  27.655  40.181 0.0000000000
97866  46.251  27.351  37.734 0.0000000000
98640  46.049  28.438  37.669 0.0000000000
99377  46.991  29.661  40.911 0.0000000000
99401  45.937  29.995  37.898 0.0000000000
99415  45.654  29.788  35.656 0.0000000000
100114  47.186  30.596  42.203 0.0000000000
100117  47.351  30.412  41.328 0.0000000000
100834  46.350  31.449  44.500 0.0000000000
100835  45.726  31.157  44.951 0.0000000000
100883  48.697  30.020  37.890 0.0000000000
100885  46.417  31.449  38.282 0.0000000000
100891  55.187  32.894  37.043 0.0000000000
100896  45.385  31.755  37.370 0.0000000000
100897  44.938  32.343  37.088 0.0000000000
101491  52.987  33.065  49.667 0.0000000000
101505  53.463  32.898  49.285 0.0000000000
101516  54.440  32.901  48.327 0.0000000000
101547  56.306  32.935  45.372 0.0000000000
101566  55.001  32.254  44.863 0.0000000000
101573  56.359  32.900  42.645 0.0000000000
101581  47.898  32.114  43.846 0.0000000000
101583  56.370  32.837  42.350 0.0000000000
101590  48.862  32.085  42.834 0.0000000000
101591  56.332  32.774  41.808 0.0000000000
101592  55.981  32.183  41.865 0.0000000000
101610  55.890  32.691  38.029 0.0000000000
101611  55.821  32.513  38.322 0.0000000000
101637  54.358  32.671  36.142 0.0000000000
102184  52.207  33.076  50.156 0.0000000000
102198  53.207  33.491  49.422 0.0000000000
102234  56.270  33.551  45.180 0.0000000000
102248  55.877  33.301  40.138 0.0000000000
102264  47.757  32.981  38.327 0.0000000000
102278  45.155  33.542  37.484 0.0000000000
102292  54.350  33.265  35.081 0.0000000000
102294  43.426  33.464  35.950 0.0000000000
102786  52.004  33.317  50.214 0.0000000000
102800  52.931  34.010  49.245 0.0000000000
102820  53.795  34.571  47.726 0.0000000000
102898  55.009  33.156  36.695 0.0000000000
102902  49.087  34.200  37.350 0.0000000000
102904  47.200  34.352  37.859 0.0000000000
102905  45.849  34.479  37.501 0.0000000000
102906  45.164  34.188  37.340 0.0000000000
102917  46.553  34.744  37.488 0.0000000000
102926  54.888  33.795  35.200 0.0000000000
102932  43.696  34.633  35.745 0.0000000000
102949  54.534  34.402  33.283 0.0000000000
102958  54.258  34.636  32.065 0.0000000000
102968  54.185  34.973  30.895 0.0000000000
102969  54.115  34.771  31.291 0.0000000000
103514  52.366  36.322  40.783 0.0000000000
103515  51.805  35.817  40.093 0.0000000000
103542  54.197  34.414  35.859 0.0000000000
103545  49.063  35.352  36.295 0.0000000000
103547  47.328  35.553  36.595 0.0000000000
103559  50.299  35.480  35.364 0.0000000000
103562  47.079  36.001  36.011 0.0000000000
103579  40.639  35.904  34.447 0.0000000000
103607  45.275  35.708  29.332 0.0000000000
103608  44.942  35.455  30.065 0.0000000000
103616  53.713  35.447  29.932 0.0000000000
103619  42.870  34.658  29.256 0.0000000000
103624  43.884  35.359  28.795 0.0000000000
104208  45.974  36.314  35.188 0.0000000000
104215  53.884  35.605  34.095 0.0000000000
104220  47.617  36.489  34.633 0.0000000000
104227  54.590  34.942  33.072 0.0000000000
104233  48.732  36.583  33.642 0.0000000000
104244  50.619  36.379  32.361 0.0000000000
104271  48.950  36.978  29.478 0.0000000000
104275  45.718  35.980  28.978 0.0000000000
104284  52.773  36.076  29.015 0.0000000000
104285  51.858  36.363  28.876 0.0000000000
104289  47.300  36.997  29.563 0.0000000000
104291  45.476  35.969  28.916 0.0000000000
104877  53.291  36.879  29.467 0.0000000000
104884  52.577  36.685  28.927 0.0000000000
104889  47.694  37.199  29.566 0.0000000000
104892  45.343  36.310  29.007 0.0000000000
105455  52.965  39.002  38.779 0.0000000000
105510  53.131  37.880  30.054 0.0000000000
105528  47.962  37.628  29.470 0.0000000000
106078  47.721  39.374  38.342 0.0000000000
106086  52.591  39.294  38.227 0.0000000000
106092  46.669  40.048  38.057 0.0000000000
106112  49.223  39.890  34.012 0.0000000000
106122  50.624  40.148  32.875 0.0000000000
106128  42.965  39.144  33.899 0.0000000000
106141  52.434  39.566  31.247 0.0000000000
106152  49.498  38.846  30.431 0.0000000000
106710  52.157  40.435  31.784 0.0000000000
107189  47.473  41.321  37.412 0.0000000000
107190  46.721  41.260  37.593 0.0000000000
107191  45.318  40.862  38.135 0.0000000000
107200  51.056  41.332  36.566 0.0000000000
107222  53.380  41.853  34.201 0.0000000000
107785  46.309  42.590  37.368 0.0000000000
107800  48.547  42.601  36.703 0.0000000000
107836  52.913  42.269  32.706 0.0000000000
108390  47.977  43.060  36.703 0.0000000000
108401  53.248  43.766  35.306 0.0000000000
108412  51.304  44.214  34.172 0.0000000000
108986  49.065  44.132  36.549 0.0000000000
108989  46.200  44.778  36.775 0.0000000000
109007  53.624  44.649  34.627 0.0000000000
109022  53.443  44.461  33.981 0.0000000000
109023  53.009  44.478  33.782 0.0000000000
109581  53.370  46.542  36.139 0.0000000000
109593  53.485  46.231  35.681 0.0000000000
109600  53.497  45.762  35.011 0.0000000000
110182  45.404  46.706  36.496 0.0000000000
110191  53.416  47.029  36.030 0.0000000000
110823  44.394  47.809  35.879 0.0000000000
110824  43.533  47.754  36.001 0.0000000000
110832  47.680  46.805  33.977 0.0000000000
111458  48.319  48.365  36.354 0.0000000000
111459  47.461  48.184  36.175 0.0000000000
111472  45.543  48.567  35.243 0.0000000000
112014  52.037  50.274  36.915 0.0000000000
112015  51.342  50.122  37.010 0.0000000000
112024  51.982  50.538  36.127 0.0000000000
112040  49.054  50.332  35.346 0.0000000000
112045  43.458  49.530  34.427 0.0000000000
112057  44.893  50.142  33.583 0.0000000000
112582  51.829  50.451  36.654 0.0000000000
112587  51.809  50.531  36.378 0.0000000000
112588  51.390  51.006  36.116 0.0000000000
112600  41.365  50.509  34.256 0.0000000000
112613  42.231  50.390  33.989 0.0000000000
113176  51.438  52.046  32.807 0.0000000000
113178  50.755  52.161  33.354 0.0000000000
113821  43.577  53.257  30.532 0.0000000000
114472  49.516  54.107  28.929 0.0000000000
115085  47.329  56.322  31.205 0.0000000000
115096  49.232  54.957  29.646 0.0000000000
115105  48.194  55.566  29.762 0.0000000000
115112  48.909  55.040  29.367 0.0000000000
115682  47.192  56.361  31.331 0.0000000000
115691  48.255  56.208  30.431 0.0000000000
127306  46.991  39.327  33.020 0.0000000000
127491  46.674  27.887  38.769 0.0000000000
128880  47.822  25.228  39.374 0.0000000000
131387  56.118  33.264  41.671 0.0000000000
134715  48.491  46.282  36.551 0.0000000000
134720  49.445  44.150  34.403 0.0000000000
135156  46.855  28.456  39.496 0.0000000000
135644  52.832  48.189  36.539 0.0000000000
135988  46.726  28.856  41.849 0.0000000000
136614  48.246  43.196  34.454 0.0000000000
136764  46.729  47.089  36.403 0.0000000000
136958  45.851  55.319  32.673 0.0000000000
138467  50.406  45.453  36.576 0.0000000000
138554  47.827  55.680  31.205 0.0000000000
139035  54.264  32.461  46.652 0.0000000000
139193  48.604  55.510  29.804 0.0000000000
140582  46.611  56.358  32.012 0.0000000000
140857  53.113  41.611  33.144 0.0000000000
142417  56.265  25.470  39.864 0.0000000000
142506  44.164  50.316  33.528 0.0000000000
142562  52.927  39.135  39.800 0.0000000000
143385  46.110  30.245  44.208 0.0000000000
144084  47.731  39.443  33.464 0.0000000000
144560  51.941  42.452  36.054 0.0000000000
145291  52.722  41.869  35.596 0.0000000000
145918  49.483  48.868  34.417 0.0000000000
146337  53.013  42.679  32.823 0.0000000000
146386  47.713  46.165  36.546 0.0000000000
146639  51.284  48.122  36.996 0.0000000000
147108  50.571  36.413  29.273 0.0000000000
147662  47.230  36.579  34.030 0.0000000000
148134  54.320  34.572  32.562 0.0000000000
149027  53.879  35.479  29.842 0.0000000000
149175  54.887  34.263  34.203 0.0000000000
149455  46.466  26.090  37.795 0.0000000000
149576  54.056  25.765  43.874 0.0000000000
150236  41.952  37.359  33.974 0.0000000000
150856  48.625  25.466  34.049 0.0000000000
151062  46.863  44.870  36.651 0.0000000000
151134  50.642  25.565  41.601 0.0000000000
151896  54.782  32.490  37.414 0.0000000000
152439  45.938  36.258  29.028 0.0000000000
152601  48.617  56.164  30.333 0.0000000000
152602  52.398  41.298  32.437 0.0000000000
152651  51.409  40.691  32.581 0.0000000000
152870  50.546  44.123  36.520 0.0000000000
