#!ascii label  , from subject sub-v1s15x0050203_ses-1 vox2ras=TkReg
1360
38871  28.480  -35.240  6.471 0.8999999762
37823  28.273  -36.102  6.106 0.8000000119
38887  28.472  -35.375  5.650 0.8000000119
38909  27.448  -36.010  4.323 0.6999999881
38923  27.399  -35.197  4.026 0.8000000119
38872  28.006  -35.913  6.563 0.8999999762
39836  28.918  -34.510  5.905 1.0000000000
38907  28.421  -34.590  5.006 0.8999999762
38908  27.993  -35.346  4.753 0.8000000119
39873  26.918  -34.621  3.591 0.8000000119
39858  27.671  -34.546  4.191 0.8999999762
38941  26.193  -34.793  3.023 0.8000000119
40747  25.649  -34.109  2.557 0.6999999881
38854  27.062  -35.608  7.325 0.8000000119
38853  27.878  -35.347  7.073 0.8999999762
149451  27.313  -34.963  7.411 0.8999999762
135397  26.509  -34.856  7.505 0.8999999762
38856  24.941  -35.475  7.380 0.8999999762
39818  28.785  -34.473  6.624 0.8999999762
40713  28.027  -33.703  4.310 0.8999999762
40712  28.551  -32.967  4.672 1.0000000000
138383  27.124  -33.783  3.685 0.8999999762
127948  26.347  -34.009  3.190 0.8000000119
40748  25.091  -33.336  1.946 0.6999999881
127938  28.343  -33.977  7.375 0.8999999762
39799  27.069  -34.285  7.612 0.8999999762
39800  25.497  -34.673  7.494 0.8999999762
39801  24.536  -34.507  7.328 0.8999999762
38852  28.420  -34.624  7.050 0.8999999762
40679  28.828  -33.986  7.030 0.8999999762
39835  29.193  -33.750  5.887 1.0000000000
40728  26.935  -32.907  3.592 0.8000000119
147395  26.448  -33.365  3.287 0.8000000119
41585  24.602  -32.436  1.327 0.8000000119
41568  24.558  -31.817  0.882 0.8000000119
42469  24.808  -31.377  0.853 0.8000000119
129726  26.120  -34.001  7.627 0.8999999762
40669  25.034  -33.663  7.520 0.8999999762
39802  23.720  -34.456  7.008 0.8999999762
40667  27.692  -33.794  7.679 0.8999999762
150617  24.334  -33.027  7.428 0.8999999762
40670  24.045  -33.699  7.237 0.8000000119
39819  22.981  -34.517  6.621 0.8000000119
40666  28.717  -33.383  7.360 0.8999999762
40671  23.501  -32.824  7.216 0.6999999881
40680  23.221  -33.734  6.902 0.6999999881
139986  22.464  -33.852  6.610 0.6999999881
40678  29.166  -33.353  6.970 0.8999999762
40682  21.743  -33.296  6.574 0.6999999881
41502  29.439  -32.637  6.836 1.0000000000
41504  21.025  -32.506  6.546 0.6000000238
40693  29.359  -33.229  6.309 1.0000000000
40694  29.160  -33.073  5.479 1.0000000000
141592  27.763  -32.874  4.049 1.0000000000
146673  27.477  -33.315  3.868 0.8999999762
40730  25.309  -32.587  2.317 0.8000000119
41567  24.787  -31.637  1.907 0.8000000119
148730  24.749  -31.236  1.455 0.8000000119
142024  25.065  -30.824  1.151 0.8000000119
42452  24.673  -30.744  1.957 0.8000000119
43389  25.259  -30.248  1.317 0.8000000119
40668  26.880  -33.512  7.826 0.8999999762
41491  26.794  -32.863  8.065 0.8999999762
134167  25.928  -33.063  7.821 0.8999999762
41489  28.435  -32.781  7.787 0.8999999762
40681  22.609  -33.041  6.866 0.6999999881
40665  29.045  -32.721  7.381 0.8999999762
41495  22.719  -32.169  7.118 0.6000000238
41503  21.906  -32.365  6.876 0.6000000238
42391  20.432  -31.758  6.317 0.5000000000
41515  29.537  -32.459  5.994 1.0000000000
43323  19.952  -30.978  6.072 0.5000000000
42405  29.546  -31.699  5.729 1.0000000000
41516  29.060  -32.155  5.034 1.0000000000
42418  28.447  -31.406  4.494 1.0000000000
41531  28.170  -32.177  4.288 1.0000000000
41547  27.300  -32.161  3.775 0.8999999762
138920  26.092  -32.721  3.038 0.8000000119
42436  26.758  -31.433  3.559 0.8999999762
42437  26.016  -31.451  3.102 0.8000000119
41549  25.608  -31.943  2.747 0.8000000119
43359  26.041  -30.651  3.200 0.8999999762
135618  25.703  -29.824  3.073 0.8999999762
43376  24.729  -29.996  1.880 0.8000000119
44454  25.106  -29.481  1.514 0.8000000119
45568  24.866  -28.694  1.727 0.8000000119
45566  25.943  -28.666  1.441 0.8000000119
41492  24.987  -32.702  7.645 0.8999999762
41490  27.648  -32.988  8.000 0.8999999762
41480  27.176  -32.289  8.286 0.8999999762
41493  24.206  -32.258  7.524 0.6999999881
41494  23.435  -31.826  7.365 0.8000000119
42370  28.863  -31.967  7.852 0.8999999762
41479  28.065  -32.199  8.246 0.8999999762
148206  22.781  -31.453  7.283 0.6999999881
42374  22.086  -31.551  7.161 0.6000000238
42390  21.291  -31.654  6.785 0.6000000238
135209  22.410  -30.751  7.346 0.6999999881
42375  21.551  -30.858  7.058 0.6000000238
126452  20.749  -30.928  6.599 0.5000000000
42389  29.685  -31.755  6.663 1.0000000000
43321  29.771  -30.868  5.928 1.0000000000
138129  29.218  -31.174  5.065 1.0000000000
43340  28.489  -30.575  4.553 1.0000000000
43358  27.124  -30.736  3.759 0.8999999762
43322  29.250  -30.238  5.045 1.0000000000
150269  27.858  -30.865  4.204 0.8999999762
138962  27.615  -30.156  4.150 0.8999999762
44426  26.652  -29.851  3.604 0.8999999762
44428  25.163  -29.289  2.598 0.8999999762
44440  24.693  -29.333  2.048 0.8999999762
44410  27.331  -29.332  4.069 0.8999999762
44427  25.924  -29.179  3.271 0.8999999762
45555  24.696  -28.654  1.938 0.8999999762
45541  25.322  -28.565  2.844 0.8999999762
140774  26.284  -32.335  8.136 0.8999999762
42371  24.944  -31.896  7.770 0.8999999762
143606  25.714  -31.737  8.129 0.8999999762
42359  25.104  -31.108  7.964 1.0000000000
42372  24.169  -31.258  7.623 0.8000000119
42357  27.505  -31.547  8.436 0.8999999762
42373  23.252  -30.993  7.438 0.6999999881
42369  29.448  -31.419  7.520 0.8999999762
42355  29.080  -31.072  8.100 0.8999999762
146671  22.495  -29.932  7.461 0.6999999881
43295  21.790  -30.084  7.261 0.5000000000
43309  29.887  -30.866  6.993 1.0000000000
137692  20.326  -30.178  6.372 0.5000000000
43310  19.712  -30.168  5.748 0.5000000000
143119  30.019  -30.244  6.443 1.0000000000
134293  29.784  -29.871  5.700 1.0000000000
44395  29.150  -29.285  5.052 1.0000000000
44394  29.788  -29.021  5.631 1.0000000000
44409  28.280  -29.572  4.538 0.8999999762
45523  27.701  -28.819  4.366 0.8999999762
45524  27.030  -28.552  3.991 0.8999999762
49496  29.632  -24.823  1.853 0.6999999881
49510  29.055  -24.620  1.301 0.8000000119
49497  28.867  -24.917  2.010 0.8000000119
48592  28.065  -24.826  1.456 0.8000000119
42356  28.385  -31.374  8.314 0.8999999762
43279  26.844  -30.904  8.521 1.0000000000
131145  25.944  -31.020  8.359 1.0000000000
43280  25.371  -30.359  8.198 1.0000000000
144953  24.546  -30.384  7.859 0.6999999881
43293  23.714  -30.367  7.613 0.6999999881
43292  29.550  -30.596  7.760 0.8999999762
43294  23.008  -30.353  7.500 0.6999999881
140754  21.070  -30.143  6.862 0.6000000238
44382  19.946  -29.421  6.165 0.4000000060
45509  29.144  -28.393  5.131 1.0000000000
45522  28.383  -28.621  4.664 1.0000000000
48594  24.991  -25.522  1.065 0.8999999762
48607  31.680  -25.168  0.762 0.6000000238
48591  30.463  -24.944  1.751 0.6000000238
49509  29.993  -24.620  1.093 0.8000000119
49523  28.301  -24.516  0.731 0.8000000119
48582  27.190  -25.869  1.924 0.8999999762
147268  26.092  -25.782  1.477 0.8999999762
43277  28.630  -30.556  8.394 0.8999999762
43278  27.785  -30.761  8.530 0.8999999762
44349  24.889  -29.694  8.109 0.8000000119
138238  22.615  -29.306  7.585 0.6999999881
45483  21.588  -28.696  7.333 0.6000000238
45500  20.305  -28.679  6.438 0.4000000060
127811  29.975  -30.049  7.258 1.0000000000
44379  30.182  -29.459  6.429 1.0000000000
44393  30.265  -28.764  6.035 1.0000000000
45508  29.969  -28.172  5.634 1.0000000000
46595  29.243  -27.664  5.190 1.0000000000
47612  28.983  -26.923  4.988 1.0000000000
136526  24.706  -26.596  1.735 0.8999999762
47659  24.526  -25.657  1.583 0.8999999762
47673  24.737  -25.949  1.473 0.8999999762
49511  25.393  -24.900  0.612 0.8999999762
49536  32.972  -24.695  -0.518 0.6000000238
48618  32.579  -25.107  -0.125 0.6000000238
49520  31.224  -24.801  0.318 0.6000000238
49521  30.457  -24.610  0.166 0.8000000119
49522  29.386  -24.532  0.291 0.8000000119
126637  27.061  -24.589  0.800 0.8999999762
128970  27.103  -30.122  8.608 0.8999999762
127589  26.206  -30.260  8.464 0.8999999762
44347  26.446  -29.463  8.556 0.8999999762
44348  25.632  -29.643  8.364 0.8999999762
44363  23.172  -29.718  7.633 0.6000000238
43276  29.207  -30.353  8.219 1.0000000000
44345  28.882  -29.690  8.542 1.0000000000
133989  28.025  -29.977  8.619 1.0000000000
45481  23.173  -28.808  7.848 0.6000000238
45482  22.291  -28.695  7.607 0.6000000238
44361  30.125  -29.246  7.392 1.0000000000
44344  29.634  -29.712  8.058 1.0000000000
45480  29.905  -28.825  8.041 1.0000000000
44360  30.375  -28.759  6.723 1.0000000000
45507  30.447  -28.214  6.223 1.0000000000
46594  29.832  -27.262  5.439 1.0000000000
47611  29.647  -26.410  5.158 1.0000000000
47624  28.801  -26.113  4.715 1.0000000000
47625  28.172  -26.631  4.553 1.0000000000
48556  28.017  -25.829  4.352 1.0000000000
47626  27.355  -26.250  4.239 1.0000000000
48557  26.694  -25.934  3.861 1.0000000000
48566  25.809  -26.020  3.425 0.8999999762
47627  26.638  -26.621  3.866 0.8999999762
47658  24.555  -26.104  2.166 0.8999999762
49574  34.900  -23.765  -1.930 0.6000000238
133014  34.269  -24.413  -1.001 0.6000000238
49557  32.366  -24.208  -0.974 0.6000000238
49537  32.046  -24.657  -0.452 0.6000000238
44346  27.347  -29.345  8.694 0.8999999762
45467  25.804  -28.896  8.489 0.6999999881
44362  24.044  -29.519  7.853 0.6000000238
45469  24.101  -28.582  8.180 0.6000000238
147867  28.667  -28.751  8.870 0.8999999762
46572  22.600  -27.847  7.866 0.6000000238
130829  21.874  -28.115  7.533 0.5000000000
45464  29.355  -28.966  8.503 1.0000000000
45479  30.332  -28.528  7.472 1.0000000000
45462  30.252  -28.232  8.055 0.8999999762
45498  30.544  -28.212  6.894 1.0000000000
46593  30.491  -27.555  5.903 1.0000000000
47610  30.540  -26.784  5.661 1.0000000000
143240  27.239  -25.542  4.009 1.0000000000
48565  26.355  -25.316  3.540 1.0000000000
133501  25.046  -24.551  2.440 0.8999999762
48583  24.451  -25.446  2.064 0.8999999762
49512  24.445  -24.868  0.837 0.8999999762
49525  24.482  -24.561  0.206 0.8999999762
50573  34.356  -23.146  -2.162 0.6000000238
49556  33.464  -24.081  -1.037 0.6000000238
49558  31.322  -24.338  -1.073 0.6000000238
49539  30.523  -24.532  -0.811 0.6999999881
49540  29.181  -24.497  -0.656 0.6999999881
128971  28.585  -24.472  -0.109 0.6999999881
126979  27.583  -24.432  0.013 0.8000000119
49524  26.011  -24.374  -0.024 0.8999999762
49594  35.712  -23.968  -3.014 0.6000000238
49561  28.428  -24.490  -1.914 0.6999999881
49541  28.259  -24.394  -0.939 0.8000000119
49542  27.071  -24.351  -0.878 0.8999999762
45468  25.055  -28.360  8.391 0.6999999881
46571  23.510  -27.904  8.239 0.6000000238
45465  27.696  -28.656  8.911 0.8999999762
45466  26.669  -28.582  8.705 0.8000000119
153192  25.880  -28.234  8.597 0.6999999881
45463  29.698  -28.226  8.590 0.8999999762
45451  28.975  -27.969  9.133 0.8000000119
46570  30.606  -27.786  7.471 0.8999999762
46548  30.317  -27.620  8.377 0.8000000119
46585  30.692  -27.659  6.587 1.0000000000
47603  30.945  -26.988  6.233 1.0000000000
48543  30.488  -25.965  5.264 1.0000000000
48555  29.521  -25.546  4.686 1.0000000000
151241  28.624  -25.476  4.394 1.0000000000
49470  27.958  -25.075  3.974 1.0000000000
148847  27.107  -24.974  3.725 1.0000000000
49485  25.443  -24.883  3.045 0.8999999762
139191  24.474  -24.726  1.744 0.8999999762
49513  24.375  -24.881  1.091 0.8999999762
50558  32.610  -23.664  -1.549 0.6000000238
49559  30.331  -24.256  -1.671 0.6999999881
49543  24.753  -24.417  -0.681 0.8999999762
50611  35.854  -22.902  -4.090 0.6000000238
50572  35.198  -23.332  -2.562 0.6000000238
49560  29.301  -24.386  -2.046 0.6999999881
152350  27.663  -24.419  -1.660 0.6999999881
126411  24.285  -27.795  8.405 0.6000000238
46539  27.225  -27.862  9.030 0.8000000119
46551  25.566  -27.640  8.598 0.6999999881
144570  24.924  -27.566  8.479 0.6999999881
46549  29.650  -27.381  9.035 0.6999999881
150094  28.411  -27.541  9.303 0.8000000119
47576  30.355  -26.787  8.772 0.6999999881
47575  30.814  -27.024  7.877 0.6999999881
47602  31.309  -26.366  6.585 0.8000000119
47609  31.185  -26.272  5.846 0.8000000119
48534  31.595  -25.642  6.184 0.8000000119
49468  29.823  -24.789  4.263 1.0000000000
49469  28.903  -24.912  4.122 1.0000000000
143322  27.475  -24.486  3.446 1.0000000000
49498  26.957  -24.083  2.858 1.0000000000
49484  28.375  -24.385  3.579 1.0000000000
142023  26.531  -24.624  3.292 1.0000000000
49499  25.900  -24.257  2.732 1.0000000000
50513  25.210  -24.121  2.041 0.8999999762
50524  24.528  -24.414  1.231 0.8999999762
49526  24.356  -24.481  0.481 0.8999999762
51706  34.735  -22.678  -2.883 0.6000000238
50557  33.533  -23.408  -1.721 0.6000000238
50559  31.821  -23.917  -1.481 0.6000000238
50575  30.615  -23.744  -2.396 0.6999999881
130160  25.957  -24.356  -0.979 0.8999999762
49576  29.216  -24.138  -2.768 0.6999999881
49577  28.499  -24.308  -2.581 0.6999999881
49562  26.642  -24.287  -1.771 0.8999999762
49579  25.777  -24.084  -2.037 0.8999999762
46538  27.796  -27.148  9.336 0.6999999881
130847  26.806  -27.043  9.097 0.6000000238
46540  25.983  -26.983  8.807 0.6000000238
146149  23.838  -27.289  8.413 0.6000000238
46537  28.746  -27.104  9.357 0.6999999881
47563  27.224  -26.303  9.387 0.6000000238
47561  29.358  -26.293  9.330 0.6999999881
142259  30.947  -26.250  8.282 0.6999999881
149621  31.322  -25.788  7.832 0.6999999881
48542  31.401  -25.476  5.432 0.8000000119
48553  31.378  -24.997  4.864 0.8000000119
48554  30.592  -25.282  4.762 0.8000000119
49482  30.190  -24.246  3.768 0.8000000119
50497  27.879  -23.870  3.052 1.0000000000
50512  26.365  -23.606  2.255 1.0000000000
50510  28.253  -23.318  2.434 1.0000000000
50511  27.376  -23.571  2.516 1.0000000000
148438  26.392  -23.247  1.596 1.0000000000
50534  25.722  -23.232  0.972 1.0000000000
50535  24.567  -23.913  0.772 1.0000000000
50544  24.037  -23.943  -0.010 0.8999999762
50574  32.733  -23.155  -2.190 0.6000000238
49544  23.965  -24.282  -0.460 0.8999999762
51705  35.166  -22.550  -3.620 0.6000000238
51707  33.853  -22.536  -2.807 0.6000000238
128306  31.727  -23.504  -2.131 0.6999999881
152425  24.046  -24.270  -1.455 0.8999999762
49596  27.803  -24.023  -2.810 0.6999999881
50578  26.202  -23.725  -2.405 0.8999999762
47577  25.575  -26.267  8.838 0.5000000000
47562  28.181  -26.280  9.448 0.6000000238
48493  26.759  -25.590  9.349 0.5000000000
48505  30.334  -25.821  9.050 0.6999999881
48504  30.952  -25.435  8.474 0.6999999881
48520  31.545  -25.577  7.058 0.6999999881
49444  31.910  -24.922  6.437 0.6999999881
49452  31.920  -24.772  5.322 0.8000000119
49466  31.690  -24.492  4.622 0.8000000119
49467  30.788  -24.672  4.348 0.8000000119
49481  31.163  -24.167  3.933 0.8000000119
50494  30.638  -23.718  3.334 0.8000000119
50495  29.683  -23.715  3.258 0.8999999762
50496  28.772  -23.747  3.163 1.0000000000
50508  30.176  -23.276  2.732 0.8000000119
50509  29.265  -23.326  2.636 0.8999999762
50522  27.279  -23.158  1.950 1.0000000000
51670  24.882  -23.264  0.264 1.0000000000
51681  24.236  -23.220  -0.558 0.8999999762
50545  23.751  -23.895  -0.751 0.8999999762
49545  23.844  -24.213  -1.172 0.8999999762
51682  23.760  -23.312  -1.110 0.8999999762
50561  24.047  -24.030  -1.720 0.8999999762
51724  34.216  -22.224  -3.696 0.6000000238
51708  32.934  -22.606  -2.783 0.6000000238
50576  29.857  -23.818  -2.838 0.6999999881
50577  27.065  -23.699  -2.619 0.8000000119
50579  25.062  -23.864  -2.110 0.8999999762
51745  35.388  -22.373  -4.601 0.6000000238
50594  30.366  -23.345  -3.297 0.6999999881
50595  29.345  -23.655  -3.308 0.6999999881
51710  25.525  -23.353  -2.526 0.8000000119
134929  24.370  -23.475  -2.251 0.8999999762
50597  27.557  -23.564  -2.963 0.6999999881
51711  24.808  -22.757  -2.627 0.8999999762
48492  27.577  -25.503  9.437 0.5000000000
146777  29.497  -25.225  9.332 0.6999999881
133925  30.301  -24.916  9.092 0.6999999881
48503  31.416  -25.078  7.850 0.6999999881
136991  31.764  -24.665  7.207 0.6999999881
49451  32.277  -24.363  5.863 0.6999999881
50481  32.074  -23.931  4.249 0.8000000119
50507  31.203  -23.246  2.809 0.8000000119
152474  29.755  -22.951  2.233 0.8000000119
51645  29.020  -22.914  1.992 0.8999999762
136441  28.121  -22.813  1.654 1.0000000000
51656  27.070  -22.788  1.147 1.0000000000
51669  26.278  -22.647  0.213 1.0000000000
51643  30.676  -22.768  2.067 0.8000000119
51644  29.794  -22.657  1.604 0.8000000119
51667  28.197  -22.538  0.809 0.8999999762
51668  27.487  -22.495  0.220 0.8999999762
51692  25.152  -22.332  -0.973 1.0000000000
51693  23.998  -22.572  -1.230 1.0000000000
50580  23.651  -23.354  -1.866 0.8999999762
145897  31.209  -23.260  -2.806 0.6999999881
51694  23.489  -22.686  -1.629 0.8999999762
51725  33.191  -22.202  -3.544 0.6000000238
51726  32.219  -22.388  -3.477 0.6000000238
51712  23.721  -22.797  -2.226 0.8999999762
51727  31.297  -22.804  -3.421 0.6999999881
51729  29.836  -23.059  -3.925 0.6999999881
126955  29.169  -23.162  -3.614 0.6999999881
50598  26.726  -23.247  -2.798 0.6999999881
51732  25.938  -22.691  -2.760 0.8000000119
51731  27.763  -22.926  -3.256 0.6999999881
52929  24.835  -21.936  -2.761 0.8000000119
52930  23.779  -21.288  -2.560 0.8999999762
139632  26.900  -22.375  -3.026 0.6999999881
48491  28.513  -25.402  9.415 0.6000000238
49402  27.834  -24.673  9.346 0.5000000000
49414  29.556  -24.470  9.188 0.5000000000
49431  31.839  -23.938  7.369 0.6999999881
49412  31.425  -24.233  7.886 0.6999999881
49430  32.228  -24.078  6.670 0.6999999881
152414  32.493  -23.709  6.096 0.6999999881
134844  32.563  -23.582  5.493 0.6999999881
50480  32.612  -23.429  4.682 0.6999999881
50492  32.433  -23.303  3.792 0.8000000119
50493  31.631  -23.643  3.504 0.8000000119
134028  31.922  -22.653  2.350 0.8000000119
51654  30.618  -22.402  1.115 0.8000000119
51655  28.998  -22.594  1.238 0.8000000119
51679  28.360  -22.326  -0.142 0.8999999762
144214  27.068  -22.350  -0.450 0.8999999762
136916  26.281  -22.274  -0.766 1.0000000000
51665  30.512  -22.108  0.343 0.8000000119
52877  29.888  -22.022  -0.278 0.8000000119
51747  33.450  -21.784  -4.460 0.6000000238
52904  23.395  -21.728  -1.616 1.0000000000
51728  30.565  -22.781  -3.966 0.6999999881
51750  29.388  -22.559  -4.000 0.6999999881
52917  23.161  -21.959  -2.096 0.8999999762
149329  23.045  -21.604  -1.920 1.0000000000
51751  28.657  -21.969  -3.772 0.6999999881
138440  27.801  -22.053  -3.369 0.8000000119
52928  25.949  -21.816  -2.898 0.8000000119
50440  32.113  -23.295  7.199 0.6999999881
50459  32.468  -23.260  6.551 0.6999999881
50468  32.723  -23.092  5.938 0.6999999881
51618  32.999  -22.788  5.192 0.6999999881
51642  32.717  -22.541  3.202 0.6999999881
51634  33.017  -22.739  4.210 0.6999999881
51653  31.527  -22.311  1.466 0.8000000119
51652  32.219  -22.125  1.777 0.8000000119
51664  31.321  -21.854  0.568 0.8000000119
52891  28.437  -21.836  -1.045 0.8999999762
149914  27.766  -22.245  -0.561 0.8999999762
52890  29.405  -21.596  -1.047 0.8000000119
52902  27.962  -21.233  -1.435 0.8999999762
51691  26.103  -21.681  -1.244 0.8999999762
51748  32.463  -21.865  -4.341 0.6000000238
54107  27.587  -20.587  -1.559 0.8999999762
137672  26.956  -21.156  -1.493 0.8999999762
52903  24.701  -21.702  -1.311 1.0000000000
52942  33.769  -21.378  -5.382 0.6000000238
137146  23.916  -20.847  -1.569 0.8999999762
52947  29.482  -21.658  -4.384 0.6999999881
54108  23.065  -20.833  -1.776 0.8999999762
137142  27.064  -21.312  -3.231 0.8000000119
54136  25.045  -21.087  -2.996 0.8999999762
54121  23.395  -20.471  -2.470 0.8000000119
51585  32.354  -22.589  6.938 0.6999999881
138733  32.653  -22.681  6.385 0.6999999881
51598  33.267  -22.038  5.397 0.6999999881
51641  33.212  -21.803  2.901 0.6999999881
51633  33.355  -22.007  3.748 0.6999999881
153001  33.065  -21.591  2.265 0.6999999881
52889  30.177  -21.342  -0.978 0.8000000119
52901  28.913  -21.089  -1.432 0.8000000119
52900  29.660  -20.986  -1.380 0.8000000119
54105  29.283  -20.085  -1.475 0.8000000119
139199  25.618  -20.838  -1.500 0.8999999762
51749  31.361  -22.184  -4.264 0.6000000238
54106  28.378  -20.421  -1.540 0.8000000119
55237  27.744  -19.748  -1.569 0.8999999762
52943  32.802  -21.323  -5.269 0.6000000238
149603  30.242  -22.263  -4.436 0.6999999881
55240  23.527  -19.978  -1.775 0.8999999762
54122  23.145  -20.091  -2.190 0.8000000119
54135  26.703  -20.327  -3.381 0.6999999881
54137  24.164  -20.208  -3.110 0.8000000119
52810  33.088  -21.475  5.996 0.6999999881
52809  33.457  -21.343  5.158 0.6999999881
52829  33.608  -21.307  4.259 0.6999999881
52876  30.810  -21.507  -0.233 0.8000000119
147483  30.712  -20.887  -0.754 0.8000000119
52899  30.183  -20.546  -1.223 0.8000000119
150725  28.526  -19.826  -1.540 0.8000000119
129818  26.790  -20.272  -1.579 0.8999999762
55238  25.828  -19.733  -1.561 0.8999999762
52944  31.816  -21.459  -5.119 0.6000000238
55239  24.566  -19.932  -1.568 0.8999999762
52946  30.185  -21.415  -4.777 0.6999999881
136463  23.950  -19.209  -1.615 0.8999999762
54134  27.687  -20.506  -3.636 0.6999999881
140509  25.556  -20.236  -3.290 0.8000000119
55272  23.263  -19.016  -2.628 0.8000000119
55269  26.231  -19.461  -3.511 0.6999999881
55270  24.997  -19.333  -3.359 0.8000000119
54138  23.457  -19.766  -2.745 0.8000000119
52960  32.330  -20.558  -5.657 0.6000000238
56274  26.096  -18.832  -1.602 0.8999999762
131940  24.886  -19.005  -1.540 0.8999999762
52961  31.400  -20.609  -5.390 0.6000000238
56275  24.009  -18.333  -1.571 0.8999999762
54150  28.706  -20.833  -4.087 0.8000000119
56276  23.489  -19.020  -1.880 0.8999999762
56303  23.554  -18.258  -3.065 0.8000000119
55268  27.275  -19.598  -3.684 0.6999999881
56302  24.458  -18.370  -3.375 0.8000000119
57249  24.123  -17.514  -3.185 0.8000000119
54148  30.542  -20.717  -5.132 0.6999999881
56273  27.303  -18.719  -1.586 0.8000000119
54149  30.229  -19.889  -5.198 0.5000000000
134631  29.678  -20.613  -4.723 0.6000000238
55286  29.587  -19.595  -4.814 0.6000000238
54151  28.213  -19.805  -4.083 0.6999999881
57220  23.585  -17.828  -1.912 0.8000000119
55287  28.800  -19.068  -4.509 0.6000000238
55288  27.754  -18.889  -4.182 0.6000000238
56301  25.711  -18.552  -3.557 0.6999999881
130378  25.168  -17.609  -3.526 0.8000000119
56304  23.309  -18.201  -2.636 0.8000000119
56317  26.272  -17.835  -3.812 0.6000000238
138074  26.315  -17.945  -1.601 0.8000000119
57218  25.364  -17.131  -1.659 0.8000000119
57219  24.202  -17.315  -1.731 0.8999999762
55303  30.071  -19.187  -5.200 0.6000000238
58215  24.161  -16.785  -2.891 0.8000000119
57233  23.766  -17.200  -2.274 0.8000000119
58189  24.119  -16.792  -2.025 0.8000000119
57217  26.511  -17.069  -1.617 0.8000000119
58188  24.668  -16.647  -1.890 0.8000000119
56327  29.606  -18.772  -4.891 0.6000000238
128567  29.079  -18.282  -4.658 0.6000000238
58201  24.275  -16.648  -2.453 0.8000000119
56316  27.235  -18.039  -4.156 0.6000000238
152843  24.798  -16.130  -3.233 0.6999999881
58200  24.738  -16.202  -2.391 0.8000000119
147366  27.190  -16.744  -4.393 0.6000000238
58232  25.373  -15.827  -3.743 0.6000000238
59161  25.181  -15.519  -3.419 0.6999999881
57260  28.874  -17.521  -4.568 0.6000000238
57261  28.026  -17.139  -4.481 0.6000000238
58185  28.015  -16.461  -1.599 0.8000000119
58187  25.621  -16.268  -1.932 0.8000000119
56326  30.276  -18.606  -5.123 0.6000000238
58186  26.919  -16.329  -1.763 0.8000000119
56325  30.964  -18.658  -5.215 0.5000000000
59145  25.442  -15.598  -2.620 0.8000000119
56314  30.486  -18.074  -4.885 0.6000000238
60073  25.400  -14.703  -3.823 0.6000000238
56313  31.096  -18.281  -4.823 0.5000000000
128446  29.728  -17.945  -4.800 0.6000000238
58231  26.224  -16.269  -4.245 0.6000000238
141781  29.425  -17.077  -4.491 0.6000000238
58230  27.709  -16.390  -4.484 0.6000000238
132227  26.893  -15.851  -4.513 0.6000000238
59174  26.743  -14.871  -4.820 0.6000000238
59127  27.466  -15.741  -1.996 0.8000000119
59128  26.351  -15.688  -2.234 0.8000000119
59126  28.591  -15.749  -1.711 0.8000000119
59143  27.954  -15.171  -2.407 0.6999999881
59144  26.872  -15.185  -2.596 0.6999999881
57259  30.146  -17.410  -4.511 0.6000000238
60084  25.642  -14.302  -4.407 0.6000000238
60072  25.688  -14.070  -3.813 0.6000000238
60056  25.528  -14.965  -3.298 0.6999999881
57247  30.586  -16.988  -3.934 0.5000000000
133294  26.069  -14.247  -4.797 0.6000000238
58227  29.935  -16.664  -4.172 0.5000000000
141884  27.729  -15.608  -4.586 0.6000000238
59173  27.587  -14.696  -4.917 0.6000000238
58213  30.437  -16.318  -3.707 0.5000000000
60040  28.896  -15.018  -2.144 0.6999999881
130663  27.226  -14.564  -3.063 0.6000000238
60071  26.347  -13.793  -3.711 0.6000000238
60055  26.159  -14.637  -3.246 0.6000000238
60987  26.014  -13.285  -4.412 0.6000000238
60070  27.485  -13.796  -3.461 0.6000000238
58214  29.812  -15.864  -3.934 0.5000000000
137203  28.741  -15.334  -4.462 0.6000000238
60081  27.991  -14.244  -5.172 0.6000000238
150238  27.477  -14.272  -5.202 0.6000000238
60988  25.837  -13.704  -4.371 0.6000000238
60986  26.603  -12.926  -4.327 0.6000000238
59160  29.863  -15.012  -3.988 0.6000000238
60080  29.169  -14.347  -4.663 0.6000000238
59159  30.727  -15.579  -3.521 0.5000000000
60068  31.607  -14.749  -3.469 0.4000000060
60069  30.681  -14.699  -3.763 0.5000000000
60054  28.272  -14.473  -2.773 0.6000000238
60969  28.542  -13.766  -3.167 0.6000000238
60093  27.594  -13.399  -5.499 0.6000000238
61014  26.149  -12.809  -5.127 0.6000000238
60985  27.744  -13.150  -3.816 0.6000000238
61001  28.578  -13.549  -5.382 0.6000000238
61012  27.878  -12.660  -5.681 0.6000000238
60079  30.180  -14.187  -4.335 0.5000000000
61000  29.617  -13.604  -5.021 0.6000000238
60078  31.121  -13.950  -4.053 0.4000000060
61956  26.548  -12.311  -5.151 0.6000000238
61928  27.305  -12.329  -4.505 0.5000000000
60984  28.693  -12.920  -3.708 0.5000000000
61013  26.887  -12.699  -5.438 0.6000000238
62899  27.142  -11.879  -5.249 0.5000000000
61011  29.155  -12.811  -5.628 0.6000000238
144564  29.909  -13.173  -5.291 0.5000000000
60999  30.537  -13.351  -4.829 0.4000000060
60983  29.875  -12.990  -3.145 0.4000000060
61955  27.362  -12.177  -5.596 0.6000000238
61954  28.348  -11.888  -6.001 0.6000000238
62898  27.816  -11.391  -5.457 0.4000000060
61010  30.163  -12.682  -5.520 0.4000000060
62910  30.700  -11.955  -5.947 0.4000000060
61939  28.147  -11.226  -4.997 0.4000000060
61953  29.514  -11.938  -6.040 0.4000000060
61964  28.107  -11.270  -6.012 0.4000000060
61009  30.969  -12.692  -5.285 0.4000000060
61963  28.864  -11.173  -6.343 0.4000000060
61926  30.332  -12.333  -3.450 0.4000000060
62885  29.920  -11.726  -4.194 0.4000000060
62912  28.232  -10.783  -5.951 0.4000000060
141887  30.809  -11.201  -6.451 0.4000000060
61962  29.914  -11.238  -6.448 0.4000000060
62919  29.252  -10.547  -6.527 0.4000000060
62920  28.570  -10.667  -6.241 0.4000000060
129026  30.706  -11.757  -3.665 0.4000000060
136051  29.343  -10.864  -4.871 0.4000000060
62886  28.795  -11.429  -4.667 0.4000000060
136364  30.266  -10.589  -6.620 0.3000000119
63963  28.609  -10.002  -6.007 0.4000000060
62911  28.364  -10.813  -5.537 0.4000000060
62897  30.546  -11.149  -4.258 0.4000000060
48581  28.054  -25.317  2.016 0.8000000119
47672  25.272  -26.347  1.442 0.8999999762
47671  26.384  -26.588  1.662 0.8999999762
46652  25.617  -27.278  1.523 0.8999999762
140756  28.423  -27.621  4.707 1.0000000000
144919  24.797  -28.754  2.239 0.8999999762
44411  26.660  -29.071  3.679 0.8999999762
46607  26.614  -27.633  3.822 0.8999999762
46606  27.441  -27.114  4.336 1.0000000000
46639  24.793  -27.710  1.825 0.8999999762
45540  26.199  -28.463  3.480 0.8999999762
140163  25.513  -27.795  3.154 0.8999999762
149788  24.858  -27.243  1.677 0.8999999762
47642  25.744  -26.950  3.371 0.8999999762
61927  28.170  -11.916  -4.519 0.4000000060
61940  27.282  -11.685  -5.029 0.4000000060
130676  29.368  -12.295  -3.972 0.4000000060
129389  28.753  -33.775  5.208 1.0000000000
40729  25.841  -33.364  2.752 0.8000000119
38855  26.060  -35.566  7.442 0.8999999762
39817  29.106  -33.911  6.490 1.0000000000
42419  27.625  -31.459  3.991 0.8999999762
41548  26.437  -32.110  3.355 0.8000000119
42438  25.205  -31.081  2.535 0.8000000119
43390  24.944  -30.037  1.567 0.8000000119
43360  24.975  -30.120  2.413 0.8999999762
44441  24.785  -29.336  1.832 0.8000000119
46653  25.102  -27.954  1.564 0.8000000119
133143  24.825  -27.957  2.318 0.8999999762
42358  26.569  -31.651  8.367 0.8999999762
142492  21.991  -29.364  7.439 0.6000000238
44381  20.669  -29.412  6.645 0.4000000060
140852  27.580  -28.050  4.366 0.8999999762
48580  29.034  -25.579  2.448 0.6999999881
48590  31.335  -25.209  1.601 0.6000000238
48593  26.737  -25.159  1.363 0.8999999762
44350  24.646  -29.069  8.159 0.6999999881
45499  20.959  -28.682  6.905 0.4000000060
46638  24.687  -26.991  2.186 0.8999999762
49538  31.245  -24.642  -0.318 0.6999999881
144272  29.885  -24.540  -0.463 0.6999999881
146267  28.157  -29.302  8.764 0.8999999762
150651  25.573  -25.396  3.252 0.8999999762
48567  24.915  -25.561  2.802 0.8999999762
47643  24.979  -26.461  2.841 0.8999999762
151708  29.201  -28.489  8.803 0.8000000119
46553  23.211  -27.103  8.277 0.5000000000
47574  31.239  -26.390  7.416 0.8000000119
47591  31.036  -27.086  6.994 0.8999999762
49575  29.837  -24.102  -2.359 0.6999999881
49563  25.283  -24.252  -1.439 0.8999999762
49578  26.891  -24.000  -2.344 0.8000000119
128559  25.204  -26.957  8.601 0.6000000238
47564  26.374  -26.299  9.139 0.6000000238
49483  29.272  -24.300  3.678 1.0000000000
50523  25.409  -23.679  1.535 1.0000000000
49580  24.646  -24.164  -1.675 0.8999999762
47578  24.651  -26.241  8.624 0.5000000000
48494  26.000  -25.597  9.128 0.5000000000
49465  32.307  -24.136  5.068 0.8000000119
50562  23.719  -23.602  -1.397 0.8999999762
49401  28.731  -24.530  9.267 0.6000000238
49413  30.902  -24.582  8.491 0.6999999881
126550  29.824  -22.406  0.724 0.8000000119
132728  22.869  -21.043  -2.051 0.8999999762
50418  30.775  -23.735  8.381 0.6999999881
144966  32.676  -22.081  2.357 0.8000000119
51666  29.073  -22.381  0.321 0.8999999762
146148  27.281  -21.848  -1.130 0.8999999762
52927  28.016  -21.311  -3.600 0.8000000119
151709  26.098  -20.953  -3.169 0.8000000119
51599  32.968  -22.377  5.928 0.6999999881
51617  33.363  -22.081  4.651 0.6999999881
153100  31.429  -21.300  0.080 0.8000000119
55241  23.226  -20.110  -1.958 0.8999999762
145453  26.792  -19.461  -1.598 0.8999999762
56300  26.807  -18.717  -3.760 0.6999999881
139460  25.141  -18.071  -1.579 0.8999999762
142211  24.834  -16.716  -3.346 0.6999999881
57262  26.710  -17.216  -4.169 0.6000000238
57248  25.744  -16.875  -3.809 0.6000000238
59146  25.125  -15.524  -3.092 0.8000000119
59175  25.844  -15.111  -4.435 0.6000000238
136367  25.994  -15.198  -2.780 0.6999999881
58229  28.552  -16.501  -4.462 0.6000000238
60083  25.908  -13.520  -4.847 0.6000000238
61002  26.104  -12.687  -4.846 0.6000000238
62884  31.435  -11.355  -3.543 0.4000000060
144317  28.779  -10.060  -6.301 0.4000000060
133348  24.912  -26.911  1.554 0.8999999762
34592  24.158  -39.345  1.715 0.4000000060
33549  24.685  -40.559  3.339 0.4000000060
140412  24.364  -41.392  3.839 0.4000000060
129024  24.554  -38.629  1.989 0.4000000060
33548  25.321  -40.228  3.894 0.4000000060
33529  24.983  -40.814  4.292 0.4000000060
151964  24.965  -38.315  2.420 0.3000000119
34557  24.981  -39.793  3.035 0.4000000060
35636  24.711  -37.720  2.046 0.4000000060
36727  24.590  -36.698  1.725 0.4000000060
37900  24.123  -35.878  0.903 0.4000000060
152913  23.634  -35.252  0.179 0.4000000060
132530  25.743  -39.903  4.461 0.5000000000
151203  24.739  -41.251  4.807 0.4000000060
127455  25.961  -38.770  3.543 0.4000000060
34556  25.629  -39.529  3.667 0.4000000060
140236  25.288  -37.146  2.509 0.5000000000
37885  25.246  -36.422  2.390 0.4000000060
37886  24.828  -35.818  1.910 0.4000000060
38959  24.298  -35.000  1.045 0.5000000000
39904  23.852  -33.981  0.395 0.5000000000
40766  23.680  -33.118  -0.259 0.6000000238
40789  23.736  -33.246  -0.942 0.5000000000
135839  24.420  -32.494  -0.512 0.6000000238
40778  25.322  -32.905  -0.153 0.4000000060
34537  25.879  -39.875  5.307 0.5000000000
33511  25.428  -40.302  5.698 0.5000000000
32529  24.350  -41.132  6.171 0.5000000000
32530  23.745  -41.658  6.249 0.5000000000
35619  26.559  -38.504  4.300 0.6000000238
34536  26.255  -39.340  4.629 0.6000000238
153173  26.186  -38.074  3.501 0.5000000000
36700  26.704  -37.621  3.998 0.6000000238
36715  25.958  -37.365  3.144 0.5000000000
37872  25.742  -36.673  2.824 0.5000000000
38925  25.854  -35.767  2.781 0.4000000060
38942  25.087  -35.143  2.035 0.6000000238
39886  24.818  -34.246  1.685 0.6000000238
40765  24.273  -33.202  0.842 0.6000000238
41586  24.016  -32.392  0.218 0.6000000238
41597  24.310  -31.979  -0.025 0.6000000238
42477  25.217  -31.461  0.468 0.6000000238
127515  23.889  -32.599  -0.590 0.6000000238
42468  26.048  -31.398  0.787 0.6000000238
42467  26.972  -31.461  1.479 0.6000000238
34515  25.802  -39.773  6.036 0.5000000000
33492  25.246  -40.137  6.181 0.5000000000
33493  24.582  -40.287  6.351 0.5000000000
134467  23.298  -41.418  6.461 0.5000000000
35603  27.004  -38.172  4.891 0.6000000238
34514  26.364  -39.329  5.684 0.6000000238
36699  27.293  -37.553  4.980 0.6000000238
37871  26.354  -36.722  3.382 0.5000000000
37856  27.085  -36.828  4.187 0.6000000238
147935  25.535  -34.823  2.460 0.6000000238
149044  25.734  -30.959  0.866 0.6000000238
141827  27.015  -30.035  1.577 0.6999999881
34497  25.288  -39.477  6.392 0.6000000238
33494  23.836  -40.912  6.448 0.5000000000
147036  22.939  -40.639  6.607 0.5000000000
35604  26.774  -38.762  5.286 0.6000000238
35583  26.875  -38.766  6.019 0.6000000238
34496  26.158  -39.118  6.244 0.6000000238
35570  23.430  -38.926  6.678 0.5000000000
147528  22.170  -40.201  6.602 0.5000000000
35582  27.285  -38.150  5.741 0.6000000238
38924  26.757  -35.415  3.531 0.6000000238
128919  26.236  -29.930  1.302 0.6999999881
35568  25.641  -38.604  6.588 0.6000000238
35569  24.876  -38.762  6.667 0.6000000238
130835  24.358  -39.337  6.592 0.6000000238
35566  27.136  -38.199  6.196 0.6000000238
127621  24.114  -38.397  6.708 0.6000000238
34499  22.636  -39.518  6.638 0.6000000238
34500  21.699  -39.583  6.461 0.6000000238
36666  26.911  -37.740  6.553 0.6000000238
34501  20.982  -39.689  6.196 0.5000000000
36680  27.558  -37.418  5.691 0.6000000238
35573  21.158  -38.862  6.076 0.6000000238
44452  26.702  -29.317  1.515 0.6999999881
144995  23.907  -37.580  6.785 0.6000000238
37826  26.359  -37.097  7.029 0.6000000238
36667  25.990  -37.840  6.807 0.6000000238
36668  24.855  -37.879  6.900 0.6000000238
35571  22.533  -38.420  6.565 0.6000000238
127464  21.918  -38.867  6.475 0.6000000238
36665  27.468  -37.486  6.192 0.6000000238
35572  21.701  -38.031  6.273 0.6000000238
37838  27.885  -36.822  5.896 0.6000000238
38888  28.042  -36.134  5.392 0.6000000238
45554  27.008  -28.417  1.706 0.6999999881
37825  27.194  -36.967  6.724 0.6000000238
146890  24.187  -36.804  6.984 0.6999999881
37824  27.754  -36.605  6.362 0.6000000238
46651  26.728  -27.478  1.733 0.6999999881
37827  25.307  -37.069  7.163 0.6999999881
37810  27.483  -36.173  6.887 0.6999999881
37828  23.245  -36.971  6.618 0.6999999881
36670  22.366  -37.380  6.417 0.6000000238
134539  22.428  -36.275  6.323 0.6000000238
36671  21.752  -36.837  6.115 0.5000000000
47656  28.168  -26.134  2.418 0.8000000119
37812  25.693  -36.332  7.328 0.6999999881
148513  24.818  -36.301  7.252 0.6999999881
37813  24.129  -35.813  7.023 0.6999999881
131475  23.366  -36.039  6.651 0.6999999881
37839  21.085  -36.689  5.718 0.5000000000
38873  23.501  -35.202  6.777 0.6999999881
38874  22.740  -35.327  6.428 0.6000000238
38875  21.903  -35.446  6.133 0.6000000238
52856  32.659  -21.652  1.748 0.6999999881
52864  32.116  -21.752  1.142 0.6999999881
52888  31.391  -20.695  -0.270 0.6999999881
52855  33.490  -21.178  2.544 0.6000000238
54092  30.783  -20.091  -0.726 0.6999999881
55235  30.143  -19.607  -1.157 0.6999999881
55236  28.519  -19.089  -1.504 0.6999999881
56272  28.042  -18.069  -1.492 0.6999999881
52844  33.617  -21.252  3.357 0.6000000238
54065  33.140  -20.535  1.428 0.6000000238
52875  32.016  -21.086  0.435 0.6999999881
54091  31.446  -19.680  -0.328 0.6999999881
54043  33.893  -20.570  3.886 0.6000000238
152764  29.479  -18.982  -1.310 0.6999999881
56271  28.949  -18.169  -1.363 0.6999999881
57216  27.563  -17.182  -1.531 0.6999999881
54055  33.996  -20.497  2.925 0.6000000238
54064  33.631  -20.578  2.075 0.6000000238
55194  33.115  -19.815  1.138 0.6000000238
55212  32.031  -19.109  0.067 0.6999999881
55223  30.766  -19.082  -0.629 0.6999999881
56261  29.715  -18.142  -1.020 0.6999999881
57214  29.318  -17.373  -1.176 0.6999999881
58184  28.916  -16.583  -1.358 0.6999999881
55179  34.062  -19.840  2.244 0.6000000238
55193  33.723  -19.265  1.562 0.5000000000
147121  32.560  -18.858  0.495 0.6000000238
56246  31.685  -18.305  -0.075 0.5000000000
56260  30.423  -18.201  -0.681 0.6999999881
58173  29.703  -16.637  -1.058 0.6999999881
141100  29.334  -16.038  -1.332 0.6999999881
61937  33.233  -12.390  -4.951 0.3000000119
33567  24.340  -40.098  2.374 0.4000000060
32600  24.113  -40.948  2.810 0.3000000119
32584  23.710  -41.836  3.373 0.4000000060
133710  23.914  -38.680  1.299 0.3000000119
144991  23.928  -42.122  4.327 0.4000000060
128435  24.176  -37.283  1.250 0.4000000060
32571  24.372  -41.767  5.001 0.4000000060
36743  23.806  -36.609  0.625 0.4000000060
37914  23.538  -35.864  -0.150 0.4000000060
38974  23.543  -35.021  -0.770 0.4000000060
39921  23.592  -33.969  -0.604 0.5000000000
146643  25.989  -33.359  0.456 0.4000000060
31550  23.580  -42.365  6.021 0.4000000060
41584  26.555  -32.192  1.120 0.5000000000
129853  22.203  -42.221  6.546 0.5000000000
43386  27.422  -30.738  1.737 0.6000000238
32531  22.590  -41.472  6.562 0.5000000000
144970  22.162  -40.841  6.620 0.5000000000
134273  20.859  -41.003  6.451 0.5000000000
152001  27.298  -29.635  1.741 0.6000000238
33495  21.400  -40.428  6.490 0.5000000000
34516  20.318  -39.314  5.630 0.4000000060
44439  27.546  -29.212  1.950 0.6999999881
35584  20.918  -38.016  5.777 0.5000000000
46637  27.701  -27.675  2.194 0.6999999881
36681  21.322  -37.367  5.923 0.5000000000
139183  28.225  -26.994  2.457 0.8000000119
37857  20.208  -36.551  5.256 0.5000000000
133738  21.267  -35.558  5.842 0.6000000238
50441  31.398  -23.294  7.816 0.6000000238
54024  33.682  -20.445  4.839 0.6000000238
55166  34.423  -19.247  3.313 0.5000000000
56226  34.133  -18.480  1.865 0.5000000000
57186  33.257  -17.655  0.902 0.5000000000
57187  32.608  -17.555  0.491 0.5000000000
58156  31.404  -17.019  -0.217 0.5000000000
58172  30.590  -16.578  -0.664 0.5000000000
59124  30.176  -15.168  -1.377 0.5000000000
62896  33.963  -11.818  -5.051 0.3000000119
61950  33.175  -11.502  -5.582 0.3000000119
62909  31.580  -11.527  -6.097 0.3000000119
37855  27.612  -36.831  5.130 0.6000000238
133607  26.715  -36.141  3.602 0.6000000238
38857  24.133  -35.091  7.144 0.8000000119
43398  25.287  -30.947  0.952 0.6999999881
44453  25.789  -29.352  1.363 0.6999999881
145311  26.054  -27.987  1.512 0.6999999881
52863  32.642  -21.124  1.201 0.6999999881
138492  27.201  -17.821  -1.574 0.6999999881
59125  29.461  -15.436  -1.581 0.6000000238
61952  31.650  -12.312  -5.477 0.3000000119
47657  27.428  -26.771  2.154 0.8000000119
132975  29.049  -26.685  2.682 0.6999999881
54080  32.053  -20.107  0.154 0.6999999881
34574  24.646  -39.352  2.372 0.4000000060
34573  25.227  -38.935  2.772 0.4000000060
35635  25.473  -38.041  2.828 0.5000000000
130097  24.624  -41.258  5.587 0.5000000000
39922  23.817  -34.203  -1.097 0.3000000119
40764  26.201  -32.869  0.668 0.4000000060
31530  22.517  -42.885  6.371 0.5000000000
141161  21.584  -36.125  5.926 0.6000000238
55224  30.112  -18.794  -0.966 0.6999999881
57215  28.487  -17.320  -1.400 0.6999999881
54079  32.607  -20.388  0.794 0.6999999881
135944  33.580  -20.032  1.654 0.6000000238
55211  32.573  -19.562  0.575 0.6999999881
146769  31.424  -18.902  -0.297 0.6999999881
55210  33.068  -19.037  0.912 0.5000000000
56245  32.265  -18.274  0.308 0.6000000238
56259  31.092  -18.288  -0.397 0.6999999881
57205  30.084  -17.406  -0.792 0.6999999881
55178  34.357  -19.355  2.655 0.5000000000
56227  33.485  -18.384  1.218 0.5000000000
56244  32.875  -18.286  0.693 0.5000000000
57204  30.833  -17.527  -0.483 0.5000000000
59113  30.705  -15.613  -0.862 0.5000000000
59114  29.991  -15.902  -1.121 0.6999999881
56200  34.445  -18.516  3.679 0.5000000000
58155  32.234  -16.720  0.229 0.5000000000
59112  31.286  -15.207  -0.690 0.5000000000
46636  28.616  -27.715  2.555 0.6000000238
48578  30.948  -25.389  2.369 0.5000000000
47641  29.937  -26.661  3.111 0.6000000238
134349  29.685  -26.010  2.752 0.6000000238
47670  32.746  -26.071  1.961 0.5000000000
48577  31.867  -25.610  2.295 0.5000000000
48579  29.962  -25.335  2.362 0.6000000238
40683  20.794  -33.351  6.279 0.5000000000
151428  29.386  -25.135  2.216 0.6000000238
48605  33.606  -25.957  0.424 0.5000000000
48589  32.209  -25.609  1.353 0.5000000000
148265  34.101  -25.673  -0.157 0.5000000000
41505  20.209  -32.636  6.022 0.4000000060
41517  19.790  -32.805  5.057 0.4000000060
143366  19.795  -31.822  5.432 0.4000000060
48606  32.618  -25.544  0.448 0.5000000000
48626  34.500  -25.209  -0.794 0.5000000000
48617  33.425  -25.333  -0.153 0.5000000000
49554  34.897  -24.508  -1.525 0.5000000000
153127  34.040  -25.201  -0.382 0.5000000000
132054  19.620  -30.871  5.189 0.4000000060
136213  21.809  -27.410  7.579 0.4000000060
46586  21.215  -27.890  7.159 0.4000000060
46587  20.624  -28.052  6.680 0.3000000119
49404  26.397  -25.032  9.256 0.4000000060
49418  25.765  -24.839  9.039 0.4000000060
47579  23.843  -26.618  8.482 0.4000000060
49417  26.431  -24.360  9.112 0.4000000060
131871  23.889  -25.926  8.556 0.4000000060
47592  22.438  -26.842  7.946 0.4000000060
48508  23.533  -25.281  8.486 0.4000000060
47580  23.106  -26.135  8.332 0.4000000060
138295  21.220  -27.114  7.267 0.4000000060
48506  25.212  -25.508  8.830 0.4000000060
48507  24.364  -25.372  8.661 0.4000000060
49416  27.196  -24.064  9.144 0.4000000060
49419  24.928  -24.687  8.762 0.4000000060
49420  24.035  -24.564  8.621 0.4000000060
49421  23.174  -24.464  8.438 0.4000000060
48521  22.199  -25.968  7.916 0.4000000060
49432  22.329  -24.378  8.236 0.4000000060
133137  21.888  -25.144  7.892 0.4000000060
47593  21.665  -26.612  7.578 0.4000000060
50422  26.550  -23.593  8.765 0.4000000060
50423  25.649  -23.940  8.773 0.4000000060
50424  24.626  -23.856  8.594 0.4000000060
126456  30.109  -24.088  8.882 0.5000000000
139169  29.037  -23.709  8.885 0.4000000060
49415  28.033  -23.857  9.068 0.4000000060
50421  27.345  -23.324  8.688 0.4000000060
138318  25.238  -23.171  8.389 0.4000000060
50426  22.805  -23.618  8.343 0.4000000060
51534  30.560  -22.988  8.234 0.5000000000
142097  29.864  -23.277  8.552 0.5000000000
50419  28.938  -22.803  8.429 0.5000000000
50420  28.158  -23.114  8.591 0.4000000060
51537  27.500  -22.599  8.264 0.4000000060
51538  26.656  -22.770  8.318 0.4000000060
145617  25.994  -23.196  8.486 0.4000000060
50425  23.702  -23.720  8.495 0.4000000060
51535  29.753  -22.459  8.192 0.5000000000
51536  28.192  -22.454  8.211 0.4000000060
51539  25.819  -22.579  8.114 0.4000000060
51562  28.747  -21.943  7.918 0.4000000060
131656  27.005  -22.187  7.887 0.4000000060
51564  26.360  -22.097  7.776 0.4000000060
53963  28.929  -21.149  7.399 0.4000000060
144736  28.177  -21.311  7.438 0.4000000060
52771  27.368  -20.959  7.103 0.4000000060
51559  31.767  -22.502  7.446 0.5000000000
52770  30.451  -21.468  7.535 0.5000000000
53962  29.799  -20.941  7.315 0.4000000060
53984  28.227  -20.663  6.945 0.4000000060
53985  26.732  -20.336  6.439 0.3000000119
135553  32.650  -22.022  6.537 0.5000000000
51561  29.707  -21.684  7.736 0.5000000000
51563  27.680  -21.866  7.751 0.4000000060
142537  26.161  -21.511  7.418 0.4000000060
52772  26.835  -21.590  7.482 0.4000000060
52792  31.714  -20.981  7.009 0.5000000000
53961  30.755  -20.871  7.194 0.5000000000
53983  29.064  -20.451  6.850 0.4000000060
55101  27.562  -20.201  6.426 0.3000000119
52791  32.475  -21.218  6.618 0.5000000000
53982  29.984  -20.270  6.760 0.4000000060
55100  28.366  -19.975  6.376 0.4000000060
133463  26.998  -19.654  5.793 0.3000000119
55102  26.164  -19.780  5.972 0.3000000119
53980  32.163  -20.404  6.505 0.5000000000
54004  32.807  -20.710  6.200 0.4000000060
54003  33.267  -20.609  5.661 0.5000000000
139581  30.880  -19.395  6.163 0.3000000119
55099  29.215  -19.738  6.298 0.4000000060
55120  28.443  -19.270  5.700 0.3000000119
148230  27.767  -19.630  5.959 0.3000000119
55121  26.321  -19.238  5.388 0.3000000119
55097  31.799  -19.599  6.229 0.3000000119
55116  32.769  -19.889  5.957 0.4000000060
131784  33.386  -19.878  5.426 0.4000000060
54023  34.028  -19.920  4.327 0.4000000060
54042  34.247  -19.898  3.617 0.4000000060
55098  30.115  -19.554  6.249 0.3000000119
133488  27.546  -19.176  5.431 0.3000000119
56148  25.747  -18.762  5.012 0.3000000119
146333  24.814  -18.845  5.136 0.3000000119
133487  26.917  -19.111  5.256 0.3000000119
56147  26.510  -18.692  4.946 0.3000000119
56177  25.185  -18.169  4.671 0.3000000119
56171  33.843  -18.675  4.812 0.3000000119
55145  34.246  -19.165  4.217 0.4000000060
56213  34.466  -18.638  2.724 0.4000000060
57172  33.846  -17.612  1.516 0.4000000060
57188  31.905  -17.579  0.125 0.4000000060
55117  31.206  -18.931  5.806 0.3000000119
129324  32.259  -19.039  5.757 0.3000000119
56141  33.358  -18.205  5.082 0.3000000119
56170  34.214  -18.381  4.331 0.3000000119
57138  34.457  -17.237  3.596 0.3000000119
57158  34.543  -17.843  3.218 0.4000000060
57171  34.401  -17.771  2.336 0.4000000060
149854  33.496  -17.248  1.088 0.4000000060
142295  33.151  -16.907  0.733 0.4000000060
58154  32.953  -16.104  0.478 0.4000000060
58171  31.512  -16.032  -0.341 0.4000000060
55115  33.221  -19.072  5.410 0.3000000119
140977  34.535  -17.087  2.845 0.3000000119
58117  34.423  -16.298  2.523 0.3000000119
58137  33.592  -16.208  1.028 0.4000000060
59094  33.485  -15.529  0.767 0.4000000060
139962  32.317  -15.882  0.068 0.4000000060
60026  32.272  -14.424  -0.495 0.4000000060
60027  31.498  -14.430  -0.953 0.4000000060
60039  30.398  -14.435  -1.680 0.4000000060
135118  29.675  -14.762  -1.885 0.5000000000
58101  34.400  -16.423  3.475 0.3000000119
59077  34.339  -15.536  2.141 0.3000000119
59078  33.979  -15.569  1.391 0.3000000119
150046  33.890  -15.016  1.083 0.4000000060
137145  33.458  -14.838  0.552 0.4000000060
60010  33.446  -14.137  0.232 0.4000000060
60011  32.817  -14.664  -0.023 0.4000000060
60025  32.842  -14.004  -0.375 0.3000000119
60935  32.215  -13.849  -0.846 0.4000000060
60038  30.994  -13.965  -1.604 0.3000000119
60052  29.859  -14.195  -2.238 0.3000000119
60053  29.165  -14.329  -2.478 0.4000000060
60967  30.384  -13.640  -2.310 0.3000000119
60968  29.454  -13.643  -2.784 0.3000000119
59065  34.426  -15.577  2.978 0.3000000119
59999  34.359  -14.050  1.884 0.3000000119
130976  34.242  -14.857  1.684 0.3000000119
60009  34.029  -14.256  1.039 0.3000000119
60933  33.389  -13.367  -0.199 0.3000000119
60934  32.771  -13.459  -0.709 0.3000000119
60952  32.384  -13.207  -1.206 0.3000000119
60953  31.682  -13.596  -1.396 0.3000000119
60966  31.219  -13.263  -2.046 0.3000000119
61908  31.936  -12.874  -1.766 0.3000000119
131624  34.308  -13.897  2.582 0.3000000119
60922  33.859  -13.587  0.526 0.3000000119
61871  33.977  -12.879  0.408 0.3000000119
61887  33.622  -12.520  -0.381 0.3000000119
61888  33.023  -12.859  -0.872 0.3000000119
61907  32.637  -12.518  -1.500 0.3000000119
61917  31.542  -12.523  -2.413 0.3000000119
61918  30.745  -12.812  -2.693 0.3000000119
61916  32.275  -12.183  -2.129 0.3000000119
61925  31.147  -12.136  -3.095 0.3000000119
151794  31.853  -10.843  -3.644 0.3000000119
51560  30.750  -22.279  7.835 0.5000000000
45553  28.048  -28.524  2.275 0.6000000238
46635  29.496  -27.684  3.045 0.5000000000
47640  30.861  -26.523  3.317 0.5000000000
46622  30.335  -27.373  3.402 0.5000000000
48604  34.126  -26.337  0.323 0.5000000000
129449  33.210  -26.475  2.449 0.5000000000
47654  31.434  -25.875  2.969 0.5000000000
39820  22.113  -34.563  6.352 0.6000000238
139220  21.389  -34.017  6.298 0.6000000238
39822  20.608  -34.090  5.917 0.5000000000
139905  20.000  -34.092  5.351 0.5000000000
40695  20.118  -33.453  5.638 0.5000000000
40696  19.747  -33.657  4.719 0.5000000000
40714  19.520  -33.059  3.953 0.4000000060
41532  19.576  -32.183  4.305 0.4000000060
42406  19.582  -31.432  4.517 0.4000000060
43341  19.477  -30.684  3.924 0.4000000060
45501  19.601  -28.643  5.869 0.3000000119
46588  19.963  -27.922  6.258 0.3000000119
46573  20.513  -27.164  6.703 0.4000000060
48522  21.158  -25.059  7.488 0.4000000060
47594  20.978  -26.465  7.211 0.4000000060
49433  21.577  -24.336  7.811 0.4000000060
142662  24.984  -22.441  7.951 0.4000000060
51568  21.593  -22.723  7.705 0.4000000060
51540  24.297  -23.032  8.354 0.4000000060
51541  23.343  -22.900  8.264 0.4000000060
51565  25.625  -21.902  7.644 0.4000000060
51566  23.999  -22.175  7.868 0.4000000060
52793  26.420  -20.957  7.035 0.4000000060
55122  25.545  -19.348  5.546 0.3000000119
55123  24.684  -19.550  5.823 0.3000000119
47692  34.508  -26.215  -0.421 0.5000000000
44396  19.487  -29.380  5.392 0.4000000060
49434  20.878  -24.291  7.393 0.4000000060
50443  21.267  -23.569  7.629 0.4000000060
43324  19.467  -30.056  4.799 0.4000000060
49403  27.029  -24.847  9.342 0.4000000060
139150  32.126  -21.807  7.098 0.5000000000
60028  30.805  -14.873  -1.130 0.4000000060
59111  32.068  -15.156  -0.305 0.4000000060
47655  30.472  -25.892  2.864 0.6000000238
47669  33.634  -26.544  1.722 0.5000000000
48509  22.693  -25.226  8.277 0.4000000060
140737  21.433  -25.838  7.534 0.4000000060
50442  21.964  -23.538  8.128 0.4000000060
52769  31.322  -21.646  7.418 0.5000000000
53981  31.063  -20.132  6.619 0.4000000060
55146  33.786  -19.510  4.903 0.4000000060
142297  34.301  -16.969  2.012 0.4000000060
142773  33.753  -16.856  1.331 0.4000000060
56142  32.585  -18.362  5.409 0.3000000119
59095  32.840  -15.365  0.260 0.4000000060
58136  34.129  -16.234  1.716 0.3000000119
135034  30.912  -14.432  -1.344 0.4000000060
59987  34.364  -14.725  2.548 0.3000000119
60913  34.268  -13.283  1.287 0.3000000119
61870  34.349  -12.486  1.056 0.3000000119
62875  31.908  -11.795  -2.800 0.3000000119
51542  22.429  -22.826  8.131 0.4000000060
147987  20.490  -38.557  5.596 0.4000000060
35585  20.163  -37.975  5.313 0.4000000060
35606  19.283  -38.733  4.453 0.4000000060
36701  19.840  -37.332  4.883 0.3000000119
36682  20.580  -37.318  5.512 0.4000000060
37858  19.639  -36.698  4.333 0.3000000119
43375  28.219  -30.814  2.208 0.5000000000
38890  20.232  -35.832  5.299 0.5000000000
37840  19.778  -35.964  4.663 0.3000000119
44451  27.811  -29.993  2.018 0.5000000000
44438  28.393  -29.362  2.379 0.5000000000
131455  28.654  -30.180  2.469 0.5000000000
39821  21.179  -34.836  5.992 0.5000000000
38891  19.885  -35.281  5.063 0.4000000060
44437  29.271  -29.586  2.856 0.5000000000
45539  29.826  -28.660  3.270 0.3000000119
45552  28.961  -28.612  2.682 0.4000000060
141955  30.527  -28.935  3.601 0.3000000119
138548  31.510  -27.913  3.841 0.3000000119
45538  30.660  -28.145  3.604 0.3000000119
46619  33.073  -27.327  3.554 0.3000000119
46620  32.196  -27.384  3.746 0.3000000119
46621  31.246  -27.278  3.629 0.4000000060
151162  30.051  -27.986  3.358 0.4000000060
40731  19.283  -33.271  2.848 0.3000000119
46634  33.797  -26.943  2.470 0.4000000060
47637  33.237  -26.742  3.068 0.4000000060
47639  31.845  -26.551  3.417 0.4000000060
41550  19.368  -32.392  3.162 0.3000000119
47604  20.443  -26.275  6.787 0.3000000119
48523  20.745  -25.717  7.171 0.3000000119
48535  20.161  -25.613  6.625 0.3000000119
141951  20.503  -24.964  7.052 0.3000000119
51567  22.941  -22.180  7.858 0.3000000119
139539  22.171  -22.194  7.767 0.3000000119
140308  20.955  -22.996  7.397 0.3000000119
51586  20.170  -22.749  6.740 0.3000000119
52773  24.827  -21.679  7.536 0.3000000119
52774  23.361  -21.531  7.549 0.3000000119
52775  22.421  -21.483  7.470 0.3000000119
52794  25.504  -21.083  7.158 0.3000000119
53964  24.562  -20.985  7.174 0.3000000119
53965  23.736  -20.959  7.244 0.3000000119
53966  23.015  -20.973  7.306 0.3000000119
53988  24.124  -20.537  6.834 0.3000000119
53989  23.282  -20.425  6.789 0.3000000119
53990  22.390  -20.719  7.006 0.3000000119
53986  25.875  -20.409  6.513 0.3000000119
53987  24.909  -20.361  6.537 0.3000000119
42466  27.845  -31.503  1.973 0.5000000000
47653  32.472  -26.175  2.897 0.4000000060
42420  19.432  -31.550  3.507 0.3000000119
151646  24.120  -21.465  7.476 0.3000000119
51570  20.515  -22.998  7.096 0.3000000119
38910  19.595  -35.303  3.987 0.3000000119
39839  19.730  -34.527  4.604 0.3000000119
132669  19.483  -34.029  3.587 0.3000000119
30481  22.751  -43.313  6.127 0.4000000060
29435  22.067  -43.673  6.303 0.4000000060
30482  21.082  -43.635  6.474 0.4000000060
30484  19.407  -43.860  6.342 0.4000000060
30502  19.481  -43.032  6.270 0.3000000119
31531  21.739  -42.928  6.539 0.4000000060
130334  20.310  -43.099  6.500 0.4000000060
31533  20.073  -42.373  6.376 0.4000000060
40779  24.376  -33.358  -0.807 0.3000000119
130634  21.432  -42.215  6.587 0.4000000060
149864  19.459  -41.483  5.719 0.3000000119
32553  18.953  -41.313  5.321 0.3000000119
32534  19.895  -41.617  6.131 0.4000000060
141852  18.112  -40.354  4.167 0.3000000119
32572  18.150  -41.147  4.599 0.3000000119
33531  18.405  -39.689  4.070 0.3000000119
33496  20.421  -40.325  6.043 0.4000000060
33513  19.634  -39.931  5.326 0.3000000119
34517  19.618  -39.217  5.062 0.3000000119
29437  20.652  -44.497  6.325 0.4000000060
30483  20.135  -43.791  6.462 0.4000000060
34538  18.654  -38.923  3.837 0.3000000119
31549  23.844  -42.340  5.311 0.3000000119
33550  17.678  -39.817  3.402 0.3000000119
29436  21.447  -44.430  6.178 0.4000000060
29439  19.047  -44.476  6.290 0.4000000060
30501  22.603  -43.858  5.739 0.4000000060
30522  23.278  -43.128  5.499 0.3000000119
31532  20.883  -42.678  6.572 0.4000000060
32532  21.617  -41.426  6.594 0.4000000060
32533  20.695  -41.768  6.481 0.4000000060
32550  24.136  -41.792  5.831 0.5000000000
32551  20.290  -41.118  6.202 0.4000000060
32552  19.648  -40.893  5.652 0.4000000060
33512  24.938  -40.697  6.003 0.5000000000
33514  18.853  -40.409  4.822 0.3000000119
33528  25.456  -40.374  4.844 0.5000000000
33530  19.077  -39.487  4.607 0.3000000119
34498  23.666  -39.968  6.596 0.6000000238
34539  18.124  -39.180  3.349 0.3000000119
35567  26.551  -38.426  6.374 0.6000000238
35586  19.861  -38.628  5.162 0.3000000119
35605  19.570  -38.036  4.535 0.4000000060
36669  23.251  -37.923  6.654 0.6000000238
37811  26.711  -36.354  7.212 0.6999999881
38889  20.857  -36.016  5.608 0.6000000238
38973  23.585  -34.614  -0.021 0.5000000000
39798  27.853  -34.534  7.407 0.8999999762
39837  20.613  -35.367  5.591 0.5000000000
39838  20.263  -34.706  5.513 0.4000000060
39934  23.993  -34.195  -1.178 0.3000000119
40788  23.848  -33.461  -1.086 0.5000000000
41595  25.392  -32.087  0.189 0.6000000238
41596  24.553  -31.922  -0.121 0.6000000238
41607  23.885  -32.837  -0.881 0.6000000238
42453  24.846  -30.670  1.515 0.8000000119
42478  24.860  -31.507  0.479 0.8000000119
43387  26.446  -30.680  1.260 0.6999999881
43388  25.750  -30.414  1.119 0.6999999881
44380  21.332  -29.401  7.109 0.6000000238
45452  28.146  -28.011  9.201 0.8999999762
45567  25.248  -28.857  1.518 0.8000000119
46550  26.350  -27.716  8.788 0.6999999881
46552  24.450  -27.068  8.504 0.6000000238
46623  25.061  -27.215  2.761 0.8999999762
47638  32.619  -26.753  3.387 0.3000000119
47682  33.069  -26.108  1.098 0.5000000000
48595  24.509  -25.190  1.209 0.8999999762
48596  24.394  -25.128  1.563 0.8999999762
48608  30.863  -24.832  0.945 0.6000000238
48619  31.901  -24.997  0.086 0.6000000238
48625  35.073  -25.329  -1.489 0.5000000000
49500  24.605  -24.997  2.331 0.8999999762
49535  33.851  -24.763  -0.567 0.6000000238
49555  34.317  -23.820  -1.473 0.6000000238
49564  24.196  -24.338  -1.213 0.8999999762
49573  35.359  -24.214  -2.272 0.6000000238
49595  28.628  -24.053  -3.038 0.6999999881
50506  32.039  -23.147  3.080 0.8000000119
50560  31.132  -23.964  -1.745 0.6000000238
50563  23.543  -23.073  -1.735 0.8999999762
50592  36.116  -23.706  -3.758 0.6000000238
50593  35.592  -23.183  -3.283 0.6000000238
50596  28.418  -23.549  -3.253 0.6999999881
51680  25.354  -22.642  -0.338 1.0000000000
51695  23.322  -22.597  -1.894 0.8999999762
51709  32.028  -22.930  -2.786 0.6999999881
51730  28.645  -22.815  -3.561 0.6999999881
52862  33.161  -21.155  1.840 0.6000000238
52916  23.954  -22.197  -2.505 0.8999999762
52945  30.911  -21.497  -4.899 0.6999999881
54054  34.311  -19.803  2.932 0.5000000000
54109  22.892  -20.792  -1.988 0.8999999762
55192  34.248  -19.141  2.168 0.5000000000
55253  23.293  -19.362  -2.162 0.8000000119
55271  23.787  -19.139  -3.197 0.8000000119
55302  30.665  -19.210  -5.350 0.6000000238
56288  23.324  -18.488  -2.226 0.8000000119
56315  28.200  -18.083  -4.477 0.6000000238
57203  31.387  -17.731  -0.220 0.5000000000
57234  23.410  -17.823  -2.348 0.8000000119
57250  23.565  -17.582  -2.786 0.8000000119
58228  29.281  -16.299  -4.301 0.6000000238
59147  24.679  -16.120  -2.901 0.8000000119
59176  25.259  -14.960  -4.037 0.6999999881
60082  26.806  -13.841  -5.271 0.6000000238
61003  26.005  -12.947  -4.797 0.6000000238
61941  26.480  -12.227  -4.978 0.6000000238
61942  26.179  -12.529  -4.935 0.6000000238
61951  32.417  -11.914  -5.588 0.3000000119
62895  34.466  -11.401  -5.018 0.3000000119
126684  25.194  -29.141  8.304 0.6999999881
127834  29.017  -24.476  -1.387 0.6999999881
128360  23.069  -42.174  6.390 0.5000000000
128533  27.672  -24.315  -2.299 0.8000000119
130431  29.740  -24.491  -1.219 0.6999999881
133039  29.012  -19.989  -4.432 0.6999999881
136257  29.362  -32.126  7.324 0.8999999762
137408  28.187  -33.402  7.685 0.8999999762
138013  25.056  -40.806  5.248 0.4000000060
138413  27.791  -11.518  -5.665 0.4000000060
142202  25.616  -29.872  1.300 0.8000000119
144314  23.827  -17.201  -1.931 0.8000000119
145817  24.088  -32.378  -0.529 0.6000000238
145909  33.818  -26.494  0.959 0.5000000000
146222  29.233  -9.595  -6.403 0.4000000060
147012  29.066  -22.086  -0.505 0.8999999762
147125  33.507  -22.925  -2.289 0.6000000238
147532  35.212  -22.868  -3.013 0.6000000238
147663  23.076  -42.808  6.171 0.5000000000
147956  28.250  -22.453  -3.469 0.6999999881
149528  31.901  -25.054  5.870 0.8000000119
150006  21.948  -33.935  6.463 0.6000000238
150148  21.789  -37.394  6.231 0.6000000238
150383  19.535  -34.681  3.771 0.3000000119
151253  25.437  -22.324  -2.763 0.8000000119
151278  23.911  -41.408  3.100 0.4000000060
151427  27.496  -17.464  -4.351 0.6000000238
153119  25.557  -32.348  7.896 0.8999999762
