#!ascii label  , from subject sub-v1s15x0050202_ses-1 vox2ras=TkReg
1384
76502  -40.678  25.810  42.250 0.0000000000
70864  -49.181  20.222  24.388 0.0000000000
81235  -46.908  33.453  40.667 0.0000000000
71647  -47.143  19.916  34.923 0.0000000000
73253  -47.446  22.547  43.404 0.0000000000
76565  -46.523  26.271  32.473 0.0000000000
80068  -47.587  31.498  32.799 0.0000000000
118718  -40.781  38.007  29.798 0.0000000000
73193  -38.518  22.640  48.698 0.0000000000
114123  -42.460  22.604  37.136 0.0000000000
72561  -44.730  21.819  31.990 0.0000000000
76523  -42.345  26.686  36.417 0.0000000000
123692  -50.275  38.613  37.559 0.0000000000
80642  -49.319  32.605  39.006 0.0000000000
82370  -46.362  35.669  35.656 0.0000000000
81876  -43.246  34.157  31.646 0.0000000000
113129  -45.265  39.639  30.536 0.0000000000
72618  -46.547  22.246  23.827 0.0000000000
79327  -38.157  31.141  43.972 0.0000000000
78689  -44.256  29.427  43.427 0.0000000000
72519  -51.984  22.026  34.905 0.0000000000
72468  -47.228  21.727  38.579 0.0000000000
72437  -41.573  21.203  41.325 0.0000000000
108791  -40.346  20.250  45.056 0.0000000000
73414  -45.812  22.537  27.542 0.0000000000
75847  -48.580  26.085  26.600 0.0000000000
78716  -46.643  29.170  37.425 0.0000000000
78085  -50.203  29.177  32.875 0.0000000000
78793  -51.173  29.037  26.512 0.0000000000
80117  -47.131  32.790  26.949 0.0000000000
80752  -41.623  32.969  26.522 0.0000000000
74938  -40.363  24.724  39.373 0.0000000000
74950  -41.619  24.622  36.446 0.0000000000
76510  -40.608  26.401  38.864 0.0000000000
84644  -50.280  39.424  34.620 0.0000000000
82882  -50.131  37.190  36.852 0.0000000000
121600  -48.834  38.339  33.063 0.0000000000
83472  -46.115  37.821  33.060 0.0000000000
72609  -47.054  20.972  24.360 0.0000000000
115375  -36.260  32.415  42.360 0.0000000000
79971  -39.343  31.517  41.995 0.0000000000
73269  -47.134  22.567  40.947 0.0000000000
72450  -44.456  21.814  40.537 0.0000000000
72431  -44.340  20.984  42.306 0.0000000000
72386  -40.127  21.073  46.899 0.0000000000
74907  -35.586  24.631  44.041 0.0000000000
77270  -35.241  27.593  44.477 0.0000000000
76484  -33.286  26.462  44.571 0.0000000000
70801  -48.489  19.404  31.524 0.0000000000
74984  -44.745  24.186  32.320 0.0000000000
108886  -45.481  22.020  29.635 0.0000000000
75008  -45.833  24.014  29.445 0.0000000000
122466  -46.368  24.466  26.910 0.0000000000
112654  -47.410  25.678  29.972 0.0000000000
79963  -45.454  30.906  42.927 0.0000000000
106885  -45.376  29.514  40.376 0.0000000000
109156  -47.640  30.737  40.998 0.0000000000
105882  -48.177  31.513  36.151 0.0000000000
79367  -50.454  30.774  36.122 0.0000000000
80054  -50.190  31.063  33.099 0.0000000000
78105  -50.973  29.179  29.577 0.0000000000
80094  -50.286  31.223  29.819 0.0000000000
79435  -49.475  31.160  27.862 0.0000000000
80715  -47.869  32.498  29.887 0.0000000000
82405  -41.945  35.979  30.757 0.0000000000
120890  -43.600  34.468  27.995 0.0000000000
81901  -41.371  34.566  28.072 0.0000000000
81327  -39.229  32.871  27.545 0.0000000000
82416  -39.155  35.739  29.378 0.0000000000
115354  -44.581  20.758  35.685 0.0000000000
71658  -45.348  20.208  33.556 0.0000000000
73351  -43.181  22.660  34.660 0.0000000000
74969  -43.310  24.356  34.255 0.0000000000
76546  -44.502  26.452  34.406 0.0000000000
82843  -48.424  36.557  39.702 0.0000000000
80611  -50.302  33.087  41.258 0.0000000000
82334  -50.707  35.462  40.105 0.0000000000
81841  -47.258  34.167  37.779 0.0000000000
125853  -45.582  32.217  35.358 0.0000000000
80684  -45.243  32.308  32.713 0.0000000000
82375  -44.148  34.757  34.419 0.0000000000
83469  -43.468  37.306  32.452 0.0000000000
105160  -42.502  39.210  30.320 0.0000000000
74250  -44.835  24.256  23.873 0.0000000000
77283  -39.968  27.372  43.515 0.0000000000
77286  -42.170  27.642  43.076 0.0000000000
79314  -41.429  30.202  44.246 0.0000000000
79973  -41.976  31.487  41.331 0.0000000000
81247  -43.929  33.486  39.275 0.0000000000
82358  -42.545  35.685  37.801 0.0000000000
106042  -45.257  36.042  38.510 0.0000000000
71636  -49.661  20.817  35.401 0.0000000000
72485  -49.890  21.628  37.078 0.0000000000
71619  -47.600  20.698  36.419 0.0000000000
72465  -44.449  21.590  38.194 0.0000000000
73286  -42.448  22.152  39.307 0.0000000000
73225  -46.940  22.247  45.853 0.0000000000
73197  -42.620  22.440  48.497 0.0000000000
72365  -43.745  21.038  46.970 0.0000000000
71555  -44.390  20.596  44.758 0.0000000000
71563  -41.534  20.237  43.350 0.0000000000
75737  -39.043  25.454  42.764 0.0000000000
105686  -49.488  20.881  25.821 0.0000000000
71687  -46.179  20.188  30.897 0.0000000000
71719  -47.404  20.759  27.392 0.0000000000
72611  -48.703  21.551  24.392 0.0000000000
73436  -47.185  23.002  23.667 0.0000000000
75032  -47.001  24.776  23.797 0.0000000000
76646  -47.608  26.616  23.163 0.0000000000
78025  -42.829  28.463  39.263 0.0000000000
78033  -44.504  28.513  37.163 0.0000000000
77345  -46.266  27.417  34.328 0.0000000000
79357  -49.795  30.745  38.562 0.0000000000
78056  -48.781  29.179  35.773 0.0000000000
77362  -47.677  27.205  32.657 0.0000000000
76585  -49.313  27.113  29.615 0.0000000000
76611  -51.139  27.698  25.733 0.0000000000
77416  -47.941  27.854  23.909 0.0000000000
81320  -45.713  33.585  28.512 0.0000000000
80742  -44.925  32.911  27.341 0.0000000000
80098  -43.173  32.118  29.451 0.0000000000
80711  -41.365  32.412  29.942 0.0000000000
108969  -38.954  32.516  29.330 0.0000000000
118463  -40.308  25.112  40.614 0.0000000000
75754  -40.391  25.503  39.128 0.0000000000
76508  -40.461  26.004  39.858 0.0000000000
84068  -50.097  38.668  34.045 0.0000000000
118323  -48.781  38.724  32.245 0.0000000000
70873  -48.464  20.439  24.265 0.0000000000
73261  -46.614  22.331  42.263 0.0000000000
72432  -45.952  21.984  42.201 0.0000000000
72422  -45.777  21.612  43.078 0.0000000000
74091  -34.646  23.963  44.808 0.0000000000
75722  -34.411  25.294  44.668 0.0000000000
122112  -48.405  19.692  33.878 0.0000000000
107482  -47.772  19.458  32.741 0.0000000000
74985  -45.428  24.852  31.999 0.0000000000
74992  -45.682  24.489  31.222 0.0000000000
74993  -46.246  24.846  30.685 0.0000000000
123528  -46.886  25.185  29.504 0.0000000000
75817  -47.236  25.738  30.775 0.0000000000
80607  -46.435  31.792  41.754 0.0000000000
105428  -46.662  30.774  42.282 0.0000000000
80608  -47.415  31.891  41.734 0.0000000000
80037  -48.069  31.355  34.485 0.0000000000
123775  -49.532  31.253  34.318 0.0000000000
124633  -49.200  31.180  33.261 0.0000000000
80082  -50.270  31.087  30.892 0.0000000000
80080  -48.854  31.413  31.607 0.0000000000
80717  -49.212  32.075  29.536 0.0000000000
80091  -48.249  31.929  30.827 0.0000000000
82935  -41.504  36.550  30.258 0.0000000000
82418  -41.734  35.703  29.859 0.0000000000
113888  -41.119  35.866  29.603 0.0000000000
82417  -40.244  35.818  29.416 0.0000000000
82933  -39.820  36.647  29.480 0.0000000000
73321  -43.097  21.988  36.980 0.0000000000
72515  -44.071  21.126  35.003 0.0000000000
73320  -42.684  22.478  36.345 0.0000000000
75763  -42.099  25.892  36.168 0.0000000000
74962  -42.368  24.618  35.448 0.0000000000
75774  -43.087  25.827  35.190 0.0000000000
75781  -44.076  25.684  34.140 0.0000000000
76536  -43.424  26.619  35.414 0.0000000000
83409  -49.677  37.834  39.018 0.0000000000
82845  -50.821  36.793  40.356 0.0000000000
83411  -51.131  37.843  39.044 0.0000000000
82880  -47.994  36.329  36.189 0.0000000000
82367  -48.287  35.975  36.959 0.0000000000
81840  -46.809  34.647  37.127 0.0000000000
114767  -46.024  33.233  36.799 0.0000000000
81268  -45.442  33.657  36.224 0.0000000000
81270  -44.464  33.610  35.071 0.0000000000
82369  -45.060  34.987  35.272 0.0000000000
84089  -45.602  38.696  31.873 0.0000000000
83471  -45.141  37.700  32.853 0.0000000000
84088  -44.685  38.632  31.760 0.0000000000
84086  -42.974  38.450  31.298 0.0000000000
84664  -43.574  39.042  31.017 0.0000000000
72617  -45.548  22.299  24.400 0.0000000000
78666  -38.857  29.823  44.325 0.0000000000
77999  -40.016  29.031  44.214 0.0000000000
116084  -39.331  30.429  44.243 0.0000000000
80618  -40.126  32.130  39.831 0.0000000000
79972  -40.380  31.476  41.699 0.0000000000
79985  -41.738  31.700  40.565 0.0000000000
80621  -42.933  32.066  40.146 0.0000000000
81245  -42.023  33.124  38.980 0.0000000000
83423  -41.770  37.167  37.034 0.0000000000
82360  -44.342  35.974  38.236 0.0000000000
83426  -44.471  37.292  37.501 0.0000000000
83407  -46.308  37.472  38.029 0.0000000000
84031  -45.560  38.158  37.038 0.0000000000
71650  -50.851  20.892  34.078 0.0000000000
72530  -50.858  21.236  34.827 0.0000000000
73300  -49.435  22.002  38.389 0.0000000000
72469  -48.099  21.716  38.386 0.0000000000
72499  -48.686  21.322  37.148 0.0000000000
72481  -46.749  21.333  37.833 0.0000000000
105825  -45.843  21.286  37.837 0.0000000000
72467  -46.318  21.645  38.554 0.0000000000
72439  -43.216  21.153  41.086 0.0000000000
118563  -43.105  21.850  39.728 0.0000000000
72455  -42.154  21.874  39.942 0.0000000000
73195  -40.676  23.048  48.706 0.0000000000
71518  -41.924  20.823  46.959 0.0000000000
71532  -42.292  20.469  46.238 0.0000000000
71534  -44.111  20.704  46.146 0.0000000000
71542  -42.620  20.236  45.413 0.0000000000
71564  -42.203  19.966  43.865 0.0000000000
108160  -41.346  19.989  44.111 0.0000000000
116873  -38.704  26.337  43.056 0.0000000000
76491  -37.136  26.232  43.428 0.0000000000
71721  -50.251  20.637  26.256 0.0000000000
71667  -44.704  21.204  32.695 0.0000000000
116816  -45.700  20.217  32.232 0.0000000000
72562  -45.263  21.349  31.316 0.0000000000
73407  -45.552  22.327  28.903 0.0000000000
72580  -45.777  21.541  28.965 0.0000000000
72593  -46.567  21.416  27.495 0.0000000000
72594  -47.228  21.435  26.595 0.0000000000
106547  -46.790  22.105  26.192 0.0000000000
73428  -47.646  22.495  24.228 0.0000000000
73427  -46.588  23.014  25.491 0.0000000000
75838  -46.985  25.112  26.891 0.0000000000
75025  -46.705  24.512  24.917 0.0000000000
75853  -47.300  25.258  24.345 0.0000000000
75861  -47.197  25.425  23.441 0.0000000000
75863  -48.621  26.390  24.070 0.0000000000
78017  -42.781  28.293  43.106 0.0000000000
77294  -42.263  27.925  41.281 0.0000000000
78020  -43.503  28.666  41.901 0.0000000000
78705  -45.370  29.368  39.291 0.0000000000
78709  -44.719  29.090  38.791 0.0000000000
78031  -45.236  28.868  37.543 0.0000000000
78054  -45.261  28.043  35.812 0.0000000000
78035  -46.463  28.795  36.671 0.0000000000
80638  -50.358  32.763  40.262 0.0000000000
79994  -49.648  31.501  40.052 0.0000000000
79999  -49.967  31.771  39.163 0.0000000000
78747  -50.084  29.525  34.596 0.0000000000
121272  -49.551  29.543  35.919 0.0000000000
106309  -49.138  28.855  34.380 0.0000000000
78073  -47.859  27.969  33.867 0.0000000000
78083  -48.797  27.959  32.855 0.0000000000
77371  -48.765  27.399  31.550 0.0000000000
77372  -49.482  27.940  31.526 0.0000000000
78784  -51.660  29.205  27.511 0.0000000000
77394  -51.655  28.538  27.678 0.0000000000
78127  -51.731  28.514  25.850 0.0000000000
77425  -50.293  27.899  23.850 0.0000000000
78133  -49.779  28.449  24.388 0.0000000000
77409  -48.109  28.043  25.027 0.0000000000
78125  -49.409  28.609  25.802 0.0000000000
80118  -47.979  32.561  27.424 0.0000000000
79427  -48.054  30.616  28.250 0.0000000000
118795  -44.037  33.341  32.079 0.0000000000
81303  -45.072  33.008  30.936 0.0000000000
81311  -44.627  33.541  30.295 0.0000000000
81911  -43.199  33.847  26.707 0.0000000000
81904  -44.014  34.104  27.177 0.0000000000
80754  -43.301  33.363  26.917 0.0000000000
80729  -44.371  32.423  28.193 0.0000000000
80727  -42.530  32.588  28.384 0.0000000000
80712  -42.258  32.302  29.699 0.0000000000
80726  -41.531  32.562  28.580 0.0000000000
126520  -38.351  33.394  28.304 0.0000000000
126395  -39.260  32.501  28.268 0.0000000000
80736  -38.005  32.819  28.412 0.0000000000
80722  -37.498  32.682  29.120 0.0000000000
74141  -41.081  23.624  38.428 0.0000000000
74154  -41.444  24.109  36.990 0.0000000000
116491  -41.135  24.418  37.549 0.0000000000
75757  -41.126  25.749  37.457 0.0000000000
76514  -41.379  26.615  37.574 0.0000000000
83442  -50.877  38.174  37.307 0.0000000000
83446  -50.380  38.278  35.639 0.0000000000
83461  -49.529  38.041  34.351 0.0000000000
82894  -47.797  36.940  34.925 0.0000000000
82893  -46.870  36.907  34.464 0.0000000000
84078  -47.771  38.391  32.635 0.0000000000
122201  -47.200  38.642  32.058 0.0000000000
72608  -46.315  21.333  24.524 0.0000000000
79955  -36.952  32.054  42.958 0.0000000000
79947  -38.631  31.308  43.440 0.0000000000
124221  -37.698  32.076  41.782 0.0000000000
73278  -47.216  22.427  40.114 0.0000000000
72459  -46.006  21.992  39.288 0.0000000000
73267  -45.736  22.301  40.774 0.0000000000
72440  -44.623  21.510  41.466 0.0000000000
71580  -42.913  20.704  41.756 0.0000000000
72361  -39.524  21.834  47.509 0.0000000000
72400  -38.972  20.886  45.733 0.0000000000
74908  -36.263  24.601  43.550 0.0000000000
76490  -36.289  26.164  43.743 0.0000000000
75723  -35.200  25.339  44.328 0.0000000000
113560  -34.066  26.834  44.538 0.0000000000
74201  -44.718  23.398  31.985 0.0000000000
118012  -45.025  22.044  31.263 0.0000000000
74202  -45.110  23.366  31.322 0.0000000000
74218  -45.558  23.405  29.876 0.0000000000
74226  -45.633  23.243  27.932 0.0000000000
74233  -45.901  23.108  26.893 0.0000000000
75015  -46.291  24.483  28.298 0.0000000000
75830  -46.904  25.130  28.574 0.0000000000
75831  -47.683  25.663  28.259 0.0000000000
79341  -44.976  30.374  43.369 0.0000000000
109179  -44.632  29.240  41.705 0.0000000000
78696  -45.725  29.993  42.676 0.0000000000
120826  -46.080  29.846  41.141 0.0000000000
78707  -47.270  29.892  39.171 0.0000000000
80002  -49.760  31.535  37.713 0.0000000000
80003  -50.243  31.149  37.458 0.0000000000
122290  -50.243  31.250  36.176 0.0000000000
79388  -50.447  30.629  34.633 0.0000000000
78760  -50.577  29.828  32.884 0.0000000000
113556  -50.554  29.188  31.326 0.0000000000
121565  -50.755  30.000  31.253 0.0000000000
78777  -50.854  29.861  29.503 0.0000000000
79430  -50.445  30.606  28.305 0.0000000000
122624  -50.333  29.877  27.451 0.0000000000
80112  -49.606  31.760  28.255 0.0000000000
80746  -48.630  32.522  27.877 0.0000000000
80757  -47.617  32.928  27.086 0.0000000000
81875  -42.644  34.826  31.122 0.0000000000
81883  -43.379  34.309  30.436 0.0000000000
81882  -42.835  34.763  29.901 0.0000000000
81902  -42.201  34.645  27.878 0.0000000000
81909  -41.558  33.829  27.013 0.0000000000
80739  -40.712  32.810  26.809 0.0000000000
81900  -40.688  33.880  27.537 0.0000000000
81899  -39.267  33.788  28.176 0.0000000000
82415  -38.210  35.317  29.307 0.0000000000
71632  -45.655  20.171  35.029 0.0000000000
70770  -46.089  19.748  33.816 0.0000000000
71631  -44.861  20.506  34.833 0.0000000000
72529  -44.359  21.106  34.044 0.0000000000
72539  -44.045  21.895  33.546 0.0000000000
73336  -42.409  23.206  35.811 0.0000000000
74177  -42.919  23.628  34.635 0.0000000000
74186  -43.883  23.451  33.368 0.0000000000
74977  -44.306  24.262  33.026 0.0000000000
75798  -44.856  24.958  32.716 0.0000000000
76556  -45.518  26.350  33.463 0.0000000000
81800  -47.837  34.563  40.549 0.0000000000
81221  -48.896  33.461  41.390 0.0000000000
82322  -49.689  35.424  41.055 0.0000000000
81819  -50.697  34.212  40.822 0.0000000000
81817  -49.622  33.941  39.518 0.0000000000
82876  -50.346  36.837  37.743 0.0000000000
82348  -49.187  35.213  38.650 0.0000000000
80641  -48.336  32.939  38.566 0.0000000000
123348  -47.083  32.251  37.174 0.0000000000
80005  -46.900  31.762  36.311 0.0000000000
80035  -46.436  31.603  34.475 0.0000000000
80067  -46.659  31.629  32.987 0.0000000000
80661  -44.958  32.356  34.464 0.0000000000
80671  -44.439  32.743  34.145 0.0000000000
81862  -43.446  34.470  33.331 0.0000000000
82891  -44.810  36.178  34.119 0.0000000000
125250  -43.720  35.657  33.521 0.0000000000
114792  -43.034  35.108  32.718 0.0000000000
82918  -42.490  36.355  31.877 0.0000000000
119948  -42.293  37.016  31.454 0.0000000000
116217  -41.407  38.161  30.228 0.0000000000
76493  -40.611  26.527  43.174 0.0000000000
76503  -41.172  26.521  41.963 0.0000000000
77284  -41.000  27.329  43.472 0.0000000000
78001  -42.027  29.029  44.217 0.0000000000
78684  -42.869  29.499  44.093 0.0000000000
79949  -40.168  30.995  43.504 0.0000000000
79338  -41.668  30.901  43.335 0.0000000000
79339  -43.114  30.440  43.786 0.0000000000
79975  -44.020  31.479  41.924 0.0000000000
80623  -44.751  32.320  40.631 0.0000000000
81249  -45.386  33.631  39.790 0.0000000000
81827  -41.735  34.503  38.225 0.0000000000
81829  -43.222  34.592  38.461 0.0000000000
81831  -45.001  34.668  39.028 0.0000000000
81815  -46.419  34.729  39.681 0.0000000000
82842  -47.220  36.358  39.263 0.0000000000
109396  -47.284  37.555  38.347 0.0000000000
84051  -48.238  38.722  37.169 0.0000000000
71659  -49.321  19.948  33.713 0.0000000000
70773  -48.649  20.034  34.477 0.0000000000
73311  -50.588  22.000  37.245 0.0000000000
72502  -50.994  21.679  35.934 0.0000000000
72516  -49.778  21.245  36.116 0.0000000000
71635  -48.261  20.558  35.838 0.0000000000
71634  -47.416  20.334  35.648 0.0000000000
71617  -45.848  20.579  36.368 0.0000000000
72479  -44.440  21.265  37.327 0.0000000000
72478  -43.695  21.658  37.629 0.0000000000
72457  -44.454  21.908  39.125 0.0000000000
73297  -43.042  22.089  38.907 0.0000000000
73296  -42.288  22.445  38.652 0.0000000000
74131  -40.861  23.241  39.300 0.0000000000
116512  -44.093  22.834  48.663 0.0000000000
72362  -40.571  21.582  47.608 0.0000000000
72342  -42.931  21.748  47.976 0.0000000000
73211  -45.209  22.043  47.715 0.0000000000
72388  -45.376  21.414  46.493 0.0000000000
72402  -45.595  21.321  45.694 0.0000000000
106868  -45.740  21.421  44.030 0.0000000000
71565  -44.371  20.628  43.802 0.0000000000
71572  -42.605  20.425  42.524 0.0000000000
72429  -41.239  20.937  42.028 0.0000000000
108575  -40.389  25.800  42.786 0.0000000000
76492  -39.637  26.663  43.249 0.0000000000
78012  -38.171  28.018  43.849 0.0000000000
121347  -37.459  28.866  44.348 0.0000000000
79311  -36.757  30.831  43.977 0.0000000000
71745  -51.476  20.072  25.376 0.0000000000
70876  -50.029  20.609  24.791 0.0000000000
70875  -49.351  20.907  24.239 0.0000000000
121143  -46.307  19.732  32.442 0.0000000000
70799  -46.804  19.651  31.188 0.0000000000
71696  -45.720  21.198  29.777 0.0000000000
71698  -46.840  20.237  29.092 0.0000000000
105068  -48.067  20.284  27.769 0.0000000000
71720  -48.505  20.646  26.808 0.0000000000
71742  -49.375  21.224  24.841 0.0000000000
71752  -48.906  21.274  23.869 0.0000000000
71751  -48.467  21.304  23.802 0.0000000000
72619  -47.498  22.015  23.596 0.0000000000
73441  -47.221  22.796  23.606 0.0000000000
74239  -46.206  23.875  26.077 0.0000000000
74251  -46.723  24.074  23.746 0.0000000000
73446  -46.853  23.271  23.519 0.0000000000
74257  -46.146  23.810  23.576 0.0000000000
123434  -46.092  25.062  23.253 0.0000000000
75860  -45.482  25.993  23.484 0.0000000000
118199  -41.667  27.502  40.772 0.0000000000
77302  -41.379  27.492  39.335 0.0000000000
77312  -42.514  27.736  37.538 0.0000000000
78703  -43.945  28.956  40.187 0.0000000000
78029  -43.602  28.613  38.144 0.0000000000
77324  -43.452  27.677  36.466 0.0000000000
77334  -43.823  27.363  35.739 0.0000000000
109775  -45.617  27.189  34.395 0.0000000000
76557  -46.244  26.602  33.211 0.0000000000
79980  -48.984  32.042  41.432 0.0000000000
79353  -48.044  30.536  39.909 0.0000000000
78712  -47.922  29.760  38.267 0.0000000000
78719  -50.117  30.192  37.025 0.0000000000
78728  -48.523  29.481  36.948 0.0000000000
78727  -47.515  29.220  36.937 0.0000000000
115718  -47.095  28.371  35.390 0.0000000000
77346  -47.070  27.659  34.155 0.0000000000
76566  -47.273  26.581  32.174 0.0000000000
76575  -47.571  26.372  31.345 0.0000000000
76600  -48.874  26.474  28.429 0.0000000000
77386  -50.616  28.082  29.385 0.0000000000
77392  -50.353  27.348  28.066 0.0000000000
76619  -49.507  26.520  25.722 0.0000000000
76639  -49.048  27.025  23.613 0.0000000000
77423  -48.002  27.425  23.398 0.0000000000
122908  -49.012  29.365  27.535 0.0000000000
80700  -46.480  32.328  31.248 0.0000000000
125978  -46.860  33.226  28.976 0.0000000000
81331  -46.700  33.269  27.171 0.0000000000
81896  -44.248  34.241  28.285 0.0000000000
122348  -45.506  33.283  27.260 0.0000000000
80743  -45.817  32.853  27.200 0.0000000000
80108  -45.235  32.310  28.010 0.0000000000
80089  -44.703  30.921  30.313 0.0000000000
79413  -44.087  30.690  31.019 0.0000000000
122148  -39.869  32.487  27.877 0.0000000000
80724  -39.830  32.498  29.189 0.0000000000
125912  -40.339  39.028  29.097 0.0000000000
84102  -39.412  38.332  29.150 0.0000000000
83489  -38.534  37.488  29.220 0.0000000000
82931  -38.072  36.731  29.327 0.0000000000
109076  -37.617  35.878  29.376 0.0000000000
75744  -40.505  25.320  41.636 0.0000000000
76505  -40.622  26.074  41.048 0.0000000000
121117  -48.488  19.745  24.724 0.0000000000
73262  -47.329  22.573  42.533 0.0000000000
73252  -46.647  22.200  43.083 0.0000000000
126921  -46.257  22.041  42.649 0.0000000000
74890  -34.025  24.151  45.219 0.0000000000
70772  -47.809  19.744  34.353 0.0000000000
70780  -47.706  19.547  33.577 0.0000000000
75800  -46.037  25.608  32.119 0.0000000000
75809  -46.133  25.186  31.404 0.0000000000
110926  -46.683  25.357  30.941 0.0000000000
75810  -46.808  25.852  31.596 0.0000000000
80625  -46.745  32.603  41.193 0.0000000000
80053  -48.334  31.318  33.533 0.0000000000
80069  -48.587  31.350  32.595 0.0000000000
80079  -47.914  31.671  31.837 0.0000000000
83493  -41.150  37.371  29.985 0.0000000000
82934  -40.744  36.650  29.656 0.0000000000
83492  -40.348  37.422  29.611 0.0000000000
113664  -43.244  21.840  36.107 0.0000000000
75773  -42.481  25.485  35.575 0.0000000000
76535  -42.713  26.296  35.761 0.0000000000
76524  -43.024  27.060  36.039 0.0000000000
84020  -50.062  38.292  38.420 0.0000000000
83410  -50.775  37.919  39.179 0.0000000000
84021  -50.840  38.204  38.374 0.0000000000
82371  -47.139  35.992  35.977 0.0000000000
82366  -47.377  35.575  36.690 0.0000000000
82365  -46.518  35.144  36.381 0.0000000000
81843  -46.093  34.168  36.692 0.0000000000
81847  -45.686  34.737  35.916 0.0000000000
108005  -45.694  35.472  35.344 0.0000000000
84666  -45.335  39.209  31.257 0.0000000000
125569  -44.846  39.400  30.905 0.0000000000
84665  -44.393  39.098  31.215 0.0000000000
84678  -44.292  39.554  30.533 0.0000000000
71739  -45.415  20.888  25.487 0.0000000000
72607  -45.464  21.644  24.828 0.0000000000
79313  -38.510  30.588  44.232 0.0000000000
80630  -40.733  32.494  39.422 0.0000000000
80619  -41.089  31.930  40.059 0.0000000000
80631  -41.587  32.492  39.481 0.0000000000
83441  -45.036  37.817  37.233 0.0000000000
72531  -51.499  21.495  34.469 0.0000000000
72518  -51.254  21.614  35.257 0.0000000000
72482  -47.618  21.415  37.792 0.0000000000
72438  -42.364  21.040  41.170 0.0000000000
72448  -42.707  21.484  40.492 0.0000000000
72447  -41.845  21.496  40.649 0.0000000000
72446  -41.185  21.705  40.865 0.0000000000
73209  -38.919  22.497  48.172 0.0000000000
71531  -41.418  20.502  46.288 0.0000000000
107910  -40.906  20.295  45.621 0.0000000000
71541  -41.725  20.190  45.528 0.0000000000
71553  -41.121  20.035  44.883 0.0000000000
105901  -41.978  19.966  44.697 0.0000000000
75736  -37.545  25.074  42.876 0.0000000000
124480  -37.463  25.711  43.119 0.0000000000
71710  -48.873  20.172  27.704 0.0000000000
115453  -44.379  21.933  32.820 0.0000000000
72551  -45.152  20.924  32.057 0.0000000000
123452  -45.596  22.630  28.279 0.0000000000
72586  -45.858  21.890  28.090 0.0000000000
72592  -46.198  22.055  27.263 0.0000000000
73420  -46.208  22.553  26.776 0.0000000000
75846  -47.804  25.625  26.200 0.0000000000
75845  -47.135  25.163  25.663 0.0000000000
75854  -47.867  25.750  24.933 0.0000000000
75855  -48.663  26.181  25.310 0.0000000000
78016  -43.391  29.036  43.646 0.0000000000
78018  -43.589  28.715  42.861 0.0000000000
105726  -46.146  29.466  38.802 0.0000000000
78710  -45.287  29.168  38.367 0.0000000000
78715  -45.965  29.218  37.904 0.0000000000
78034  -45.917  28.909  37.225 0.0000000000
80643  -49.962  32.313  39.475 0.0000000000
80000  -50.160  32.364  39.818 0.0000000000
78075  -49.710  29.004  33.649 0.0000000000
78074  -48.768  28.326  33.570 0.0000000000
78084  -49.442  28.506  32.858 0.0000000000
77364  -49.163  27.949  32.226 0.0000000000
78091  -49.974  28.628  32.011 0.0000000000
78128  -51.950  29.053  26.648 0.0000000000
118835  -50.936  28.073  25.183 0.0000000000
78126  -50.584  28.515  25.457 0.0000000000
78119  -50.083  29.371  26.607 0.0000000000
80111  -47.755  31.907  27.499 0.0000000000
79426  -47.248  31.037  28.456 0.0000000000
80110  -46.866  32.082  27.454 0.0000000000
81294  -43.552  33.747  32.390 0.0000000000
81302  -44.363  33.347  31.326 0.0000000000
81301  -43.771  33.636  31.690 0.0000000000
81337  -42.424  33.334  26.536 0.0000000000
81338  -43.003  33.489  26.633 0.0000000000
80753  -42.394  33.076  26.596 0.0000000000
113094  -42.863  32.852  27.194 0.0000000000
80740  -41.687  32.676  26.977 0.0000000000
81326  -37.903  32.933  28.341 0.0000000000
74146  -40.832  24.304  38.175 0.0000000000
74943  -40.505  24.888  38.621 0.0000000000
75756  -40.625  25.659  38.333 0.0000000000
76513  -40.862  26.306  38.106 0.0000000000
76511  -41.072  26.907  38.313 0.0000000000
84061  -50.491  38.652  36.048 0.0000000000
84062  -50.382  38.787  34.994 0.0000000000
112876  -49.404  38.305  33.664 0.0000000000
83460  -48.732  37.898  33.869 0.0000000000
83451  -48.709  37.475  34.668 0.0000000000
83450  -47.852  37.458  34.208 0.0000000000
83459  -47.898  37.905  33.458 0.0000000000
118018  -48.191  39.302  31.020 0.0000000000
84091  -47.993  38.900  31.819 0.0000000000
84668  -47.093  39.085  31.372 0.0000000000
70862  -46.875  20.015  25.252 0.0000000000
79956  -37.653  31.864  42.510 0.0000000000
80597  -37.094  32.247  42.115 0.0000000000
106369  -47.982  22.534  40.555 0.0000000000
73277  -46.466  22.435  40.506 0.0000000000
106675  -45.184  21.496  42.268 0.0000000000
72441  -45.500  21.968  41.512 0.0000000000
72430  -43.772  20.963  41.665 0.0000000000
71573  -43.495  20.602  42.440 0.0000000000
74093  -36.087  23.338  44.011 0.0000000000
74099  -35.928  24.020  43.814 0.0000000000
74100  -36.537  23.798  43.484 0.0000000000
75728  -35.902  25.379  43.792 0.0000000000
76485  -34.187  26.144  44.620 0.0000000000
74991  -45.146  24.057  31.639 0.0000000000
75001  -45.757  24.114  30.412 0.0000000000
113513  -45.550  23.237  28.933 0.0000000000
75014  -45.827  23.944  28.523 0.0000000000
75009  -46.332  24.586  29.065 0.0000000000
116523  -47.523  25.653  29.130 0.0000000000
78691  -45.337  30.019  43.177 0.0000000000
79342  -45.580  30.418  42.910 0.0000000000
126301  -47.302  30.890  41.807 0.0000000000
79348  -46.786  30.370  41.261 0.0000000000
78706  -46.299  29.810  39.999 0.0000000000
79352  -47.173  30.259  40.224 0.0000000000
80007  -48.862  31.467  36.946 0.0000000000
80008  -50.189  31.303  36.817 0.0000000000
108982  -49.522  31.353  36.161 0.0000000000
108120  -50.034  31.273  33.441 0.0000000000
80021  -50.229  31.202  35.003 0.0000000000
80038  -50.211  31.109  34.044 0.0000000000
79397  -50.513  30.423  33.643 0.0000000000
79403  -50.494  30.519  32.749 0.0000000000
78765  -50.654  30.172  32.045 0.0000000000
79423  -50.605  30.633  29.263 0.0000000000
80104  -50.212  31.330  28.767 0.0000000000
123189  -49.959  31.330  28.115 0.0000000000
80732  -48.506  32.597  28.818 0.0000000000
80733  -49.207  32.235  28.460 0.0000000000
106525  -48.271  32.587  27.542 0.0000000000
80745  -48.060  32.907  27.639 0.0000000000
118270  -42.308  35.550  31.151 0.0000000000
82406  -42.271  35.363  30.325 0.0000000000
81894  -41.686  35.270  28.892 0.0000000000
82419  -42.329  35.168  29.197 0.0000000000
81892  -39.686  34.872  28.934 0.0000000000
81891  -38.746  34.609  28.980 0.0000000000
125231  -45.382  20.440  35.635 0.0000000000
72514  -43.438  21.790  35.254 0.0000000000
72528  -43.694  21.811  34.357 0.0000000000
74155  -41.876  23.776  36.312 0.0000000000
74951  -41.946  24.402  35.933 0.0000000000
74968  -42.814  24.470  34.814 0.0000000000
74185  -43.408  23.490  34.038 0.0000000000
74976  -43.780  24.300  33.641 0.0000000000
75790  -44.343  25.161  33.444 0.0000000000
76555  -44.785  26.040  33.748 0.0000000000
75791  -45.118  25.684  33.113 0.0000000000
82332  -47.805  35.789  39.878 0.0000000000
82321  -48.392  35.221  40.505 0.0000000000
82333  -49.096  36.031  40.431 0.0000000000
82335  -50.777  35.919  40.533 0.0000000000
82834  -50.717  36.118  40.690 0.0000000000
110954  -50.679  35.071  40.634 0.0000000000
81818  -50.515  34.516  40.233 0.0000000000
81834  -49.927  34.829  39.440 0.0000000000
123683  -50.734  37.831  36.886 0.0000000000
82877  -50.848  37.591  37.771 0.0000000000
82361  -47.676  35.128  37.463 0.0000000000
82362  -48.631  35.617  37.809 0.0000000000
81832  -48.128  34.651  38.210 0.0000000000
81833  -48.795  34.229  38.907 0.0000000000
81262  -47.861  33.563  38.364 0.0000000000
80645  -47.573  32.734  37.925 0.0000000000
81266  -47.113  33.341  37.745 0.0000000000
80648  -45.548  32.831  36.200 0.0000000000
80649  -46.306  32.494  36.642 0.0000000000
80018  -45.951  32.155  35.807 0.0000000000
107848  -46.578  31.625  35.298 0.0000000000
120130  -45.868  31.894  35.052 0.0000000000
80050  -45.651  31.923  34.256 0.0000000000
80034  -45.280  32.259  34.989 0.0000000000
81277  -44.172  33.393  34.409 0.0000000000
81287  -43.937  33.302  33.690 0.0000000000
81852  -43.707  34.571  33.960 0.0000000000
82905  -46.306  37.258  33.723 0.0000000000
82892  -45.808  36.529  34.323 0.0000000000
82904  -45.426  36.840  33.794 0.0000000000
83470  -44.277  37.423  32.758 0.0000000000
119170  -44.039  36.154  33.542 0.0000000000
82912  -43.774  36.716  32.985 0.0000000000
82902  -43.359  35.877  33.060 0.0000000000
82911  -43.052  36.536  32.513 0.0000000000
107830  -42.824  35.850  32.455 0.0000000000
83480  -42.483  37.708  31.397 0.0000000000
125061  -42.226  38.399  30.741 0.0000000000
83479  -41.814  37.391  30.782 0.0000000000
84676  -41.765  38.930  30.094 0.0000000000
73435  -44.020  22.693  25.127 0.0000000000
74245  -44.169  23.569  24.564 0.0000000000
78013  -40.440  28.190  43.828 0.0000000000
78668  -40.514  29.706  44.382 0.0000000000
78000  -40.979  28.980  44.154 0.0000000000
78669  -41.375  29.706  44.375 0.0000000000
78670  -42.223  29.861  44.391 0.0000000000
121094  -38.772  31.496  42.660 0.0000000000
79958  -39.376  31.308  43.039 0.0000000000
112547  -41.379  31.370  41.961 0.0000000000
79960  -42.228  31.274  42.320 0.0000000000
123746  -42.333  30.914  43.253 0.0000000000
79961  -43.088  31.064  42.996 0.0000000000
118484  -43.757  31.193  42.710 0.0000000000
79974  -42.978  31.448  41.797 0.0000000000
80633  -43.392  32.689  39.655 0.0000000000
80622  -43.835  32.155  40.345 0.0000000000
80634  -44.276  32.765  39.889 0.0000000000
80635  -45.106  32.970  40.194 0.0000000000
81248  -44.685  33.370  39.658 0.0000000000
82871  -42.135  36.470  37.416 0.0000000000
81838  -41.226  35.059  37.866 0.0000000000
81828  -42.492  34.868  38.203 0.0000000000
81260  -42.465  33.960  38.569 0.0000000000
82345  -43.097  35.259  38.179 0.0000000000
107853  -44.726  35.253  38.631 0.0000000000
81814  -45.586  34.383  39.467 0.0000000000
82330  -45.693  35.275  39.096 0.0000000000
82331  -46.739  35.557  39.450 0.0000000000
82347  -46.202  36.173  38.864 0.0000000000
83428  -46.855  37.982  37.732 0.0000000000
83429  -47.987  38.161  37.892 0.0000000000
71661  -51.159  20.712  33.175 0.0000000000
71637  -50.239  20.835  34.780 0.0000000000
115477  -50.052  20.466  34.138 0.0000000000
71649  -49.471  20.401  34.627 0.0000000000
73310  -49.989  21.940  37.776 0.0000000000
124588  -50.470  22.193  37.831 0.0000000000
73322  -51.114  21.990  36.540 0.0000000000
72501  -50.381  21.603  36.442 0.0000000000
123191  -49.834  21.447  36.594 0.0000000000
71606  -48.007  21.148  37.138 0.0000000000
71620  -48.499  20.977  36.561 0.0000000000
112659  -47.043  20.459  36.034 0.0000000000
71633  -46.427  20.271  35.600 0.0000000000
71618  -46.726  20.607  36.460 0.0000000000
121309  -45.071  21.321  37.816 0.0000000000
72480  -45.270  20.888  37.065 0.0000000000
72451  -45.186  22.177  40.269 0.0000000000
72458  -45.257  22.072  39.549 0.0000000000
113482  -44.676  22.073  39.857 0.0000000000
72456  -43.680  21.937  39.230 0.0000000000
73295  -41.588  22.971  38.563 0.0000000000
73285  -41.601  22.483  39.416 0.0000000000
74041  -42.159  23.340  49.040 0.0000000000
74042  -43.153  23.117  48.902 0.0000000000
71519  -42.806  20.850  46.916 0.0000000000
72364  -42.422  21.310  47.501 0.0000000000
115755  -43.138  21.302  47.428 0.0000000000
72343  -43.704  21.647  47.719 0.0000000000
72366  -44.462  21.573  47.413 0.0000000000
114087  -45.117  21.572  47.120 0.0000000000
72387  -44.616  21.190  46.706 0.0000000000
71544  -44.418  20.676  45.494 0.0000000000
72401  -44.883  20.954  45.985 0.0000000000
71545  -45.042  20.909  45.207 0.0000000000
72411  -45.706  21.327  44.854 0.0000000000
71556  -45.094  20.938  44.390 0.0000000000
72421  -45.167  21.105  43.668 0.0000000000
125470  -43.205  20.295  43.447 0.0000000000
120043  -42.263  20.217  43.152 0.0000000000
71571  -41.751  20.469  42.595 0.0000000000
116633  -39.232  24.741  42.653 0.0000000000
74917  -39.730  24.121  42.541 0.0000000000
75738  -39.940  25.037  42.710 0.0000000000
76498  -39.899  25.910  43.016 0.0000000000
77281  -37.789  26.991  43.499 0.0000000000
77282  -38.887  27.297  43.460 0.0000000000
76487  -35.866  26.984  44.259 0.0000000000
78663  -35.927  29.137  44.371 0.0000000000
78664  -36.656  29.247  44.460 0.0000000000
78683  -36.283  29.924  44.212 0.0000000000
79944  -36.041  31.510  43.586 0.0000000000
71734  -51.609  20.281  25.714 0.0000000000
71732  -50.145  20.825  25.209 0.0000000000
71744  -50.829  20.381  25.239 0.0000000000
71743  -49.525  21.005  24.631 0.0000000000
70779  -46.796  19.554  33.125 0.0000000000
70788  -45.847  19.847  33.001 0.0000000000
71677  -46.225  19.918  31.702 0.0000000000
72572  -45.349  21.802  30.519 0.0000000000
71708  -46.717  20.728  28.288 0.0000000000
72581  -46.201  20.844  29.066 0.0000000000
71709  -47.452  20.233  28.361 0.0000000000
72601  -47.941  21.821  25.200 0.0000000000
71731  -48.724  21.285  25.517 0.0000000000
72612  -49.051  21.311  24.202 0.0000000000
72621  -48.560  21.592  23.881 0.0000000000
73437  -47.688  22.266  23.712 0.0000000000
74234  -45.912  23.973  27.461 0.0000000000
116307  -46.944  23.168  23.550 0.0000000000
74258  -46.733  23.738  23.688 0.0000000000
75038  -46.752  24.618  23.600 0.0000000000
75870  -47.561  26.166  23.256 0.0000000000
114426  -46.666  25.242  23.320 0.0000000000
75868  -46.190  25.672  23.184 0.0000000000
75867  -45.444  25.350  23.397 0.0000000000
76644  -46.445  26.273  23.252 0.0000000000
77289  -41.673  27.038  42.760 0.0000000000
76506  -41.159  26.896  40.931 0.0000000000
77293  -41.679  27.287  41.650 0.0000000000
77299  -42.144  28.058  40.080 0.0000000000
77303  -42.082  28.000  38.943 0.0000000000
78699  -44.614  29.228  40.740 0.0000000000
78030  -44.446  28.848  38.027 0.0000000000
78027  -44.040  28.861  38.780 0.0000000000
115675  -43.888  28.516  37.565 0.0000000000
77313  -43.245  28.266  37.575 0.0000000000
78044  -43.734  28.204  36.995 0.0000000000
77325  -44.396  28.017  36.300 0.0000000000
77336  -45.668  27.659  35.040 0.0000000000
76548  -45.930  26.921  33.855 0.0000000000
80610  -49.450  32.843  41.436 0.0000000000
80609  -48.421  32.418  41.478 0.0000000000
79354  -49.245  30.897  39.567 0.0000000000
79356  -48.565  30.310  38.909 0.0000000000
78713  -49.142  30.104  38.077 0.0000000000
79361  -50.389  31.073  36.594 0.0000000000
79360  -50.349  30.812  37.244 0.0000000000
79366  -50.353  30.513  36.593 0.0000000000
78729  -49.268  29.593  36.550 0.0000000000
78047  -48.192  29.160  36.310 0.0000000000
78046  -47.222  28.774  36.089 0.0000000000
78055  -47.892  28.736  35.550 0.0000000000
77355  -48.152  27.708  33.136 0.0000000000
77354  -47.388  27.431  33.403 0.0000000000
76558  -46.968  26.875  32.944 0.0000000000
76567  -47.966  27.011  31.874 0.0000000000
121104  -49.399  27.520  30.647 0.0000000000
119667  -48.611  26.746  30.226 0.0000000000
76592  -48.723  26.558  29.229 0.0000000000
76593  -49.429  26.927  28.688 0.0000000000
78098  -50.667  28.828  30.421 0.0000000000
114826  -50.793  28.598  29.701 0.0000000000
77403  -51.922  28.011  26.282 0.0000000000
118120  -51.447  27.910  27.376 0.0000000000
77402  -50.802  27.397  26.902 0.0000000000
76610  -50.206  26.943  26.283 0.0000000000
76620  -50.372  27.097  25.160 0.0000000000
76630  -49.795  26.765  24.213 0.0000000000
78141  -49.819  28.303  23.850 0.0000000000
77424  -49.119  27.673  23.741 0.0000000000
77415  -47.269  27.321  23.621 0.0000000000
123691  -46.978  27.431  24.341 0.0000000000
78788  -49.517  30.068  27.621 0.0000000000
78781  -47.579  29.707  28.835 0.0000000000
78111  -47.655  28.877  28.521 0.0000000000
80685  -46.133  32.046  32.329 0.0000000000
80699  -45.549  32.496  31.652 0.0000000000
81312  -45.417  33.370  29.797 0.0000000000
80730  -46.250  33.265  29.335 0.0000000000
81321  -46.683  33.463  28.106 0.0000000000
113617  -43.547  34.494  29.167 0.0000000000
81318  -44.100  34.005  29.697 0.0000000000
80755  -44.397  33.432  27.274 0.0000000000
81339  -44.687  33.541  27.268 0.0000000000
80756  -45.498  33.185  27.171 0.0000000000
80099  -43.916  32.015  29.125 0.0000000000
80088  -43.814  31.450  30.185 0.0000000000
80087  -42.829  31.687  30.507 0.0000000000
80086  -41.951  31.874  30.738 0.0000000000
80697  -41.140  32.129  30.978 0.0000000000
80710  -40.534  32.450  30.167 0.0000000000
80750  -40.034  32.770  27.050 0.0000000000
119847  -40.039  32.654  27.198 0.0000000000
106686  -39.046  32.502  30.478 0.0000000000
84112  -38.980  38.655  28.642 0.0000000000
83491  -39.430  37.576  29.381 0.0000000000
83490  -38.910  38.086  29.112 0.0000000000
75752  -40.306  25.198  39.778 0.0000000000
77297  -40.783  26.655  40.251 0.0000000000
112182  -50.359  39.099  34.114 0.0000000000
84080  -49.970  39.045  32.486 0.0000000000
84092  -49.569  39.029  31.934 0.0000000000
84669  -49.017  39.075  31.460 0.0000000000
84681  -49.257  39.367  30.587 0.0000000000
71741  -47.757  20.653  24.289 0.0000000000
80604  -36.085  32.779  41.373 0.0000000000
80615  -36.768  32.748  40.802 0.0000000000
117784  -47.177  22.556  41.730 0.0000000000
73268  -46.349  22.388  41.424 0.0000000000
72420  -44.814  21.064  43.029 0.0000000000
74092  -35.388  23.821  44.363 0.0000000000
74902  -34.933  24.611  44.522 0.0000000000
74901  -34.338  24.579  44.834 0.0000000000
70782  -49.194  19.627  32.918 0.0000000000
70781  -48.519  19.560  33.207 0.0000000000
70790  -48.675  19.459  32.366 0.0000000000
70789  -47.912  19.395  32.030 0.0000000000
75002  -46.344  24.659  29.911 0.0000000000
75816  -46.813  25.254  30.289 0.0000000000
79977  -45.951  31.259  42.406 0.0000000000
79964  -46.060  30.812  42.631 0.0000000000
79345  -47.269  31.272  41.891 0.0000000000
105550  -47.554  31.441  35.368 0.0000000000
80019  -48.764  31.266  35.329 0.0000000000
119082  -50.289  30.943  32.031 0.0000000000
80070  -49.788  31.263  32.491 0.0000000000
80081  -49.820  31.330  31.315 0.0000000000
80093  -49.792  31.533  30.210 0.0000000000
80103  -49.779  31.769  29.176 0.0000000000
80092  -49.045  31.659  30.600 0.0000000000
80716  -48.604  32.229  29.965 0.0000000000
81893  -40.709  34.952  28.776 0.0000000000
72496  -43.768  21.439  36.727 0.0000000000
111158  -43.878  21.253  35.871 0.0000000000
73337  -42.890  22.469  35.535 0.0000000000
75762  -41.573  25.445  36.615 0.0000000000
74961  -41.942  25.094  35.975 0.0000000000
75779  -42.784  25.136  35.082 0.0000000000
75780  -43.323  25.256  34.556 0.0000000000
76545  -43.725  26.171  34.740 0.0000000000
76537  -44.178  26.912  35.055 0.0000000000
83397  -49.073  37.320  39.513 0.0000000000
82844  -49.831  36.786  40.223 0.0000000000
83398  -50.381  37.384  39.761 0.0000000000
83399  -51.022  37.387  39.770 0.0000000000
82350  -50.941  36.448  39.828 0.0000000000
82881  -48.943  36.679  36.452 0.0000000000
82875  -49.276  36.414  37.329 0.0000000000
81265  -46.569  33.681  37.313 0.0000000000
80652  -45.283  32.581  35.540 0.0000000000
81271  -44.973  33.196  35.664 0.0000000000
81846  -44.910  34.081  35.610 0.0000000000
81845  -44.495  34.468  34.954 0.0000000000
84077  -45.849  38.284  32.473 0.0000000000
83458  -45.518  37.332  33.389 0.0000000000
84076  -44.981  38.230  32.326 0.0000000000
125682  -44.619  37.839  32.548 0.0000000000
84075  -44.092  38.026  32.256 0.0000000000
83481  -43.185  37.888  31.901 0.0000000000
84087  -43.779  38.536  31.604 0.0000000000
84677  -43.319  39.463  30.395 0.0000000000
116464  -44.702  22.088  25.085 0.0000000000
73439  -44.958  22.797  24.502 0.0000000000
119156  -39.282  28.275  43.877 0.0000000000
78667  -39.687  29.793  44.399 0.0000000000
117111  -40.137  30.272  44.316 0.0000000000
124440  -39.680  31.682  41.101 0.0000000000
79984  -40.304  31.746  40.610 0.0000000000
117513  -41.122  31.570  40.980 0.0000000000
79986  -42.500  31.694  40.729 0.0000000000
80620  -42.049  31.989  40.017 0.0000000000
80632  -42.478  32.592  39.527 0.0000000000
81246  -42.924  33.298  39.119 0.0000000000
82872  -43.047  36.513  37.564 0.0000000000
82359  -43.458  35.879  37.978 0.0000000000
82873  -43.945  36.596  37.745 0.0000000000
82874  -44.828  36.696  38.029 0.0000000000
82856  -45.734  36.864  38.274 0.0000000000
122844  -45.749  37.342  37.917 0.0000000000
83427  -45.772  37.729  37.531 0.0000000000
72541  -51.741  21.330  33.630 0.0000000000
72470  -48.773  21.747  38.224 0.0000000000
72484  -49.220  21.611  37.593 0.0000000000
72500  -49.285  21.307  36.731 0.0000000000
72483  -48.407  21.495  37.714 0.0000000000
71605  -47.170  20.981  37.144 0.0000000000
71604  -46.260  20.875  37.136 0.0000000000
72466  -45.352  21.698  38.630 0.0000000000
72449  -43.578  21.591  40.449 0.0000000000
107880  -43.994  21.897  39.831 0.0000000000
73275  -41.333  22.067  40.259 0.0000000000
71529  -39.791  20.745  46.098 0.0000000000
71530  -40.593  20.619  46.282 0.0000000000
71533  -43.216  20.551  46.190 0.0000000000
71543  -43.623  20.413  45.278 0.0000000000
108400  -43.699  20.355  44.357 0.0000000000
71554  -42.883  20.135  44.501 0.0000000000
71562  -40.724  20.382  43.597 0.0000000000
74916  -38.719  24.147  42.613 0.0000000000
122383  -38.374  24.916  42.659 0.0000000000
75730  -38.115  25.652  42.831 0.0000000000
115999  -37.821  26.201  43.145 0.0000000000
77280  -36.768  26.953  43.845 0.0000000000
71733  -50.993  20.580  25.797 0.0000000000
71668  -45.198  20.493  32.801 0.0000000000
71676  -45.649  20.560  31.454 0.0000000000
71686  -45.661  20.870  30.628 0.0000000000
72587  -46.201  21.246  28.388 0.0000000000
71730  -47.930  21.184  26.348 0.0000000000
72610  -48.217  22.013  23.824 0.0000000000
75019  -46.597  24.614  26.164 0.0000000000
75862  -47.838  25.919  23.719 0.0000000000
75871  -48.169  26.599  23.368 0.0000000000
77290  -42.266  27.759  42.332 0.0000000000
78019  -42.873  28.333  42.063 0.0000000000
78022  -42.931  28.477  41.057 0.0000000000
106869  -43.177  28.673  40.161 0.0000000000
78704  -44.509  29.143  39.622 0.0000000000
78045  -45.406  28.512  36.620 0.0000000000
105712  -46.222  28.325  35.757 0.0000000000
79992  -50.491  32.868  40.734 0.0000000000
79991  -50.061  32.343  40.966 0.0000000000
79996  -50.246  32.372  40.258 0.0000000000
79358  -49.928  31.373  39.132 0.0000000000
78748  -50.413  30.063  35.143 0.0000000000
107540  -50.098  29.915  36.340 0.0000000000
78737  -50.094  29.752  35.591 0.0000000000
78066  -49.344  29.294  35.221 0.0000000000
78065  -48.505  28.765  35.005 0.0000000000
120569  -48.342  28.415  34.291 0.0000000000
77363  -48.416  27.520  32.401 0.0000000000
78106  -51.180  29.355  28.500 0.0000000000
78113  -51.180  28.697  28.732 0.0000000000
78114  -51.676  28.992  27.825 0.0000000000
123910  -52.033  28.380  26.893 0.0000000000
117530  -51.617  28.124  25.616 0.0000000000
76632  -50.655  27.788  24.465 0.0000000000
78135  -50.588  28.071  24.461 0.0000000000
77417  -49.014  28.160  24.110 0.0000000000
77410  -48.903  28.287  25.101 0.0000000000
78124  -48.349  28.275  26.139 0.0000000000
79434  -48.602  31.702  27.649 0.0000000000
79428  -48.974  30.679  27.879 0.0000000000
80698  -44.611  32.817  32.100 0.0000000000
81903  -43.119  34.335  27.281 0.0000000000
81912  -43.743  33.740  26.908 0.0000000000
80741  -43.912  33.015  27.445 0.0000000000
80728  -43.491  32.530  28.290 0.0000000000
80738  -39.393  32.697  27.624 0.0000000000
80737  -38.567  32.789  27.985 0.0000000000
80723  -38.655  32.635  28.231 0.0000000000
119666  -38.187  32.578  28.899 0.0000000000
80708  -38.168  32.483  30.019 0.0000000000
73307  -41.603  23.311  37.916 0.0000000000
74148  -41.812  23.312  37.155 0.0000000000
74147  -41.313  23.831  37.673 0.0000000000
74947  -41.242  24.891  37.116 0.0000000000
74946  -40.793  24.990  37.859 0.0000000000
76522  -41.672  26.274  36.816 0.0000000000
76515  -42.000  27.044  37.103 0.0000000000
84034  -50.789  38.397  37.574 0.0000000000
84052  -50.673  38.553  36.871 0.0000000000
109966  -50.641  38.237  36.510 0.0000000000
83445  -50.323  37.760  36.156 0.0000000000
119581  -50.129  38.336  34.849 0.0000000000
83444  -49.684  37.685  35.271 0.0000000000
82888  -49.532  37.255  36.024 0.0000000000
82887  -48.619  36.983  35.555 0.0000000000
82886  -47.703  36.539  35.567 0.0000000000
82885  -46.960  36.418  35.279 0.0000000000
82377  -46.148  36.148  34.985 0.0000000000
83449  -47.194  37.476  33.801 0.0000000000
83473  -47.026  37.830  33.186 0.0000000000
110846  -46.744  38.276  32.562 0.0000000000
84090  -46.452  38.678  31.970 0.0000000000
84667  -46.164  39.078  31.473 0.0000000000
84679  -46.295  39.506  30.724 0.0000000000
79326  -37.436  31.211  43.858 0.0000000000
79946  -37.688  31.558  43.350 0.0000000000
79957  -38.205  31.589  42.806 0.0000000000
79970  -38.363  31.740  41.960 0.0000000000
80605  -37.325  32.394  41.259 0.0000000000
80606  -38.090  32.172  41.095 0.0000000000
79983  -38.923  31.835  41.081 0.0000000000
73289  -47.955  22.277  39.640 0.0000000000
73288  -47.239  22.143  39.359 0.0000000000
72460  -46.672  21.968  39.107 0.0000000000
73287  -46.567  22.266  39.733 0.0000000000
73276  -45.864  22.282  40.025 0.0000000000
105141  -45.107  22.009  40.911 0.0000000000
121279  -43.938  21.383  41.039 0.0000000000
72359  -37.756  21.835  47.262 0.0000000000
72360  -38.561  21.859  47.362 0.0000000000
72385  -39.171  21.278  46.655 0.0000000000
111993  -38.171  21.439  46.330 0.0000000000
74909  -36.997  24.450  43.111 0.0000000000
75729  -36.774  25.370  43.337 0.0000000000
76486  -35.492  26.097  44.207 0.0000000000
119744  -34.840  25.934  44.499 0.0000000000
115556  -34.891  26.726  44.518 0.0000000000
73382  -44.467  22.644  32.368 0.0000000000
73391  -44.808  22.654  31.629 0.0000000000
73392  -45.182  22.676  30.932 0.0000000000
73400  -45.373  22.702  30.196 0.0000000000
126955  -45.420  23.907  31.061 0.0000000000
74210  -45.387  23.402  30.639 0.0000000000
117552  -45.461  22.769  29.521 0.0000000000
117328  -46.583  24.752  27.707 0.0000000000
116372  -47.179  25.272  27.807 0.0000000000
75839  -47.782  25.643  27.318 0.0000000000
75840  -48.549  26.159  27.734 0.0000000000
79332  -44.356  30.001  43.803 0.0000000000
78694  -44.203  29.008  42.350 0.0000000000
78695  -45.010  29.571  42.740 0.0000000000
78700  -45.462  29.609  41.706 0.0000000000
79344  -46.058  30.449  42.573 0.0000000000
78701  -46.219  30.129  42.095 0.0000000000
78711  -46.845  29.478  38.197 0.0000000000
80646  -48.850  32.297  38.318 0.0000000000
79998  -49.886  31.624  38.590 0.0000000000
80009  -50.314  31.171  35.832 0.0000000000
80020  -50.005  31.387  35.474 0.0000000000
79377  -50.470  30.690  35.471 0.0000000000
110289  -50.520  29.974  34.361 0.0000000000
78755  -50.385  29.635  33.689 0.0000000000
107863  -50.485  29.429  32.153 0.0000000000
124381  -50.639  29.708  31.706 0.0000000000
78771  -50.793  29.588  30.442 0.0000000000
79409  -50.513  30.575  31.358 0.0000000000
79417  -50.607  30.467  30.400 0.0000000000
118768  -50.855  30.016  28.713 0.0000000000
78783  -50.994  29.709  28.022 0.0000000000
78789  -51.167  29.417  27.331 0.0000000000
79436  -50.542  30.048  27.794 0.0000000000
79429  -50.017  30.896  27.871 0.0000000000
106643  -49.431  31.637  27.935 0.0000000000
80120  -48.989  32.197  27.775 0.0000000000
80119  -48.779  32.144  27.660 0.0000000000
81868  -42.811  34.756  32.075 0.0000000000
81895  -42.888  34.727  28.573 0.0000000000
81910  -42.444  33.893  26.735 0.0000000000
81336  -41.815  33.223  26.504 0.0000000000
80751  -40.864  33.016  26.603 0.0000000000
81328  -39.944  33.182  27.210 0.0000000000
112643  -40.002  34.167  28.147 0.0000000000
126106  -37.964  34.379  28.919 0.0000000000
71646  -46.277  19.876  34.662 0.0000000000
70771  -46.956  19.631  34.100 0.0000000000
71645  -45.508  20.113  34.340 0.0000000000
71644  -44.913  20.493  34.019 0.0000000000
71657  -44.766  20.779  33.380 0.0000000000
72540  -44.439  21.391  33.288 0.0000000000
121755  -42.240  23.054  36.541 0.0000000000
73350  -42.706  23.116  35.132 0.0000000000
74176  -42.517  23.810  35.225 0.0000000000
73366  -43.643  22.623  33.819 0.0000000000
73367  -44.108  22.651  33.110 0.0000000000
74194  -44.335  23.434  32.695 0.0000000000
75789  -43.710  24.980  33.954 0.0000000000
75799  -45.439  25.439  32.545 0.0000000000
76564  -45.794  26.031  32.800 0.0000000000
81799  -47.031  34.273  40.306 0.0000000000
81236  -47.863  33.835  40.889 0.0000000000
81801  -48.906  34.480  41.101 0.0000000000
81222  -50.015  33.812  41.468 0.0000000000
82833  -50.382  36.143  40.754 0.0000000000
82316  -50.533  34.937  41.169 0.0000000000
81223  -50.541  33.933  41.181 0.0000000000
81252  -50.520  33.292  40.537 0.0000000000
81251  -50.386  33.615  40.136 0.0000000000
80636  -49.692  33.168  39.519 0.0000000000
83430  -51.068  38.062  38.170 0.0000000000
82859  -50.890  36.876  38.737 0.0000000000
82349  -50.423  35.863  39.222 0.0000000000
82363  -49.755  36.124  38.228 0.0000000000
81263  -48.844  33.411  39.001 0.0000000000
80001  -48.210  32.016  37.537 0.0000000000
80006  -47.732  31.790  36.866 0.0000000000
80644  -46.680  32.873  37.333 0.0000000000
80036  -47.102  31.393  34.681 0.0000000000
80052  -47.175  31.396  33.809 0.0000000000
80051  -46.348  31.649  33.756 0.0000000000
80066  -45.839  31.912  33.285 0.0000000000
80672  -45.046  32.251  33.694 0.0000000000
80651  -44.672  32.808  34.989 0.0000000000
80683  -44.472  32.715  33.210 0.0000000000
81286  -43.553  33.850  33.208 0.0000000000
81869  -43.231  34.365  32.614 0.0000000000
82376  -45.336  35.775  34.796 0.0000000000
116742  -44.632  35.294  34.624 0.0000000000
82903  -44.681  36.926  33.380 0.0000000000
82386  -44.039  35.418  33.986 0.0000000000
82385  -43.497  35.155  33.443 0.0000000000
82392  -42.549  35.473  31.890 0.0000000000
82399  -42.252  35.991  31.399 0.0000000000
83468  -42.731  37.149  32.015 0.0000000000
82917  -42.054  36.553  31.109 0.0000000000
76499  -41.038  26.381  42.832 0.0000000000
77288  -41.303  26.846  43.147 0.0000000000
77285  -41.728  27.419  43.286 0.0000000000
78014  -41.422  28.149  43.782 0.0000000000
78015  -42.193  28.152  43.578 0.0000000000
123765  -42.679  28.764  43.814 0.0000000000
78685  -43.688  29.766  44.009 0.0000000000
79328  -38.958  30.939  44.003 0.0000000000
79329  -39.755  30.708  44.007 0.0000000000
110323  -40.590  30.481  44.080 0.0000000000
79959  -40.931  31.171  42.812 0.0000000000
79330  -41.176  30.700  43.734 0.0000000000
108565  -42.183  30.376  44.024 0.0000000000
79331  -43.039  30.030  44.206 0.0000000000
125514  -43.724  30.104  44.042 0.0000000000
79340  -44.028  30.526  43.520 0.0000000000
79962  -44.621  31.052  42.963 0.0000000000
79976  -45.024  31.436  42.248 0.0000000000
79987  -43.419  31.710  40.930 0.0000000000
79988  -44.372  31.788  41.192 0.0000000000
79989  -45.399  31.837  41.521 0.0000000000
80624  -45.723  32.434  40.875 0.0000000000
81234  -45.992  33.178  40.413 0.0000000000
81261  -43.337  33.924  38.785 0.0000000000
82346  -43.822  35.228  38.373 0.0000000000
81830  -44.129  34.419  38.771 0.0000000000
81813  -44.795  34.001  39.306 0.0000000000
81250  -46.199  33.947  40.024 0.0000000000
81816  -47.315  35.019  40.039 0.0000000000
82857  -46.716  36.913  38.630 0.0000000000
82858  -47.799  37.063  39.021 0.0000000000
83408  -48.421  37.662  38.671 0.0000000000
84019  -49.071  38.184  38.392 0.0000000000
84033  -49.170  38.556  37.768 0.0000000000
84621  -48.316  39.232  36.468 0.0000000000
71660  -50.309  20.347  33.453 0.0000000000
70791  -49.854  19.910  32.911 0.0000000000
72517  -50.449  21.303  35.536 0.0000000000
71621  -49.085  20.834  36.013 0.0000000000
105727  -48.870  20.433  35.246 0.0000000000
71648  -48.022  20.157  35.076 0.0000000000
72498  -45.089  20.658  36.264 0.0000000000
72497  -44.478  20.979  36.494 0.0000000000
73309  -42.904  22.177  37.962 0.0000000000
72464  -43.700  21.850  38.534 0.0000000000
73308  -42.119  22.790  37.877 0.0000000000
74140  -40.591  24.106  38.928 0.0000000000
113008  -40.352  23.969  39.739 0.0000000000
116532  -40.247  24.605  40.015 0.0000000000
73244  -46.875  22.175  43.969 0.0000000000
74031  -44.771  23.930  49.322 0.0000000000
74043  -44.611  23.285  48.879 0.0000000000
127056  -45.547  22.925  48.452 0.0000000000
73210  -39.947  22.584  48.279 0.0000000000
72340  -41.119  22.086  48.207 0.0000000000
72363  -41.540  21.384  47.583 0.0000000000
72341  -42.076  21.861  48.115 0.0000000000
73198  -43.501  22.265  48.326 0.0000000000
72344  -44.348  22.119  48.075 0.0000000000
73200  -45.808  22.583  48.078 0.0000000000
125650  -45.793  22.203  47.613 0.0000000000
107438  -45.843  21.838  47.117 0.0000000000
72389  -46.152  21.723  46.242 0.0000000000
72403  -46.320  21.704  45.338 0.0000000000
72412  -46.344  21.739  44.465 0.0000000000
118869  -46.297  21.816  43.722 0.0000000000
71574  -44.058  20.641  42.999 0.0000000000
71579  -42.036  20.660  41.839 0.0000000000
71552  -40.522  20.230  44.345 0.0000000000
71561  -39.927  20.578  43.885 0.0000000000
72419  -40.189  20.916  43.177 0.0000000000
71570  -40.955  20.678  42.821 0.0000000000
72436  -40.879  21.601  41.461 0.0000000000
75739  -40.400  25.122  42.376 0.0000000000
106646  -38.477  28.955  44.136 0.0000000000
78665  -38.009  29.822  44.316 0.0000000000
116089  -37.135  29.914  44.376 0.0000000000
79312  -37.678  30.680  44.195 0.0000000000
79945  -36.847  31.605  43.542 0.0000000000
80586  -36.159  32.091  43.215 0.0000000000
79943  -35.285  31.287  43.541 0.0000000000
80596  -35.563  32.383  42.826 0.0000000000
80603  -35.332  32.763  42.008 0.0000000000
70867  -51.383  19.837  25.293 0.0000000000
70866  -50.736  20.129  24.862 0.0000000000
70865  -49.855  20.343  24.586 0.0000000000
106673  -47.036  19.481  32.093 0.0000000000
70800  -47.618  19.442  31.353 0.0000000000
70821  -47.620  19.785  29.133 0.0000000000
70874  -48.959  20.911  23.894 0.0000000000
71750  -47.906  21.512  23.711 0.0000000000
72620  -48.114  21.908  23.693 0.0000000000
74246  -46.665  23.686  24.643 0.0000000000
73440  -46.186  22.847  23.788 0.0000000000
115543  -45.281  23.453  24.016 0.0000000000
75044  -46.441  24.488  23.461 0.0000000000
74256  -45.629  24.644  23.443 0.0000000000
75043  -44.862  24.997  23.605 0.0000000000
77301  -40.798  26.873  39.520 0.0000000000
77298  -41.241  27.289  40.114 0.0000000000
77306  -40.931  27.103  38.897 0.0000000000
77307  -41.518  27.469  38.577 0.0000000000
77311  -41.718  27.310  37.848 0.0000000000
78023  -43.858  28.874  41.125 0.0000000000
78026  -43.635  28.796  39.444 0.0000000000
111393  -43.367  28.625  38.772 0.0000000000
78028  -42.789  28.279  38.327 0.0000000000
77323  -42.700  27.397  36.733 0.0000000000
77335  -44.704  27.546  35.432 0.0000000000
77344  -44.962  27.134  34.700 0.0000000000
76547  -45.242  26.683  34.105 0.0000000000
80626  -47.755  32.886  41.310 0.0000000000
79979  -48.035  31.729  41.578 0.0000000000
79349  -47.755  31.205  41.520 0.0000000000
79990  -49.578  31.862  40.878 0.0000000000
79350  -48.620  31.262  40.824 0.0000000000
120689  -47.418  29.446  37.664 0.0000000000
107356  -50.131  31.147  38.192 0.0000000000
78718  -50.050  30.510  37.725 0.0000000000
120928  -49.377  29.871  37.364 0.0000000000
78717  -48.315  29.609  37.555 0.0000000000
78063  -46.658  27.904  34.908 0.0000000000
78064  -47.595  28.261  34.716 0.0000000000
77353  -46.641  27.170  33.643 0.0000000000
76584  -47.826  26.264  30.481 0.0000000000
76576  -48.251  26.802  31.089 0.0000000000
77373  -50.077  28.349  31.053 0.0000000000
77380  -50.285  28.159  30.202 0.0000000000
120361  -49.896  27.653  29.815 0.0000000000
77393  -50.996  27.984  28.430 0.0000000000
77385  -50.042  27.496  29.026 0.0000000000
76601  -49.599  26.770  27.607 0.0000000000
76609  -49.264  26.459  26.844 0.0000000000
76640  -49.992  27.306  23.638 0.0000000000
77428  -48.215  27.110  23.292 0.0000000000
76645  -47.138  26.563  23.150 0.0000000000
76638  -46.761  26.846  23.396 0.0000000000
78118  -48.834  28.750  27.014 0.0000000000
78782  -48.453  29.699  28.170 0.0000000000
78112  -48.356  28.947  27.872 0.0000000000
80078  -46.978  31.730  32.014 0.0000000000
80701  -47.388  32.149  30.978 0.0000000000
80714  -46.876  32.717  29.953 0.0000000000
80713  -45.920  32.809  30.495 0.0000000000
80731  -47.514  33.076  28.590 0.0000000000
81322  -47.322  33.207  27.324 0.0000000000
81341  -46.951  33.074  26.834 0.0000000000
81310  -43.871  33.770  30.883 0.0000000000
81319  -44.865  33.791  29.023 0.0000000000
81329  -45.018  33.763  27.652 0.0000000000
81330  -46.010  33.404  27.496 0.0000000000
80744  -46.414  33.033  26.946 0.0000000000
123717  -46.480  32.771  27.039 0.0000000000
80109  -46.050  32.207  27.783 0.0000000000
80101  -45.549  31.527  28.847 0.0000000000
80100  -44.675  31.636  29.229 0.0000000000
80090  -45.261  31.063  29.718 0.0000000000
80076  -42.430  31.346  31.384 0.0000000000
80725  -40.618  32.533  27.436 0.0000000000
108180  -40.641  32.519  28.924 0.0000000000
85325  -45.482  40.317  29.260 0.0000000000
84692  -42.896  39.858  29.681 0.0000000000
123003  -42.156  39.467  29.799 0.0000000000
84104  -40.969  38.743  29.598 0.0000000000
84703  -40.176  39.586  28.237 0.0000000000
107206  -40.120  38.289  29.414 0.0000000000
82932  -38.914  36.705  29.422 0.0000000000
113402  -38.415  36.080  29.421 0.0000000000
71517  -41.032  20.890  46.996 0.0000000000
73199  -45.007  22.680  48.394 0.0000000000
74044  -45.281  23.298  48.775 0.0000000000
74166  -42.180  23.940  35.707 0.0000000000
75869  -47.035  26.019  23.063 0.0000000000
76621  -50.787  27.745  25.043 0.0000000000
76631  -50.426  27.422  24.152 0.0000000000
77308  -42.124  27.779  38.236 0.0000000000
77411  -52.103  28.553  26.267 0.0000000000
77418  -50.851  27.911  25.036 0.0000000000
77422  -47.529  27.007  23.193 0.0000000000
77998  -39.232  29.154  44.202 0.0000000000
78120  -52.058  28.899  27.066 0.0000000000
78134  -50.349  28.236  24.304 0.0000000000
78690  -44.881  29.917  43.450 0.0000000000
78738  -50.345  30.226  35.941 0.0000000000
79948  -39.365  31.062  43.675 0.0000000000
79978  -46.688  31.194  42.239 0.0000000000
79981  -49.729  32.411  41.259 0.0000000000
79995  -50.108  31.898  39.736 0.0000000000
80585  -35.252  32.017  43.270 0.0000000000
80637  -50.226  32.981  39.889 0.0000000000
81237  -50.656  33.481  40.985 0.0000000000
81276  -43.679  33.899  33.916 0.0000000000
81295  -43.967  33.267  32.810 0.0000000000
81340  -46.246  33.094  27.021 0.0000000000
81788  -50.052  34.717  41.382 0.0000000000
81789  -50.426  34.433  41.282 0.0000000000
81802  -50.611  34.578  41.090 0.0000000000
81853  -44.002  34.048  34.479 0.0000000000
82323  -50.490  35.477  41.052 0.0000000000
82324  -50.645  35.220  40.938 0.0000000000
82846  -50.894  36.787  40.266 0.0000000000
82860  -51.111  37.260  39.476 0.0000000000
84690  -41.553  39.404  29.463 0.0000000000
84694  -45.849  39.990  29.915 0.0000000000
106859  -49.712  38.687  33.159 0.0000000000
111239  -39.482  31.971  40.373 0.0000000000
112397  -36.699  32.513  41.571 0.0000000000
112464  -45.254  37.296  37.762 0.0000000000
112545  -40.025  31.296  42.605 0.0000000000
115218  -50.019  31.943  40.342 0.0000000000
121457  -42.889  38.940  30.798 0.0000000000
121926  -51.102  37.599  38.678 0.0000000000
122113  -43.105  27.906  37.041 0.0000000000
123208  -41.700  31.154  42.728 0.0000000000
123512  -46.283  37.844  37.608 0.0000000000
124701  -49.523  34.113  41.394 0.0000000000
125700  -48.737  27.117  30.902 0.0000000000
126067  -40.831  30.124  44.329 0.0000000000
