#!ascii label  , from subject sub-v1s15x0050202_ses-1 vox2ras=TkReg
2134
3957  -37.526  -67.788  20.596 0.1000000015
3538  -37.096  -68.594  20.017 0.1000000015
3108  -36.071  -68.989  21.276 0.1000000015
3537  -36.260  -68.835  20.322 0.1000000015
110965  -35.694  -68.762  19.816 0.1000000015
122178  -35.869  -68.751  18.662 0.1000000015
106401  -34.954  -68.500  19.643 0.1000000015
3563  -34.748  -68.623  17.438 0.1000000015
3994  -34.561  -68.172  16.927 0.1000000015
122249  -34.320  -68.188  18.420 0.1000000015
4374  -34.322  -67.519  17.503 0.1000000015
4375  -34.726  -67.489  16.428 0.1000000015
4725  -34.640  -66.634  17.407 0.1000000015
4352  -34.231  -66.916  19.125 0.1000000015
4726  -35.195  -66.001  16.879 0.1000000015
125140  -35.016  -63.894  16.582 0.1000000015
4715  -34.339  -66.719  18.229 0.1000000015
5045  -35.232  -64.573  18.377 0.1000000015
4716  -34.997  -65.652  18.065 0.1000000015
4365  -39.308  -66.770  18.433 0.1000000015
3974  -38.086  -67.804  19.718 0.1000000015
3975  -39.130  -67.179  19.275 0.1000000015
3555  -37.423  -68.388  19.235 0.1000000015
109584  -38.936  -67.003  17.690 0.1000000015
3988  -37.733  -68.127  18.351 0.1000000015
3566  -36.717  -68.618  18.653 0.1000000015
108173  -37.284  -67.909  17.234 0.1000000015
3565  -35.932  -68.701  17.959 0.1000000015
4003  -36.229  -67.830  15.459 0.1000000015
4001  -34.913  -68.128  16.102 0.1000000015
4728  -35.330  -66.397  15.742 0.1000000015
8290  -39.137  -57.947  15.107 0.1000000015
6782  -36.992  -60.052  15.874 0.1000000015
123753  -36.228  -60.545  15.856 0.1000000015
6252  -35.816  -61.087  15.379 0.1000000015
5784  -34.663  -62.651  16.225 0.1000000015
116677  -34.706  -63.191  15.566 0.1000000015
119817  -34.834  -63.587  15.888 0.1000000015
5054  -35.216  -64.486  15.941 0.1000000015
5053  -35.280  -64.831  17.177 0.1000000015
5037  -39.155  -65.187  19.427 0.1000000015
5046  -38.537  -64.573  18.139 0.2000000030
5047  -38.984  -65.230  18.523 0.2000000030
4708  -39.442  -65.799  19.067 0.1000000015
5389  -38.748  -64.263  17.414 0.1000000015
109119  -39.000  -65.250  17.493 0.1000000015
4717  -39.362  -66.063  18.354 0.1000000015
5055  -38.957  -64.636  16.533 0.1000000015
4727  -39.095  -66.242  17.463 0.1000000015
12346  -48.467  -50.804  13.089 0.1000000015
11696  -47.069  -51.593  12.675 0.1000000015
4729  -38.356  -66.011  15.745 0.1000000015
4382  -37.916  -66.836  15.849 0.1000000015
4004  -37.167  -67.475  16.158 0.1000000015
11088  -46.257  -51.946  12.330 0.1000000015
10515  -45.404  -53.396  12.860 0.1000000015
9935  -44.513  -55.618  13.538 0.1000000015
111030  -43.481  -56.416  13.536 0.1000000015
8860  -43.084  -56.988  13.636 0.1000000015
123305  -37.700  -66.492  15.158 0.1000000015
4386  -37.111  -66.483  14.560 0.1000000015
4381  -35.223  -67.418  15.708 0.1000000015
9944  -44.447  -54.575  13.075 0.1000000015
9382  -42.548  -56.018  13.059 0.1000000015
8859  -42.028  -56.784  13.300 0.1000000015
125836  -41.133  -57.775  13.751 0.1000000015
8301  -40.773  -58.113  14.007 0.1000000015
6801  -39.285  -60.905  13.858 0.1000000015
6800  -38.311  -61.123  13.984 0.1000000015
4017  -35.959  -67.137  14.672 0.1000000015
112697  -35.540  -66.898  15.007 0.1000000015
8858  -40.923  -56.553  13.286 0.1000000015
124657  -40.074  -57.472  14.304 0.1000000015
8291  -39.964  -58.143  14.490 0.1000000015
6793  -38.565  -60.304  14.348 0.1000000015
5394  -35.593  -63.076  14.455 0.1000000015
5393  -35.082  -63.427  14.833 0.1000000015
7251  -37.833  -59.718  15.276 0.1000000015
6792  -37.594  -60.501  14.771 0.1000000015
6260  -36.247  -61.438  14.491 0.1000000015
5792  -35.045  -62.627  15.122 0.1000000015
5056  -35.344  -64.647  15.013 0.1000000015
105980  -35.319  -65.425  16.300 0.1000000015
5383  -38.090  -63.815  18.254 0.1000000015
5026  -38.358  -64.242  19.793 0.1000000015
5368  -37.860  -63.362  20.232 0.2000000030
5357  -38.203  -63.208  20.967 0.2000000030
5776  -38.611  -63.385  17.501 0.1000000015
5390  -39.126  -63.847  16.569 0.1000000015
12992  -49.421  -48.867  12.342 0.1000000015
12357  -48.417  -49.932  12.472 0.1000000015
125000  -38.876  -64.727  15.967 0.1000000015
4733  -38.556  -65.190  15.578 0.1000000015
5058  -38.761  -64.478  15.307 0.1000000015
11081  -46.920  -52.504  13.419 0.1000000015
10505  -45.253  -54.250  13.514 0.1000000015
9936  -45.080  -55.208  13.859 0.1000000015
4732  -37.943  -65.777  14.976 0.1000000015
9384  -44.852  -55.926  13.985 0.1000000015
8854  -43.738  -56.802  13.965 0.1000000015
8302  -41.837  -58.180  14.052 0.1000000015
6802  -40.103  -60.629  14.094 0.1000000015
5800  -38.566  -62.425  13.867 0.1000000015
5397  -37.172  -63.578  13.933 0.1000000015
126681  -36.528  -65.891  14.319 0.1000000015
5396  -35.933  -63.949  14.244 0.1000000015
114100  -35.391  -65.315  15.469 0.1000000015
7216  -38.885  -59.554  18.536 0.1000000015
7207  -38.304  -59.537  19.100 0.1000000015
6766  -39.223  -60.810  17.804 0.1000000015
115142  -38.551  -61.102  18.269 0.1000000015
6753  -37.863  -61.117  18.981 0.1000000015
6225  -37.575  -62.119  19.323 0.2000000030
5768  -37.886  -62.839  18.315 0.2000000030
5756  -37.576  -62.690  20.004 0.2000000030
124626  -37.704  -62.692  20.606 0.2000000030
5777  -39.325  -63.082  16.728 0.1000000015
5778  -39.517  -62.260  16.881 0.1000000015
5785  -40.011  -62.804  16.051 0.1000000015
12981  -49.503  -49.411  13.161 0.1000000015
12334  -48.613  -50.721  13.703 0.1000000015
11691  -47.644  -52.165  14.162 0.1000000015
5392  -39.656  -63.427  15.687 0.1000000015
15169  -50.219  -47.478  12.500 0.1000000015
14425  -51.059  -47.607  13.321 0.1000000015
11077  -47.736  -52.080  13.676 0.1000000015
9924  -45.542  -54.520  14.335 0.1000000015
9923  -45.093  -55.205  14.375 0.1000000015
8843  -43.642  -56.868  14.368 0.1000000015
7262  -41.957  -59.190  14.904 0.1000000015
6270  -40.573  -61.080  14.428 0.1000000015
6262  -40.336  -61.840  14.747 0.1000000015
111434  -39.043  -63.787  15.011 0.1000000015
15167  -50.473  -46.846  12.663 0.1000000015
8304  -43.335  -57.516  14.141 0.1000000015
7261  -41.300  -59.602  14.463 0.1000000015
6269  -39.856  -61.396  14.008 0.1000000015
5801  -39.640  -62.191  14.168 0.1000000015
5061  -37.158  -64.507  14.290 0.1000000015
15869  -50.850  -46.029  12.933 0.1000000015
15865  -50.216  -45.274  13.430 0.1000000015
15161  -48.724  -46.382  13.477 0.1000000015
114951  -39.729  -57.083  17.772 0.1000000015
7736  -39.316  -59.090  18.248 0.1000000015
8822  -40.433  -56.551  17.473 0.1000000015
8276  -40.714  -57.520  17.503 0.1000000015
6743  -37.819  -60.266  19.469 0.1000000015
107683  -37.470  -61.081  19.919 0.2000000030
8830  -41.014  -56.312  17.043 0.1000000015
115302  -39.860  -59.183  17.558 0.1000000015
6755  -39.423  -59.918  17.909 0.1000000015
6216  -37.514  -61.906  20.485 0.2000000030
9351  -41.096  -55.542  16.645 0.1000000015
7752  -40.491  -58.467  17.390 0.1000000015
15857  -53.089  -45.893  14.989 0.1000000015
15163  -52.255  -46.979  14.012 0.1000000015
14420  -51.650  -47.785  13.685 0.1000000015
14419  -50.657  -48.233  13.927 0.1000000015
13682  -50.100  -48.818  13.603 0.1000000015
12980  -48.994  -50.055  13.834 0.1000000015
126266  -48.673  -50.530  14.081 0.1000000015
9352  -41.739  -55.423  16.166 0.1000000015
8831  -41.714  -56.476  16.350 0.1000000015
7232  -40.566  -59.408  17.013 0.1000000015
6244  -39.723  -61.400  16.993 0.1000000015
13683  -50.689  -48.172  13.420 0.1000000015
108572  -46.429  -53.204  14.840 0.1000000015
10495  -45.966  -53.777  15.167 0.1000000015
9918  -44.894  -55.078  14.939 0.1000000015
7761  -41.711  -58.595  16.255 0.1000000015
7243  -41.063  -59.800  16.213 0.1000000015
107923  -40.415  -62.039  15.984 0.1000000015
15867  -53.119  -45.054  14.733 0.1000000015
10498  -46.111  -53.922  14.728 0.1000000015
9919  -45.502  -54.486  14.947 0.1000000015
9917  -44.075  -55.208  15.291 0.1000000015
8292  -42.804  -58.269  15.133 0.1000000015
7770  -42.143  -58.719  15.466 0.1000000015
6794  -41.101  -60.808  14.960 0.1000000015
6253  -40.809  -61.323  15.383 0.1000000015
15866  -52.678  -45.794  14.268 0.1000000015
15870  -51.793  -45.983  13.470 0.1000000015
16569  -52.635  -44.509  14.072 0.1000000015
16571  -51.173  -45.288  13.241 0.1000000015
16568  -51.071  -44.521  13.585 0.1000000015
16566  -49.254  -44.928  14.277 0.1000000015
15856  -48.308  -45.067  14.872 0.1000000015
118673  -39.121  -58.466  18.441 0.1000000015
9908  -40.668  -54.785  16.939 0.1000000015
117776  -39.530  -56.218  17.880 0.1000000015
7723  -38.168  -58.774  19.375 0.1000000015
9911  -41.239  -54.813  16.463 0.1000000015
10487  -41.798  -53.622  16.406 0.1000000015
8260  -38.585  -58.187  18.865 0.1000000015
7206  -37.732  -59.444  19.826 0.1000000015
10489  -43.442  -53.179  15.893 0.1000000015
10488  -42.618  -53.663  16.053 0.1000000015
6735  -37.512  -60.174  20.364 0.2000000030
15155  -52.559  -46.640  14.629 0.1000000015
120901  -49.843  -48.649  14.188 0.1000000015
13680  -48.717  -49.425  14.463 0.1000000015
10492  -43.749  -54.174  15.787 0.1000000015
9353  -42.388  -55.274  15.834 0.1000000015
7192  -37.470  -59.317  20.671 0.1000000015
14415  -51.076  -47.438  14.435 0.1000000015
12325  -48.006  -50.778  14.443 0.1000000015
11072  -46.091  -52.949  15.316 0.1000000015
116558  -44.721  -54.472  15.386 0.1000000015
8841  -42.597  -57.253  15.529 0.1000000015
16570  -52.937  -44.041  14.576 0.1000000015
17251  -52.305  -43.614  14.262 0.1000000015
17250  -51.805  -43.301  14.296 0.1000000015
17238  -51.322  -42.620  14.688 0.1000000015
17249  -50.902  -43.636  14.289 0.1000000015
17237  -50.124  -42.949  14.876 0.1000000015
16556  -48.979  -44.364  14.886 0.1000000015
11066  -42.615  -52.232  16.382 0.1000000015
10484  -41.366  -53.237  16.663 0.1000000015
105057  -43.397  -51.758  16.202 0.1000000015
10486  -41.096  -53.990  16.631 0.1000000015
106736  -40.361  -53.985  17.264 0.1000000015
8813  -39.040  -56.769  18.433 0.1000000015
110199  -42.750  -52.864  16.162 0.1000000015
9907  -39.924  -54.840  17.473 0.1000000015
11687  -45.032  -52.253  15.592 0.1000000015
126884  -44.254  -51.770  15.887 0.1000000015
9339  -38.877  -55.867  18.450 0.1000000015
114734  -52.554  -45.634  15.941 0.1000000015
113381  -52.520  -46.268  15.321 0.1000000015
15154  -51.797  -46.820  15.216 0.1000000015
13672  -48.805  -48.492  14.828 0.1000000015
12969  -47.367  -49.925  15.137 0.1000000015
105296  -46.553  -51.326  15.284 0.1000000015
11688  -45.825  -51.826  15.438 0.1000000015
11070  -44.103  -52.571  15.805 0.1000000015
8803  -38.311  -56.408  18.985 0.1000000015
7722  -37.649  -58.635  20.074 0.1000000015
123482  -53.084  -45.253  15.397 0.1000000015
12979  -48.233  -49.944  14.526 0.1000000015
11073  -46.782  -52.291  14.877 0.1000000015
10493  -44.424  -53.608  15.669 0.1000000015
7710  -37.377  -58.490  20.875 0.1000000015
16547  -52.671  -43.924  16.095 0.1000000015
17229  -52.253  -42.973  16.063 0.1000000015
17886  -51.965  -42.286  15.061 0.1000000015
18514  -51.594  -41.480  15.527 0.1000000015
18521  -50.895  -40.884  15.371 0.1000000015
17884  -50.637  -41.837  15.063 0.1000000015
18512  -49.082  -40.567  15.869 0.1000000015
106342  -43.172  -50.880  16.512 0.1000000015
11684  -42.539  -51.451  16.585 0.1000000015
11063  -41.277  -52.575  16.845 0.1000000015
12315  -43.774  -50.246  16.478 0.1000000015
10483  -40.751  -53.210  17.028 0.1000000015
11685  -44.008  -51.067  16.179 0.1000000015
12956  -45.105  -49.303  16.404 0.1000000015
124706  -39.690  -54.009  17.634 0.1000000015
9340  -39.350  -55.342  17.940 0.1000000015
12323  -45.571  -50.770  15.662 0.1000000015
12317  -45.219  -49.928  16.102 0.1000000015
9901  -39.225  -54.483  17.976 0.1000000015
16534  -52.425  -44.746  17.031 0.1000000015
14414  -49.650  -47.599  14.899 0.1000000015
110993  -46.305  -50.570  15.489 0.1000000015
12967  -45.844  -50.097  15.705 0.1000000015
108673  -38.756  -54.998  18.448 0.1000000015
8245  -38.027  -57.958  19.542 0.1000000015
17217  -52.008  -43.550  16.735 0.1000000015
106941  -52.247  -45.613  17.138 0.1000000015
15139  -51.879  -46.089  16.399 0.1000000015
121881  -50.086  -46.784  15.562 0.1000000015
15153  -49.083  -47.013  15.856 0.1000000015
13671  -47.794  -49.040  15.200 0.1000000015
8802  -37.738  -57.012  19.680 0.1000000015
17858  -50.698  -41.481  17.292 0.1000000015
17860  -51.820  -42.371  16.301 0.1000000015
18490  -50.113  -40.893  17.748 0.1000000015
18513  -51.431  -40.732  15.936 0.1000000015
19164  -50.935  -40.160  16.322 0.1000000015
19177  -50.149  -40.348  15.801 0.1000000015
19163  -50.251  -39.793  16.833 0.1000000015
14396  -46.343  -47.685  16.670 0.1000000015
13653  -45.337  -48.716  16.530 0.1000000015
120805  -44.414  -49.561  16.485 0.1000000015
12313  -41.801  -51.222  16.898 0.1000000015
123553  -47.018  -47.388  16.585 0.1000000015
11683  -41.177  -51.794  17.087 0.1000000015
14398  -48.331  -46.883  16.399 0.1000000015
13655  -47.060  -48.222  16.032 0.1000000015
12957  -45.812  -49.359  15.993 0.1000000015
11062  -40.580  -52.417  17.311 0.1000000015
16533  -51.488  -44.222  17.515 0.1000000015
16520  -51.793  -45.394  17.738 0.1000000015
15138  -50.537  -46.307  16.315 0.1000000015
114950  -48.521  -47.605  15.653 0.1000000015
14413  -47.927  -48.177  15.596 0.1000000015
10477  -39.150  -53.621  18.002 0.1000000015
17201  -50.541  -43.684  17.984 0.1000000015
9332  -38.227  -55.472  18.952 0.1000000015
17215  -50.288  -42.692  17.824 0.1000000015
17846  -49.845  -41.923  18.079 0.1000000015
18489  -49.420  -41.002  18.338 0.1000000015
19152  -49.861  -39.953  17.729 0.1000000015
19151  -49.182  -39.931  18.472 0.1000000015
19758  -48.191  -39.492  18.904 0.1000000015
19782  -49.727  -39.606  16.627 0.1000000015
12954  -42.960  -50.117  16.757 0.1000000015
12308  -42.296  -49.999  16.992 0.1000000015
12307  -41.624  -50.381  17.150 0.1000000015
105490  -51.151  -46.277  17.050 0.1000000015
15137  -49.207  -46.460  16.600 0.1000000015
108229  -48.263  -46.366  17.006 0.1000000015
17200  -49.547  -43.235  18.492 0.1000000015
16518  -50.218  -44.233  18.547 0.1000000015
16519  -51.061  -44.803  18.240 0.1000000015
15833  -51.703  -46.230  17.616 0.1000000015
10482  -39.950  -53.164  17.581 0.1000000015
17845  -49.028  -42.155  18.518 0.1000000015
17836  -47.604  -42.006  19.431 0.1000000015
126435  -48.829  -41.584  18.621 0.1000000015
18480  -47.363  -41.093  19.596 0.1000000015
18481  -48.068  -41.040  19.161 0.1000000015
19144  -47.872  -40.173  19.311 0.1000000015
19757  -47.630  -39.345  19.220 0.1000000015
14384  -46.646  -46.908  17.156 0.1000000015
14394  -44.806  -48.273  17.000 0.1000000015
13652  -44.000  -48.687  16.911 0.1000000015
12955  -43.491  -49.462  16.755 0.1000000015
121570  -44.192  -47.787  17.454 0.1000000015
15136  -47.521  -46.676  16.938 0.1000000015
17190  -48.804  -43.763  19.162 0.1000000015
17199  -48.677  -42.876  18.871 0.1000000015
17835  -46.935  -41.915  19.831 0.1000000015
19135  -46.363  -40.202  20.200 0.1000000015
19748  -46.134  -39.511  20.191 0.1000000015
14395  -45.561  -47.964  16.856 0.1000000015
14382  -45.033  -47.463  17.474 0.1000000015
15832  -48.735  -46.243  17.408 0.1000000015
16509  -49.659  -44.382  18.989 0.1000000015
16510  -50.591  -45.145  18.815 0.1000000015
15834  -51.717  -46.217  17.982 0.1000000015
15123  -51.462  -46.618  18.232 0.1000000015
15847  -49.948  -46.212  17.084 0.1000000015
17189  -47.976  -43.071  19.401 0.1000000015
116078  -47.071  -42.764  19.823 0.1000000015
18473  -46.532  -41.213  20.130 0.1000000015
18472  -45.783  -40.953  20.616 0.1000000015
19134  -45.656  -40.088  20.600 0.1000000015
19736  -44.984  -39.821  20.983 0.1000000015
15120  -47.037  -46.231  17.647 0.1000000015
15109  -51.278  -47.106  18.399 0.1000000015
15823  -49.653  -46.536  17.797 0.1000000015
106245  -48.129  -46.046  18.009 0.1000000015
16508  -49.112  -44.739  19.498 0.1000000015
15824  -51.496  -46.030  18.412 0.1000000015
15111  -51.507  -46.514  18.268 0.1000000015
109670  -45.913  -41.732  20.619 0.1000000015
19124  -45.099  -40.712  21.078 0.1000000015
19123  -44.420  -40.398  21.508 0.1000000015
124357  -50.084  -45.224  19.310 0.1000000015
15814  -51.079  -46.291  19.136 0.1000000015
15110  -51.358  -46.926  18.536 0.1000000015
17188  -47.325  -43.718  20.004 0.1000000015
17827  -46.384  -42.329  20.363 0.1000000015
18462  -44.532  -41.251  21.609 0.1000000015
19109  -43.981  -40.889  21.954 0.1000000015
16507  -48.207  -44.186  19.732 0.1000000015
110057  -46.064  -42.923  20.787 0.1000000015
17826  -45.731  -42.390  20.910 0.1000000015
18463  -45.261  -41.684  21.151 0.1000000015
18451  -43.975  -41.589  22.230 0.1000000015
17805  -44.158  -42.370  22.534 0.1000000015
17187  -46.577  -43.269  20.433 0.1000000015
17819  -45.266  -42.560  21.481 0.1000000015
17818  -44.623  -42.097  21.828 0.1000000015
107707  -36.631  -68.674  20.658 0.1000000015
117746  -36.370  -68.776  19.440 0.1000000015
3577  -36.795  -68.424  17.898 0.1000000015
3554  -35.321  -68.704  18.967 0.1000000015
3553  -34.623  -68.379  18.957 0.1000000015
3585  -35.397  -68.368  16.133 0.1000000015
3989  -38.726  -67.441  18.456 0.1000000015
114756  -38.293  -67.815  19.044 0.1000000015
4376  -38.300  -67.183  16.891 0.1000000015
3576  -36.116  -68.474  17.074 0.1000000015
4013  -37.041  -67.295  14.986 0.1000000015
4012  -36.265  -67.488  14.873 0.1000000015
7769  -38.755  -58.565  15.318 0.1000000015
6259  -35.567  -61.788  14.963 0.1000000015
114465  -35.285  -61.759  16.105 0.1000000015
5036  -38.235  -64.414  18.883 0.1000000015
4383  -38.640  -66.386  16.590 0.1000000015
12988  -48.929  -50.163  13.051 0.1000000015
10506  -46.048  -53.863  13.913 0.1000000015
8307  -42.710  -57.728  13.794 0.1000000015
7259  -39.506  -60.072  14.197 0.1000000015
7253  -39.626  -59.021  14.559 0.1000000015
7260  -40.372  -59.821  14.121 0.1000000015
6267  -37.854  -61.817  13.821 0.1000000015
5793  -36.033  -62.302  14.179 0.1000000015
4734  -35.882  -65.787  14.356 0.1000000015
5798  -36.363  -63.076  13.995 0.1000000015
5059  -35.622  -64.886  14.479 0.1000000015
6235  -38.077  -61.864  18.307 0.1000000015
5762  -37.688  -63.371  19.250 0.2000000030
6236  -38.945  -61.643  17.660 0.1000000015
105831  -39.044  -64.094  15.846 0.1000000015
5057  -38.122  -64.953  14.762 0.1000000015
9371  -44.293  -56.354  14.117 0.1000000015
8303  -42.964  -58.209  14.398 0.1000000015
6803  -40.939  -60.419  14.310 0.1000000015
5060  -36.288  -65.094  14.214 0.1000000015
6767  -39.901  -60.535  17.176 0.1000000015
11076  -47.041  -52.589  14.249 0.1000000015
5795  -40.092  -62.659  15.148 0.1000000015
15168  -51.504  -46.890  13.331 0.1000000015
9362  -44.617  -55.722  14.512 0.1000000015
9361  -43.907  -56.166  14.732 0.1000000015
8293  -43.220  -57.728  14.741 0.1000000015
7254  -41.379  -60.192  15.236 0.1000000015
5395  -39.343  -63.025  14.641 0.1000000015
15165  -49.137  -46.867  12.515 0.1000000015
9347  -39.915  -55.716  17.553 0.1000000015
8261  -39.218  -57.713  18.324 0.1000000015
108395  -39.616  -58.431  17.856 0.1000000015
7753  -41.354  -58.050  17.113 0.1000000015
107357  -37.477  -60.923  20.876 0.2000000030
7760  -41.174  -58.970  16.681 0.1000000015
9913  -42.917  -54.731  15.743 0.1000000015
8282  -41.926  -57.781  16.141 0.1000000015
6783  -40.492  -61.057  16.379 0.1000000015
11071  -45.177  -53.209  15.486 0.1000000015
9360  -43.163  -55.738  15.407 0.1000000015
8244  -37.536  -57.824  20.281 0.1000000015
18522  -51.257  -40.923  15.550 0.1000000015
17883  -49.300  -42.403  15.391 0.1000000015
12322  -44.872  -51.350  15.823 0.1000000015
17874  -51.752  -41.495  15.910 0.1000000015
18520  -49.790  -41.251  15.505 0.1000000015
13670  -46.749  -49.163  15.692 0.1000000015
13654  -46.131  -48.520  16.283 0.1000000015
19765  -49.207  -39.333  17.880 0.1000000015
15122  -51.146  -46.667  17.768 0.1000000015
12815  -41.408  -49.561  30.732 0.5000000000
9280  -46.523  -56.237  26.768 0.5000000000
9271  -46.888  -55.786  27.420 0.5000000000
12806  -40.957  -48.975  31.159 0.5000000000
12186  -41.803  -50.246  30.388 0.5000000000
12195  -42.197  -50.909  30.023 0.5000000000
9270  -45.611  -55.422  27.213 0.5000000000
13453  -39.821  -48.079  31.322 0.5000000000
13469  -40.187  -48.721  30.909 0.5000000000
12185  -41.004  -49.990  30.060 0.5000000000
12814  -40.561  -49.387  30.512 0.5000000000
13468  -39.380  -48.525  30.685 0.5000000000
12821  -40.079  -49.891  29.907 0.5000000000
12813  -39.721  -49.210  30.297 0.4000000060
12193  -40.498  -50.508  29.464 0.4000000060
8739  -44.975  -56.618  24.113 0.5000000000
8758  -44.991  -56.883  22.793 0.5000000000
9310  -44.308  -55.889  23.137 0.5000000000
8757  -44.163  -56.214  22.281 0.5000000000
9315  -42.600  -55.620  22.394 0.5000000000
9308  -42.696  -55.103  22.548 0.5000000000
9306  -40.965  -54.487  23.023 0.4000000060
10443  -39.792  -53.430  23.392 0.4000000060
9221  -48.103  -55.364  30.223 0.1000000015
124715  -47.638  -56.131  27.651 0.5000000000
13454  -40.590  -48.322  31.545 0.5000000000
12807  -41.790  -49.106  31.331 0.5000000000
12187  -42.613  -50.380  30.580 0.5000000000
11565  -43.325  -51.702  29.809 0.4000000060
9833  -46.096  -55.046  27.866 0.5000000000
14208  -39.409  -47.544  31.737 0.5000000000
14209  -40.192  -47.728  31.940 0.5000000000
14928  -38.577  -46.768  32.177 0.5000000000
14927  -37.751  -46.219  33.062 0.5000000000
113359  -38.027  -46.277  32.251 0.5000000000
14207  -38.662  -47.239  31.496 0.5000000000
15647  -37.470  -45.710  32.481 0.4000000060
14937  -38.137  -46.624  31.555 0.3000000119
14225  -39.036  -47.867  31.078 0.5000000000
13467  -38.528  -48.371  30.482 0.4000000060
12820  -39.233  -49.683  29.659 0.4000000060
14206  -38.072  -47.072  31.058 0.3000000119
11575  -41.458  -51.847  28.614 0.6999999881
10971  -42.315  -52.417  28.454 0.5000000000
15657  -37.721  -45.959  31.581 0.3000000119
14951  -37.643  -46.496  30.844 0.3000000119
14224  -38.269  -47.671  30.818 0.3000000119
12812  -38.859  -49.056  30.096 0.4000000060
12203  -40.015  -50.979  28.803 0.5000000000
10970  -41.463  -52.462  27.932 0.6000000238
10408  -42.425  -53.494  27.173 0.6000000238
10409  -43.904  -53.899  27.879 0.6000000238
9279  -45.301  -55.783  26.402 0.5000000000
8728  -45.484  -56.608  25.114 0.3000000119
14223  -37.623  -47.335  30.519 0.3000000119
13475  -37.990  -48.878  29.868 0.3000000119
12202  -39.144  -50.774  28.513 0.4000000060
10980  -40.778  -52.396  27.320 0.5000000000
10981  -41.753  -53.146  27.045 0.6000000238
9851  -42.714  -54.343  25.488 0.6000000238
9286  -43.718  -55.421  24.947 0.5000000000
9296  -44.239  -55.779  24.202 0.5000000000
13474  -37.175  -48.595  29.573 0.4000000060
12825  -38.068  -49.761  28.692 0.4000000060
11583  -40.247  -51.828  27.709 0.5000000000
112380  -41.190  -52.873  26.693 0.5000000000
10425  -42.151  -53.806  25.358 0.5000000000
9859  -42.954  -54.753  24.538 0.5000000000
9295  -43.576  -55.327  23.784 0.5000000000
123787  -36.562  -47.421  28.903 0.4000000060
12824  -37.466  -49.262  28.280 0.4000000060
12211  -38.409  -50.248  27.465 0.5000000000
10993  -40.527  -52.284  26.301 0.5000000000
11004  -40.900  -52.814  24.732 0.4000000060
115806  -42.417  -54.150  24.704 0.5000000000
9873  -42.851  -54.792  23.214 0.5000000000
12833  -37.471  -49.187  27.300 0.4000000060
12220  -38.593  -50.464  26.759 0.5000000000
11003  -40.585  -52.308  25.299 0.5000000000
10446  -41.694  -53.793  23.344 0.4000000060
9872  -42.152  -54.355  22.846 0.5000000000
12228  -39.295  -50.846  25.231 0.5000000000
11011  -40.160  -51.866  24.018 0.4000000060
10444  -40.387  -52.929  23.386 0.4000000060
9870  -40.737  -53.650  23.221 0.4000000060
12236  -39.080  -50.684  24.761 0.3000000119
11010  -39.429  -51.683  23.881 0.4000000060
105372  -39.049  -52.296  23.599 0.3000000119
10442  -38.595  -53.292  23.630 0.3000000119
9759  -48.283  -54.399  32.113 0.1000000015
9204  -48.191  -55.152  30.961 0.1000000015
10357  -48.438  -53.961  31.675 0.1000000015
9771  -48.290  -54.470  31.576 0.1000000015
108721  -47.727  -53.917  30.451 0.4000000060
10387  -48.234  -54.889  30.215 0.4000000060
9823  -48.066  -55.487  29.504 0.4000000060
9822  -47.704  -55.236  28.911 0.5000000000
119039  -47.896  -54.903  29.482 0.4000000060
9821  -46.568  -54.698  28.502 0.5000000000
9253  -47.445  -55.610  28.106 0.5000000000
13456  -42.007  -48.812  31.867 0.5000000000
12808  -42.613  -49.197  31.628 0.5000000000
12816  -42.226  -49.702  30.959 0.5000000000
11548  -42.999  -51.037  30.180 0.4000000060
10385  -45.655  -53.954  28.961 0.5000000000
9820  -45.524  -54.412  28.301 0.5000000000
14194  -38.934  -47.030  32.903 0.5000000000
14195  -39.579  -47.471  32.439 0.5000000000
13438  -40.921  -48.129  32.215 0.5000000000
14918  -37.556  -46.319  33.960 0.5000000000
126270  -38.334  -46.582  32.774 0.5000000000
10384  -44.641  -53.339  29.039 0.6000000238
123114  -36.639  -45.021  33.432 0.4000000060
16333  -36.835  -44.329  32.125 0.2000000030
17010  -36.356  -43.609  32.793 0.2000000030
15656  -37.280  -45.144  31.740 0.3000000119
14950  -37.096  -46.135  30.205 0.3000000119
14955  -37.211  -46.890  30.200 0.4000000060
110227  -37.097  -44.746  30.932 0.3000000119
17027  -36.623  -43.317  30.993 0.3000000119
16356  -36.811  -44.588  30.243 0.4000000060
105248  -36.652  -45.815  29.378 0.4000000060
15681  -36.649  -44.853  29.570 0.3000000119
105507  -36.522  -46.565  28.881 0.4000000060
13499  -36.889  -48.553  27.884 0.4000000060
13520  -37.082  -48.432  26.843 0.4000000060
15692  -36.464  -45.141  28.736 0.3000000119
14981  -36.360  -46.205  27.503 0.3000000119
14266  -37.262  -48.227  25.914 0.3000000119
12848  -38.294  -49.964  26.019 0.4000000060
14282  -37.121  -47.381  25.560 0.3000000119
12860  -38.112  -49.368  25.302 0.3000000119
12235  -38.525  -50.309  24.495 0.4000000060
11628  -38.851  -51.019  24.213 0.3000000119
15006  -37.084  -46.728  25.217 0.2000000030
14295  -37.322  -47.218  24.808 0.2000000030
117125  -37.566  -49.293  24.175 0.3000000119
110674  -38.264  -51.615  23.766 0.3000000119
117271  -37.263  -46.951  24.161 0.1000000015
12886  -37.290  -48.619  23.880 0.2000000030
115805  -37.900  -50.629  23.881 0.4000000060
17149  -40.380  -43.504  23.498 0.1000000015
10938  -48.323  -53.193  31.805 0.1000000015
10374  -48.276  -54.367  31.020 0.1000000015
10946  -47.963  -53.506  31.138 0.2000000030
10945  -46.953  -52.958  30.682 0.5000000000
10386  -47.345  -54.195  29.775 0.4000000060
107568  -46.305  -53.774  29.509 0.4000000060
13440  -42.504  -48.758  32.333 0.5000000000
12809  -43.425  -49.459  31.762 0.4000000060
12176  -43.762  -50.109  31.381 0.4000000060
11550  -44.485  -51.525  30.610 0.4000000060
10943  -44.849  -52.326  30.238 0.5000000000
10372  -45.398  -53.135  29.679 0.5000000000
14182  -39.561  -47.611  33.267 0.5000000000
14183  -40.305  -47.870  32.692 0.5000000000
123863  -41.147  -48.273  33.112 0.4000000060
15635  -36.556  -45.282  34.144 0.4000000060
15626  -36.909  -45.917  34.426 0.4000000060
14919  -38.296  -46.686  33.519 0.5000000000
125389  -35.909  -44.131  34.483 0.4000000060
15636  -37.052  -45.688  33.459 0.5000000000
16993  -36.296  -44.472  33.868 0.4000000060
17652  -35.869  -42.777  34.125 0.3000000119
17003  -36.062  -43.591  33.789 0.3000000119
17653  -36.151  -42.745  33.256 0.3000000119
105402  -36.464  -41.845  32.870 0.2000000030
123153  -36.586  -43.429  31.817 0.2000000030
18961  -37.050  -41.050  33.102 0.1000000015
18291  -36.631  -41.942  31.852 0.3000000119
18292  -37.142  -41.291  32.260 0.1000000015
17667  -36.549  -42.622  31.445 0.3000000119
17047  -36.557  -43.253  30.167 0.3000000119
18308  -37.138  -41.419  31.212 0.2000000030
18323  -36.761  -41.811  30.429 0.2000000030
17696  -36.619  -42.363  29.711 0.2000000030
16379  -36.543  -44.546  28.147 0.2000000030
125564  -36.436  -45.472  27.209 0.2000000030
17722  -36.997  -42.751  28.075 0.2000000030
108333  -36.709  -44.412  26.937 0.2000000030
14993  -36.477  -45.919  26.641 0.2000000030
17069  -37.159  -43.227  27.429 0.2000000030
16412  -36.894  -44.328  26.328 0.1000000015
15015  -36.923  -45.991  25.179 0.2000000030
15016  -37.201  -46.462  24.599 0.2000000030
17743  -38.456  -42.446  26.581 0.1000000015
17115  -37.682  -43.579  25.390 0.1000000015
115828  -37.502  -44.790  24.229 0.1000000015
15030  -37.315  -46.231  23.760 0.1000000015
17116  -38.335  -43.181  25.250 0.1000000015
17133  -38.643  -43.303  24.458 0.1000000015
16456  -37.820  -44.797  23.473 0.1000000015
17134  -39.590  -43.233  24.217 0.1000000015
105186  -41.046  -43.588  25.058 0.1000000015
16414  -42.517  -44.566  26.218 0.1000000015
11542  -47.886  -52.242  31.987 0.3000000119
10937  -47.391  -52.549  31.319 0.3000000119
12795  -46.201  -49.860  32.942 0.3000000119
11552  -46.323  -52.119  31.025 0.3000000119
10373  -46.526  -53.398  30.065 0.4000000060
12777  -44.788  -49.263  33.145 0.3000000119
12162  -45.764  -50.229  32.382 0.3000000119
11551  -45.346  -51.812  30.816 0.5000000000
10944  -45.867  -52.573  30.374 0.5000000000
13426  -42.592  -48.605  33.843 0.4000000060
116943  -43.277  -48.727  32.955 0.5000000000
12810  -44.166  -49.692  31.945 0.4000000060
12189  -44.120  -50.806  31.000 0.4000000060
114777  -36.839  -45.667  35.731 0.4000000060
14173  -38.620  -47.272  34.933 0.4000000060
113718  -39.550  -47.843  34.083 0.5000000000
16981  -35.624  -42.989  36.195 0.4000000060
16986  -35.600  -43.293  35.474 0.4000000060
15619  -36.820  -45.918  35.169 0.4000000060
14909  -37.434  -46.386  34.882 0.5000000000
17639  -35.525  -42.436  35.663 0.4000000060
17643  -35.638  -42.682  34.905 0.4000000060
124917  -35.521  -41.049  35.704 0.4000000060
115463  -35.632  -39.512  35.426 0.3000000119
117340  -35.640  -41.911  35.029 0.3000000119
18938  -35.775  -40.171  34.854 0.3000000119
18274  -35.932  -41.536  34.385 0.3000000119
19593  -35.926  -39.313  34.706 0.3000000119
109465  -36.334  -39.999  34.261 0.2000000030
19595  -37.280  -39.099  33.748 0.1000000015
18945  -37.462  -40.362  33.286 0.1000000015
18962  -37.768  -40.589  32.566 0.1000000015
18977  -37.624  -40.860  31.689 0.1000000015
18324  -37.282  -41.217  30.258 0.2000000030
18963  -38.707  -40.362  32.692 0.1000000015
18978  -38.196  -40.505  31.625 0.1000000015
18343  -36.885  -41.627  29.756 0.2000000030
18992  -37.732  -40.727  30.831 0.2000000030
19031  -37.954  -40.749  29.120 0.2000000030
18382  -37.786  -41.610  27.924 0.1000000015
18367  -38.304  -40.924  28.348 0.1000000015
17725  -38.921  -41.835  26.985 0.1000000015
18384  -39.386  -41.282  27.455 0.1000000015
17767  -38.780  -42.768  25.880 0.1000000015
17117  -39.195  -42.935  25.094 0.1000000015
17746  -41.092  -42.647  26.515 0.1000000015
111533  -40.583  -42.973  25.981 0.1000000015
17120  -41.915  -43.996  26.290 0.1000000015
17093  -42.481  -43.902  26.638 0.1000000015
17094  -43.082  -44.228  26.737 0.1000000015
16393  -44.199  -44.537  27.124 0.1000000015
15706  -44.673  -45.179  26.953 0.1000000015
15707  -45.591  -45.201  27.258 0.1000000015
15709  -47.339  -45.880  27.547 0.1000000015
12779  -46.638  -49.582  33.558 0.3000000119
12780  -47.752  -49.914  33.803 0.2000000030
13428  -45.045  -48.962  33.927 0.3000000119
111637  -43.451  -48.758  33.990 0.4000000060
109912  -43.598  -48.583  34.777 0.3000000119
14877  -37.716  -46.000  36.617 0.3000000119
14164  -38.164  -46.748  35.406 0.3000000119
14151  -38.930  -47.373  35.814 0.4000000060
13391  -40.668  -48.416  35.108 0.4000000060
13393  -42.302  -48.486  35.338 0.3000000119
16982  -35.918  -43.404  36.536 0.3000000119
15611  -36.527  -45.163  36.037 0.3000000119
13375  -40.727  -48.298  36.084 0.4000000060
13392  -41.520  -48.444  35.434 0.4000000060
13376  -42.433  -48.405  36.092 0.3000000119
19587  -35.603  -39.397  36.848 0.3000000119
18269  -35.596  -41.990  36.431 0.3000000119
19589  -35.567  -39.715  36.144 0.3000000119
21143  -35.358  -37.287  36.448 0.3000000119
20319  -35.513  -38.820  36.114 0.3000000119
21149  -35.516  -37.047  35.641 0.3000000119
20323  -36.149  -38.446  34.586 0.3000000119
20324  -36.829  -38.362  34.050 0.1000000015
21155  -37.190  -37.603  33.863 0.1000000015
21158  -37.597  -36.903  33.646 0.1000000015
19599  -37.787  -39.721  33.406 0.1000000015
112267  -38.848  -38.024  33.509 0.1000000015
19600  -38.657  -39.630  33.371 0.1000000015
19601  -39.543  -39.485  33.483 0.1000000015
18993  -38.528  -40.392  30.547 0.2000000030
18994  -39.545  -40.322  30.614 0.2000000030
120263  -39.087  -40.292  29.867 0.2000000030
123841  -39.632  -40.462  28.796 0.1000000015
18995  -40.529  -40.405  30.499 0.1000000015
19033  -40.351  -40.526  28.739 0.1000000015
18393  -39.787  -41.823  26.904 0.1000000015
19035  -42.079  -41.047  28.608 0.1000000015
18386  -41.186  -41.396  27.542 0.1000000015
17727  -41.614  -42.229  27.186 0.1000000015
106820  -42.151  -41.604  27.860 0.1000000015
17728  -42.520  -42.508  27.438 0.1000000015
113609  -43.762  -43.151  27.540 0.1000000015
17071  -43.666  -43.961  27.185 0.1000000015
117225  -45.686  -44.389  27.518 0.1000000015
17073  -45.366  -43.759  27.634 0.1000000015
16395  -46.347  -44.658  27.589 0.1000000015
17074  -46.137  -43.847  27.765 0.1000000015
15708  -46.514  -45.559  27.392 0.1000000015
16396  -47.179  -44.949  27.709 0.1000000015
15693  -48.536  -45.417  28.095 0.1000000015
16397  -47.848  -45.332  27.829 0.1000000015
14967  -48.974  -46.430  27.982 0.1000000015
13415  -47.533  -48.876  34.747 0.2000000030
12768  -48.234  -49.547  34.418 0.2000000030
13379  -46.399  -47.884  35.792 0.2000000030
117622  -45.607  -48.698  34.617 0.3000000119
14140  -45.312  -47.209  37.411 0.2000000030
13378  -45.302  -48.034  35.858 0.3000000119
13395  -44.625  -48.362  35.370 0.3000000119
14894  -38.312  -46.589  36.410 0.3000000119
14152  -39.518  -47.634  36.426 0.3000000119
123558  -43.280  -48.224  36.385 0.3000000119
16971  -36.317  -43.469  37.100 0.3000000119
16290  -36.584  -44.189  37.033 0.3000000119
15598  -37.599  -45.369  37.244 0.3000000119
14895  -39.085  -47.079  36.778 0.3000000119
14135  -39.889  -47.361  37.154 0.3000000119
14136  -40.850  -47.795  37.028 0.3000000119
20316  -35.476  -38.471  37.063 0.3000000119
18929  -35.757  -39.888  37.486 0.3000000119
14879  -39.388  -46.631  37.438 0.3000000119
14880  -40.654  -46.971  37.570 0.3000000119
14137  -41.808  -47.763  37.267 0.2000000030
13365  -42.447  -48.102  36.893 0.2000000030
21118  -35.188  -36.959  37.969 0.2000000030
21130  -35.319  -37.595  37.186 0.2000000030
106102  -35.295  -36.844  37.103 0.3000000119
21926  -35.394  -36.305  36.414 0.3000000119
21938  -35.685  -36.169  35.464 0.3000000119
21153  -35.783  -37.730  35.055 0.3000000119
21939  -36.143  -36.105  34.809 0.2000000030
117814  -36.883  -36.824  34.049 0.1000000015
22708  -36.448  -35.417  34.538 0.2000000030
115439  -37.378  -35.252  33.548 0.1000000015
21947  -37.834  -36.130  33.314 0.1000000015
120376  -39.129  -35.925  32.431 0.1000000015
23433  -39.819  -34.683  31.608 0.1000000015
24142  -40.782  -33.939  30.834 0.1000000015
21949  -39.219  -36.677  32.802 0.1000000015
21959  -39.743  -36.196  32.140 0.1000000015
22732  -40.464  -35.355  31.283 0.1000000015
117775  -41.428  -35.058  30.446 0.1000000015
23447  -41.850  -33.866  30.030 0.1000000015
24150  -43.185  -33.191  29.197 0.1000000015
118190  -39.751  -38.596  33.530 0.1000000015
21161  -40.242  -37.949  33.276 0.1000000015
21177  -41.257  -36.948  31.774 0.1000000015
21971  -41.944  -35.681  30.341 0.1000000015
116229  -43.161  -34.654  29.378 0.1000000015
23450  -43.909  -34.899  29.022 0.1000000015
18948  -40.294  -39.989  33.371 0.1000000015
114836  -40.320  -39.361  33.558 0.1000000015
18964  -39.694  -40.341  32.817 0.1000000015
106450  -40.244  -40.409  31.736 0.2000000030
18996  -41.485  -40.507  30.365 0.1000000015
19015  -41.809  -40.690  29.461 0.1000000015
18345  -42.778  -41.062  29.356 0.1000000015
18371  -42.762  -41.421  28.478 0.1000000015
17729  -43.788  -42.478  27.890 0.1000000015
17730  -44.442  -42.758  27.886 0.1000000015
17715  -45.220  -42.443  28.441 0.1000000015
17731  -45.074  -43.108  27.834 0.1000000015
17059  -46.570  -43.256  28.247 0.1000000015
16380  -46.960  -44.051  27.951 0.1000000015
16381  -48.001  -44.375  28.258 0.1000000015
15581  -43.579  -44.780  38.780 0.2000000030
106197  -44.371  -47.316  37.627 0.2000000030
13377  -44.291  -48.124  36.163 0.3000000119
118240  -43.842  -48.407  35.505 0.3000000119
16281  -42.540  -44.041  39.036 0.2000000030
14857  -43.771  -45.925  38.542 0.2000000030
14139  -43.403  -47.288  37.733 0.2000000030
14153  -43.868  -47.809  37.034 0.3000000119
16957  -36.662  -42.756  37.746 0.3000000119
16276  -37.851  -43.591  38.210 0.3000000119
16292  -38.037  -44.672  38.082 0.3000000119
125199  -39.397  -45.463  38.103 0.3000000119
18930  -35.994  -40.542  37.721 0.3000000119
18263  -36.854  -41.357  38.309 0.3000000119
15576  -39.023  -44.840  38.196 0.3000000119
14854  -40.566  -46.245  38.061 0.3000000119
22629  -35.589  -35.492  39.240 0.2000000030
115606  -35.250  -37.572  38.790 0.3000000119
14881  -41.399  -47.113  37.596 0.2000000030
14122  -42.050  -47.170  37.741 0.2000000030
105645  -35.348  -35.872  38.330 0.2000000030
22666  -35.515  -35.243  37.753 0.2000000030
23353  -35.845  -34.642  38.086 0.2000000030
22683  -35.493  -35.361  36.844 0.3000000119
23373  -35.779  -34.631  37.193 0.3000000119
22695  -35.580  -35.377  35.930 0.3000000119
22696  -35.929  -35.373  35.184 0.2000000030
23374  -36.266  -34.164  36.592 0.3000000119
24065  -36.886  -33.786  36.093 0.2000000030
24097  -36.911  -33.873  35.240 0.2000000030
24098  -37.612  -33.504  34.574 0.2000000030
24110  -38.665  -33.126  33.289 0.1000000015
21174  -42.064  -38.244  32.559 0.1000000015
108307  -41.892  -36.936  31.198 0.1000000015
21184  -43.168  -36.898  30.511 0.1000000015
21973  -43.630  -36.392  29.958 0.1000000015
20331  -41.625  -39.445  33.555 0.1000000015
110070  -42.145  -39.056  33.370 0.1000000015
20344  -42.783  -38.827  32.755 0.1000000015
112139  -43.756  -37.406  30.611 0.1000000015
18949  -41.241  -40.136  33.452 0.1000000015
20332  -42.389  -39.788  33.623 0.1000000015
19604  -43.077  -40.066  33.619 0.1000000015
20345  -43.548  -39.200  32.761 0.1000000015
20350  -44.197  -38.853  32.138 0.1000000015
18966  -41.480  -40.462  33.069 0.1000000015
18967  -42.346  -40.512  33.100 0.1000000015
18968  -43.805  -40.804  33.129 0.1000000015
18293  -44.132  -41.194  32.776 0.1000000015
107763  -42.046  -40.593  31.248 0.1000000015
18997  -42.390  -40.683  30.326 0.1000000015
18998  -43.255  -40.998  30.412 0.1000000015
106661  -44.048  -41.251  30.345 0.1000000015
18346  -43.548  -41.254  29.615 0.1000000015
17713  -43.465  -41.530  28.803 0.1000000015
17058  -45.768  -43.133  28.070 0.1000000015
15555  -41.187  -44.346  40.474 0.3000000119
16937  -41.218  -43.002  39.563 0.3000000119
16949  -42.052  -43.614  39.246 0.3000000119
15579  -42.186  -45.237  38.653 0.2000000030
14856  -42.872  -45.895  38.559 0.2000000030
14123  -42.662  -46.856  38.027 0.2000000030
16961  -40.876  -42.903  39.001 0.3000000119
16280  -41.634  -44.314  38.736 0.3000000119
111770  -41.329  -45.733  38.355 0.3000000119
124851  -43.096  -47.810  37.137 0.2000000030
18926  -36.741  -40.618  38.559 0.3000000119
18261  -38.400  -41.660  38.955 0.3000000119
16960  -39.707  -42.423  38.862 0.3000000119
15578  -40.652  -45.245  38.395 0.3000000119
14855  -41.926  -46.434  38.214 0.2000000030
21882  -35.486  -36.306  39.864 0.2000000030
19584  -36.135  -39.414  38.852 0.3000000119
18921  -36.237  -39.729  39.476 0.3000000119
22630  -36.066  -35.007  39.576 0.2000000030
23326  -36.452  -34.704  39.044 0.2000000030
23340  -36.458  -34.497  38.377 0.2000000030
23354  -36.521  -34.235  37.469 0.2000000030
24054  -38.325  -33.608  36.990 0.3000000119
24067  -38.200  -33.367  36.253 0.2000000030
24080  -37.688  -33.420  35.628 0.2000000030
18309  -44.526  -41.420  32.298 0.1000000015
107096  -44.820  -41.431  30.072 0.1000000015
18373  -44.973  -41.756  29.150 0.1000000015
15537  -39.533  -45.771  41.292 0.1000000015
110888  -38.842  -45.484  41.346 0.2000000030
15554  -40.343  -44.956  40.671 0.3000000119
16245  -40.116  -43.818  40.331 0.3000000119
16244  -39.153  -43.849  40.454 0.3000000119
16934  -38.933  -42.824  40.013 0.3000000119
17624  -37.851  -41.376  39.101 0.3000000119
17615  -37.879  -41.996  39.728 0.3000000119
117212  -35.315  -37.600  40.262 0.3000000119
20274  -35.304  -38.406  40.477 0.3000000119
18918  -36.706  -40.440  39.460 0.3000000119
18260  -37.159  -40.972  39.438 0.3000000119
21863  -36.098  -35.997  40.846 0.2000000030
22631  -37.181  -35.020  39.521 0.2000000030
23328  -38.082  -34.773  38.982 0.1000000015
23356  -38.241  -34.092  37.764 0.2000000030
22650  -40.629  -35.375  38.887 0.1000000015
23342  -38.687  -34.532  38.416 0.2000000030
126244  -38.743  -33.887  37.414 0.2000000030
23358  -40.156  -34.555  37.969 0.2000000030
24056  -40.000  -34.072  37.302 0.3000000119
16243  -38.015  -44.032  40.658 0.3000000119
16933  -37.838  -42.913  40.263 0.3000000119
16932  -36.816  -42.642  40.590 0.3000000119
18256  -37.163  -41.523  39.935 0.3000000119
110151  -35.593  -37.584  41.947 0.3000000119
19574  -35.611  -39.385  40.328 0.3000000119
18255  -36.542  -41.025  40.113 0.3000000119
21845  -36.439  -36.384  41.525 0.2000000030
21864  -36.860  -35.778  41.072 0.2000000030
106133  -40.030  -36.360  40.542 0.1000000015
22634  -40.154  -35.785  39.514 0.1000000015
22651  -41.452  -35.532  38.711 0.1000000015
23345  -41.009  -34.886  38.246 0.1000000015
16913  -35.849  -42.871  41.811 0.3000000119
121318  -35.675  -41.442  42.607 0.2000000030
17607  -35.738  -42.120  41.360 0.3000000119
18254  -35.772  -41.313  40.845 0.3000000119
18912  -35.361  -40.213  41.948 0.3000000119
21058  -36.799  -36.853  42.103 0.2000000030
106765  -35.407  -39.851  41.122 0.3000000119
21847  -38.418  -36.536  41.476 0.2000000030
21059  -37.807  -36.961  42.125 0.2000000030
21081  -41.916  -37.230  41.212 0.1000000015
21850  -41.244  -37.093  41.164 0.1000000015
21065  -43.215  -37.904  41.371 0.1000000015
21867  -41.802  -36.986  40.538 0.1000000015
21884  -41.601  -36.619  39.746 0.1000000015
22635  -41.074  -35.979  39.302 0.1000000015
21868  -42.581  -36.964  39.993 0.1000000015
122069  -42.392  -36.532  39.409 0.1000000015
21899  -42.709  -36.257  38.865 0.1000000015
21900  -43.551  -36.383  38.738 0.1000000015
18907  -35.622  -40.638  42.699 0.2000000030
119520  -36.076  -38.885  43.037 0.2000000030
19561  -35.637  -39.576  42.723 0.2000000030
21039  -38.298  -37.753  42.622 0.2000000030
126569  -35.919  -38.074  42.575 0.2000000030
21061  -39.879  -37.304  41.915 0.1000000015
21060  -38.871  -37.251  41.968 0.2000000030
21044  -42.752  -38.262  42.188 0.1000000015
21082  -42.534  -37.293  40.878 0.1000000015
120374  -44.595  -37.658  40.464 0.1000000015
21869  -43.440  -37.027  39.844 0.1000000015
21885  -44.088  -36.869  39.367 0.1000000015
21901  -44.503  -36.463  38.641 0.1000000015
20262  -45.467  -38.770  41.889 0.1000000015
20275  -45.835  -38.279  41.087 0.1000000015
21086  -46.196  -37.866  40.295 0.1000000015
21102  -45.663  -37.406  39.669 0.1000000015
20263  -46.498  -38.882  41.807 0.1000000015
112662  -47.178  -38.659  41.470 0.1000000015
20277  -47.573  -38.416  40.850 0.1000000015
11576  -42.263  -51.828  29.027 0.4000000060
11563  -41.825  -51.336  29.358 0.5000000000
12194  -41.404  -50.666  29.702 0.5000000000
11564  -42.620  -51.496  29.601 0.4000000060
11562  -40.963  -51.145  29.053 0.5000000000
10972  -43.815  -52.902  28.974 0.5000000000
11549  -43.716  -51.263  30.404 0.4000000060
8718  -46.079  -56.600  25.938 0.5000000000
111822  -43.633  -52.331  29.455 0.4000000060
10398  -42.747  -53.080  28.043 0.5000000000
9832  -44.833  -54.623  27.721 0.5000000000
107042  -43.129  -52.725  28.705 0.6000000238
9843  -44.497  -55.123  26.889 0.5000000000
111271  -45.068  -56.070  25.697 0.3000000119
8198  -45.927  -57.479  23.342 0.5000000000
10400  -44.740  -53.926  28.423 0.5000000000
8719  -47.138  -56.995  26.518 0.5000000000
12192  -39.584  -50.354  29.237 0.4000000060
9287  -44.520  -56.013  25.067 0.4000000060
9309  -43.493  -55.460  22.710 0.5000000000
9871  -41.512  -53.998  22.977 0.4000000060
9314  -41.755  -55.769  22.696 0.4000000060
121916  -39.721  -52.708  23.386 0.3000000119
12175  -43.016  -49.865  31.160 0.5000000000
126829  -43.386  -52.532  29.093 0.4000000060
12191  -38.750  -50.128  28.994 0.3000000119
10969  -40.490  -51.570  28.401 0.4000000060
10982  -42.057  -52.871  27.647 0.6000000238
15672  -37.375  -45.612  30.902 0.3000000119
14230  -36.975  -47.685  29.819 0.4000000060
12819  -38.377  -49.502  29.437 0.4000000060
11574  -39.636  -51.379  28.098 0.5000000000
118583  -41.445  -52.782  27.336 0.6000000238
10416  -42.532  -53.940  26.279 0.6000000238
108895  -43.190  -54.113  27.038 0.6000000238
123392  -43.135  -53.582  27.721 0.6000000238
107558  -44.103  -53.452  28.550 0.6000000238
9831  -43.948  -54.524  27.254 0.5000000000
9278  -44.163  -55.509  25.939 0.5000000000
12201  -38.506  -50.308  28.200 0.4000000060
12212  -38.918  -50.931  27.603 0.4000000060
115246  -40.185  -51.913  26.961 0.5000000000
10415  -41.773  -53.393  26.211 0.6000000238
9852  -43.318  -54.895  25.646 0.5000000000
9841  -43.040  -54.430  26.206 0.5000000000
9842  -43.631  -54.785  26.535 0.5000000000
13485  -36.907  -48.813  28.832 0.4000000060
14954  -36.805  -46.761  29.571 0.4000000060
11582  -39.638  -51.474  27.219 0.5000000000
10994  -41.037  -52.893  25.750 0.5000000000
10424  -41.481  -53.346  25.076 0.4000000060
14238  -36.374  -46.835  28.181 0.3000000119
113315  -38.045  -49.798  26.913 0.5000000000
11593  -39.860  -51.555  26.272 0.5000000000
126092  -40.242  -51.801  25.592 0.5000000000
10433  -41.267  -53.266  23.974 0.4000000060
9858  -42.334  -54.183  23.706 0.5000000000
12227  -38.862  -50.649  25.926 0.5000000000
11604  -40.242  -51.715  24.831 0.4000000060
10445  -41.041  -53.374  23.347 0.4000000060
10432  -40.577  -52.653  23.782 0.4000000060
12861  -38.691  -50.173  25.166 0.4000000060
11603  -39.823  -51.351  25.364 0.4000000060
11020  -40.019  -52.235  23.453 0.4000000060
12791  -43.147  -48.980  32.177 0.5000000000
12188  -43.376  -50.550  30.768 0.4000000060
14910  -38.175  -46.774  34.456 0.5000000000
10958  -44.365  -52.670  29.573 0.5000000000
16326  -36.506  -44.443  33.028 0.3000000119
17659  -36.416  -42.680  32.320 0.2000000030
15671  -36.955  -45.284  30.227 0.4000000060
114446  -36.752  -44.018  30.589 0.3000000119
17678  -36.581  -42.526  30.640 0.3000000119
105197  -36.607  -43.325  29.288 0.3000000119
16371  -36.586  -44.254  28.987 0.3000000119
14966  -36.385  -45.991  28.427 0.3000000119
13519  -36.685  -47.872  27.306 0.3000000119
12847  -37.618  -49.154  26.220 0.3000000119
113563  -36.484  -46.675  26.784 0.3000000119
115702  -36.387  -45.367  27.903 0.2000000030
116026  -36.743  -47.495  26.509 0.3000000119
13543  -37.656  -48.704  25.405 0.3000000119
106045  -37.521  -47.995  25.081 0.3000000119
14281  -36.680  -46.553  25.941 0.2000000030
105755  -37.699  -48.750  24.715 0.3000000119
12872  -38.215  -49.572  24.690 0.4000000060
12234  -37.944  -49.898  24.202 0.4000000060
13564  -37.352  -47.781  24.238 0.2000000030
15747  -37.244  -45.652  24.455 0.2000000030
14306  -37.209  -47.094  23.485 0.2000000030
17162  -39.219  -43.797  22.752 0.1000000015
17135  -40.474  -43.377  24.412 0.1000000015
13425  -42.169  -48.543  33.061 0.4000000060
11539  -44.922  -51.063  31.211 0.4000000060
11566  -44.028  -51.986  30.037 0.5000000000
14181  -38.894  -47.299  34.010 0.5000000000
16312  -35.719  -44.113  35.191 0.4000000060
18281  -36.098  -42.058  33.785 0.3000000119
110063  -36.408  -41.328  33.711 0.2000000030
18944  -36.737  -40.590  33.725 0.1000000015
17711  -36.739  -42.580  28.779 0.2000000030
18365  -36.869  -41.770  29.065 0.2000000030
16391  -36.753  -44.070  27.522 0.2000000030
17057  -36.739  -43.553  28.323 0.2000000030
15722  -36.571  -45.029  26.595 0.2000000030
18366  -37.511  -41.318  28.671 0.2000000030
15735  -36.677  -45.540  25.867 0.2000000030
17724  -38.149  -42.037  27.248 0.1000000015
17742  -37.755  -42.718  26.937 0.1000000015
17092  -37.941  -43.074  26.113 0.1000000015
16429  -36.803  -44.805  25.872 0.2000000030
15736  -37.044  -44.985  25.106 0.2000000030
17132  -37.987  -43.538  24.708 0.1000000015
16442  -37.526  -44.084  24.777 0.1000000015
16443  -38.114  -43.920  23.923 0.1000000015
15761  -37.588  -45.593  23.057 0.1000000015
17768  -39.679  -42.749  25.844 0.1000000015
17147  -38.861  -43.440  23.774 0.1000000015
110982  -38.295  -44.312  23.166 0.1000000015
17118  -40.219  -43.090  25.163 0.1000000015
17119  -41.485  -43.918  25.753 0.1000000015
126373  -41.974  -44.354  25.778 0.1000000015
16392  -43.616  -44.573  26.840 0.1000000015
11534  -47.310  -51.333  32.259 0.3000000119
11541  -46.820  -51.681  31.624 0.3000000119
12766  -46.066  -49.110  34.054 0.3000000119
12148  -47.218  -50.234  33.212 0.3000000119
12778  -45.668  -49.386  33.365 0.3000000119
12794  -45.295  -49.667  32.745 0.3000000119
12163  -46.731  -50.545  32.598 0.3000000119
12179  -46.261  -50.925  32.016 0.3000000119
11540  -45.811  -51.341  31.410 0.3000000119
12161  -44.927  -49.957  32.158 0.3000000119
12793  -44.498  -49.467  32.534 0.3000000119
112084  -44.213  -48.739  34.276 0.3000000119
13441  -44.096  -49.096  32.884 0.3000000119
12178  -45.360  -50.598  31.784 0.3000000119
13413  -41.692  -48.472  33.885 0.4000000060
106288  -42.049  -48.499  34.613 0.4000000060
13414  -42.840  -48.596  34.655 0.4000000060
16313  -36.022  -44.687  35.609 0.4000000060
14174  -39.253  -47.753  34.875 0.4000000060
13411  -39.995  -48.260  34.610 0.4000000060
16304  -35.780  -43.876  35.997 0.4000000060
105711  -35.672  -41.061  35.095 0.3000000119
20322  -35.689  -38.615  35.222 0.3000000119
19594  -36.557  -39.187  34.186 0.2000000030
20327  -37.583  -38.353  33.708 0.1000000015
18946  -38.279  -40.154  33.102 0.1000000015
19011  -37.826  -40.658  29.924 0.2000000030
18947  -39.230  -40.054  33.186 0.1000000015
18979  -39.121  -40.368  31.684 0.2000000030
19012  -38.496  -40.479  29.580 0.1000000015
122784  -38.567  -40.591  28.937 0.1000000015
18383  -38.576  -41.384  27.614 0.1000000015
19046  -39.786  -40.718  28.061 0.1000000015
18369  -40.745  -40.808  28.006 0.1000000015
17745  -40.177  -42.415  26.402 0.1000000015
17726  -40.730  -41.916  26.940 0.1000000015
17747  -41.975  -43.201  26.783 0.1000000015
120339  -41.351  -43.419  26.187 0.1000000015
17072  -44.484  -43.689  27.499 0.1000000015
12767  -47.082  -49.266  34.179 0.2000000030
106282  -46.509  -48.753  34.664 0.2000000030
12149  -48.464  -50.787  33.555 0.2000000030
121357  -44.219  -48.529  34.904 0.3000000119
14878  -38.198  -46.062  37.202 0.3000000119
13390  -39.808  -48.138  35.676 0.4000000060
17633  -35.901  -41.813  37.151 0.3000000119
18932  -35.621  -40.326  36.663 0.3000000119
21154  -36.431  -37.503  34.428 0.1000000015
116703  -38.003  -37.703  33.604 0.1000000015
21945  -37.175  -36.128  33.775 0.1000000015
21948  -38.557  -36.075  32.826 0.1000000015
21159  -38.511  -37.049  33.332 0.1000000015
20328  -38.281  -38.373  33.579 0.1000000015
20329  -38.882  -38.847  33.551 0.1000000015
21160  -39.428  -37.609  33.280 0.1000000015
115187  -39.112  -40.403  29.200 0.1000000015
19014  -40.867  -40.509  29.539 0.1000000015
18387  -43.191  -41.976  28.031 0.1000000015
13397  -46.958  -48.362  35.214 0.2000000030
14156  -47.004  -47.407  36.385 0.2000000030
14155  -45.842  -47.535  36.612 0.2000000030
13396  -45.984  -48.366  35.225 0.3000000119
14154  -44.815  -47.687  36.807 0.2000000030
17634  -36.406  -41.969  37.728 0.3000000119
16291  -37.286  -44.443  37.526 0.3000000119
15599  -38.293  -45.441  37.734 0.3000000119
15600  -38.961  -45.880  37.653 0.3000000119
20311  -35.249  -38.050  37.911 0.3000000119
113641  -35.544  -38.971  37.701 0.3000000119
21944  -36.641  -36.119  34.274 0.1000000015
122500  -36.987  -34.150  34.522 0.2000000030
125895  -37.333  -34.617  33.694 0.1000000015
23416  -37.760  -34.384  33.269 0.1000000015
22713  -38.067  -35.262  32.928 0.1000000015
23424  -39.115  -34.521  32.147 0.1000000015
22728  -39.922  -35.533  31.710 0.1000000015
24135  -40.227  -33.634  31.516 0.1000000015
23434  -40.406  -34.492  31.174 0.1000000015
23442  -41.358  -34.328  30.425 0.1000000015
23441  -40.886  -34.804  30.777 0.1000000015
21171  -39.957  -37.076  32.680 0.1000000015
21960  -40.458  -36.634  32.016 0.1000000015
22733  -41.158  -35.599  30.825 0.1000000015
21968  -40.847  -36.162  31.397 0.1000000015
23448  -42.442  -34.280  29.639 0.1000000015
22736  -42.618  -35.188  29.793 0.1000000015
104990  -42.917  -33.885  29.320 0.1000000015
23449  -43.543  -34.035  28.973 0.1000000015
20330  -40.762  -38.854  33.515 0.1000000015
21172  -40.696  -37.397  32.566 0.1000000015
20342  -40.899  -38.090  33.113 0.1000000015
21183  -42.298  -36.553  30.645 0.1000000015
21173  -41.387  -37.767  32.496 0.1000000015
21972  -42.873  -36.042  30.131 0.1000000015
22737  -43.517  -35.577  29.565 0.1000000015
113762  -44.323  -34.252  28.641 0.1000000015
20343  -41.465  -38.562  33.217 0.1000000015
18965  -40.633  -40.400  32.961 0.1000000015
106449  -41.214  -40.491  31.360 0.1000000015
17714  -44.191  -42.062  28.485 0.1000000015
16263  -42.703  -43.753  39.644 0.2000000030
15580  -42.925  -44.715  38.841 0.2000000030
14124  -44.046  -46.781  38.265 0.2000000030
16262  -41.863  -43.437  39.617 0.3000000119
122491  -43.328  -46.615  38.288 0.2000000030
117153  -37.626  -42.603  38.269 0.3000000119
15577  -39.916  -44.895  38.369 0.3000000119
120973  -35.739  -39.367  38.157 0.3000000119
18264  -37.684  -41.260  38.871 0.3000000119
16277  -38.954  -43.461  38.438 0.3000000119
17629  -38.265  -41.753  38.748 0.3000000119
16278  -40.030  -43.438  38.634 0.3000000119
114907  -41.170  -46.506  37.922 0.3000000119
23325  -35.916  -34.763  38.880 0.2000000030
20303  -35.516  -38.606  38.645 0.3000000119
23375  -36.917  -33.897  36.782 0.3000000119
23390  -36.242  -34.230  35.775 0.2000000030
24109  -37.946  -33.542  33.640 0.1000000015
24919  -38.515  -32.893  34.196 0.2000000030
23423  -38.448  -34.435  32.665 0.1000000015
20348  -42.670  -37.962  31.838 0.1000000015
21179  -43.260  -37.673  31.123 0.1000000015
21976  -44.094  -36.130  29.595 0.1000000015
126118  -42.569  -39.368  33.370 0.1000000015
20349  -43.427  -38.409  31.910 0.1000000015
120758  -41.883  -40.208  33.508 0.1000000015
18951  -43.135  -40.415  33.335 0.1000000015
105647  -43.240  -40.839  32.616 0.1000000015
18982  -42.867  -40.830  31.375 0.1000000015
18325  -43.812  -41.170  31.622 0.1000000015
16246  -41.566  -43.392  40.083 0.3000000119
16247  -42.418  -43.624  40.037 0.3000000119
121796  -40.878  -42.958  40.023 0.3000000119
16936  -40.559  -42.677  39.410 0.3000000119
16279  -40.847  -43.894  38.674 0.3000000119
16947  -39.976  -42.298  39.172 0.3000000119
18922  -36.664  -40.079  38.944 0.3000000119
17630  -38.786  -41.831  38.956 0.3000000119
18923  -37.229  -40.732  39.023 0.3000000119
17631  -39.330  -42.038  39.016 0.3000000119
21099  -35.296  -37.155  39.670 0.3000000119
112298  -35.455  -36.927  40.460 0.3000000119
22612  -35.796  -35.664  40.118 0.2000000030
19578  -35.659  -38.931  39.543 0.3000000119
110717  -37.932  -34.450  38.392 0.2000000030
24068  -38.940  -33.416  36.375 0.2000000030
24082  -39.449  -33.172  35.704 0.2000000030
24907  -38.973  -32.796  34.996 0.2000000030
15538  -40.341  -46.130  41.265 0.1000000015
16235  -37.895  -44.799  41.304 0.2000000030
15552  -38.535  -44.824  40.984 0.3000000119
17617  -39.398  -42.222  39.321 0.3000000119
17616  -38.660  -42.240  39.607 0.3000000119
21057  -35.769  -36.784  41.230 0.3000000119
21080  -35.343  -37.562  41.024 0.3000000119
22614  -37.562  -35.494  40.315 0.2000000030
22632  -38.296  -35.221  39.623 0.2000000030
23329  -38.971  -34.930  39.048 0.1000000015
22633  -39.245  -35.464  39.573 0.1000000015
23344  -40.240  -34.939  38.521 0.2000000030
16923  -36.318  -43.386  41.397 0.3000000119
16922  -35.986  -42.685  41.139 0.3000000119
20259  -35.279  -38.379  41.480 0.3000000119
21846  -37.359  -36.344  41.607 0.2000000030
21866  -39.022  -36.154  40.789 0.2000000030
22615  -38.625  -35.677  40.239 0.2000000030
22616  -39.536  -35.931  40.082 0.1000000015
21883  -40.653  -36.328  39.872 0.1000000015
109802  -40.958  -36.723  40.461 0.1000000015
21848  -39.448  -36.691  41.330 0.1000000015
22652  -42.243  -35.727  38.495 0.1000000015
18250  -35.527  -41.249  41.819 0.3000000119
19567  -35.255  -39.243  41.826 0.3000000119
21037  -36.272  -37.439  42.398 0.2000000030
21849  -40.399  -36.865  41.230 0.1000000015
21063  -41.560  -37.546  41.716 0.1000000015
21066  -44.824  -38.192  41.161 0.1000000015
20221  -37.119  -39.036  43.294 0.2000000030
20238  -36.649  -38.198  42.810 0.2000000030
21043  -41.958  -37.985  42.275 0.1000000015
21101  -44.799  -37.335  39.823 0.1000000015
20276  -46.718  -38.337  40.961 0.1000000015
8199  -46.386  -57.838  24.093 0.3000000119
7137  -45.410  -58.985  24.680 0.3000000119
7666  -46.104  -58.266  23.913 0.3000000119
6137  -42.579  -62.712  27.295 0.2000000030
6135  -40.604  -62.872  26.734 0.2000000030
7136  -44.810  -59.743  25.890 0.4000000060
6675  -43.729  -60.953  26.382 0.3000000119
7680  -46.116  -58.029  22.960 0.4000000060
6676  -44.343  -60.313  25.659 0.3000000119
6139  -43.417  -61.874  27.076 0.3000000119
6680  -44.332  -60.052  24.255 0.4000000060
5682  -42.799  -62.879  27.122 0.2000000030
7679  -45.610  -58.425  21.975 0.4000000060
7157  -45.217  -59.184  21.977 0.4000000060
6679  -43.712  -60.680  24.938 0.4000000060
8208  -45.692  -57.801  22.242 0.4000000060
8773  -44.813  -57.317  21.990 0.4000000060
108420  -43.876  -60.394  23.175 0.4000000060
6151  -43.366  -61.612  25.964 0.3000000119
5694  -42.575  -63.202  26.897 0.3000000119
7170  -45.020  -59.016  21.402 0.4000000060
6694  -44.474  -59.734  22.869 0.4000000060
6159  -43.267  -61.126  23.988 0.3000000119
5695  -43.125  -62.597  26.821 0.4000000060
8772  -43.958  -56.785  21.959 0.4000000060
7156  -44.223  -59.836  21.727 0.4000000060
6158  -42.981  -61.938  25.135 0.3000000119
9316  -43.329  -55.849  22.176 0.4000000060
6693  -43.351  -60.767  21.941 0.4000000060
8771  -43.085  -56.424  22.005 0.4000000060
6710  -43.365  -60.192  21.318 0.4000000060
6178  -42.663  -61.442  22.980 0.3000000119
7691  -44.064  -58.888  21.411 0.4000000060
7169  -43.876  -59.723  21.409 0.4000000060
6195  -42.416  -61.246  21.704 0.4000000060
114001  -42.935  -58.231  22.029 0.4000000060
7690  -42.984  -59.193  21.796 0.4000000060
7168  -43.320  -60.217  21.347 0.4000000060
6709  -43.047  -60.638  21.353 0.4000000060
6177  -42.153  -62.068  22.108 0.3000000119
8217  -42.491  -57.351  22.295 0.4000000060
7155  -42.262  -59.810  22.159 0.4000000060
6708  -42.707  -60.932  21.492 0.4000000060
5726  -41.616  -62.592  22.517 0.2000000030
8770  -42.097  -56.487  22.542 0.3000000119
8207  -41.630  -57.293  22.815 0.4000000060
7678  -41.820  -58.396  22.636 0.4000000060
120005  -41.194  -59.321  22.912 0.4000000060
6194  -41.911  -62.229  21.904 0.2000000030
6193  -41.394  -62.560  21.832 0.2000000030
5329  -40.694  -63.459  22.163 0.3000000119
105121  -40.999  -55.525  23.040 0.3000000119
8756  -41.079  -56.612  23.107 0.3000000119
8206  -40.834  -57.645  23.269 0.3000000119
6707  -41.294  -60.552  22.453 0.3000000119
106887  -41.966  -61.684  21.743 0.2000000030
5739  -40.858  -63.311  21.929 0.2000000030
5328  -40.220  -63.880  22.742 0.2000000030
9869  -39.908  -54.379  23.449 0.3000000119
8755  -40.152  -56.326  23.490 0.3000000119
105989  -40.576  -61.454  22.407 0.1000000015
8205  -39.818  -57.870  23.603 0.2000000030
6692  -39.808  -60.248  23.036 0.2000000030
5002  -39.869  -64.334  22.164 0.2000000030
8204  -38.878  -57.636  23.594 0.2000000030
7676  -39.064  -58.370  23.527 0.2000000030
7153  -39.166  -59.219  23.318 0.1000000015
6192  -39.918  -62.175  22.359 0.1000000015
5749  -39.889  -63.704  21.794 0.1000000015
5344  -40.164  -63.687  22.031 0.1000000015
9868  -38.838  -54.236  23.638 0.2000000030
106662  -39.191  -56.140  23.665 0.3000000119
8754  -39.456  -57.019  23.648 0.3000000119
117277  -37.211  -52.049  23.619 0.2000000030
108589  -37.956  -54.097  23.697 0.1000000015
9304  -38.994  -55.161  23.649 0.3000000119
8753  -38.537  -56.868  23.575 0.2000000030
7675  -38.492  -58.693  23.296 0.1000000015
6706  -39.224  -60.995  22.737 0.1000000015
5738  -39.226  -62.661  22.169 0.1000000015
11018  -36.911  -52.668  23.502 0.2000000030
109818  -37.996  -54.868  23.651 0.2000000030
9303  -37.227  -55.259  23.354 0.2000000030
121562  -38.184  -57.472  23.404 0.1000000015
108487  -38.327  -58.094  23.354 0.1000000015
6691  -38.728  -59.992  22.918 0.1000000015
6705  -38.297  -60.638  22.523 0.1000000015
6191  -38.674  -61.600  22.425 0.1000000015
5358  -39.335  -63.921  21.255 0.1000000015
4689  -39.685  -65.203  21.093 0.1000000015
9302  -36.710  -54.740  23.162 0.1000000015
8203  -37.626  -56.861  23.263 0.2000000030
8216  -37.277  -57.272  22.672 0.1000000015
111043  -37.722  -59.053  22.629 0.1000000015
6704  -37.697  -60.363  22.144 0.1000000015
6206  -38.239  -62.038  21.958 0.1000000015
5747  -37.847  -62.401  21.242 0.1000000015
5017  -39.488  -64.562  20.964 0.1000000015
4336  -39.164  -65.891  21.242 0.1000000015
7689  -37.494  -58.210  22.520 0.1000000015
6724  -37.482  -60.050  21.385 0.1000000015
120438  -37.614  -60.813  21.636 0.1000000015
5027  -39.469  -65.029  20.376 0.1000000015
121754  -40.898  -33.670  36.340 0.2000000030
11627  -37.194  -51.373  23.645 0.2000000030
11626  -36.669  -51.868  23.355 0.1000000015
9867  -37.254  -54.409  23.472 0.1000000015
9866  -36.699  -53.922  23.277 0.1000000015
8769  -36.987  -56.427  22.834 0.1000000015
9876  -36.461  -54.180  22.801 0.1000000015
8215  -36.810  -56.758  22.104 0.1000000015
126331  -37.457  -58.880  22.161 0.1000000015
5369  -38.756  -64.033  20.599 0.1000000015
6205  -37.670  -61.539  21.431 0.1000000015
7180  -37.399  -59.116  21.527 0.1000000015
122508  -44.760  -59.730  24.944 0.3000000119
7665  -45.625  -58.593  23.091 0.4000000060
6138  -43.117  -62.427  27.259 0.3000000119
8219  -44.663  -58.007  21.587 0.4000000060
5740  -41.488  -62.785  21.980 0.2000000030
7677  -40.578  -58.547  23.321 0.3000000119
7154  -40.259  -59.406  23.263 0.2000000030
9305  -40.024  -55.350  23.470 0.3000000119
120455  -40.248  -57.114  23.496 0.3000000119
121987  -39.763  -58.674  23.497 0.2000000030
5359  -39.882  -64.130  21.730 0.1000000015
112798  -38.053  -55.901  23.547 0.3000000119
7152  -38.219  -59.220  23.038 0.1000000015
5748  -38.677  -63.001  21.635 0.1000000015
115127  -39.738  -64.638  21.578 0.1000000015
10440  -36.710  -53.238  23.311 0.1000000015
8751  -36.784  -55.571  23.017 0.1000000015
110828  -37.751  -57.768  23.110 0.1000000015
7167  -37.938  -59.812  22.608 0.1000000015
6190  -37.939  -61.176  22.133 0.1000000015
105426  -37.551  -59.570  22.142 0.1000000015
116029  -39.632  -65.699  20.600 0.1000000015
8227  -37.096  -57.549  21.888 0.1000000015
9313  -36.517  -55.038  22.583 0.1000000015
8149  -46.189  -57.684  28.314 0.3000000119
8165  -45.687  -58.163  27.777 0.2000000030
7625  -45.143  -58.689  27.429 0.2000000030
9254  -48.067  -56.105  28.711 0.4000000060
8151  -48.125  -57.151  28.036 0.2000000030
8708  -48.162  -56.987  27.712 0.4000000060
8166  -47.059  -57.731  27.438 0.3000000119
8707  -47.617  -56.620  27.314 0.4000000060
7626  -46.272  -58.370  26.976 0.2000000030
7645  -45.450  -58.932  26.768 0.2000000030
7624  -43.952  -58.604  27.470 0.1000000015
7644  -44.567  -59.365  27.180 0.2000000030
110578  -43.634  -59.414  27.250 0.1000000015
8184  -46.858  -57.581  26.491 0.3000000119
7643  -43.105  -58.524  27.228 0.1000000015
105890  -42.603  -59.002  26.849 0.1000000015
7121  -43.194  -60.309  27.273 0.1000000015
7119  -40.719  -59.931  26.063 0.1000000015
7120  -41.776  -59.537  26.544 0.1000000015
107973  -42.609  -60.755  27.165 0.1000000015
6674  -40.216  -60.620  25.904 0.1000000015
111236  -41.705  -60.521  26.619 0.1000000015
7122  -43.988  -60.256  27.113 0.2000000030
124638  -43.506  -60.864  27.212 0.2000000030
6150  -40.661  -61.514  26.430 0.1000000015
125782  -39.561  -60.504  25.702 0.1000000015
8191  -46.588  -57.679  25.269 0.2000000030
7123  -44.707  -59.655  26.680 0.2000000030
6658  -43.312  -61.466  27.309 0.2000000030
6657  -42.503  -61.692  27.312 0.1000000015
6148  -39.165  -61.607  25.801 0.1000000015
6673  -39.746  -61.098  25.788 0.1000000015
7659  -46.193  -58.351  24.981 0.3000000119
6660  -44.186  -60.373  26.588 0.3000000119
8729  -46.354  -57.073  25.270 0.2000000030
6149  -40.143  -61.980  26.306 0.1000000015
6136  -41.527  -62.780  27.106 0.1000000015
5305  -38.407  -63.085  26.184 0.1000000015
5679  -40.399  -63.299  26.699 0.1000000015
5681  -42.383  -63.316  27.091 0.1000000015
5678  -39.532  -63.198  26.478 0.1000000015
8740  -46.157  -57.211  24.475 0.2000000030
5680  -41.526  -63.784  26.961 0.1000000015
5307  -41.817  -63.785  26.830 0.1000000015
108559  -37.105  -64.298  26.525 0.1000000015
5296  -39.528  -64.061  26.667 0.1000000015
5297  -40.765  -64.190  26.801 0.1000000015
5298  -41.303  -64.186  26.781 0.1000000015
5709  -42.597  -62.683  25.893 0.3000000119
4962  -40.383  -64.764  26.748 0.1000000015
105016  -46.702  -57.263  25.820 0.3000000119
8185  -47.649  -57.192  27.197 0.3000000119
7658  -45.453  -59.027  25.925 0.3000000119
106749  -41.678  -61.961  27.029 0.1000000015
5693  -39.681  -62.477  26.304 0.1000000015
6659  -43.601  -61.020  27.049 0.2000000030
7646  -46.221  -58.350  26.096 0.3000000119
106735  -38.105  -63.976  26.391 0.1000000015
120756  -36.919  -63.604  26.302 0.1000000015
4961  -39.506  -64.905  26.969 0.1000000015
4644  -40.063  -65.717  26.527 0.1000000015
122187  -39.758  -66.308  26.630 0.1000000015
4969  -40.501  -65.097  26.109 0.2000000030
3893  -39.350  -66.857  26.378 0.1000000015
5319  -41.604  -63.851  26.093 0.2000000030
4982  -40.668  -64.541  25.721 0.2000000030
4643  -39.623  -66.241  25.961 0.2000000030
4653  -39.655  -65.395  25.498 0.2000000030
4981  -39.749  -64.586  24.906 0.1000000015
5708  -42.048  -63.366  26.096 0.2000000030
5318  -40.749  -63.726  25.085 0.1000000015
4652  -38.683  -65.721  24.920 0.1000000015
112284  -41.714  -62.525  24.544 0.2000000030
5317  -40.088  -63.949  24.224 0.1000000015
4665  -39.044  -65.037  24.281 0.1000000015
5707  -41.185  -63.074  24.300 0.1000000015
6157  -41.971  -61.908  23.916 0.2000000030
4991  -39.570  -64.443  23.354 0.1000000015
118415  -40.663  -63.500  23.307 0.1000000015
106931  -39.045  -65.111  23.054 0.1000000015
5306  -41.189  -64.290  26.541 0.1000000015
4970  -40.756  -64.640  26.479 0.1000000015
8690  -48.123  -56.784  28.215 0.2000000030
12164  -47.887  -51.038  32.884 0.2000000030
11521  -49.046  -51.817  33.402 0.1000000015
16283  -43.984  -44.304  39.113 0.1000000015
123136  -48.616  -48.208  35.674 0.1000000015
13398  -48.037  -48.503  35.260 0.1000000015
14882  -44.885  -46.758  38.043 0.1000000015
13380  -47.540  -47.931  35.703 0.1000000015
16264  -44.291  -44.318  39.481 0.2000000030
110202  -44.869  -44.521  39.023 0.1000000015
14885  -48.371  -46.448  37.381 0.1000000015
119820  -43.079  -43.767  40.005 0.2000000030
15582  -44.359  -44.896  38.688 0.1000000015
15583  -45.155  -45.097  38.569 0.1000000015
14860  -46.401  -46.173  38.041 0.1000000015
14141  -46.409  -46.964  37.282 0.1000000015
14142  -47.724  -46.950  36.883 0.1000000015
9235  -48.015  -55.888  29.333 0.2000000030
11535  -48.473  -52.006  32.663 0.1000000015
14858  -44.593  -45.993  38.441 0.1000000015
120153  -41.883  -44.402  40.416 0.2000000030
13381  -49.725  -48.458  36.073 0.1000000015
14143  -49.199  -47.177  36.898 0.1000000015
14859  -45.423  -46.073  38.271 0.1000000015
16284  -45.606  -44.715  38.794 0.1000000015
8675  -47.418  -56.679  29.157 0.1000000015
8688  -46.751  -57.187  28.796 0.1000000015
18901  -36.123  -40.256  43.357 0.1000000015
18248  -35.910  -41.984  43.008 0.1000000015
16914  -36.301  -43.686  42.395 0.1000000015
16224  -36.698  -44.435  42.478 0.1000000015
15522  -38.202  -45.860  42.584 0.1000000015
16233  -36.664  -44.185  41.752 0.1000000015
18894  -36.595  -41.034  43.825 0.1000000015
125322  -36.582  -42.214  44.076 0.1000000015
16208  -36.775  -44.222  43.833 0.1000000015
123430  -38.193  -45.693  43.910 0.1000000015
17593  -36.303  -42.518  43.520 0.1000000015
16217  -36.991  -44.943  42.904 0.1000000015
15509  -37.712  -45.419  43.332 0.1000000015
14046  -39.737  -47.210  42.638 0.1000000015
19554  -37.590  -39.797  43.730 0.1000000015
16898  -37.495  -43.598  44.774 0.1000000015
19548  -37.713  -40.224  44.297 0.1000000015
18895  -37.285  -40.938  44.425 0.1000000015
119585  -36.981  -42.284  44.454 0.1000000015
17584  -37.325  -42.831  44.774 0.1000000015
18902  -37.041  -40.377  43.845 0.1000000015
110299  -37.049  -44.846  43.678 0.1000000015
15501  -38.496  -45.426  44.455 0.1000000015
20222  -38.185  -39.205  43.554 0.1000000015
20240  -38.801  -38.621  43.253 0.1000000015
108625  -37.629  -39.914  45.105 0.1000000015
18890  -37.548  -40.565  45.109 0.1000000015
18239  -37.426  -41.881  44.936 0.1000000015
20202  -38.451  -38.720  44.744 0.1000000015
20210  -39.141  -39.245  43.955 0.1000000015
117862  -38.989  -39.236  43.812 0.1000000015
20239  -37.705  -38.359  43.037 0.1000000015
24069  -39.935  -33.594  36.506 0.1000000015
118919  -41.045  -32.559  34.388 0.1000000015
20211  -39.990  -38.699  43.929 0.1000000015
20241  -40.139  -38.325  43.101 0.1000000015
21040  -39.448  -38.003  42.712 0.1000000015
108368  -40.816  -34.429  37.460 0.1000000015
116255  -38.256  -33.081  35.019 0.1000000015
24920  -39.439  -32.594  34.280 0.1000000015
24070  -41.753  -33.761  36.286 0.1000000015
25687  -41.452  -32.123  33.127 0.1000000015
24921  -40.306  -32.529  34.317 0.1000000015
24935  -40.818  -32.348  33.721 0.1000000015
106057  -37.205  -40.009  45.948 0.1000000015
18234  -37.621  -41.594  45.819 0.1000000015
24933  -39.158  -32.667  33.626 0.1000000015
14801  -38.796  -46.237  41.865 0.1000000015
14802  -39.606  -46.673  41.754 0.1000000015
15535  -37.537  -45.019  41.808 0.1000000015
119445  -36.614  -39.673  43.433 0.1000000015
24908  -39.874  -32.805  35.002 0.1000000015
16906  -36.461  -43.473  43.444 0.1000000015
15521  -37.549  -45.301  42.445 0.1000000015
14066  -39.807  -47.216  42.057 0.1000000015
14782  -38.736  -46.465  42.675 0.1000000015
19555  -38.478  -39.653  44.156 0.1000000015
24909  -40.778  -32.852  34.997 0.1000000015
24934  -39.972  -32.444  33.514 0.1000000015
110762  -37.230  -49.892  23.755 0.1000000015
12885  -36.671  -49.857  23.274 0.1000000015
122438  -37.057  -49.283  23.626 0.1000000015
9218  -44.965  -55.606  30.289 0.1000000015
124830  -44.233  -56.330  29.321 0.1000000015
8673  -44.863  -56.490  29.353 0.1000000015
9789  -44.443  -54.993  30.671 0.1000000015
9217  -44.058  -55.365  30.199 0.1000000015
9252  -43.711  -56.094  29.238 0.1000000015
9232  -45.460  -56.135  29.789 0.1000000015
9766  -43.952  -54.363  31.054 0.1000000015
9790  -45.566  -55.218  30.795 0.1000000015
9219  -46.425  -55.811  30.282 0.1000000015
9788  -43.478  -54.796  30.438 0.1000000015
9767  -44.949  -54.609  31.228 0.1000000015
10354  -43.541  -53.666  31.433 0.1000000015
10355  -44.427  -53.928  31.611 0.1000000015
11431  -43.589  -50.725  40.453 0.1000000015
10891  -41.045  -52.034  36.993 0.1000000015
10890  -40.626  -52.157  36.277 0.1000000015
11480  -40.576  -51.820  35.641 0.1000000015
10899  -40.197  -52.342  34.979 0.1000000015
8674  -46.037  -56.710  29.357 0.1000000015
10323  -39.568  -53.407  34.302 0.1000000015
10907  -40.354  -52.194  34.174 0.1000000015
10371  -43.130  -54.071  30.862 0.1000000015
10353  -42.695  -53.371  31.251 0.1000000015
8148  -44.809  -57.551  28.426 0.1000000015
10325  -39.272  -53.356  32.962 0.1000000015
10920  -39.652  -52.819  32.527 0.1000000015
10934  -41.188  -52.683  31.959 0.1000000015
10936  -43.153  -52.968  31.842 0.1000000015
10336  -44.883  -53.528  32.207 0.1000000015
8164  -44.208  -57.881  27.828 0.1000000015
9752  -38.874  -54.104  33.013 0.1000000015
10350  -39.574  -53.018  31.597 0.1000000015
10935  -42.241  -52.660  31.764 0.1000000015
10922  -42.802  -52.323  32.366 0.1000000015
11439  -42.588  -50.991  39.274 0.1000000015
11449  -42.171  -51.277  38.448 0.1000000015
11463  -41.461  -51.378  37.273 0.1000000015
9791  -46.735  -55.357  30.878 0.1000000015
9233  -46.689  -56.366  29.719 0.1000000015
11471  -41.072  -51.382  36.383 0.1000000015
8687  -45.385  -57.102  28.924 0.1000000015
10921  -40.512  -52.434  32.835 0.1000000015
111827  -41.738  -52.120  32.601 0.1000000015
10335  -43.990  -53.254  31.994 0.1000000015
11531  -41.863  -51.588  33.292 0.1000000015
10909  -44.037  -52.280  32.827 0.1000000015
12705  -44.351  -49.715  40.593 0.1000000015
12063  -43.606  -50.041  40.246 0.1000000015
12695  -45.557  -49.301  41.316 0.1000000015
12696  -46.368  -49.314  41.995 0.1000000015
9769  -47.575  -55.074  31.345 0.1000000015
12072  -42.813  -50.372  39.207 0.1000000015
12711  -42.896  -50.120  38.822 0.1000000015
9768  -46.192  -54.892  31.345 0.1000000015
9220  -47.786  -55.499  30.564 0.1000000015
12088  -42.308  -50.539  37.570 0.1000000015
10356  -45.485  -54.217  31.792 0.1000000015
12098  -41.684  -50.847  36.960 0.1000000015
12113  -41.569  -50.773  35.976 0.1000000015
11497  -41.338  -51.046  34.900 0.1000000015
10908  -41.022  -51.825  33.469 0.1000000015
11516  -40.913  -51.539  34.299 0.1000000015
11517  -41.627  -51.335  33.980 0.1000000015
114715  -43.158  -51.623  33.414 0.1000000015
11533  -43.371  -52.028  32.876 0.1000000015
11498  -42.316  -51.020  34.433 0.1000000015
11518  -42.471  -51.388  33.684 0.1000000015
13318  -46.082  -48.831  41.213 0.1000000015
119434  -44.959  -49.351  40.825 0.1000000015
13310  -47.241  -48.941  42.455 0.1000000015
13311  -48.368  -48.659  43.009 0.1000000015
10337  -46.010  -53.760  32.358 0.1000000015
9757  -46.777  -54.537  31.945 0.1000000015
9758  -47.880  -54.605  32.040 0.1000000015
105742  -43.893  -49.548  39.246 0.1000000015
13327  -44.742  -49.209  40.185 0.1000000015
12726  -42.898  -50.181  38.088 0.1000000015
11519  -44.024  -51.755  33.421 0.1000000015
10925  -45.344  -53.060  32.773 0.1000000015
12099  -42.301  -50.504  36.704 0.1000000015
11499  -43.348  -51.220  34.115 0.1000000015
12131  -42.137  -50.805  35.211 0.1000000015
12132  -42.998  -50.795  34.978 0.1000000015
13328  -45.535  -48.817  40.538 0.1000000015
9234  -47.794  -56.075  29.706 0.1000000015
11500  -44.429  -51.352  34.217 0.1000000015
11520  -45.060  -51.888  33.751 0.1000000015
12115  -43.564  -50.583  35.628 0.1000000015
12089  -42.985  -50.258  37.273 0.1000000015
12114  -42.585  -50.574  35.839 0.1000000015
10911  -45.799  -52.582  33.398 0.1000000015
10327  -47.962  -53.764  33.236 0.1000000015
10900  -46.279  -52.071  34.136 0.1000000015
13339  -44.583  -49.249  39.460 0.1000000015
12134  -44.922  -51.094  34.922 0.1000000015
107292  -45.317  -51.517  34.372 0.1000000015
12133  -43.964  -50.883  34.859 0.1000000015
119460  -43.496  -50.002  37.756 0.1000000015
12740  -43.904  -50.147  37.031 0.1000000015
12101  -44.076  -50.398  36.253 0.1000000015
12100  -43.206  -50.380  36.462 0.1000000015
10912  -47.163  -52.916  33.634 0.1000000015
10902  -49.029  -53.087  34.566 0.1000000015
113288  -46.536  -50.838  35.580 0.1000000015
11482  -47.432  -51.527  35.189 0.1000000015
13340  -45.309  -48.737  39.718 0.1000000015
12102  -45.767  -50.337  36.206 0.1000000015
12117  -45.412  -50.777  35.549 0.1000000015
12116  -44.472  -50.684  35.557 0.1000000015
12727  -44.232  -49.752  37.803 0.1000000015
11502  -49.293  -52.434  34.917 0.1000000015
12103  -46.992  -50.391  36.241 0.1000000015
12118  -47.885  -50.998  35.706 0.1000000015
13329  -46.412  -48.369  40.701 0.1000000015
12741  -44.928  -50.009  36.941 0.1000000015
12718  -44.440  -49.445  38.654 0.1000000015
11484  -49.668  -51.613  35.446 0.1000000015
13270  -48.910  -47.971  45.698 0.1000000015
113619  -49.092  -48.499  44.486 0.1000000015
13301  -49.173  -48.469  43.919 0.1000000015
12681  -48.707  -48.998  44.197 0.1000000015
122101  -41.770  -51.494  37.908 0.1000000015
11496  -40.621  -51.643  34.968 0.1000000015
10898  -39.790  -52.792  34.311 0.1000000015
10906  -39.798  -52.680  33.476 0.1000000015
121564  -40.400  -52.300  33.505 0.1000000015
10933  -40.204  -52.710  32.065 0.1000000015
10351  -40.591  -52.877  31.286 0.1000000015
10352  -41.701  -53.053  31.022 0.1000000015
10369  -41.577  -53.587  30.272 0.1000000015
12078  -42.482  -50.633  38.491 0.1000000015
10910  -44.749  -52.380  33.109 0.1000000015
12712  -43.259  -49.894  39.474 0.1000000015
10326  -46.564  -53.344  32.986 0.1000000015
108435  -47.145  -51.928  34.663 0.1000000015
119023  -44.862  -50.443  36.188 0.1000000015
11501  -48.461  -52.358  34.896 0.1000000015
1344  -31.802  -74.504  24.545 0.1000000015
1655  -31.151  -74.366  24.831 0.1000000015
2342  -30.704  -72.122  21.561 0.1000000015
2009  -31.365  -72.971  21.800 0.1000000015
2331  -31.455  -72.659  22.704 0.1000000015
2004  -31.660  -73.645  22.668 0.1000000015
1354  -31.113  -74.530  23.332 0.1000000015
2341  -30.029  -71.326  21.168 0.1000000015
2714  -29.207  -70.618  20.730 0.1000000015
2713  -28.444  -69.975  20.602 0.1000000015
1335  -31.837  -74.320  25.118 0.1000000015
1644  -31.060  -73.979  25.518 0.1000000015
1972  -30.950  -73.138  26.223 0.1000000015
1336  -32.158  -74.271  24.993 0.1000000015
1664  -31.898  -74.244  23.610 0.1000000015
1355  -31.815  -74.474  24.105 0.1000000015
1643  -30.531  -73.825  24.977 0.1000000015
2330  -30.720  -71.734  22.452 0.1000000015
1672  -31.612  -74.155  22.759 0.1000000015
1682  -31.504  -73.734  21.981 0.1000000015
2708  -30.075  -71.362  21.917 0.1000000015
3107  -29.225  -69.973  22.137 0.1000000015
2706  -28.690  -69.816  21.427 0.1000000015
111695  -28.142  -68.766  21.617 0.1000000015
4613  -32.498  -65.811  27.920 0.1000000015
110777  -31.341  -68.369  28.034 0.1000000015
4256  -32.709  -66.844  28.236 0.1000000015
1962  -31.708  -73.338  26.765 0.1000000015
2288  -31.351  -72.501  27.052 0.1000000015
105746  -30.776  -71.330  26.812 0.1000000015
123577  -31.349  -69.924  27.728 0.1000000015
3454  -31.382  -69.183  27.877 0.1000000015
3440  -32.010  -68.912  28.288 0.1000000015
1633  -32.372  -73.572  26.649 0.1000000015
1645  -32.318  -73.808  25.757 0.1000000015
2287  -30.676  -72.036  26.368 0.1000000015
1995  -32.280  -73.945  24.166 0.1000000015
1346  -32.067  -74.423  24.429 0.1000000015
2707  -29.495  -70.622  21.654 0.1000000015
4270  -33.374  -66.120  27.746 0.1000000015
105642  -31.861  -67.206  28.339 0.1000000015
4622  -33.160  -65.227  27.505 0.1000000015
2649  -31.691  -70.760  27.887 0.1000000015
3025  -32.062  -69.927  28.251 0.1000000015
118302  -32.002  -71.691  28.052 0.1000000015
2273  -31.942  -72.439  27.795 0.1000000015
1994  -32.189  -73.256  24.070 0.1000000015
2320  -31.624  -72.488  23.668 0.1000000015
123631  -31.153  -71.791  23.198 0.1000000015
2692  -30.620  -70.939  23.256 0.1000000015
2700  -29.880  -70.653  22.533 0.1000000015
117936  -32.508  -73.739  25.646 0.1000000015
3868  -32.593  -67.846  28.565 0.1000000015
1983  -32.505  -73.413  24.663 0.1000000015
3881  -31.220  -67.546  28.119 0.1000000015
1933  -32.425  -72.816  27.779 0.1000000015
1624  -32.946  -73.505  27.081 0.1000000015
4269  -31.117  -66.684  28.137 0.1000000015
1964  -33.284  -72.913  26.835 0.1000000015
2274  -33.555  -72.243  27.658 0.1000000015
2291  -34.156  -71.511  27.419 0.1000000015
3441  -32.595  -68.675  28.693 0.1000000015
2638  -32.544  -71.228  28.518 0.1000000015
2261  -32.478  -72.221  28.180 0.1000000015
1935  -33.232  -72.384  28.046 0.1000000015
2639  -33.474  -71.211  29.060 0.1000000015
1951  -33.074  -73.041  27.382 0.1000000015
110472  -32.549  -69.412  28.684 0.1000000015
114841  -32.870  -70.278  28.918 0.1000000015
2627  -34.013  -70.719  29.358 0.1000000015
2262  -33.109  -72.019  28.500 0.1000000015
2290  -33.591  -71.960  27.094 0.1000000015
2263  -33.730  -71.734  28.559 0.1000000015
1345  -32.026  -74.527  24.612 0.1000000015
1365  -31.303  -74.468  22.792 0.1000000015
1623  -32.716  -73.511  27.080 0.1000000015
1632  -31.736  -73.731  26.008 0.1000000015
1634  -32.838  -73.629  26.540 0.1000000015
1656  -32.350  -73.961  24.872 0.1000000015
1934  -32.836  -72.668  27.886 0.1000000015
1949  -32.170  -73.205  27.382 0.1000000015
1950  -32.716  -73.209  27.430 0.1000000015
2272  -31.429  -71.510  27.487 0.1000000015
2648  -30.884  -70.426  27.294 0.1000000015
3033  -30.765  -69.444  27.453 0.1000000015
3096  -36.018  -69.331  22.227 0.1000000015
3564  -35.140  -68.933  18.042 0.1000000015
3574  -34.844  -68.493  16.632 0.1000000015
3575  -35.199  -68.708  17.163 0.1000000015
3867  -31.936  -68.081  28.374 0.1000000015
3987  -34.321  -68.240  17.792 0.1000000015
3995  -36.367  -68.126  16.318 0.1000000015
3996  -38.302  -67.563  17.741 0.1000000015
4002  -35.647  -67.632  15.402 0.1000000015
4255  -31.802  -66.301  28.181 0.1000000015
4364  -34.155  -67.576  18.314 0.1000000015
4385  -36.520  -67.086  14.609 0.1000000015
4387  -35.789  -66.451  14.587 0.1000000015
4388  -36.263  -66.508  14.430 0.1000000015
4730  -38.850  -65.464  16.486 0.1000000015
4731  -35.563  -65.771  14.809 0.1000000015
5062  -38.227  -64.149  14.446 0.1000000015
5398  -38.339  -63.303  14.074 0.1000000015
5769  -38.652  -62.503  17.585 0.1000000015
5794  -36.860  -61.842  13.845 0.1000000015
5799  -37.263  -62.550  13.646 0.1000000015
6261  -37.233  -61.218  14.276 0.1000000015
6268  -38.994  -61.668  13.786 0.1000000015
6656  -41.184  -60.984  26.526 0.1000000015
6754  -38.591  -60.313  18.579 0.1000000015
6768  -40.517  -60.203  16.655 0.1000000015
6780  -35.764  -60.826  16.430 0.1000000015
6784  -41.041  -60.632  15.838 0.1000000015
6791  -36.560  -60.753  15.060 0.1000000015
7140  -44.903  -59.331  23.675 0.4000000060
7231  -40.052  -59.853  17.266 0.1000000015
7244  -41.659  -59.387  15.627 0.1000000015
7252  -38.742  -59.427  14.946 0.1000000015
7674  -37.912  -58.536  23.067 0.1000000015
7735  -38.716  -58.927  18.758 0.1000000015
7776  -40.577  -58.960  14.239 0.1000000015
7777  -41.448  -58.811  14.397 0.1000000015
7778  -42.363  -58.708  14.755 0.1000000015
8150  -47.469  -57.432  28.112 0.2000000030
8167  -47.835  -57.238  27.711 0.2000000030
8218  -43.586  -57.550  21.907 0.4000000060
8220  -45.377  -58.202  21.645 0.4000000060
8275  -39.830  -57.825  17.662 0.1000000015
8294  -43.411  -57.285  14.573 0.1000000015
8306  -41.508  -57.418  13.557 0.1000000015
8676  -47.955  -56.428  28.853 0.2000000030
8686  -44.238  -56.746  28.901 0.1000000015
8689  -47.884  -57.025  28.516 0.2000000030
8709  -48.066  -56.472  27.926 0.4000000060
8752  -37.244  -56.009  23.218 0.2000000030
8812  -38.459  -57.340  18.949 0.1000000015
8823  -41.290  -57.180  17.169 0.1000000015
8842  -43.289  -56.831  15.038 0.1000000015
9307  -41.928  -54.810  22.633 0.4000000060
9348  -40.521  -55.642  17.220 0.1000000015
9359  -42.435  -56.156  15.709 0.1000000015
9383  -44.266  -56.269  13.823 0.1000000015
9770  -48.164  -54.815  31.513 0.1000000015
9792  -48.293  -54.935  30.962 0.1000000015
9804  -46.951  -54.398  29.137 0.4000000060
9912  -41.926  -54.468  16.163 0.1000000015
9934  -43.518  -55.733  13.171 0.1000000015
10399  -43.481  -53.263  28.343 0.6000000238
10434  -41.920  -53.715  24.302 0.4000000060
10441  -37.348  -53.483  23.570 0.2000000030
10454  -36.461  -53.389  22.993 0.1000000015
10494  -45.269  -53.994  15.380 0.1000000015
10499  -46.530  -53.230  14.176 0.1000000015
10901  -47.818  -52.630  34.306 0.1000000015
10923  -43.629  -52.609  32.386 0.1000000015
10924  -44.415  -52.843  32.540 0.1000000015
10957  -42.954  -52.162  29.190 0.4000000060
11019  -37.803  -52.582  23.672 0.2000000030
11067  -43.232  -52.488  16.069 0.1000000015
11087  -45.477  -52.438  12.096 0.1000000015
11481  -40.928  -51.249  35.601 0.1000000015
11532  -42.564  -51.790  33.007 0.1000000015
11616  -39.622  -51.284  24.619 0.3000000119
11692  -48.174  -51.568  13.770 0.1000000015
11697  -47.957  -51.340  13.042 0.1000000015
12073  -43.071  -50.450  39.810 0.1000000015
12087  -41.926  -50.967  37.758 0.1000000015
12120  -50.157  -51.207  36.061 0.1000000015
12177  -44.528  -50.348  31.586 0.4000000060
12221  -39.168  -51.065  26.611 0.5000000000
12314  -42.396  -50.673  16.797 0.1000000015
12316  -44.649  -50.492  16.178 0.1000000015
12324  -47.090  -50.746  15.198 0.1000000015
12333  -47.464  -51.560  14.672 0.1000000015
12647  -48.649  -48.688  44.991 0.1000000015
12704  -43.992  -49.605  39.910 0.1000000015
12717  -43.510  -49.775  38.573 0.1000000015
12792  -43.778  -49.198  32.363 0.5000000000
12818  -37.538  -49.256  29.164 0.4000000060
12834  -38.026  -49.727  27.798 0.4000000060
12968  -46.514  -49.961  15.541 0.1000000015
12991  -48.799  -49.232  12.156 0.1000000015
13319  -46.756  -48.530  41.587 0.1000000015
13394  -43.045  -48.496  35.464 0.3000000119
13412  -40.813  -48.388  34.163 0.4000000060
13424  -40.205  -48.146  33.653 0.5000000000
13427  -44.161  -48.938  33.498 0.3000000119
13439  -41.695  -48.512  32.389 0.5000000000
13455  -41.336  -48.587  31.730 0.5000000000
13466  -37.679  -48.139  30.238 0.4000000060
13473  -36.738  -48.201  29.178 0.4000000060
13484  -36.648  -48.179  28.571 0.4000000060
13498  -36.499  -47.683  28.020 0.3000000119
13681  -49.515  -49.340  14.032 0.1000000015
13687  -50.107  -48.753  12.871 0.1000000015
13688  -50.341  -48.073  12.697 0.1000000015
13691  -49.566  -48.282  12.233 0.1000000015
14047  -40.406  -47.493  42.304 0.1000000015
14067  -40.343  -47.059  41.727 0.1000000015
14138  -42.558  -47.519  37.483 0.2000000030
14157  -48.538  -47.642  36.235 0.1000000015
14253  -36.444  -47.136  27.372 0.3000000119
14397  -47.688  -47.485  16.205 0.1000000015
14421  -52.044  -47.737  13.861 0.1000000015
14426  -49.709  -47.735  12.225 0.1000000015
14783  -39.241  -46.886  42.353 0.1000000015
14853  -39.791  -45.968  38.076 0.3000000119
14883  -45.657  -46.674  37.836 0.1000000015
14901  -37.466  -46.159  35.796 0.4000000060
15121  -47.817  -46.157  17.581 0.1000000015
15162  -52.180  -47.381  14.036 0.1000000015
15500  -37.722  -45.155  44.125 0.1000000015
15510  -38.458  -46.106  43.373 0.1000000015
15536  -38.138  -45.435  41.740 0.1000000015
15553  -39.390  -44.865  40.786 0.3000000119
15612  -37.153  -45.572  36.364 0.3000000119
15618  -36.367  -45.367  35.346 0.4000000060
15625  -36.461  -45.529  34.794 0.4000000060
15646  -36.913  -45.091  32.711 0.4000000060
15705  -36.523  -44.819  27.387 0.2000000030
15858  -53.088  -44.494  15.342 0.1000000015
15868  -49.776  -46.314  12.847 0.1000000015
16216  -36.674  -44.327  43.142 0.1000000015
16225  -37.023  -44.814  42.138 0.1000000015
16234  -37.329  -44.480  41.403 0.2000000030
16248  -43.571  -44.069  39.689 0.2000000030
16282  -43.275  -44.132  39.225 0.2000000030
16305  -36.288  -44.484  36.335 0.4000000060
16306  -36.859  -44.916  36.778 0.3000000119
16318  -36.025  -44.881  34.783 0.4000000060
16340  -36.849  -44.070  31.322 0.3000000119
16394  -44.987  -44.474  27.331 0.1000000015
16413  -37.343  -43.703  26.157 0.1000000015
16415  -43.235  -44.939  26.427 0.1000000015
16430  -37.194  -44.232  25.588 0.2000000030
16557  -52.867  -43.699  15.141 0.1000000015
16567  -49.980  -44.403  14.176 0.1000000015
16572  -51.994  -44.949  13.493 0.1000000015
16897  -36.888  -43.630  44.268 0.1000000015
16924  -37.084  -43.712  40.909 0.3000000119
16935  -40.001  -42.734  39.803 0.3000000119
16948  -41.503  -43.294  39.098 0.3000000119
16958  -36.978  -43.579  37.686 0.3000000119
16959  -38.775  -42.287  38.675 0.3000000119
16992  -35.732  -43.452  34.674 0.4000000060
17070  -42.957  -43.387  27.138 0.1000000015
17090  -37.017  -43.836  26.848 0.1000000015
17091  -37.453  -43.307  26.702 0.1000000015
17148  -39.427  -43.524  23.335 0.1000000015
17161  -38.731  -43.802  23.203 0.1000000015
17182  -45.701  -42.957  21.173 0.1000000015
17216  -51.132  -42.820  17.157 0.1000000015
17230  -52.379  -43.012  15.416 0.1000000015
17239  -52.401  -43.233  14.756 0.1000000015
17576  -37.764  -42.362  45.643 0.1000000015
17583  -36.662  -42.857  44.146 0.1000000015
17600  -35.678  -42.141  42.162 0.2000000030
17601  -36.000  -42.822  42.689 0.1000000015
17614  -36.145  -41.974  40.667 0.3000000119
17625  -38.756  -41.817  39.069 0.3000000119
17628  -37.295  -41.870  38.341 0.3000000119
17636  -35.954  -42.669  36.976 0.3000000119
17712  -37.084  -42.000  28.312 0.2000000030
17723  -37.460  -42.369  27.620 0.1000000015
17744  -39.276  -42.335  26.419 0.1000000015
17837  -48.356  -41.996  18.918 0.1000000015
17859  -51.439  -41.458  16.493 0.1000000015
17875  -52.025  -42.150  15.633 0.1000000015
17885  -51.450  -41.742  15.143 0.1000000015
17899  -51.924  -42.780  14.683 0.1000000015
18238  -36.933  -41.630  44.322 0.1000000015
18244  -35.961  -41.158  43.271 0.1000000015
18245  -36.350  -41.743  43.698 0.1000000015
18266  -35.714  -41.096  37.011 0.3000000119
18267  -36.218  -41.220  37.746 0.3000000119
18271  -35.503  -41.601  35.714 0.4000000060
18294  -44.764  -41.413  32.956 0.1000000015
18307  -36.648  -42.009  31.106 0.3000000119
18344  -37.364  -41.185  29.450 0.2000000030
18368  -39.006  -40.900  27.954 0.1000000015
18370  -41.507  -41.065  28.083 0.1000000015
18372  -44.178  -41.506  29.356 0.1000000015
18385  -40.283  -41.264  27.437 0.1000000015
18482  -48.707  -40.932  18.733 0.1000000015
18500  -50.607  -40.349  17.077 0.1000000015
18501  -51.160  -40.657  16.590 0.1000000015
18917  -35.934  -40.357  40.341 0.3000000119
18925  -36.220  -39.943  38.333 0.3000000119
18935  -35.564  -40.424  35.727 0.3000000119
18939  -36.114  -40.778  34.329 0.2000000030
18950  -42.447  -40.135  33.619 0.1000000015
18980  -41.774  -40.605  32.219 0.1000000015
18981  -42.455  -40.712  32.149 0.1000000015
19013  -39.859  -40.349  29.578 0.1000000015
19032  -39.059  -40.617  28.524 0.1000000015
19034  -41.227  -40.730  28.712 0.1000000015
19143  -47.143  -40.191  19.728 0.1000000015
19145  -48.528  -40.038  18.919 0.1000000015
19174  -50.318  -39.959  16.245 0.1000000015
19178  -50.993  -40.316  15.762 0.1000000015
19549  -38.379  -39.889  44.115 0.1000000015
19598  -37.021  -39.855  33.751 0.1000000015
19602  -41.063  -39.712  33.575 0.1000000015
19603  -41.808  -39.990  33.712 0.1000000015
19613  -43.007  -39.628  33.398 0.1000000015
19764  -48.673  -39.341  18.411 0.1000000015
19775  -49.563  -39.402  17.195 0.1000000015
19781  -49.169  -39.318  16.866 0.1000000015
20212  -40.812  -38.400  44.031 0.1000000015
20237  -35.516  -38.565  42.328 0.3000000119
20264  -47.811  -38.680  41.594 0.1000000015
20288  -35.320  -38.052  39.574 0.3000000119
21038  -37.231  -37.559  42.523 0.2000000030
21042  -41.141  -37.997  42.317 0.1000000015
21062  -40.755  -37.469  41.775 0.1000000015
21064  -42.324  -37.655  41.608 0.1000000015
21083  -43.300  -37.352  40.496 0.1000000015
21084  -44.015  -37.702  40.877 0.1000000015
21085  -45.319  -37.780  40.386 0.1000000015
21100  -44.048  -37.307  40.119 0.1000000015
21150  -35.928  -36.873  34.953 0.3000000119
21178  -42.523  -37.268  31.122 0.1000000015
21862  -35.706  -36.300  40.521 0.3000000119
21865  -37.969  -35.979  40.936 0.2000000030
21898  -35.271  -36.547  38.990 0.2000000030
21912  -35.313  -36.096  37.418 0.2000000030
21967  -40.272  -35.997  31.672 0.1000000015
21969  -41.528  -36.348  30.952 0.1000000015
22613  -36.507  -35.432  40.299 0.2000000030
22636  -41.918  -36.130  39.081 0.1000000015
22648  -35.631  -35.108  38.501 0.2000000030
22649  -39.797  -35.229  38.983 0.1000000015
22709  -36.877  -35.532  34.022 0.1000000015
22720  -38.761  -35.261  32.461 0.1000000015
22721  -39.387  -35.366  32.028 0.1000000015
23327  -37.252  -34.613  38.722 0.2000000030
23341  -37.311  -34.289  37.996 0.2000000030
23343  -39.536  -34.729  38.465 0.1000000015
23355  -37.465  -33.881  37.264 0.3000000119
23357  -39.233  -34.248  37.775 0.2000000030
23389  -35.757  -34.670  36.294 0.3000000119
23403  -36.383  -34.611  34.950 0.2000000030
23404  -36.909  -34.789  34.120 0.1000000015
23415  -37.346  -34.112  33.903 0.1000000015
23443  -41.910  -34.755  30.055 0.1000000015
24055  -39.193  -33.741  37.088 0.2000000030
24066  -37.567  -33.603  36.515 0.2000000030
24081  -38.562  -33.177  35.654 0.2000000030
24083  -40.383  -33.260  35.695 0.1000000015
24121  -38.289  -33.757  33.009 0.1000000015
24134  -39.534  -33.871  31.934 0.1000000015
24152  -43.999  -33.259  28.698 0.1000000015
105440  -51.926  -43.964  13.753 0.1000000015
105684  -31.871  -73.507  23.486 0.1000000015
106194  -35.045  -63.779  15.278 0.1000000015
106532  -42.046  -52.881  16.505 0.1000000015
106540  -34.695  -68.653  18.210 0.1000000015
106610  -38.733  -46.524  37.140 0.3000000119
107014  -40.016  -46.694  37.721 0.3000000119
107176  -35.512  -41.104  36.235 0.4000000060
107271  -39.064  -47.163  32.151 0.5000000000
107963  -41.344  -48.461  34.631 0.4000000060
108840  -44.054  -38.185  41.539 0.1000000015
109075  -36.157  -43.908  36.581 0.3000000119
109149  -40.326  -42.525  38.989 0.3000000119
109199  -44.308  -55.934  29.726 0.1000000015
109333  -35.817  -42.181  34.435 0.3000000119
109426  -44.827  -48.606  34.689 0.3000000119
109711  -46.237  -53.004  13.155 0.1000000015
109846  -43.124  -36.669  39.362 0.1000000015
109883  -40.503  -52.241  24.486 0.4000000060
110520  -31.567  -74.354  23.393 0.1000000015
110939  -43.260  -42.656  27.593 0.1000000015
112006  -41.949  -37.521  31.772 0.1000000015
112350  -41.655  -48.293  36.444 0.3000000119
113139  -37.487  -45.422  23.797 0.1000000015
113159  -35.451  -37.920  35.787 0.3000000119
114367  -32.737  -73.464  25.432 0.1000000015
114763  -37.416  -40.828  45.890 0.1000000015
115410  -37.479  -41.196  45.108 0.1000000015
115973  -52.773  -44.966  16.241 0.1000000015
116713  -35.545  -40.643  41.191 0.3000000119
116889  -36.399  -36.686  34.509 0.1000000015
118272  -38.073  -39.016  33.555 0.1000000015
118370  -36.644  -44.047  29.810 0.4000000060
119095  -41.080  -40.497  32.269 0.1000000015
119975  -49.691  -43.804  14.747 0.1000000015
120325  -41.902  -52.021  16.724 0.1000000015
120795  -36.064  -36.890  41.970 0.2000000030
120990  -35.866  -34.787  35.597 0.3000000119
121296  -38.820  -66.694  17.160 0.1000000015
121803  -39.375  -51.115  25.863 0.5000000000
121985  -46.096  -51.325  34.875 0.1000000015
122565  -37.251  -65.461  14.446 0.1000000015
122601  -35.350  -64.093  14.746 0.1000000015
122715  -48.457  -54.154  32.109 0.1000000015
123926  -45.264  -48.416  35.154 0.3000000119
123943  -49.049  -39.187  17.408 0.1000000015
124220  -36.042  -39.541  43.192 0.2000000030
124338  -36.287  -44.022  33.354 0.3000000119
124372  -35.749  -40.489  37.206 0.3000000119
124432  -41.434  -53.897  29.824 0.1000000015
124605  -44.713  -48.892  16.631 0.1000000015
124795  -41.964  -48.450  35.832 0.4000000060
124925  -43.693  -59.708  21.330 0.4000000060
125075  -40.942  -43.658  40.299 0.3000000119
125537  -40.101  -47.979  36.531 0.4000000060
125555  -44.447  -50.260  36.617 0.1000000015
125614  -37.321  -41.394  44.694 0.1000000015
125757  -40.100  -36.112  39.972 0.1000000015
125832  -40.826  -52.121  28.050 0.4000000060
126112  -40.603  -33.997  36.899 0.3000000119
126261  -35.243  -39.045  41.084 0.3000000119
126272  -41.011  -43.387  25.677 0.1000000015
126305  -35.385  -38.008  36.518 0.3000000119
126658  -37.048  -44.580  31.520 0.3000000119
126845  -31.127  -72.415  22.078 0.1000000015
