#!ascii label  , from subject sub-v1s15x0050202_ses-1 vox2ras=TkReg
304
49309  -26.803  -4.579  6.398 0.0000000000
51160  -25.619  -2.580  1.696 0.0000000000
63560  -23.631  10.411  -1.416 0.0000000000
120643  -25.048  6.590  0.463 0.0000000000
55708  -27.508  2.434  1.415 0.0000000000
104765  -29.786  -0.340  4.731 0.0000000000
65441  -22.356  12.154  -2.367 0.0000000000
57629  -26.328  4.519  0.878 0.0000000000
119854  -25.289  1.785  0.237 0.0000000000
119283  -27.145  -4.106  3.378 0.0000000000
119315  -27.852  -1.741  2.995 0.0000000000
104602  -28.422  -2.320  5.255 0.0000000000
45186  -24.775  -8.754  7.663 0.0000000000
104588  -25.623  -5.658  4.580 0.0000000000
69416  -22.660  17.141  -3.152 0.0000000000
112174  -23.492  15.864  -2.781 0.0000000000
67059  -24.517  14.657  -1.888 0.0000000000
65419  -25.439  12.845  -0.759 0.0000000000
108690  -25.967  10.984  -0.102 0.0000000000
60746  -23.880  8.311  -0.723 0.0000000000
117287  -26.555  9.180  0.479 0.0000000000
59719  -27.350  6.669  0.824 0.0000000000
58679  -28.616  4.920  1.605 0.0000000000
56639  -29.591  3.172  2.519 0.0000000000
106727  -26.316  0.074  1.330 0.0000000000
53926  -28.455  0.990  2.481 0.0000000000
55733  -24.015  2.593  -0.391 0.0000000000
54817  -23.180  1.657  -0.569 0.0000000000
104594  -27.187  -4.264  4.943 0.0000000000
104882  -27.930  -3.037  4.628 0.0000000000
105046  -27.939  -2.972  5.789 0.0000000000
42508  -25.472  -11.343  10.707 0.0000000000
42509  -25.886  -10.648  10.615 0.0000000000
43324  -25.750  -9.952  10.108 0.0000000000
119243  -24.944  -5.360  3.565 0.0000000000
104731  -24.417  -6.051  4.062 0.0000000000
116939  -23.957  15.235  -2.326 0.0000000000
108907  -23.464  11.085  -1.672 0.0000000000
65431  -23.977  12.460  -1.668 0.0000000000
64534  -24.129  11.655  -1.483 0.0000000000
64519  -25.519  11.399  -0.431 0.0000000000
62592  -24.687  10.132  -0.600 0.0000000000
60726  -24.101  7.502  -0.526 0.0000000000
110976  -24.642  8.420  -0.013 0.0000000000
109181  -25.478  8.018  0.620 0.0000000000
60729  -27.247  7.939  0.560 0.0000000000
59718  -26.550  6.800  0.644 0.0000000000
56655  -26.855  3.013  1.126 0.0000000000
57630  -27.067  4.800  1.312 0.0000000000
56656  -27.648  3.268  1.471 0.0000000000
56658  -29.179  3.666  2.116 0.0000000000
55709  -28.856  2.674  2.076 0.0000000000
52087  -24.567  -1.330  1.147 0.0000000000
53033  -25.273  -0.152  0.684 0.0000000000
53027  -25.740  -0.608  1.382 0.0000000000
104583  -29.124  -1.252  4.159 0.0000000000
104736  -28.583  -0.194  3.229 0.0000000000
104769  -29.626  -0.104  3.898 0.0000000000
54768  -29.672  1.326  3.168 0.0000000000
104701  -30.210  0.769  4.357 0.0000000000
46076  -25.909  -7.997  9.082 0.0000000000
107184  -25.030  -7.554  6.765 0.0000000000
47031  -25.663  -7.006  7.990 0.0000000000
47044  -25.731  -6.392  7.461 0.0000000000
124340  -23.869  5.015  -0.469 0.0000000000
58694  -25.698  5.136  0.589 0.0000000000
57627  -24.624  3.960  0.129 0.0000000000
56670  -25.406  3.340  0.429 0.0000000000
54809  -25.950  1.927  0.547 0.0000000000
104597  -26.268  -3.136  2.207 0.0000000000
104599  -26.545  -2.285  2.163 0.0000000000
119344  -27.647  -2.545  2.971 0.0000000000
119282  -28.557  -1.864  4.061 0.0000000000
104903  -28.901  -1.651  5.551 0.0000000000
45158  -25.455  -8.839  8.987 0.0000000000
104595  -24.832  -3.837  1.670 0.0000000000
123284  -25.633  -4.285  2.813 0.0000000000
104858  -26.626  -4.566  3.759 0.0000000000
104589  -26.223  -5.237  4.965 0.0000000000
69422  -22.439  17.944  -3.262 0.0000000000
112403  -21.460  16.095  -2.434 0.0000000000
68582  -22.622  16.347  -2.977 0.0000000000
68584  -25.174  16.273  -3.052 0.0000000000
67808  -25.438  15.717  -2.541 0.0000000000
67060  -25.655  15.067  -1.929 0.0000000000
65443  -23.877  13.283  -1.764 0.0000000000
66296  -24.661  13.856  -1.586 0.0000000000
66298  -26.808  13.838  -1.065 0.0000000000
66288  -27.276  13.210  -0.783 0.0000000000
116203  -27.350  11.968  -0.404 0.0000000000
64521  -27.920  11.427  -0.216 0.0000000000
61673  -23.680  8.925  -0.952 0.0000000000
62572  -24.986  9.420  -0.209 0.0000000000
62573  -26.067  9.719  0.353 0.0000000000
113542  -28.055  10.303  0.329 0.0000000000
61658  -27.490  8.865  0.497 0.0000000000
115810  -28.630  7.082  1.011 0.0000000000
58695  -26.489  5.356  0.917 0.0000000000
58696  -27.588  5.976  1.257 0.0000000000
53949  -24.337  0.682  -0.199 0.0000000000
54808  -25.612  1.194  0.420 0.0000000000
54796  -27.367  1.575  1.450 0.0000000000
53020  -27.213  -0.591  2.404 0.0000000000
53935  -27.568  0.910  1.985 0.0000000000
54797  -28.115  1.505  1.987 0.0000000000
109437  -29.389  1.672  2.687 0.0000000000
120957  -30.204  2.378  3.436 0.0000000000
47054  -25.304  -6.548  5.677 0.0000000000
48232  -25.736  -5.898  6.236 0.0000000000
49298  -26.635  -4.806  7.417 0.0000000000
119348  -27.168  -4.203  5.693 0.0000000000
104598  -27.536  -3.671  5.346 0.0000000000
104601  -27.457  -3.719  6.345 0.0000000000
120421  -27.615  -3.509  7.188 0.0000000000
49299  -27.197  -4.128  7.237 0.0000000000
108355  -26.735  -11.236  11.490 0.0000000000
125501  -26.119  -11.113  11.104 0.0000000000
43316  -26.526  -10.571  11.164 0.0000000000
63576  -22.856  10.436  -1.806 0.0000000000
63561  -24.267  10.803  -1.099 0.0000000000
106208  -24.025  10.097  -1.001 0.0000000000
59736  -24.359  6.448  -0.192 0.0000000000
59735  -23.440  6.670  -0.967 0.0000000000
60727  -24.810  7.386  0.400 0.0000000000
59737  -25.653  7.096  0.578 0.0000000000
56657  -28.458  3.411  1.756 0.0000000000
125668  -28.182  2.719  1.692 0.0000000000
52088  -25.298  -1.513  1.443 0.0000000000
53026  -25.070  -0.805  1.114 0.0000000000
119329  -29.559  -0.623  4.252 0.0000000000
119247  -29.214  -0.628  3.763 0.0000000000
119200  -29.814  -0.130  4.273 0.0000000000
119310  -29.926  0.338  4.040 0.0000000000
119346  -30.041  0.198  4.544 0.0000000000
123329  -30.303  0.606  4.881 0.0000000000
104875  -30.095  0.124  5.199 0.0000000000
124334  -25.633  -7.640  8.386 0.0000000000
57643  -23.770  4.216  -0.493 0.0000000000
57644  -24.305  4.689  -0.143 0.0000000000
56683  -24.075  3.392  -0.352 0.0000000000
55719  -24.701  2.106  -0.075 0.0000000000
56669  -24.670  2.976  0.044 0.0000000000
55720  -25.347  2.482  0.324 0.0000000000
55721  -26.118  2.749  0.645 0.0000000000
104604  -26.950  -3.671  2.768 0.0000000000
104773  -27.083  -2.884  2.557 0.0000000000
104703  -27.404  -3.582  3.246 0.0000000000
104748  -28.173  -2.452  4.040 0.0000000000
122814  -28.396  -2.277  4.535 0.0000000000
104909  -28.834  -1.745  4.724 0.0000000000
51141  -28.462  -2.240  6.312 0.0000000000
41727  -25.159  -12.130  10.870 0.0000000000
41717  -25.654  -12.655  11.390 0.0000000000
44224  -25.497  -9.416  9.440 0.0000000000
45159  -25.990  -8.714  9.575 0.0000000000
104967  -25.189  -4.127  2.116 0.0000000000
104951  -25.496  -5.416  3.969 0.0000000000
104567  -25.747  -4.775  3.471 0.0000000000
104945  -26.114  -5.104  4.176 0.0000000000
104906  -26.701  -4.708  4.547 0.0000000000
69415  -21.950  17.641  -2.628 0.0000000000
118958  -23.067  17.644  -3.579 0.0000000000
121379  -22.600  15.743  -2.750 0.0000000000
68583  -23.364  16.559  -3.151 0.0000000000
116945  -24.227  16.374  -3.109 0.0000000000
67807  -24.517  15.775  -2.675 0.0000000000
116039  -24.804  15.285  -2.272 0.0000000000
65442  -23.159  12.697  -2.122 0.0000000000
65432  -24.719  12.271  -1.095 0.0000000000
111809  -24.699  13.076  -1.330 0.0000000000
66297  -25.688  13.693  -1.194 0.0000000000
66287  -26.364  13.153  -0.723 0.0000000000
64520  -26.304  11.788  -0.330 0.0000000000
112099  -26.955  11.174  -0.214 0.0000000000
60745  -23.397  7.653  -1.141 0.0000000000
121144  -23.383  8.325  -1.220 0.0000000000
62591  -24.171  9.506  -0.736 0.0000000000
61655  -24.274  8.921  -0.562 0.0000000000
61656  -25.665  8.920  0.487 0.0000000000
115251  -27.204  9.876  0.374 0.0000000000
62574  -28.238  9.649  0.421 0.0000000000
60713  -27.110  7.267  0.612 0.0000000000
60714  -27.884  7.329  0.715 0.0000000000
118324  -28.646  7.624  0.728 0.0000000000
58678  -27.781  5.206  1.423 0.0000000000
58697  -28.427  5.789  1.420 0.0000000000
56640  -30.351  3.539  2.818 0.0000000000
53942  -23.787  0.104  -0.114 0.0000000000
125571  -25.841  -0.033  1.010 0.0000000000
53943  -25.109  0.536  0.218 0.0000000000
53034  -25.947  0.506  0.778 0.0000000000
54795  -26.460  1.305  0.844 0.0000000000
53934  -26.796  0.765  1.317 0.0000000000
52083  -27.266  -2.063  2.566 0.0000000000
52082  -26.817  -1.368  2.268 0.0000000000
125451  -27.431  -1.337  2.621 0.0000000000
124271  -28.449  0.411  2.866 0.0000000000
104607  -27.814  0.178  2.622 0.0000000000
54783  -28.863  1.745  2.244 0.0000000000
54784  -29.224  1.153  2.756 0.0000000000
104850  -30.084  1.748  3.609 0.0000000000
48223  -26.231  -5.619  7.648 0.0000000000
48222  -25.750  -5.907  6.985 0.0000000000
48233  -26.197  -5.302  6.759 0.0000000000
49282  -26.650  -5.052  8.139 0.0000000000
55732  -23.419  2.290  -0.570 0.0000000000
54818  -24.022  1.619  -0.394 0.0000000000
104590  -27.187  -4.257  4.136 0.0000000000
119265  -27.511  -3.652  3.907 0.0000000000
120628  -27.482  -3.794  4.594 0.0000000000
105458  -27.959  -2.990  6.745 0.0000000000
50267  -27.959  -3.027  7.622 0.0000000000
42497  -26.066  -11.858  11.308 0.0000000000
43335  -25.146  -10.089  9.509 0.0000000000
43325  -26.315  -10.118  10.691 0.0000000000
104620  -25.103  -4.607  2.805 0.0000000000
104824  -24.458  -4.798  3.110 0.0000000000
104791  -25.065  -5.966  4.246 0.0000000000
68581  -21.836  16.782  -2.556 0.0000000000
116083  -22.987  15.199  -2.485 0.0000000000
67058  -23.440  14.560  -2.121 0.0000000000
66308  -23.846  14.030  -1.822 0.0000000000
64533  -23.270  11.896  -1.936 0.0000000000
110590  -25.429  12.066  -0.543 0.0000000000
64535  -24.821  11.508  -0.773 0.0000000000
63562  -25.130  10.811  -0.533 0.0000000000
61657  -26.436  8.444  0.549 0.0000000000
60728  -26.431  7.603  0.590 0.0000000000
56671  -26.217  3.627  0.768 0.0000000000
57610  -26.968  3.919  1.284 0.0000000000
57611  -27.900  4.234  1.529 0.0000000000
57612  -28.731  4.167  1.796 0.0000000000
113908  -24.098  -0.411  0.250 0.0000000000
104830  -28.530  -1.270  3.513 0.0000000000
104829  -27.928  -0.849  2.900 0.0000000000
119361  -29.238  0.041  3.515 0.0000000000
106110  -28.966  0.535  3.046 0.0000000000
119327  -29.570  0.607  3.458 0.0000000000
119357  -30.017  1.002  3.779 0.0000000000
119323  -30.542  1.246  4.824 0.0000000000
46092  -25.324  -8.398  8.354 0.0000000000
46104  -24.617  -8.328  6.923 0.0000000000
46105  -25.216  -7.847  7.619 0.0000000000
121006  -25.418  -7.107  7.292 0.0000000000
47043  -25.425  -6.687  6.615 0.0000000000
47032  -26.166  -6.315  8.209 0.0000000000
122647  -23.714  5.735  -0.626 0.0000000000
58710  -24.349  5.418  -0.120 0.0000000000
59716  -24.965  5.767  0.416 0.0000000000
58693  -24.863  4.877  0.345 0.0000000000
57628  -25.522  4.240  0.526 0.0000000000
55707  -26.755  2.134  0.935 0.0000000000
119364  -27.773  -2.963  3.585 0.0000000000
104796  -28.062  -2.131  3.526 0.0000000000
104977  -29.390  -1.080  4.910 0.0000000000
104603  -29.662  -0.491  5.499 0.0000000000
120862  -29.305  -1.103  5.740 0.0000000000
119271  -28.753  -1.891  7.187 0.0000000000
41716  -24.850  -12.911  11.020 0.0000000000
105019  -25.206  -9.319  8.949 0.0000000000
122999  -26.425  -8.113  9.723 0.0000000000
50286  -25.038  -3.324  1.455 0.0000000000
104843  -25.381  -3.581  1.795 0.0000000000
104606  -25.933  -3.810  2.500 0.0000000000
104770  -26.400  -4.206  3.115 0.0000000000
104828  -26.730  -4.701  5.401 0.0000000000
70270  -22.012  18.416  -2.609 0.0000000000
68591  -23.776  17.079  -3.551 0.0000000000
68585  -26.096  16.241  -2.883 0.0000000000
67809  -26.389  15.636  -2.400 0.0000000000
67061  -26.807  15.039  -1.918 0.0000000000
66307  -23.024  13.637  -2.172 0.0000000000
67050  -25.384  14.367  -1.593 0.0000000000
119164  -26.296  14.446  -1.479 0.0000000000
67051  -27.301  14.415  -1.523 0.0000000000
65420  -26.082  12.509  -0.505 0.0000000000
65421  -26.854  12.549  -0.537 0.0000000000
61672  -23.035  8.862  -1.488 0.0000000000
62590  -23.453  9.670  -1.341 0.0000000000
63543  -25.551  10.241  -0.127 0.0000000000
63544  -26.547  10.480  0.120 0.0000000000
63545  -27.517  10.716  0.092 0.0000000000
60730  -28.167  8.119  0.574 0.0000000000
61645  -29.117  8.136  0.583 0.0000000000
59717  -25.874  6.106  0.630 0.0000000000
107394  -26.822  6.069  0.920 0.0000000000
123781  -27.128  5.493  1.242 0.0000000000
59720  -28.146  6.573  1.132 0.0000000000
57613  -29.481  4.634  1.891 0.0000000000
53948  -23.543  0.911  -0.398 0.0000000000
54807  -24.855  1.285  -0.027 0.0000000000
106949  -24.550  -0.027  0.117 0.0000000000
52089  -26.074  -1.477  1.827 0.0000000000
120844  -26.471  -0.577  1.917 0.0000000000
53028  -26.946  0.209  1.993 0.0000000000
114130  -28.202  2.062  1.797 0.0000000000
55694  -29.414  2.315  2.543 0.0000000000
55677  -29.753  2.035  3.076 0.0000000000
55695  -29.942  2.783  3.036 0.0000000000
104587  -25.234  -6.369  4.881 0.0000000000
48235  -25.711  -5.826  5.367 0.0000000000
48236  -26.275  -5.277  5.847 0.0000000000
53032  -24.559  -0.589  0.648 0.0000000000
104591  -27.445  -3.196  2.958 0.0000000000
