#!ascii label  , from subject sub-v1s15x0050202_ses-1 vox2ras=TkReg
986
51856  30.385  -4.348  64.895 0.0000000000
66952  39.470  10.016  48.510 0.0000000000
58890  31.199  2.185  57.185 0.0000000000
48451  10.275  -7.879  75.024 0.0000000000
115136  22.924  -3.465  67.449 0.0000000000
128010  32.236  7.157  55.470 0.0000000000
48515  16.772  -7.663  70.697 0.0000000000
46320  14.758  -9.307  74.550 0.0000000000
48531  20.565  -6.926  69.856 0.0000000000
65998  43.775  8.786  47.845 0.0000000000
55786  26.552  -0.981  67.456 0.0000000000
57790  27.781  0.788  64.267 0.0000000000
55797  32.427  -0.647  65.720 0.0000000000
68573  42.424  12.480  45.815 0.0000000000
109333  45.651  10.588  44.351 0.0000000000
68548  36.314  12.183  51.117 0.0000000000
64979  38.817  7.964  52.239 0.0000000000
64034  35.039  7.529  52.925 0.0000000000
59970  35.169  3.687  56.775 0.0000000000
48539  28.837  -7.172  68.817 0.0000000000
122269  9.058  -9.874  78.551 0.0000000000
46242  5.760  -9.734  80.061 0.0000000000
125521  4.107  -7.862  84.148 0.0000000000
51847  26.306  -4.492  65.543 0.0000000000
115992  25.075  -7.622  68.881 0.0000000000
59929  27.046  3.281  60.104 0.0000000000
114910  30.876  2.378  62.227 0.0000000000
69348  47.456  13.784  40.654 0.0000000000
66000  41.928  9.075  47.998 0.0000000000
64078  41.376  7.445  49.789 0.0000000000
54859  29.894  -1.758  65.529 0.0000000000
55807  30.196  -0.659  64.655 0.0000000000
53895  31.644  -2.566  64.984 0.0000000000
68565  39.762  12.223  48.689 0.0000000000
69324  41.543  13.221  47.545 0.0000000000
67804  41.239  11.469  47.321 0.0000000000
109746  42.898  10.542  46.202 0.0000000000
43167  3.913  -12.349  85.206 0.0000000000
66942  35.110  10.028  51.442 0.0000000000
66928  33.931  10.398  53.594 0.0000000000
59984  31.182  4.088  55.939 0.0000000000
120848  32.967  4.305  54.797 0.0000000000
58898  33.244  2.907  56.526 0.0000000000
58851  33.904  2.065  59.602 0.0000000000
47284  12.438  -8.706  74.914 0.0000000000
113603  14.085  -9.483  76.891 0.0000000000
46283  11.814  -9.350  77.338 0.0000000000
107463  11.349  -9.653  78.865 0.0000000000
46299  9.514  -9.242  76.985 0.0000000000
48380  6.492  -7.832  78.912 0.0000000000
47198  4.527  -8.496  81.873 0.0000000000
52872  24.051  -4.021  66.573 0.0000000000
49685  25.395  -6.699  65.876 0.0000000000
49688  23.001  -6.101  66.529 0.0000000000
120608  20.335  -7.830  72.072 0.0000000000
107457  21.633  -7.828  71.920 0.0000000000
58774  29.348  2.327  65.883 0.0000000000
58791  28.669  2.081  63.464 0.0000000000
65915  33.178  9.346  55.324 0.0000000000
63003  31.501  6.525  57.604 0.0000000000
61014  30.275  4.586  57.247 0.0000000000
47349  17.754  -8.843  72.534 0.0000000000
110855  17.091  -9.455  74.950 0.0000000000
47351  15.402  -8.582  72.097 0.0000000000
48467  13.143  -7.589  72.769 0.0000000000
49593  11.245  -6.698  73.821 0.0000000000
50787  20.633  -5.059  67.657 0.0000000000
51831  19.217  -4.459  68.534 0.0000000000
48513  18.588  -7.393  70.141 0.0000000000
57767  24.760  1.384  66.855 0.0000000000
57791  24.815  1.680  63.950 0.0000000000
120215  26.926  -0.252  65.230 0.0000000000
56753  29.116  0.608  64.803 0.0000000000
69342  45.555  13.412  42.923 0.0000000000
67816  44.261  11.682  44.454 0.0000000000
66046  45.254  9.635  46.128 0.0000000000
67799  37.747  11.200  49.457 0.0000000000
106953  38.853  8.216  49.966 0.0000000000
65017  36.531  9.282  50.626 0.0000000000
64045  36.430  7.775  52.401 0.0000000000
62036  37.542  5.754  54.569 0.0000000000
64019  33.160  7.366  53.987 0.0000000000
61034  35.136  4.681  54.598 0.0000000000
50784  30.006  -6.011  66.673 0.0000000000
123035  31.574  -4.589  67.389 0.0000000000
69308  38.501  13.505  50.634 0.0000000000
49577  8.358  -6.847  76.448 0.0000000000
47251  7.665  -8.652  77.612 0.0000000000
124272  7.401  -10.119  79.083 0.0000000000
45305  7.380  -10.958  81.128 0.0000000000
44346  5.394  -11.374  81.618 0.0000000000
44339  4.071  -10.803  83.034 0.0000000000
46179  2.891  -9.755  84.692 0.0000000000
46158  1.359  -9.283  86.604 0.0000000000
51867  28.155  -4.749  64.606 0.0000000000
49683  27.123  -6.754  66.080 0.0000000000
121794  26.763  -7.703  68.873 0.0000000000
48546  22.937  -7.190  68.962 0.0000000000
58873  28.510  2.258  58.797 0.0000000000
57817  26.183  1.351  62.250 0.0000000000
57846  28.566  1.406  60.175 0.0000000000
57843  31.444  1.257  60.275 0.0000000000
53863  32.779  -2.552  68.145 0.0000000000
68594  49.481  12.692  39.991 0.0000000000
129300  46.885  11.614  42.442 0.0000000000
66981  48.397  10.928  42.096 0.0000000000
66001  41.047  9.256  48.132 0.0000000000
65032  40.997  7.786  49.005 0.0000000000
111875  40.117  7.911  49.111 0.0000000000
114255  30.355  -3.279  64.684 0.0000000000
53896  30.939  -2.814  64.579 0.0000000000
52885  30.736  -3.653  64.700 0.0000000000
67801  39.837  11.461  48.404 0.0000000000
67805  40.559  11.205  47.810 0.0000000000
66958  40.692  10.153  47.861 0.0000000000
66019  41.490  9.828  47.610 0.0000000000
44304  3.007  -11.723  85.671 0.0000000000
67783  34.371  11.065  53.281 0.0000000000
67779  34.192  11.176  54.326 0.0000000000
59974  31.455  3.299  56.161 0.0000000000
114820  32.117  3.103  56.131 0.0000000000
57890  32.153  2.112  57.349 0.0000000000
58871  33.527  2.089  58.724 0.0000000000
57872  32.154  1.586  58.209 0.0000000000
47285  11.582  -8.612  75.287 0.0000000000
46310  12.378  -8.831  75.796 0.0000000000
47267  11.142  -8.813  75.860 0.0000000000
46298  10.332  -9.212  76.795 0.0000000000
47287  9.998  -8.474  75.667 0.0000000000
52861  23.643  -3.598  67.119 0.0000000000
50796  23.611  -5.615  66.093 0.0000000000
51838  22.476  -4.898  66.569 0.0000000000
48448  19.870  -8.211  73.888 0.0000000000
59852  25.549  3.834  64.264 0.0000000000
59823  29.602  3.134  65.967 0.0000000000
63004  30.890  5.869  57.696 0.0000000000
62003  30.415  5.745  58.333 0.0000000000
47379  17.492  -8.129  70.932 0.0000000000
107350  16.980  -8.732  72.070 0.0000000000
47367  15.781  -8.224  71.481 0.0000000000
48482  13.870  -7.332  72.194 0.0000000000
49617  13.254  -6.852  72.482 0.0000000000
48468  12.414  -7.428  73.255 0.0000000000
52850  19.575  -3.752  68.541 0.0000000000
50759  16.899  -5.826  70.265 0.0000000000
49649  17.742  -5.868  69.711 0.0000000000
48514  17.614  -7.399  70.304 0.0000000000
113636  18.106  -8.350  71.264 0.0000000000
56738  24.883  0.259  65.724 0.0000000000
55794  25.887  -0.721  66.801 0.0000000000
55805  31.207  -0.652  64.712 0.0000000000
56771  29.848  -0.073  64.642 0.0000000000
56751  31.288  0.029  65.004 0.0000000000
56737  30.858  0.823  65.720 0.0000000000
56735  32.320  -0.013  66.025 0.0000000000
69328  42.281  13.263  46.340 0.0000000000
69335  43.921  13.138  44.319 0.0000000000
68576  43.057  12.539  45.195 0.0000000000
66017  43.163  9.431  47.281 0.0000000000
66963  43.689  10.361  45.949 0.0000000000
66016  44.041  9.330  47.119 0.0000000000
67795  37.068  11.237  49.965 0.0000000000
65988  37.395  10.243  49.650 0.0000000000
114479  35.999  10.859  50.629 0.0000000000
113877  35.021  8.790  52.071 0.0000000000
64982  35.860  8.353  51.893 0.0000000000
64033  36.031  7.414  52.958 0.0000000000
63046  36.576  6.804  53.466 0.0000000000
63032  36.122  6.191  53.932 0.0000000000
64942  32.455  7.813  55.431 0.0000000000
113001  33.100  8.269  54.161 0.0000000000
128315  32.796  6.935  54.352 0.0000000000
59981  34.160  3.688  55.574 0.0000000000
61035  34.260  4.638  54.340 0.0000000000
61025  35.450  4.322  55.426 0.0000000000
61024  36.225  4.678  55.845 0.0000000000
114618  29.115  -6.637  67.536 0.0000000000
49653  30.129  -6.364  68.573 0.0000000000
69303  36.726  12.773  51.701 0.0000000000
129170  37.441  12.540  50.372 0.0000000000
68560  38.065  11.972  49.461 0.0000000000
46306  16.252  -9.599  74.898 0.0000000000
113602  15.887  -9.632  75.586 0.0000000000
46254  10.529  -9.808  79.183 0.0000000000
46238  11.295  -9.535  80.620 0.0000000000
123403  10.084  -9.997  79.839 0.0000000000
46240  9.344  -10.268  79.976 0.0000000000
49565  7.904  -6.326  77.183 0.0000000000
48420  8.175  -7.821  76.682 0.0000000000
49566  7.332  -6.874  77.698 0.0000000000
47219  5.958  -8.868  79.903 0.0000000000
46272  7.097  -9.567  78.693 0.0000000000
45321  6.318  -10.284  79.875 0.0000000000
45312  7.649  -10.689  80.363 0.0000000000
45314  6.400  -10.733  80.428 0.0000000000
44345  6.137  -11.405  81.654 0.0000000000
44353  5.862  -11.126  80.950 0.0000000000
47189  4.174  -8.507  82.732 0.0000000000
46228  4.316  -9.436  82.111 0.0000000000
125298  3.889  -9.313  83.086 0.0000000000
45295  3.607  -10.076  83.550 0.0000000000
46196  3.475  -9.320  83.895 0.0000000000
52869  27.260  -3.784  66.523 0.0000000000
109845  27.710  -3.859  65.505 0.0000000000
51868  27.403  -4.820  64.698 0.0000000000
50808  28.216  -5.739  65.064 0.0000000000
50810  26.610  -5.652  65.007 0.0000000000
48562  24.787  -7.257  67.442 0.0000000000
48560  26.286  -7.395  67.384 0.0000000000
107099  25.973  -7.664  68.733 0.0000000000
49658  20.561  -6.189  68.540 0.0000000000
49657  21.385  -6.411  68.326 0.0000000000
48530  21.390  -7.109  69.861 0.0000000000
48479  23.191  -7.888  72.193 0.0000000000
64997  38.189  8.030  51.321 0.0000000000
64996  39.949  7.879  51.281 0.0000000000
115469  39.815  8.219  52.368 0.0000000000
60991  28.013  4.428  59.690 0.0000000000
60999  28.248  3.983  59.107 0.0000000000
59943  27.978  2.999  59.059 0.0000000000
56791  25.766  0.776  63.460 0.0000000000
57818  25.438  1.928  62.653 0.0000000000
56790  26.555  0.814  62.903 0.0000000000
107103  29.587  2.681  63.202 0.0000000000
57814  28.837  1.342  61.813 0.0000000000
57813  29.705  1.595  61.756 0.0000000000
57845  29.604  1.312  60.257 0.0000000000
57828  31.009  1.445  61.028 0.0000000000
57827  31.933  1.542  61.074 0.0000000000
51835  32.143  -3.796  67.712 0.0000000000
69347  48.191  13.639  40.251 0.0000000000
67818  45.406  11.933  43.380 0.0000000000
68587  45.911  12.754  42.631 0.0000000000
109733  46.007  11.511  43.164 0.0000000000
108451  48.057  10.405  42.824 0.0000000000
66972  49.343  9.835  43.051 0.0000000000
49625  16.212  -6.275  70.642 0.0000000000
49626  15.558  -6.519  70.942 0.0000000000
65999  42.804  8.924  47.882 0.0000000000
65029  43.837  7.839  49.295 0.0000000000
65030  42.968  7.893  49.136 0.0000000000
125761  28.554  -1.001  67.124 0.0000000000
125176  28.051  -0.751  66.504 0.0000000000
54868  29.386  -0.947  65.353 0.0000000000
53900  31.170  -1.839  64.632 0.0000000000
53894  32.386  -2.197  65.574 0.0000000000
70024  41.965  14.085  48.845 0.0000000000
68563  41.055  12.720  47.948 0.0000000000
68569  41.408  12.362  47.203 0.0000000000
67812  41.717  11.640  46.740 0.0000000000
66968  42.590  11.170  45.944 0.0000000000
110884  42.183  10.906  46.536 0.0000000000
66018  42.307  9.611  47.438 0.0000000000
43165  5.110  -12.449  84.724 0.0000000000
68549  35.749  11.988  51.610 0.0000000000
66941  35.446  10.651  51.138 0.0000000000
66933  34.817  10.659  51.976 0.0000000000
67786  34.341  10.202  52.675 0.0000000000
126662  34.113  8.868  52.719 0.0000000000
62030  31.683  5.713  55.611 0.0000000000
61037  32.570  5.195  54.523 0.0000000000
61028  32.213  4.481  55.013 0.0000000000
59972  33.683  3.284  56.102 0.0000000000
59964  34.675  3.224  57.221 0.0000000000
59953  34.763  2.983  58.069 0.0000000000
58850  34.703  2.476  59.613 0.0000000000
48507  28.550  -7.687  70.254 0.0000000000
46321  13.777  -9.083  74.585 0.0000000000
46294  14.577  -9.524  76.174 0.0000000000
46309  13.237  -9.057  75.372 0.0000000000
115580  13.240  -9.342  76.801 0.0000000000
108366  12.960  -9.558  78.083 0.0000000000
46268  10.702  -9.619  78.226 0.0000000000
46285  9.076  -9.620  77.746 0.0000000000
49553  6.829  -6.926  78.518 0.0000000000
48367  6.029  -7.220  79.944 0.0000000000
47204  5.462  -8.908  80.380 0.0000000000
116512  5.136  -9.752  80.712 0.0000000000
48354  5.223  -7.441  81.188 0.0000000000
48344  4.499  -7.753  82.381 0.0000000000
123537  4.820  -6.689  83.727 0.0000000000
51860  25.531  -4.983  65.447 0.0000000000
50811  25.346  -5.662  65.352 0.0000000000
50812  24.576  -5.400  65.682 0.0000000000
49687  23.850  -6.333  66.338 0.0000000000
48563  23.979  -7.146  67.617 0.0000000000
48494  20.309  -7.546  71.208 0.0000000000
125255  20.922  -7.325  70.720 0.0000000000
48493  20.993  -7.736  71.722 0.0000000000
64030  38.965  7.799  53.290 0.0000000000
60982  26.390  4.092  61.635 0.0000000000
119806  28.412  1.649  64.571 0.0000000000
57789  28.177  1.524  63.932 0.0000000000
58781  28.605  2.188  64.508 0.0000000000
59851  29.660  3.191  64.894 0.0000000000
112424  47.157  15.364  41.062 0.0000000000
45278  1.323  -10.451  86.936 0.0000000000
65906  33.468  9.299  56.215 0.0000000000
64929  32.629  8.145  56.402 0.0000000000
119853  31.846  6.558  56.183 0.0000000000
62020  31.139  5.130  56.257 0.0000000000
61021  30.688  4.338  56.575 0.0000000000
59965  30.316  3.543  56.935 0.0000000000
106908  19.050  -8.622  74.014 0.0000000000
47307  18.799  -8.784  74.814 0.0000000000
46325  17.558  -9.147  73.410 0.0000000000
46326  16.227  -9.328  73.448 0.0000000000
46327  15.556  -9.186  73.337 0.0000000000
47368  15.107  -8.061  71.637 0.0000000000
47352  14.556  -8.210  72.210 0.0000000000
47308  14.106  -8.899  73.798 0.0000000000
47333  12.813  -8.168  73.441 0.0000000000
48449  12.107  -7.962  73.763 0.0000000000
49594  10.670  -7.293  74.381 0.0000000000
52863  21.472  -3.968  67.409 0.0000000000
51840  20.639  -4.207  67.642 0.0000000000
51830  19.886  -4.575  68.059 0.0000000000
49659  19.717  -6.025  68.644 0.0000000000
51821  18.319  -4.460  69.516 0.0000000000
49647  18.936  -6.022  68.894 0.0000000000
124247  19.317  -7.265  70.038 0.0000000000
48495  19.312  -7.683  70.731 0.0000000000
47347  19.385  -8.211  72.261 0.0000000000
59825  25.172  3.199  66.213 0.0000000000
59836  25.107  3.107  65.307 0.0000000000
57779  24.618  1.580  65.434 0.0000000000
56756  24.967  0.450  64.966 0.0000000000
56755  26.777  0.166  64.533 0.0000000000
55800  27.342  -0.560  65.856 0.0000000000
110054  28.359  0.044  64.815 0.0000000000
57778  28.462  1.290  64.713 0.0000000000
57777  28.898  1.606  65.190 0.0000000000
57765  30.572  1.705  66.534 0.0000000000
70065  44.793  13.771  43.789 0.0000000000
68583  44.907  12.513  43.586 0.0000000000
114940  44.948  11.096  44.380 0.0000000000
66967  43.159  11.001  45.606 0.0000000000
66970  44.342  10.944  44.924 0.0000000000
127061  38.719  10.585  48.981 0.0000000000
65986  38.881  8.891  49.136 0.0000000000
65987  38.145  9.541  49.343 0.0000000000
109495  37.972  8.452  50.419 0.0000000000
64998  37.385  8.314  51.153 0.0000000000
117376  35.562  9.842  51.056 0.0000000000
64981  36.785  8.110  51.767 0.0000000000
64044  37.434  7.693  52.459 0.0000000000
64018  38.348  7.136  53.833 0.0000000000
63030  37.913  6.321  54.267 0.0000000000
66918  33.433  10.000  54.832 0.0000000000
65946  33.447  8.836  53.630 0.0000000000
63049  33.743  6.917  53.545 0.0000000000
62040  33.187  5.657  54.022 0.0000000000
62048  34.257  6.083  53.594 0.0000000000
62047  35.165  6.124  53.720 0.0000000000
62038  35.631  5.462  54.273 0.0000000000
50806  29.990  -5.061  65.304 0.0000000000
51846  30.766  -4.792  65.692 0.0000000000
50783  30.534  -5.746  67.099 0.0000000000
50773  31.282  -5.170  68.447 0.0000000000
68558  39.444  12.591  49.241 0.0000000000
67798  38.615  11.258  49.181 0.0000000000
49595  10.016  -6.948  74.898 0.0000000000
49576  9.038  -6.238  76.117 0.0000000000
48432  9.503  -7.581  75.528 0.0000000000
47270  8.717  -8.518  76.557 0.0000000000
46300  8.778  -9.158  77.054 0.0000000000
46270  8.410  -9.851  78.419 0.0000000000
47233  6.886  -8.735  78.530 0.0000000000
46271  7.763  -9.778  78.476 0.0000000000
123117  7.955  -10.159  78.883 0.0000000000
46241  8.459  -10.539  80.151 0.0000000000
45304  8.286  -10.761  81.150 0.0000000000
44330  5.791  -11.956  83.551 0.0000000000
115457  4.657  -9.957  81.358 0.0000000000
44347  4.946  -11.626  82.260 0.0000000000
43181  4.730  -12.099  83.606 0.0000000000
44331  4.262  -11.745  83.865 0.0000000000
44319  3.446  -11.409  84.684 0.0000000000
45288  2.551  -10.462  85.260 0.0000000000
47166  3.157  -8.956  84.719 0.0000000000
46157  2.428  -9.243  85.893 0.0000000000
46180  1.882  -9.865  86.044 0.0000000000
114131  29.558  -3.173  65.028 0.0000000000
123578  28.661  -3.469  65.401 0.0000000000
52898  29.158  -4.193  64.568 0.0000000000
50807  29.098  -5.314  64.998 0.0000000000
49682  28.417  -6.453  66.151 0.0000000000
48540  28.642  -7.051  67.991 0.0000000000
49684  26.256  -6.740  65.891 0.0000000000
48559  27.082  -7.398  67.573 0.0000000000
48525  28.178  -7.608  69.299 0.0000000000
50785  22.218  -5.677  66.856 0.0000000000
49655  23.191  -6.849  67.909 0.0000000000
48528  23.822  -7.517  69.371 0.0000000000
48511  22.532  -7.609  70.723 0.0000000000
128025  23.393  -7.641  70.597 0.0000000000
48509  24.641  -7.750  70.572 0.0000000000
64067  39.773  7.695  50.055 0.0000000000
62004  29.674  5.225  58.554 0.0000000000
110805  29.283  3.608  58.059 0.0000000000
58891  29.944  2.233  57.697 0.0000000000
59875  25.272  3.125  63.490 0.0000000000
59898  25.509  3.029  62.530 0.0000000000
58818  26.384  2.467  61.140 0.0000000000
57815  27.949  1.058  62.066 0.0000000000
57832  27.453  1.263  61.368 0.0000000000
58834  27.204  2.139  59.953 0.0000000000
57863  28.525  1.676  59.384 0.0000000000
57862  29.997  1.522  59.018 0.0000000000
57873  31.510  1.362  58.700 0.0000000000
57859  32.646  1.440  59.464 0.0000000000
52867  31.931  -3.742  65.660 0.0000000000
52866  32.448  -3.018  66.221 0.0000000000
53881  32.698  -1.837  67.172 0.0000000000
53862  32.972  -2.244  68.575 0.0000000000
55790  32.683  -0.958  67.179 0.0000000000
69367  49.516  13.776  38.865 0.0000000000
69345  46.426  13.749  41.773 0.0000000000
68591  46.902  13.053  41.530 0.0000000000
66974  47.227  10.548  43.190 0.0000000000
67826  47.933  11.704  41.663 0.0000000000
68595  47.905  13.004  40.726 0.0000000000
67829  49.387  12.036  40.608 0.0000000000
67828  50.224  11.553  40.500 0.0000000000
66002  40.105  9.509  48.359 0.0000000000
65053  40.570  8.545  48.587 0.0000000000
65054  39.702  8.662  48.776 0.0000000000
66951  39.974  10.529  48.260 0.0000000000
58900  31.733  2.666  56.647 0.0000000000
47312  11.008  -8.117  74.675 0.0000000000
47286  10.735  -8.528  75.391 0.0000000000
47268  10.526  -8.921  76.062 0.0000000000
51837  23.139  -4.250  66.654 0.0000000000
52862  22.290  -4.150  67.068 0.0000000000
47306  19.645  -8.387  74.686 0.0000000000
47305  20.415  -8.031  74.485 0.0000000000
118841  25.966  4.411  65.025 0.0000000000
47380  16.673  -8.301  71.362 0.0000000000
48496  16.121  -7.812  71.001 0.0000000000
49635  16.791  -6.862  70.329 0.0000000000
49634  17.395  -6.587  70.002 0.0000000000
55798  31.848  -0.633  65.155 0.0000000000
56770  30.583  -0.292  64.660 0.0000000000
56750  32.023  -0.197  65.518 0.0000000000
126123  31.711  0.279  65.706 0.0000000000
69333  42.707  13.151  45.683 0.0000000000
69332  43.217  13.492  45.365 0.0000000000
121179  44.548  8.907  47.579 0.0000000000
44318  5.780  -12.070  84.357 0.0000000000
67796  36.415  11.408  50.517 0.0000000000
66946  36.624  10.584  50.229 0.0000000000
64047  34.542  8.378  52.624 0.0000000000
64046  35.473  8.027  52.454 0.0000000000
63047  35.598  6.833  53.392 0.0000000000
64950  32.702  7.676  54.595 0.0000000000
64004  32.326  6.921  54.872 0.0000000000
59980  34.940  3.845  55.908 0.0000000000
49654  29.364  -6.686  68.296 0.0000000000
49643  29.574  -6.793  69.158 0.0000000000
68547  37.075  12.681  51.040 0.0000000000
68554  36.939  12.018  50.436 0.0000000000
46307  15.536  -9.543  74.919 0.0000000000
46255  9.562  -9.985  79.159 0.0000000000
46258  6.215  -9.667  79.577 0.0000000000
45315  5.757  -10.591  80.423 0.0000000000
48334  4.246  -7.788  83.271 0.0000000000
47165  3.805  -8.550  83.759 0.0000000000
52870  26.434  -3.948  66.393 0.0000000000
51858  27.119  -4.454  65.142 0.0000000000
51859  26.555  -5.000  64.940 0.0000000000
125706  27.123  -5.290  64.748 0.0000000000
48544  24.551  -7.438  68.250 0.0000000000
48543  25.319  -7.509  68.100 0.0000000000
48527  25.572  -7.746  69.569 0.0000000000
49646  20.190  -6.533  69.156 0.0000000000
49645  21.029  -6.660  69.163 0.0000000000
125591  39.055  7.984  51.493 0.0000000000
64961  39.376  8.152  52.734 0.0000000000
127691  26.956  3.948  60.552 0.0000000000
60992  27.490  4.347  60.267 0.0000000000
59944  27.666  3.658  59.588 0.0000000000
119398  27.502  2.829  59.569 0.0000000000
56772  26.605  0.474  63.809 0.0000000000
57802  27.427  0.750  63.484 0.0000000000
58804  30.098  2.299  62.388 0.0000000000
58817  30.558  1.769  61.706 0.0000000000
58816  31.422  1.913  61.739 0.0000000000
70081  47.780  14.971  39.846 0.0000000000
69355  48.259  14.336  39.762 0.0000000000
122088  45.509  11.229  43.762 0.0000000000
66975  46.335  10.702  43.644 0.0000000000
50749  16.303  -5.400  71.003 0.0000000000
129396  15.785  -5.824  71.057 0.0000000000
114819  16.480  -4.621  71.857 0.0000000000
51802  16.916  -4.766  70.897 0.0000000000
65051  42.413  8.411  48.491 0.0000000000
65031  41.943  7.817  49.082 0.0000000000
54860  29.132  -1.188  66.359 0.0000000000
54866  30.524  -1.922  64.709 0.0000000000
126173  31.816  -1.828  65.080 0.0000000000
68557  40.006  12.899  48.812 0.0000000000
69319  40.735  13.140  48.586 0.0000000000
68564  40.387  12.226  48.230 0.0000000000
68570  40.899  11.986  47.676 0.0000000000
129756  41.639  10.986  47.025 0.0000000000
43166  4.480  -12.259  84.400 0.0000000000
68541  35.527  12.138  52.366 0.0000000000
67792  35.299  11.440  51.766 0.0000000000
67785  34.869  11.542  52.705 0.0000000000
126731  34.564  10.887  52.646 0.0000000000
65945  33.870  9.400  53.072 0.0000000000
61029  31.604  4.675  55.443 0.0000000000
62029  31.944  5.159  54.954 0.0000000000
59983  31.934  3.760  55.560 0.0000000000
59973  32.798  3.307  55.897 0.0000000000
58888  33.941  2.911  56.952 0.0000000000
127981  34.322  2.905  57.521 0.0000000000
112226  33.871  2.544  57.883 0.0000000000
58870  34.324  2.506  58.810 0.0000000000
58832  34.417  2.184  60.235 0.0000000000
68540  36.156  12.513  52.018 0.0000000000
47283  13.081  -8.808  74.573 0.0000000000
46296  12.305  -9.098  76.620 0.0000000000
121957  13.000  -9.125  76.171 0.0000000000
46282  12.693  -9.419  77.388 0.0000000000
108365  12.226  -9.526  77.908 0.0000000000
117809  10.936  -9.398  77.416 0.0000000000
46284  10.049  -9.494  77.560 0.0000000000
49535  5.672  -6.840  80.661 0.0000000000
48368  5.612  -7.948  80.381 0.0000000000
49511  4.757  -7.040  82.957 0.0000000000
52860  24.378  -3.504  67.340 0.0000000000
51836  24.928  -3.837  66.723 0.0000000000
52871  25.559  -4.203  66.083 0.0000000000
51848  24.681  -4.543  65.998 0.0000000000
50797  22.842  -5.510  66.399 0.0000000000
49669  24.282  -6.843  66.813 0.0000000000
49670  23.443  -6.623  67.003 0.0000000000
60967  26.796  4.757  62.073 0.0000000000
60968  25.980  4.139  62.408 0.0000000000
58775  28.735  1.991  65.129 0.0000000000
58780  29.140  2.567  65.187 0.0000000000
112643  30.087  3.606  65.317 0.0000000000
44306  0.326  -10.964  87.066 0.0000000000
64928  33.163  8.749  56.647 0.0000000000
63012  31.920  6.951  56.942 0.0000000000
63013  31.494  6.143  56.611 0.0000000000
120807  30.431  5.322  57.641 0.0000000000
62014  30.725  5.199  57.062 0.0000000000
47329  18.415  -8.830  73.319 0.0000000000
47350  16.228  -8.697  72.068 0.0000000000
46333  16.779  -9.102  72.810 0.0000000000
46334  15.870  -9.019  72.739 0.0000000000
47330  15.079  -8.859  72.797 0.0000000000
49627  14.899  -6.610  71.332 0.0000000000
48497  15.420  -7.432  71.168 0.0000000000
47353  13.854  -8.079  72.622 0.0000000000
47331  14.317  -8.638  72.998 0.0000000000
47332  13.553  -8.407  73.196 0.0000000000
49605  12.052  -6.666  73.351 0.0000000000
48469  11.808  -7.306  73.599 0.0000000000
48450  11.375  -7.656  74.029 0.0000000000
53867  20.934  -3.279  68.038 0.0000000000
50777  19.294  -5.299  68.475 0.0000000000
49633  18.083  -6.759  69.790 0.0000000000
49648  18.409  -6.229  69.411 0.0000000000
48533  18.887  -6.766  69.499 0.0000000000
47365  18.859  -8.153  71.376 0.0000000000
122415  18.380  -8.530  71.922 0.0000000000
47348  18.652  -8.629  72.642 0.0000000000
58769  24.859  2.410  66.610 0.0000000000
58776  24.777  2.411  65.737 0.0000000000
125180  24.656  1.776  66.130 0.0000000000
55802  25.436  -0.156  65.395 0.0000000000
55809  25.471  0.220  64.730 0.0000000000
55808  26.043  -0.217  64.964 0.0000000000
55792  28.461  -0.554  65.516 0.0000000000
56754  27.715  0.340  64.723 0.0000000000
111262  28.427  0.884  64.749 0.0000000000
57776  29.734  1.570  65.678 0.0000000000
56736  31.652  0.822  66.467 0.0000000000
69317  42.003  13.871  47.955 0.0000000000
70060  44.927  14.466  44.194 0.0000000000
70061  44.354  13.801  44.270 0.0000000000
68580  43.698  12.399  44.587 0.0000000000
68579  44.315  12.437  44.075 0.0000000000
67819  44.862  11.781  43.899 0.0000000000
66034  44.320  9.756  46.386 0.0000000000
66966  44.538  10.272  45.585 0.0000000000
108014  45.087  10.503  44.955 0.0000000000
66949  38.193  10.427  49.180 0.0000000000
121392  36.865  9.692  50.199 0.0000000000
65979  37.570  9.196  49.885 0.0000000000
65016  37.147  8.865  50.524 0.0000000000
124172  36.143  8.645  51.408 0.0000000000
112818  37.962  7.541  53.137 0.0000000000
64032  37.014  7.315  52.950 0.0000000000
63031  37.097  6.205  54.038 0.0000000000
66902  33.906  10.690  55.065 0.0000000000
114724  33.548  7.920  53.514 0.0000000000
61036  33.407  4.800  54.286 0.0000000000
62039  33.865  5.354  53.811 0.0000000000
113264  34.712  5.325  53.955 0.0000000000
50794  29.614  -5.722  65.917 0.0000000000
50793  30.359  -5.462  66.210 0.0000000000
50766  30.724  -5.848  68.968 0.0000000000
50774  30.625  -5.815  68.038 0.0000000000
112736  39.768  13.236  49.416 0.0000000000
69314  39.135  13.173  49.933 0.0000000000
46305  17.942  -9.202  74.923 0.0000000000
47282  18.539  -8.943  75.633 0.0000000000
46290  17.638  -9.354  75.830 0.0000000000
123061  11.869  -9.643  79.386 0.0000000000
122282  10.561  -6.397  74.423 0.0000000000
49586  9.461  -6.548  75.470 0.0000000000
49587  8.920  -6.946  75.842 0.0000000000
47288  9.326  -8.409  76.087 0.0000000000
48433  8.777  -7.706  76.120 0.0000000000
47250  8.150  -8.655  77.091 0.0000000000
46286  8.174  -9.371  77.736 0.0000000000
45320  7.807  -10.424  79.519 0.0000000000
45299  7.793  -11.037  81.935 0.0000000000
44336  6.484  -11.587  82.553 0.0000000000
44337  5.651  -11.640  82.319 0.0000000000
126956  6.324  -11.758  83.261 0.0000000000
123908  4.663  -9.194  81.385 0.0000000000
45307  5.051  -10.871  81.040 0.0000000000
46213  4.120  -10.215  82.637 0.0000000000
45300  4.444  -11.124  82.340 0.0000000000
43200  5.201  -11.987  83.028 0.0000000000
44338  4.518  -11.566  83.077 0.0000000000
45287  3.279  -10.468  84.313 0.0000000000
44332  3.798  -11.036  83.688 0.0000000000
48325  3.610  -8.198  84.838 0.0000000000
48310  3.356  -7.742  85.894 0.0000000000
53883  29.722  -2.425  66.022 0.0000000000
52887  27.853  -4.253  64.849 0.0000000000
129115  28.324  -3.843  64.907 0.0000000000
52899  28.561  -4.218  64.621 0.0000000000
52886  28.997  -3.759  64.674 0.0000000000
51866  28.843  -4.703  64.604 0.0000000000
50825  28.437  -5.172  64.695 0.0000000000
49701  27.721  -6.329  65.561 0.0000000000
127840  28.317  -6.172  65.596 0.0000000000
129523  27.849  -6.743  66.340 0.0000000000
49667  28.403  -6.854  67.052 0.0000000000
49704  24.958  -6.170  65.527 0.0000000000
49703  25.873  -6.146  65.375 0.0000000000
48542  26.592  -7.557  68.182 0.0000000000
48541  27.451  -7.582  68.498 0.0000000000
47386  27.280  -7.781  69.385 0.0000000000
126484  21.156  -4.684  67.384 0.0000000000
51839  21.786  -4.796  67.031 0.0000000000
50786  21.395  -5.370  67.364 0.0000000000
49644  21.899  -6.910  69.044 0.0000000000
49656  22.280  -6.662  68.122 0.0000000000
124884  21.633  -7.646  71.222 0.0000000000
123127  21.713  -7.444  70.494 0.0000000000
48492  22.370  -7.761  71.661 0.0000000000
128445  23.863  -7.825  71.586 0.0000000000
48491  23.247  -7.736  71.263 0.0000000000
107038  23.962  -7.728  70.916 0.0000000000
48510  23.954  -7.633  70.181 0.0000000000
65033  39.440  8.213  49.360 0.0000000000
61994  29.314  5.428  59.273 0.0000000000
59955  28.639  3.278  58.540 0.0000000000
59954  29.291  2.451  58.179 0.0000000000
58782  24.710  2.237  64.740 0.0000000000
59853  25.148  3.091  64.435 0.0000000000
121638  24.916  2.437  63.929 0.0000000000
58807  25.893  2.219  61.866 0.0000000000
57833  26.677  1.523  61.446 0.0000000000
57801  28.041  1.119  63.009 0.0000000000
58806  28.549  1.400  62.537 0.0000000000
57831  28.251  1.291  61.132 0.0000000000
57847  27.567  1.507  60.537 0.0000000000
57864  27.889  1.658  59.827 0.0000000000
57844  30.514  1.256  60.276 0.0000000000
111570  30.043  1.347  59.682 0.0000000000
57861  30.856  1.237  59.395 0.0000000000
57874  30.685  1.475  58.447 0.0000000000
57860  31.853  1.265  59.503 0.0000000000
57826  32.834  1.644  61.179 0.0000000000
50792  30.996  -5.104  66.675 0.0000000000
51845  31.502  -4.428  66.151 0.0000000000
52854  32.565  -3.101  67.985 0.0000000000
112059  32.345  -3.253  67.184 0.0000000000
53871  32.602  -2.499  67.298 0.0000000000
53882  32.674  -2.021  66.437 0.0000000000
54830  32.952  -1.578  68.253 0.0000000000
55784  32.646  -0.392  67.376 0.0000000000
69354  48.999  13.468  39.653 0.0000000000
69353  49.977  12.897  39.368 0.0000000000
68593  50.089  12.235  39.969 0.0000000000
70064  45.333  14.115  43.408 0.0000000000
67821  46.384  12.011  42.567 0.0000000000
68586  46.430  12.861  42.116 0.0000000000
66982  47.445  11.179  42.407 0.0000000000
68589  48.403  12.253  41.007 0.0000000000
67825  48.859  11.475  41.403 0.0000000000
65052  41.498  8.458  48.526 0.0000000000
122007  40.580  7.561  49.661 0.0000000000
53897  30.194  -2.570  64.843 0.0000000000
52884  31.470  -3.400  64.968 0.0000000000
66957  41.239  10.652  47.436 0.0000000000
68539  35.407  12.278  53.305 0.0000000000
67782  34.789  11.790  53.785 0.0000000000
58899  32.542  2.736  56.603 0.0000000000
58889  33.131  2.503  57.192 0.0000000000
58872  32.948  2.060  58.006 0.0000000000
57858  32.797  1.656  58.753 0.0000000000
46311  11.750  -8.810  76.065 0.0000000000
46297  11.248  -9.109  76.583 0.0000000000
47269  9.808  -8.925  76.325 0.0000000000
49527  5.484  -6.605  81.485 0.0000000000
51849  23.831  -4.826  66.176 0.0000000000
51850  23.104  -5.039  66.250 0.0000000000
48466  20.236  -8.010  73.053 0.0000000000
126284  20.542  -8.000  73.809 0.0000000000
59874  25.641  3.969  63.614 0.0000000000
58768  29.770  2.859  66.794 0.0000000000
61006  29.963  4.957  57.886 0.0000000000
47366  17.547  -8.532  71.654 0.0000000000
49615  14.269  -6.566  71.812 0.0000000000
49616  13.713  -6.380  72.283 0.0000000000
51812  17.434  -4.950  70.188 0.0000000000
51822  17.936  -4.987  69.735 0.0000000000
47378  18.322  -7.961  70.722 0.0000000000
115113  24.836  0.338  66.532 0.0000000000
125997  25.297  -0.344  66.215 0.0000000000
55801  26.184  -0.607  65.852 0.0000000000
55799  29.312  -0.354  64.812 0.0000000000
56752  30.196  0.443  64.914 0.0000000000
109667  32.382  0.198  66.847 0.0000000000
112710  42.075  13.628  47.145 0.0000000000
70050  43.450  14.416  46.649 0.0000000000
69336  43.461  13.094  44.806 0.0000000000
116212  43.541  11.545  45.031 0.0000000000
66035  43.440  9.891  46.614 0.0000000000
66015  44.991  9.201  46.997 0.0000000000
66947  36.082  10.042  50.596 0.0000000000
65960  34.741  9.695  51.928 0.0000000000
65000  35.442  9.210  51.483 0.0000000000
64949  32.769  8.564  54.925 0.0000000000
61027  33.798  4.133  54.843 0.0000000000
61026  34.636  4.141  55.082 0.0000000000
62028  35.965  5.020  55.051 0.0000000000
49681  29.225  -6.337  66.661 0.0000000000
49666  29.941  -6.323  67.527 0.0000000000
69302  37.357  13.302  51.798 0.0000000000
69309  37.708  13.158  50.782 0.0000000000
68552  38.065  12.763  49.926 0.0000000000
68553  37.494  12.010  49.828 0.0000000000
46318  16.587  -9.473  74.189 0.0000000000
115076  16.707  -9.530  75.674 0.0000000000
107469  11.281  -9.652  79.750 0.0000000000
46239  10.747  -9.736  80.219 0.0000000000
46226  10.112  -9.962  80.764 0.0000000000
46227  9.182  -10.403  80.968 0.0000000000
49578  7.785  -7.117  76.989 0.0000000000
47271  7.631  -7.869  77.293 0.0000000000
48381  6.105  -8.055  79.634 0.0000000000
47218  6.404  -9.047  79.104 0.0000000000
46257  6.716  -9.996  79.259 0.0000000000
109860  7.018  -10.444  79.831 0.0000000000
45313  6.990  -10.782  80.539 0.0000000000
45306  6.600  -11.098  81.039 0.0000000000
44344  6.970  -11.307  81.796 0.0000000000
50826  27.768  -5.267  64.689 0.0000000000
50809  27.346  -5.779  64.925 0.0000000000
49702  26.792  -6.278  65.336 0.0000000000
48575  25.061  -7.029  66.601 0.0000000000
48574  25.855  -7.131  66.555 0.0000000000
48561  25.545  -7.341  67.338 0.0000000000
110932  25.950  -7.525  67.957 0.0000000000
48526  26.476  -7.828  69.585 0.0000000000
50775  20.952  -5.791  67.900 0.0000000000
107693  22.100  -7.845  72.591 0.0000000000
109701  22.858  -7.985  73.122 0.0000000000
128816  38.609  8.089  50.736 0.0000000000
65015  39.204  7.925  50.685 0.0000000000
61981  28.213  5.096  60.162 0.0000000000
61995  28.592  4.889  59.463 0.0000000000
56774  25.146  0.800  64.116 0.0000000000
58792  25.046  2.150  63.319 0.0000000000
57804  25.285  1.416  63.350 0.0000000000
57803  25.759  1.207  62.855 0.0000000000
58805  29.260  1.893  62.543 0.0000000000
57830  29.183  1.314  61.008 0.0000000000
57829  30.114  1.323  61.026 0.0000000000
51829  31.880  -4.312  68.450 0.0000000000
51828  32.376  -3.603  68.584 0.0000000000
52839  32.812  -2.944  68.827 0.0000000000
68582  45.437  12.638  43.123 0.0000000000
67822  45.812  12.142  42.940 0.0000000000
110575  48.922  10.310  42.595 0.0000000000
66995  49.272  10.768  41.888 0.0000000000
48516  16.110  -7.142  70.701 0.0000000000
65050  43.252  8.397  48.455 0.0000000000
124103  43.975  8.280  48.623 0.0000000000
64077  42.341  7.417  49.870 0.0000000000
107731  27.634  -0.991  67.295 0.0000000000
55793  26.862  -0.871  66.619 0.0000000000
54867  30.008  -1.144  64.828 0.0000000000
54872  30.631  -1.260  64.618 0.0000000000
54871  31.075  -1.150  64.585 0.0000000000
54865  31.572  -1.215  64.858 0.0000000000
54864  32.259  -1.278  65.381 0.0000000000
69318  41.399  13.492  48.340 0.0000000000
69329  41.767  13.013  46.864 0.0000000000
68574  41.915  12.436  46.459 0.0000000000
67811  42.214  11.726  46.117 0.0000000000
66956  41.905  10.340  47.141 0.0000000000
66036  42.630  10.107  46.859 0.0000000000
67791  35.780  11.467  51.045 0.0000000000
65961  34.382  9.221  52.446 0.0000000000
63021  32.028  6.595  55.499 0.0000000000
112881  32.132  5.942  54.883 0.0000000000
121693  32.638  3.881  55.266 0.0000000000
59982  33.349  3.725  55.373 0.0000000000
59971  34.443  3.415  56.415 0.0000000000
58869  35.083  2.903  59.005 0.0000000000
58849  35.302  2.813  59.717 0.0000000000
48524  29.053  -7.285  69.676 0.0000000000
48506  29.341  -7.421  70.519 0.0000000000
118091  15.070  -9.517  75.470 0.0000000000
46308  14.185  -9.387  75.364 0.0000000000
46295  13.726  -9.371  76.128 0.0000000000
46267  11.530  -9.557  78.059 0.0000000000
46269  9.828  -9.766  78.373 0.0000000000
114277  6.458  -6.764  79.368 0.0000000000
122320  6.255  -7.452  79.479 0.0000000000
47197  5.001  -8.474  81.039 0.0000000000
48355  4.787  -7.820  81.673 0.0000000000
48343  4.959  -7.149  81.981 0.0000000000
112521  25.984  -5.498  65.218 0.0000000000
49705  24.279  -6.077  65.817 0.0000000000
49686  24.607  -6.570  66.054 0.0000000000
48512  20.086  -7.201  70.395 0.0000000000
48480  21.369  -7.953  72.391 0.0000000000
48481  20.950  -7.999  72.605 0.0000000000
48464  21.493  -7.988  73.094 0.0000000000
60981  27.056  4.489  61.145 0.0000000000
59914  26.580  3.478  60.925 0.0000000000
58790  29.166  2.778  64.210 0.0000000000
59873  30.036  3.192  63.898 0.0000000000
70068  47.112  14.561  40.763 0.0000000000
44305  1.588  -11.493  86.085 0.0000000000
65914  33.766  10.090  55.771 0.0000000000
64941  32.897  8.672  55.798 0.0000000000
121632  32.226  7.280  56.169 0.0000000000
62013  31.120  5.814  57.051 0.0000000000
110780  30.880  3.594  56.395 0.0000000000
59975  30.958  2.892  56.659 0.0000000000
46316  18.175  -8.994  74.118 0.0000000000
46317  17.375  -9.339  74.186 0.0000000000
123887  16.897  -9.352  73.589 0.0000000000
46319  15.691  -9.414  74.127 0.0000000000
46328  14.913  -9.092  73.597 0.0000000000
48498  14.626  -7.411  71.636 0.0000000000
47309  13.304  -8.695  73.919 0.0000000000
47310  12.566  -8.487  74.115 0.0000000000
47311  11.793  -8.305  74.415 0.0000000000
124328  22.130  -3.562  67.503 0.0000000000
52849  20.175  -3.714  68.102 0.0000000000
50776  20.142  -5.503  68.160 0.0000000000
50778  18.736  -4.834  68.833 0.0000000000
50767  18.396  -5.442  69.245 0.0000000000
127338  18.817  -5.445  68.791 0.0000000000
125682  19.468  -6.447  69.127 0.0000000000
48532  19.766  -6.870  69.666 0.0000000000
47364  19.677  -7.837  71.547 0.0000000000
47328  19.298  -8.451  73.201 0.0000000000
59824  25.575  3.856  65.722 0.0000000000
56775  24.705  1.220  64.717 0.0000000000
56739  24.652  1.007  65.995 0.0000000000
56757  24.704  0.853  65.343 0.0000000000
56773  25.877  0.321  64.222 0.0000000000
125823  27.735  -0.198  65.258 0.0000000000
57766  29.886  2.346  66.683 0.0000000000
69338  45.071  13.263  43.416 0.0000000000
69339  44.479  13.161  43.832 0.0000000000
67813  42.756  11.733  45.538 0.0000000000
107319  43.836  10.806  45.391 0.0000000000
66004  38.806  9.909  48.842 0.0000000000
66003  39.371  9.378  48.675 0.0000000000
65034  38.255  8.800  49.702 0.0000000000
64980  37.798  7.891  51.960 0.0000000000
65970  36.029  9.252  50.971 0.0000000000
64999  36.661  8.673  51.056 0.0000000000
64031  38.448  7.857  52.653 0.0000000000
63045  37.494  6.931  53.611 0.0000000000
66917  33.735  10.468  54.375 0.0000000000
66929  33.498  9.758  53.954 0.0000000000
65928  33.161  9.170  54.450 0.0000000000
64962  33.886  8.506  53.029 0.0000000000
64035  34.169  7.689  53.112 0.0000000000
63034  32.658  6.187  54.382 0.0000000000
63033  33.180  6.501  53.955 0.0000000000
62049  33.623  6.067  53.724 0.0000000000
63048  34.643  6.864  53.356 0.0000000000
62037  36.651  5.593  54.608 0.0000000000
62027  36.664  5.180  55.380 0.0000000000
62026  37.421  5.397  55.147 0.0000000000
50782  31.014  -5.304  67.544 0.0000000000
68559  38.828  12.248  49.455 0.0000000000
67797  39.295  11.746  48.986 0.0000000000
120462  39.239  10.785  48.717 0.0000000000
118440  9.214  -8.905  76.573 0.0000000000
48394  7.116  -8.011  78.045 0.0000000000
47232  7.441  -9.089  78.132 0.0000000000
46256  8.617  -10.203  79.193 0.0000000000
127560  8.844  -10.514  81.523 0.0000000000
45308  4.499  -10.550  81.803 0.0000000000
128178  4.845  -11.233  81.747 0.0000000000
43180  5.145  -12.272  83.888 0.0000000000
44320  2.350  -11.114  85.508 0.0000000000
47146  2.850  -8.509  85.811 0.0000000000
58762  25.045  2.264  67.524 0.0000000000
111624  29.840  -3.864  64.622 0.0000000000
51857  29.551  -4.556  64.740 0.0000000000
50795  28.840  -5.994  65.714 0.0000000000
48573  26.682  -7.136  66.702 0.0000000000
49668  27.518  -7.085  66.911 0.0000000000
48558  27.917  -7.341  67.731 0.0000000000
121939  28.218  -7.423  68.454 0.0000000000
49672  21.752  -6.112  67.532 0.0000000000
49671  22.580  -6.377  67.205 0.0000000000
48545  23.808  -7.338  68.502 0.0000000000
118501  24.383  -7.540  68.940 0.0000000000
48529  22.276  -7.360  69.827 0.0000000000
112789  23.165  -7.523  69.940 0.0000000000
109673  24.671  -7.659  69.685 0.0000000000
109074  25.254  -7.795  70.233 0.0000000000
64066  40.687  7.540  50.564 0.0000000000
64978  40.090  8.360  52.817 0.0000000000
61993  30.041  5.943  59.095 0.0000000000
61007  28.975  4.474  58.672 0.0000000000
125842  29.509  4.483  58.141 0.0000000000
61015  29.761  4.029  57.543 0.0000000000
59966  29.762  3.015  57.510 0.0000000000
117745  30.421  2.560  57.218 0.0000000000
57892  30.562  1.837  57.718 0.0000000000
59835  25.433  3.701  64.945 0.0000000000
113847  25.576  3.795  63.026 0.0000000000
127807  25.257  2.546  62.957 0.0000000000
109836  26.020  3.292  61.712 0.0000000000
59930  26.737  2.581  60.498 0.0000000000
119908  27.392  0.910  62.706 0.0000000000
57816  27.067  1.032  62.117 0.0000000000
58835  26.859  1.826  60.673 0.0000000000
58852  27.875  2.172  59.370 0.0000000000
111596  29.267  1.468  59.495 0.0000000000
57876  29.199  1.709  58.791 0.0000000000
57875  29.902  1.751  58.231 0.0000000000
57891  31.366  1.638  57.881 0.0000000000
111847  32.194  1.399  58.910 0.0000000000
57841  33.243  1.583  59.990 0.0000000000
57842  32.468  1.398  60.319 0.0000000000
126225  33.207  1.616  60.667 0.0000000000
58833  33.822  1.865  60.504 0.0000000000
51855  31.222  -4.130  65.198 0.0000000000
51844  32.045  -3.850  66.682 0.0000000000
52883  32.087  -3.062  65.419 0.0000000000
54858  32.683  -1.322  65.969 0.0000000000
53870  32.847  -2.025  67.838 0.0000000000
54844  32.763  -1.443  67.515 0.0000000000
55791  32.575  -0.636  66.467 0.0000000000
69341  46.006  13.568  42.377 0.0000000000
70815  46.631  14.710  41.538 0.0000000000
69344  46.867  13.851  41.133 0.0000000000
124237  47.326  13.241  41.068 0.0000000000
67817  46.682  11.211  42.856 0.0000000000
68585  47.047  12.104  41.968 0.0000000000
68590  47.576  12.541  41.318 0.0000000000
67830  48.726  12.824  40.358 0.0000000000
67824  49.687  11.208  41.192 0.0000000000
54857  32.656  -1.349  66.755 0.0000000000
55806  30.739  -0.801  64.590 0.0000000000
57848  27.121  1.488  60.982 0.0000000000
70071  47.669  14.429  40.256 0.0000000000
119637  4.592  -12.517  85.112 0.0000000000
125793  26.927  -4.103  65.792 0.0000000000
126153  33.242  1.710  59.307 0.0000000000
126460  5.879  -11.819  82.920 0.0000000000
129618  43.516  8.118  48.856 0.0000000000
