#!ascii label  , from subject sub-v1s15x0050202_ses-1 vox2ras=TkReg
910
86488  46.140  39.831  30.363 0.0000000000
87817  49.760  41.374  28.516 0.0000000000
88414  53.588  42.500  37.051 0.0000000000
87142  41.102  40.516  32.582 0.0000000000
87113  44.785  40.816  35.746 0.0000000000
85379  45.474  37.005  25.340 0.0000000000
89132  44.916  42.760  29.871 0.0000000000
87867  44.558  41.756  23.504 0.0000000000
86383  51.400  39.712  42.396 0.0000000000
84747  52.173  36.437  36.682 0.0000000000
85889  51.366  38.645  28.785 0.0000000000
88444  50.188  43.055  32.987 0.0000000000
90460  53.710  45.219  32.241 0.0000000000
89712  48.983  44.663  38.296 0.0000000000
89862  49.249  44.946  22.098 0.0000000000
113322  47.785  37.660  23.669 0.0000000000
86422  48.259  39.490  37.591 0.0000000000
87152  43.834  40.413  31.504 0.0000000000
87122  43.115  40.594  34.270 0.0000000000
123938  45.375  41.061  32.658 0.0000000000
85924  45.638  38.365  27.661 0.0000000000
86533  43.490  39.172  28.720 0.0000000000
89143  42.044  43.041  27.068 0.0000000000
85798  50.842  38.248  42.809 0.0000000000
122951  52.597  36.211  41.791 0.0000000000
83725  51.644  34.784  41.450 0.0000000000
110394  52.159  43.665  21.195 0.0000000000
87187  52.292  39.451  27.775 0.0000000000
87805  53.206  41.709  29.712 0.0000000000
89127  52.524  43.153  29.706 0.0000000000
91685  47.524  47.853  37.640 0.0000000000
91054  49.041  47.395  35.548 0.0000000000
91011  48.133  47.893  38.899 0.0000000000
89660  48.973  45.357  42.501 0.0000000000
87203  46.776  40.516  26.548 0.0000000000
86587  45.797  39.584  23.397 0.0000000000
86573  48.572  38.828  26.199 0.0000000000
85364  50.341  37.080  26.420 0.0000000000
89068  52.761  43.142  35.612 0.0000000000
88424  48.678  42.279  36.712 0.0000000000
87753  50.583  41.323  37.451 0.0000000000
85851  42.775  38.849  36.231 0.0000000000
85314  44.482  37.602  36.459 0.0000000000
122218  46.789  35.746  20.833 0.0000000000
84828  43.742  36.656  22.757 0.0000000000
88486  47.086  41.921  29.071 0.0000000000
89812  48.942  43.909  31.073 0.0000000000
91773  43.247  47.666  25.734 0.0000000000
90504  45.202  45.792  23.211 0.0000000000
125782  44.211  41.836  26.854 0.0000000000
87740  52.858  41.705  39.158 0.0000000000
86418  52.689  39.611  37.639 0.0000000000
123641  51.932  38.403  39.248 0.0000000000
84250  53.464  34.843  36.932 0.0000000000
86508  48.449  39.270  29.724 0.0000000000
87800  47.730  41.238  31.887 0.0000000000
87808  50.506  41.202  30.869 0.0000000000
89095  52.489  43.536  32.435 0.0000000000
89735  53.566  44.155  35.472 0.0000000000
119314  50.863  45.792  32.621 0.0000000000
90386  51.548  45.318  35.824 0.0000000000
89698  52.509  44.207  37.802 0.0000000000
89016  50.778  43.693  41.108 0.0000000000
87704  49.993  41.085  43.226 0.0000000000
91801  51.304  47.233  23.450 0.0000000000
108395  50.744  41.685  21.417 0.0000000000
109533  47.259  40.184  21.673 0.0000000000
85412  49.185  36.628  21.255 0.0000000000
84815  48.254  36.115  24.399 0.0000000000
116147  48.509  37.006  27.088 0.0000000000
87775  47.014  41.946  34.374 0.0000000000
87103  46.320  40.654  36.797 0.0000000000
116126  46.342  37.331  36.578 0.0000000000
85847  50.087  37.674  36.692 0.0000000000
87166  44.288  40.134  30.779 0.0000000000
87151  44.497  40.601  31.944 0.0000000000
87150  45.342  40.693  31.891 0.0000000000
85894  46.270  39.108  29.042 0.0000000000
86532  44.426  39.209  28.868 0.0000000000
86512  44.763  39.489  29.610 0.0000000000
86491  43.181  39.775  30.000 0.0000000000
85272  49.744  37.276  41.127 0.0000000000
123428  51.500  36.321  42.173 0.0000000000
126735  50.596  35.166  41.240 0.0000000000
84281  43.377  35.132  34.745 0.0000000000
87188  51.047  39.839  27.672 0.0000000000
87815  52.176  41.184  28.464 0.0000000000
88472  50.633  42.484  29.253 0.0000000000
92306  46.366  48.932  39.389 0.0000000000
91664  48.062  48.459  38.310 0.0000000000
87191  47.926  40.639  27.467 0.0000000000
86564  47.983  39.559  26.469 0.0000000000
87190  48.841  40.313  27.501 0.0000000000
86550  50.545  39.210  27.247 0.0000000000
88420  53.436  42.529  36.643 0.0000000000
88422  51.235  42.477  36.760 0.0000000000
88416  52.651  41.635  36.967 0.0000000000
87132  40.587  40.447  33.508 0.0000000000
87131  41.083  40.301  34.185 0.0000000000
108274  43.564  40.615  34.966 0.0000000000
87115  43.250  40.143  35.463 0.0000000000
87106  43.715  39.949  36.003 0.0000000000
122561  43.349  38.458  36.370 0.0000000000
120204  44.433  39.208  36.527 0.0000000000
84826  45.647  36.178  23.234 0.0000000000
110040  44.916  36.261  21.327 0.0000000000
85389  44.200  36.684  24.331 0.0000000000
87169  41.384  40.136  31.043 0.0000000000
109434  40.324  40.484  32.150 0.0000000000
88476  45.701  42.305  29.394 0.0000000000
89118  46.826  43.023  30.613 0.0000000000
89119  46.039  43.098  30.616 0.0000000000
88489  43.481  42.339  28.239 0.0000000000
88493  43.400  42.263  27.205 0.0000000000
88488  44.492  42.037  28.459 0.0000000000
87828  45.847  41.529  27.577 0.0000000000
129088  51.842  40.904  40.404 0.0000000000
86412  52.052  39.616  39.475 0.0000000000
85821  51.683  38.863  39.890 0.0000000000
83739  53.559  34.429  39.565 0.0000000000
84224  53.280  35.459  39.531 0.0000000000
83760  53.757  34.325  37.428 0.0000000000
85891  49.128  38.535  29.072 0.0000000000
112375  49.195  40.256  30.496 0.0000000000
87160  51.432  40.246  29.963 0.0000000000
89101  53.446  43.793  31.116 0.0000000000
88459  53.093  42.759  30.858 0.0000000000
89093  53.513  44.190  31.969 0.0000000000
89072  53.714  44.345  33.658 0.0000000000
90426  53.918  45.159  33.746 0.0000000000
90464  48.604  44.953  32.079 0.0000000000
129381  49.914  45.141  31.594 0.0000000000
91082  49.514  46.448  33.186 0.0000000000
90388  49.127  45.589  36.591 0.0000000000
90407  49.967  45.793  35.234 0.0000000000
89725  50.695  45.048  36.418 0.0000000000
89724  51.810  44.996  36.648 0.0000000000
123554  50.599  44.426  38.205 0.0000000000
89029  51.989  43.583  39.649 0.0000000000
89688  50.414  44.292  39.610 0.0000000000
89650  48.635  44.774  42.634 0.0000000000
88993  49.420  43.901  42.842 0.0000000000
91146  50.471  46.175  23.278 0.0000000000
89875  51.007  44.048  21.945 0.0000000000
108225  49.392  42.968  21.552 0.0000000000
89189  44.801  43.594  22.786 0.0000000000
89866  45.336  44.199  22.628 0.0000000000
88531  45.397  42.499  22.533 0.0000000000
85956  47.081  38.376  24.145 0.0000000000
86593  46.265  39.242  22.803 0.0000000000
85969  47.050  38.577  22.425 0.0000000000
86603  48.379  38.864  21.397 0.0000000000
85404  48.544  36.718  22.110 0.0000000000
84832  48.401  35.802  22.931 0.0000000000
85388  48.499  36.634  23.969 0.0000000000
85346  50.879  37.279  27.306 0.0000000000
84799  49.170  36.551  26.404 0.0000000000
85347  49.715  37.278  27.575 0.0000000000
85906  47.771  38.150  28.371 0.0000000000
88455  48.624  42.284  32.765 0.0000000000
87783  47.225  41.919  33.307 0.0000000000
88446  48.512  42.509  33.685 0.0000000000
87097  48.382  41.075  37.508 0.0000000000
87759  47.264  41.552  36.691 0.0000000000
86423  47.493  39.806  37.447 0.0000000000
85848  46.175  38.953  37.100 0.0000000000
85302  47.452  38.155  37.196 0.0000000000
129453  52.099  38.268  37.550 0.0000000000
85835  51.097  38.789  37.058 0.0000000000
85309  50.832  37.166  36.482 0.0000000000
87153  42.418  40.484  31.879 0.0000000000
87130  42.576  40.561  33.608 0.0000000000
87139  43.766  40.697  32.527 0.0000000000
87128  44.211  40.952  33.446 0.0000000000
87786  44.668  41.174  34.271 0.0000000000
108527  45.923  37.766  26.809 0.0000000000
124971  42.635  40.041  30.603 0.0000000000
86369  51.294  38.927  43.001 0.0000000000
85271  52.178  37.692  42.076 0.0000000000
85264  51.977  37.761  42.967 0.0000000000
84215  52.261  35.090  41.445 0.0000000000
85902  52.345  38.278  27.946 0.0000000000
87174  52.561  39.833  29.327 0.0000000000
87177  53.188  40.031  28.552 0.0000000000
89126  53.221  42.943  29.931 0.0000000000
89809  52.681  44.405  30.739 0.0000000000
91056  47.142  46.982  35.759 0.0000000000
91709  48.646  47.739  34.896 0.0000000000
112952  48.071  47.580  36.565 0.0000000000
91021  48.413  46.179  37.275 0.0000000000
122356  48.304  45.534  39.024 0.0000000000
89690  49.014  44.648  40.053 0.0000000000
90974  47.877  46.419  40.664 0.0000000000
90332  47.806  45.842  41.789 0.0000000000
89006  46.789  44.016  41.811 0.0000000000
91148  47.923  46.389  22.973 0.0000000000
87215  45.640  40.502  25.381 0.0000000000
87230  45.387  40.321  23.441 0.0000000000
87222  46.021  39.796  25.020 0.0000000000
86580  47.429  38.536  24.890 0.0000000000
85951  48.448  37.761  25.090 0.0000000000
85377  48.942  36.836  24.720 0.0000000000
85949  49.778  37.190  25.947 0.0000000000
85363  51.409  37.400  26.852 0.0000000000
89075  50.650  43.352  34.352 0.0000000000
109591  49.164  42.749  35.106 0.0000000000
88427  50.230  42.709  36.422 0.0000000000
88418  49.339  42.082  37.220 0.0000000000
87096  49.095  40.549  37.629 0.0000000000
84256  51.933  35.174  35.610 0.0000000000
84253  51.166  35.869  35.891 0.0000000000
85857  41.501  38.971  35.811 0.0000000000
87123  42.425  40.344  34.439 0.0000000000
86438  42.111  39.416  35.709 0.0000000000
85317  42.044  38.475  36.128 0.0000000000
85316  42.751  37.904  36.272 0.0000000000
84756  43.174  37.010  36.155 0.0000000000
84765  44.399  36.227  35.649 0.0000000000
84861  45.958  36.187  19.800 0.0000000000
129415  44.319  36.704  20.843 0.0000000000
88484  48.532  41.839  29.051 0.0000000000
121577  49.431  42.301  29.300 0.0000000000
89131  48.158  42.598  30.005 0.0000000000
89104  48.036  43.627  31.120 0.0000000000
90446  47.379  45.269  32.689 0.0000000000
90419  46.355  46.075  33.974 0.0000000000
91038  46.299  46.425  36.183 0.0000000000
91127  44.259  46.826  24.188 0.0000000000
90506  43.597  45.271  23.656 0.0000000000
88525  43.881  42.861  23.695 0.0000000000
87851  44.547  41.555  25.310 0.0000000000
87838  45.562  41.253  26.655 0.0000000000
87827  46.814  41.371  27.740 0.0000000000
88406  53.389  42.060  38.401 0.0000000000
87093  53.169  40.661  37.478 0.0000000000
87091  53.275  40.470  37.955 0.0000000000
120951  52.638  39.096  37.982 0.0000000000
116573  52.420  36.880  37.758 0.0000000000
85282  52.388  36.966  41.034 0.0000000000
122371  52.517  36.630  38.539 0.0000000000
84251  52.741  35.683  36.796 0.0000000000
86487  47.035  39.753  30.307 0.0000000000
87164  46.662  40.283  30.979 0.0000000000
87162  48.378  40.175  30.543 0.0000000000
87798  49.602  41.342  31.330 0.0000000000
88462  50.020  42.045  31.865 0.0000000000
87796  52.383  41.777  30.625 0.0000000000
88452  51.698  42.890  31.989 0.0000000000
89096  51.244  43.238  32.770 0.0000000000
127190  52.760  43.832  33.682 0.0000000000
89067  53.390  43.548  35.313 0.0000000000
89061  53.565  42.974  36.549 0.0000000000
89114  50.683  43.699  30.304 0.0000000000
89810  51.394  44.481  30.746 0.0000000000
90461  52.743  45.564  31.975 0.0000000000
91069  49.543  47.256  34.223 0.0000000000
107284  51.660  45.902  33.999 0.0000000000
90427  53.540  45.774  33.569 0.0000000000
90405  53.385  44.954  35.326 0.0000000000
112698  53.015  44.348  37.008 0.0000000000
124820  53.456  43.191  37.711 0.0000000000
88392  52.746  42.917  39.098 0.0000000000
125999  51.842  42.404  40.603 0.0000000000
88374  51.388  42.420  41.458 0.0000000000
89017  50.155  44.151  41.399 0.0000000000
88375  50.958  42.527  42.231 0.0000000000
87046  51.098  40.727  43.088 0.0000000000
86370  50.895  39.655  43.351 0.0000000000
91158  51.733  46.062  22.197 0.0000000000
88539  52.034  42.371  21.332 0.0000000000
87243  50.845  40.233  20.610 0.0000000000
87236  45.685  40.789  22.672 0.0000000000
88542  48.398  42.490  21.561 0.0000000000
87245  48.834  40.533  21.292 0.0000000000
86601  50.185  39.392  20.739 0.0000000000
85419  49.873  37.015  20.133 0.0000000000
84321  48.604  35.694  20.789 0.0000000000
84313  47.717  35.632  22.911 0.0000000000
84816  47.245  36.118  24.263 0.0000000000
84805  49.228  36.522  25.255 0.0000000000
84801  47.627  36.540  25.872 0.0000000000
85366  46.527  37.155  26.229 0.0000000000
85356  46.590  37.862  27.418 0.0000000000
85893  47.169  38.881  29.069 0.0000000000
87801  46.832  41.045  31.970 0.0000000000
87784  46.401  41.667  33.757 0.0000000000
87766  46.003  41.461  35.543 0.0000000000
88430  47.513  42.023  36.098 0.0000000000
108487  46.692  41.594  36.156 0.0000000000
87104  45.352  40.598  36.321 0.0000000000
85849  45.533  38.920  36.836 0.0000000000
85313  45.367  37.485  36.531 0.0000000000
87094  52.537  40.146  37.370 0.0000000000
86420  50.754  39.529  37.314 0.0000000000
85300  49.310  38.104  37.140 0.0000000000
127533  49.681  36.540  36.211 0.0000000000
85312  47.836  37.477  36.788 0.0000000000
83209  50.307  33.324  40.740 0.0000000000
82662  51.286  32.618  39.438 0.0000000000
86489  45.089  39.881  30.418 0.0000000000
120799  44.810  40.316  31.251 0.0000000000
87165  45.719  40.286  31.054 0.0000000000
86511  45.712  39.475  29.705 0.0000000000
84714  50.211  36.155  41.143 0.0000000000
87180  50.363  40.717  28.147 0.0000000000
87816  50.850  41.316  28.469 0.0000000000
121468  50.160  41.903  28.854 0.0000000000
87825  48.407  41.015  28.030 0.0000000000
87824  49.305  40.863  28.121 0.0000000000
87189  49.881  40.173  27.685 0.0000000000
88421  52.433  42.155  36.746 0.0000000000
88415  53.377  41.967  36.984 0.0000000000
126830  41.314  40.493  33.453 0.0000000000
87114  44.015  40.472  35.609 0.0000000000
122035  44.188  39.763  36.295 0.0000000000
87105  44.466  40.288  36.129 0.0000000000
84817  45.989  36.265  24.086 0.0000000000
84818  44.899  36.526  23.800 0.0000000000
84809  45.203  36.701  24.597 0.0000000000
87154  41.645  40.414  31.766 0.0000000000
87155  40.847  40.338  31.624 0.0000000000
112852  40.114  40.539  32.854 0.0000000000
88468  45.845  42.693  30.076 0.0000000000
88477  44.058  42.551  29.220 0.0000000000
107768  44.946  42.254  29.141 0.0000000000
88487  45.539  41.881  28.557 0.0000000000
87079  51.534  40.551  41.212 0.0000000000
87090  51.845  40.321  39.956 0.0000000000
86401  51.483  39.468  40.873 0.0000000000
83751  53.720  34.388  38.481 0.0000000000
85890  50.248  38.496  28.919 0.0000000000
114205  50.464  39.124  29.429 0.0000000000
89789  53.561  44.463  31.741 0.0000000000
89769  53.850  44.755  32.572 0.0000000000
89755  53.995  44.706  33.271 0.0000000000
90441  54.038  45.398  33.001 0.0000000000
90430  48.302  45.464  32.562 0.0000000000
90445  49.340  45.567  32.331 0.0000000000
91077  48.712  46.969  33.665 0.0000000000
90370  48.992  44.982  37.454 0.0000000000
89726  49.786  44.838  36.884 0.0000000000
89711  49.766  44.604  37.836 0.0000000000
122871  50.848  44.623  37.295 0.0000000000
107198  50.988  44.291  38.912 0.0000000000
89689  49.674  44.413  38.983 0.0000000000
123691  48.064  43.867  42.566 0.0000000000
91147  49.265  46.351  23.197 0.0000000000
91132  50.259  46.723  23.718 0.0000000000
90517  49.780  45.613  22.648 0.0000000000
89876  49.830  44.238  21.859 0.0000000000
123707  49.346  43.687  21.667 0.0000000000
88524  44.370  42.531  23.339 0.0000000000
88532  44.780  42.879  22.806 0.0000000000
87874  44.831  42.051  22.841 0.0000000000
85962  46.915  38.457  23.326 0.0000000000
85961  47.544  37.912  22.872 0.0000000000
85968  47.776  37.775  22.113 0.0000000000
85396  48.378  37.031  23.023 0.0000000000
85395  48.576  36.211  23.054 0.0000000000
85903  51.213  37.840  28.103 0.0000000000
85904  49.988  37.817  28.286 0.0000000000
88454  49.605  42.468  32.546 0.0000000000
88445  49.316  42.732  33.276 0.0000000000
118643  48.273  40.249  37.599 0.0000000000
87098  47.627  40.736  37.393 0.0000000000
85839  47.017  38.941  37.311 0.0000000000
85838  47.868  38.875  37.479 0.0000000000
85308  51.584  37.552  36.828 0.0000000000
119407  51.669  36.969  36.635 0.0000000000
126750  43.124  40.547  31.980 0.0000000000
87138  44.691  40.865  32.653 0.0000000000
87793  45.032  41.186  33.417 0.0000000000
127498  45.076  38.148  27.119 0.0000000000
85925  44.627  38.523  27.614 0.0000000000
85910  44.075  38.906  28.152 0.0000000000
87167  43.505  40.109  30.704 0.0000000000
121113  42.930  40.326  31.319 0.0000000000
87168  42.141  40.250  31.198 0.0000000000
85786  51.748  38.335  43.117 0.0000000000
128674  51.859  38.070  43.166 0.0000000000
85265  51.722  37.857  42.940 0.0000000000
84216  51.313  35.608  41.763 0.0000000000
120371  52.106  36.055  42.324 0.0000000000
83732  52.961  34.548  40.562 0.0000000000
83207  51.963  34.335  40.987 0.0000000000
91168  52.050  45.676  21.089 0.0000000000
91167  52.054  46.442  20.469 0.0000000000
85901  52.723  38.620  27.953 0.0000000000
112759  53.064  39.154  28.154 0.0000000000
87186  53.031  39.220  27.996 0.0000000000
88471  51.899  42.565  29.192 0.0000000000
88480  53.172  41.693  29.278 0.0000000000
89112  53.073  43.599  30.362 0.0000000000
129252  46.882  46.982  36.373 0.0000000000
91055  48.061  47.523  35.823 0.0000000000
91037  47.609  47.446  36.648 0.0000000000
128848  48.121  48.447  38.501 0.0000000000
91663  48.184  47.794  37.869 0.0000000000
91010  48.195  46.433  38.390 0.0000000000
90993  48.030  46.474  39.494 0.0000000000
127035  48.405  45.540  40.198 0.0000000000
90994  47.814  47.491  40.038 0.0000000000
90963  47.250  46.712  41.337 0.0000000000
90333  47.051  46.077  41.536 0.0000000000
89662  47.071  45.039  41.678 0.0000000000
123995  46.567  45.478  41.420 0.0000000000
87204  45.997  40.758  26.226 0.0000000000
87214  46.420  40.159  25.792 0.0000000000
86575  46.890  39.417  25.365 0.0000000000
86574  47.863  38.845  25.719 0.0000000000
85950  48.975  37.940  25.681 0.0000000000
85939  49.477  38.252  26.267 0.0000000000
86549  51.677  38.632  27.368 0.0000000000
86561  51.280  38.009  26.782 0.0000000000
85922  51.883  37.811  27.082 0.0000000000
85921  52.131  38.049  27.436 0.0000000000
114989  51.597  43.342  35.015 0.0000000000
89076  50.216  43.062  35.390 0.0000000000
89069  51.371  42.955  35.984 0.0000000000
88417  51.213  41.952  37.218 0.0000000000
111550  50.189  42.296  37.090 0.0000000000
115871  50.054  41.897  37.333 0.0000000000
87754  49.350  41.420  37.478 0.0000000000
111417  49.951  40.751  37.563 0.0000000000
85858  40.544  38.562  35.618 0.0000000000
86439  40.826  39.266  35.373 0.0000000000
108741  41.851  40.425  33.901 0.0000000000
86431  42.852  39.558  35.891 0.0000000000
87116  42.399  39.930  35.245 0.0000000000
85856  42.234  39.090  36.039 0.0000000000
85319  41.929  37.604  36.070 0.0000000000
117920  44.062  38.452  36.499 0.0000000000
85315  43.633  37.707  36.367 0.0000000000
84755  44.012  36.902  36.134 0.0000000000
84331  47.655  35.582  20.320 0.0000000000
84332  46.642  35.747  19.982 0.0000000000
84835  44.272  36.404  22.048 0.0000000000
84844  44.144  36.538  21.339 0.0000000000
84836  43.626  36.628  22.027 0.0000000000
85397  43.131  36.933  22.629 0.0000000000
88485  47.765  41.752  28.926 0.0000000000
88474  47.804  42.139  29.450 0.0000000000
89117  47.671  43.030  30.566 0.0000000000
89795  47.496  44.139  31.667 0.0000000000
90433  45.813  45.460  33.246 0.0000000000
91057  46.187  46.325  35.325 0.0000000000
91792  44.489  47.425  25.040 0.0000000000
91793  43.659  47.232  24.866 0.0000000000
121546  43.450  44.618  23.635 0.0000000000
89854  43.744  44.067  23.431 0.0000000000
88495  44.055  42.036  25.783 0.0000000000
88505  43.960  42.154  24.813 0.0000000000
87839  44.773  41.558  26.231 0.0000000000
87850  45.236  41.096  25.787 0.0000000000
87829  45.042  41.537  27.006 0.0000000000
87821  46.512  41.696  28.407 0.0000000000
87820  47.316  41.569  28.432 0.0000000000
87819  48.068  41.457  28.506 0.0000000000
117772  53.205  41.090  38.552 0.0000000000
86411  52.491  39.225  38.673 0.0000000000
85829  52.290  38.396  38.455 0.0000000000
85833  52.336  38.311  37.914 0.0000000000
85294  52.290  37.426  38.369 0.0000000000
84236  53.246  35.493  38.567 0.0000000000
84720  52.847  36.056  39.079 0.0000000000
84248  53.047  35.529  37.608 0.0000000000
84733  52.744  36.139  38.123 0.0000000000
84255  52.758  35.024  36.191 0.0000000000
86509  47.513  39.278  29.694 0.0000000000
86486  47.849  39.707  30.225 0.0000000000
87161  49.782  40.687  30.700 0.0000000000
87147  48.912  40.738  30.961 0.0000000000
110842  50.452  41.679  31.368 0.0000000000
87159  53.203  40.654  29.201 0.0000000000
122054  52.493  40.615  29.782 0.0000000000
87806  52.873  41.316  29.989 0.0000000000
89103  52.880  43.210  31.543 0.0000000000
88460  52.238  42.393  31.189 0.0000000000
89084  52.029  43.736  33.262 0.0000000000
89066  53.697  44.009  34.633 0.0000000000
89073  53.401  43.890  34.258 0.0000000000
110332  53.400  43.462  35.760 0.0000000000
89130  49.032  42.787  29.897 0.0000000000
89129  50.039  43.024  29.727 0.0000000000
89115  49.516  43.496  30.409 0.0000000000
90463  50.377  45.586  32.021 0.0000000000
89792  50.860  45.026  31.447 0.0000000000
90462  51.503  45.625  31.922 0.0000000000
89791  52.134  45.213  31.197 0.0000000000
91707  49.133  47.714  34.855 0.0000000000
91053  49.520  46.951  34.969 0.0000000000
107888  50.533  45.397  35.684 0.0000000000
109245  50.980  45.625  34.781 0.0000000000
129233  52.001  45.730  34.506 0.0000000000
90428  52.549  46.025  33.388 0.0000000000
90415  53.454  45.400  34.382 0.0000000000
90406  52.541  45.484  35.053 0.0000000000
89710  52.121  44.647  37.271 0.0000000000
122540  52.569  44.783  36.664 0.0000000000
89709  53.326  43.709  37.389 0.0000000000
89041  52.874  43.660  38.155 0.0000000000
117634  53.257  43.004  38.341 0.0000000000
89028  52.589  43.516  38.831 0.0000000000
124943  51.251  43.795  40.325 0.0000000000
89015  51.494  43.138  40.689 0.0000000000
89675  48.999  45.494  41.649 0.0000000000
89674  49.622  44.525  40.979 0.0000000000
89659  49.577  44.690  42.249 0.0000000000
88363  49.810  43.186  42.788 0.0000000000
125908  50.386  43.197  42.447 0.0000000000
87703  50.465  42.150  42.802 0.0000000000
87702  51.220  41.562  42.342 0.0000000000
117871  50.840  41.145  43.157 0.0000000000
87047  50.800  40.404  43.384 0.0000000000
91795  51.075  47.664  24.168 0.0000000000
92921  50.232  49.021  23.545 0.0000000000
92415  50.663  48.575  22.966 0.0000000000
91144  51.370  46.438  23.038 0.0000000000
88541  50.473  42.581  21.538 0.0000000000
89196  51.359  43.071  21.612 0.0000000000
88540  51.442  42.204  21.479 0.0000000000
107885  51.708  41.557  21.166 0.0000000000
87880  50.963  40.926  21.146 0.0000000000
86594  45.808  40.002  22.852 0.0000000000
87247  47.018  41.081  21.706 0.0000000000
87246  47.912  40.846  21.535 0.0000000000
87882  48.666  41.467  21.432 0.0000000000
117259  48.119  39.943  21.464 0.0000000000
85977  49.261  37.827  21.080 0.0000000000
119779  49.497  38.731  21.013 0.0000000000
85976  49.991  38.223  20.643 0.0000000000
85411  49.813  37.219  20.601 0.0000000000
84841  49.559  36.422  20.506 0.0000000000
84842  49.119  35.975  21.131 0.0000000000
84824  48.036  35.753  23.676 0.0000000000
85376  49.621  36.853  25.734 0.0000000000
84804  49.552  36.667  25.901 0.0000000000
84800  48.865  36.355  25.787 0.0000000000
85365  48.164  36.726  26.527 0.0000000000
107831  47.032  37.250  26.704 0.0000000000
85355  47.521  37.405  27.247 0.0000000000
85892  48.100  38.646  29.097 0.0000000000
86510  46.635  39.391  29.703 0.0000000000
87149  47.254  40.660  31.375 0.0000000000
126563  46.754  40.644  31.472 0.0000000000
129529  45.748  41.457  34.906 0.0000000000
87776  46.271  41.620  34.695 0.0000000000
88428  49.305  42.676  36.080 0.0000000000
88429  48.372  42.410  35.763 0.0000000000
127550  48.107  42.169  36.385 0.0000000000
87099  47.082  41.061  37.050 0.0000000000
87760  46.667  41.241  36.614 0.0000000000
87761  46.031  41.207  36.282 0.0000000000
86428  45.682  39.749  36.787 0.0000000000
112637  45.816  38.195  36.853 0.0000000000
84753  45.757  36.716  36.128 0.0000000000
84764  45.278  36.165  35.627 0.0000000000
122761  53.077  40.118  37.647 0.0000000000
85836  50.244  38.316  37.007 0.0000000000
113793  49.829  39.027  37.398 0.0000000000
84759  50.291  35.679  35.711 0.0000000000
84749  50.360  36.391  36.146 0.0000000000
85908  45.912  38.774  28.407 0.0000000000
85909  45.002  38.831  28.302 0.0000000000
86531  45.365  39.187  28.985 0.0000000000
86513  43.810  39.489  29.438 0.0000000000
86490  44.119  39.818  30.146 0.0000000000
85266  50.416  37.844  42.138 0.0000000000
114632  51.000  37.023  42.203 0.0000000000
83726  51.289  34.808  41.487 0.0000000000
87178  52.817  40.191  28.248 0.0000000000
87179  51.644  40.484  28.100 0.0000000000
88482  51.346  41.946  28.791 0.0000000000
91665  47.230  48.428  38.551 0.0000000000
91647  48.009  48.690  39.586 0.0000000000
87192  47.157  40.867  27.263 0.0000000000
87202  47.522  40.284  26.816 0.0000000000
87201  48.200  40.079  27.025 0.0000000000
86563  48.914  39.412  26.765 0.0000000000
86562  50.030  38.676  26.796 0.0000000000
86551  49.568  39.623  27.255 0.0000000000
89063  52.592  42.653  36.285 0.0000000000
107273  42.937  40.352  34.910 0.0000000000
86430  43.593  39.236  36.320 0.0000000000
84833  46.463  35.997  22.595 0.0000000000
84843  46.021  36.109  21.558 0.0000000000
84834  45.292  36.327  22.271 0.0000000000
84827  44.579  36.446  22.945 0.0000000000
84819  43.905  36.590  23.572 0.0000000000
87170  40.608  40.061  30.863 0.0000000000
128588  47.199  42.230  29.521 0.0000000000
88475  46.581  42.338  29.607 0.0000000000
88490  42.686  42.687  27.581 0.0000000000
88497  42.647  42.683  26.657 0.0000000000
116589  44.059  41.944  27.703 0.0000000000
88492  44.870  41.727  27.711 0.0000000000
108055  46.308  41.995  29.018 0.0000000000
87741  52.408  41.119  39.641 0.0000000000
84223  53.422  35.078  40.013 0.0000000000
125750  53.155  35.447  40.192 0.0000000000
84235  53.651  35.022  39.041 0.0000000000
84247  53.502  34.915  38.005 0.0000000000
121283  48.377  39.709  30.182 0.0000000000
86507  49.506  39.195  29.594 0.0000000000
86484  50.118  39.894  30.094 0.0000000000
123663  50.629  40.619  30.446 0.0000000000
88465  53.260  42.455  30.168 0.0000000000
87795  53.023  41.960  30.288 0.0000000000
89102  53.325  43.545  31.256 0.0000000000
89094  53.336  43.936  32.129 0.0000000000
89083  53.268  44.046  33.157 0.0000000000
89082  53.678  44.425  32.856 0.0000000000
89743  53.822  44.521  33.846 0.0000000000
90404  53.700  44.682  34.500 0.0000000000
89811  50.015  44.416  30.961 0.0000000000
89793  49.179  44.691  31.638 0.0000000000
120759  50.065  45.967  32.624 0.0000000000
91035  49.368  46.243  35.790 0.0000000000
90387  49.844  45.330  36.071 0.0000000000
107923  51.522  44.380  38.033 0.0000000000
89042  52.039  44.131  38.792 0.0000000000
89030  51.246  44.077  39.639 0.0000000000
125936  50.481  44.123  40.437 0.0000000000
89649  49.258  44.584  42.693 0.0000000000
88994  48.796  43.934  42.820 0.0000000000
88364  49.011  43.115  42.894 0.0000000000
91796  50.548  47.349  24.186 0.0000000000
91131  51.046  46.758  23.761 0.0000000000
91145  51.107  46.119  23.187 0.0000000000
89861  50.374  44.900  22.244 0.0000000000
89197  50.243  43.449  21.666 0.0000000000
90522  44.819  44.948  22.968 0.0000000000
89188  45.375  43.289  22.542 0.0000000000
86586  46.262  38.996  23.777 0.0000000000
86604  46.891  39.399  21.965 0.0000000000
125899  47.562  39.436  21.663 0.0000000000
85979  47.568  38.683  21.813 0.0000000000
85978  48.363  37.764  21.601 0.0000000000
85403  48.654  35.993  22.107 0.0000000000
84823  48.389  36.143  23.819 0.0000000000
85353  51.299  37.249  26.690 0.0000000000
84796  49.850  36.795  26.418 0.0000000000
85354  50.421  36.914  26.763 0.0000000000
120599  49.481  36.773  26.946 0.0000000000
85348  48.679  37.387  27.734 0.0000000000
129597  47.894  37.582  27.700 0.0000000000
85905  48.832  37.895  28.457 0.0000000000
87789  48.370  41.681  32.162 0.0000000000
87790  47.828  41.849  32.618 0.0000000000
88456  47.958  42.228  33.251 0.0000000000
88447  47.768  42.280  34.055 0.0000000000
87755  48.531  41.743  37.238 0.0000000000
87758  47.943  41.904  36.791 0.0000000000
87756  47.768  41.392  37.197 0.0000000000
120887  46.992  40.463  37.210 0.0000000000
123488  46.627  38.146  37.058 0.0000000000
127019  47.092  37.556  36.825 0.0000000000
85834  52.140  38.836  37.486 0.0000000000
86419  51.777  39.524  37.347 0.0000000000
85845  51.640  38.207  37.123 0.0000000000
85846  50.923  37.995  36.717 0.0000000000
123379  41.973  40.520  32.376 0.0000000000
87141  41.936  40.531  33.074 0.0000000000
87140  42.735  40.606  32.683 0.0000000000
87129  43.368  40.739  33.459 0.0000000000
87121  43.855  40.891  34.262 0.0000000000
87778  44.322  40.931  35.038 0.0000000000
85367  45.672  37.376  26.050 0.0000000000
107558  44.711  37.424  25.768 0.0000000000
85940  44.282  38.177  26.946 0.0000000000
86492  42.132  39.718  29.891 0.0000000000
107025  42.060  43.121  27.902 0.0000000000
89138  42.671  42.834  28.423 0.0000000000
89137  43.219  42.707  28.966 0.0000000000
121058  51.714  38.784  42.351 0.0000000000
85797  52.043  38.149  42.673 0.0000000000
85270  52.308  36.922  42.363 0.0000000000
84710  52.054  36.906  42.562 0.0000000000
84709  52.329  36.372  42.369 0.0000000000
84214  52.812  35.423  40.970 0.0000000000
83206  53.235  33.918  39.945 0.0000000000
86505  52.443  39.030  28.658 0.0000000000
86504  53.046  39.542  28.537 0.0000000000
87810  53.252  41.373  29.297 0.0000000000
87814  53.192  41.015  28.812 0.0000000000
88479  53.259  41.393  29.251 0.0000000000
87804  53.273  42.070  29.705 0.0000000000
88464  53.298  42.824  30.158 0.0000000000
89808  53.466  44.052  30.955 0.0000000000
89790  53.196  44.835  31.453 0.0000000000
91071  48.218  47.300  34.443 0.0000000000
108819  47.916  47.459  35.149 0.0000000000
91708  48.664  47.637  35.370 0.0000000000
91697  48.418  47.454  36.051 0.0000000000
91684  48.055  47.878  37.327 0.0000000000
91683  48.214  47.396  36.838 0.0000000000
91036  48.720  46.728  36.314 0.0000000000
107729  48.553  45.253  38.220 0.0000000000
89699  48.717  44.815  39.066 0.0000000000
129238  48.314  45.906  41.377 0.0000000000
90345  47.765  46.114  41.453 0.0000000000
90331  48.446  45.700  42.034 0.0000000000
89661  48.305  45.407  42.297 0.0000000000
89005  47.676  44.428  42.231 0.0000000000
88995  47.127  43.287  42.190 0.0000000000
90518  48.616  45.638  22.536 0.0000000000
87859  44.966  40.966  24.860 0.0000000000
87224  44.857  40.983  23.842 0.0000000000
87223  45.419  40.355  24.474 0.0000000000
86582  45.814  39.632  24.159 0.0000000000
87213  47.212  39.816  26.140 0.0000000000
86581  46.516  39.113  24.591 0.0000000000
85955  48.083  37.613  24.391 0.0000000000
119498  49.347  37.023  25.285 0.0000000000
85938  50.515  37.530  26.545 0.0000000000
85345  51.704  37.691  27.249 0.0000000000
89086  49.939  43.139  33.750 0.0000000000
88435  49.150  42.778  34.168 0.0000000000
124223  49.760  43.035  34.554 0.0000000000
88423  49.493  42.445  36.782 0.0000000000
86421  48.993  39.686  37.615 0.0000000000
84252  52.079  35.836  36.224 0.0000000000
84748  51.399  36.479  36.306 0.0000000000
127493  40.600  38.058  35.760 0.0000000000
112017  41.711  40.067  34.688 0.0000000000
87117  41.576  39.585  35.338 0.0000000000
124862  41.207  38.091  35.919 0.0000000000
116778  41.265  37.176  35.818 0.0000000000
84766  43.531  36.311  35.662 0.0000000000
122963  45.685  36.035  20.513 0.0000000000
122374  45.273  36.452  20.199 0.0000000000
85380  44.502  37.048  25.045 0.0000000000
127599  43.719  36.962  24.751 0.0000000000
87818  48.869  41.414  28.527 0.0000000000
88483  49.313  41.766  28.873 0.0000000000
88473  48.581  42.316  29.523 0.0000000000
89116  48.563  43.231  30.498 0.0000000000
88466  47.264  42.539  29.998 0.0000000000
89794  48.347  44.356  31.618 0.0000000000
89770  47.845  44.770  32.164 0.0000000000
91078  47.496  46.439  33.886 0.0000000000
110833  47.054  46.592  34.768 0.0000000000
91022  46.525  46.925  37.007 0.0000000000
91137  44.646  46.246  23.614 0.0000000000
91128  43.343  46.511  24.348 0.0000000000
91138  43.850  46.032  23.811 0.0000000000
90505  44.360  45.506  23.422 0.0000000000
89853  44.062  44.770  23.328 0.0000000000
89178  44.215  43.371  23.243 0.0000000000
88516  44.057  42.258  23.968 0.0000000000
88507  42.590  42.808  25.714 0.0000000000
88517  43.435  42.788  24.323 0.0000000000
87860  44.441  41.581  24.360 0.0000000000
87837  46.380  41.098  26.991 0.0000000000
87826  47.605  41.196  27.905 0.0000000000
87748  53.532  41.920  37.454 0.0000000000
87749  53.470  41.216  37.779 0.0000000000
87089  52.832  40.189  38.793 0.0000000000
86414  53.021  39.788  38.013 0.0000000000
85299  52.149  37.672  37.496 0.0000000000
122228  52.135  37.021  37.056 0.0000000000
85807  51.695  38.463  41.407 0.0000000000
85283  51.785  38.009  40.428 0.0000000000
85820  51.972  37.619  39.431 0.0000000000
121132  52.806  35.983  40.335 0.0000000000
116521  52.431  36.746  39.454 0.0000000000
84742  52.568  36.304  37.260 0.0000000000
87163  47.518  40.224  30.745 0.0000000000
87148  48.045  40.733  31.147 0.0000000000
87799  48.615  41.252  31.570 0.0000000000
87788  49.128  41.815  32.050 0.0000000000
87807  51.631  41.054  30.447 0.0000000000
126010  52.757  42.242  30.707 0.0000000000
87797  51.324  41.710  31.039 0.0000000000
88461  51.007  42.212  31.653 0.0000000000
88453  50.582  42.640  32.336 0.0000000000
89085  50.920  43.401  33.518 0.0000000000
89074  51.947  43.705  34.097 0.0000000000
128647  52.816  43.520  34.881 0.0000000000
89062  53.410  43.034  36.082 0.0000000000
89128  51.280  43.167  29.671 0.0000000000
89113  52.071  43.868  30.114 0.0000000000
91076  49.362  47.241  33.865 0.0000000000
91075  49.956  46.585  33.635 0.0000000000
90418  50.048  46.384  34.466 0.0000000000
90417  50.480  46.203  33.952 0.0000000000
90429  51.088  45.896  33.339 0.0000000000
90443  52.108  45.998  32.625 0.0000000000
90442  53.331  45.870  32.775 0.0000000000
90385  52.587  45.103  36.026 0.0000000000
89723  53.219  44.511  36.187 0.0000000000
89708  53.492  43.648  36.483 0.0000000000
89054  53.663  43.038  37.096 0.0000000000
88405  53.582  42.583  37.613 0.0000000000
124306  52.717  42.304  39.308 0.0000000000
88393  52.229  42.781  39.915 0.0000000000
119461  52.327  42.002  39.940 0.0000000000
87727  51.733  41.556  40.926 0.0000000000
126899  51.489  41.131  41.779 0.0000000000
113817  49.744  44.394  39.995 0.0000000000
89648  49.835  44.041  42.695 0.0000000000
89004  50.284  43.837  42.051 0.0000000000
88383  50.906  43.134  41.708 0.0000000000
87063  51.356  40.646  42.435 0.0000000000
108987  51.162  39.982  43.212 0.0000000000
85787  51.007  38.895  43.088 0.0000000000
85799  49.955  38.639  42.310 0.0000000000
90530  51.747  45.176  21.947 0.0000000000
89860  51.290  44.926  22.279 0.0000000000
89874  51.732  44.172  21.719 0.0000000000
89195  51.952  43.239  21.472 0.0000000000
87242  51.356  40.890  20.843 0.0000000000
86612  50.661  39.365  20.171 0.0000000000
90519  47.536  45.544  22.486 0.0000000000
89863  48.204  44.878  22.085 0.0000000000
87866  44.992  41.198  23.004 0.0000000000
87873  45.500  41.670  22.558 0.0000000000
120847  46.424  40.311  22.247 0.0000000000
89199  47.664  43.224  21.730 0.0000000000
89198  48.562  43.459  21.642 0.0000000000
108308  49.534  42.045  21.453 0.0000000000
87881  49.825  41.017  21.304 0.0000000000
86602  49.067  39.606  21.155 0.0000000000
124887  49.721  40.154  21.132 0.0000000000
87244  50.397  40.351  21.009 0.0000000000
86613  50.297  38.673  20.303 0.0000000000
85418  49.949  37.664  19.864 0.0000000000
84857  49.566  36.354  20.009 0.0000000000
84322  47.893  35.666  21.331 0.0000000000
108600  48.607  35.807  21.751 0.0000000000
84316  48.225  35.639  22.299 0.0000000000
84323  47.190  35.809  21.940 0.0000000000
84825  46.884  35.996  23.482 0.0000000000
84808  46.293  36.479  24.867 0.0000000000
84814  48.645  36.465  24.652 0.0000000000
84806  48.549  36.274  25.114 0.0000000000
84807  47.484  36.295  25.020 0.0000000000
85378  46.492  36.761  25.604 0.0000000000
85923  46.403  38.348  27.976 0.0000000000
85349  47.131  37.988  27.895 0.0000000000
85907  46.767  38.563  28.475 0.0000000000
112001  46.229  40.677  31.587 0.0000000000
87802  46.021  41.113  32.302 0.0000000000
116014  47.233  41.514  32.497 0.0000000000
87791  46.574  41.507  32.795 0.0000000000
87792  45.806  41.399  33.175 0.0000000000
87785  45.570  41.440  34.199 0.0000000000
87777  45.196  41.244  35.120 0.0000000000
88436  48.419  42.491  34.652 0.0000000000
88437  47.642  42.192  35.068 0.0000000000
87765  46.856  41.804  35.349 0.0000000000
87767  45.437  41.142  35.876 0.0000000000
86429  44.849  39.870  36.454 0.0000000000
117123  45.087  39.253  36.654 0.0000000000
85850  44.955  38.441  36.682 0.0000000000
84754  44.884  36.805  36.150 0.0000000000
87751  53.255  41.370  37.250 0.0000000000
87752  52.156  41.080  37.260 0.0000000000
87095  51.108  40.331  37.378 0.0000000000
113152  49.913  39.980  37.560 0.0000000000
85837  48.748  38.864  37.507 0.0000000000
85310  49.892  36.994  36.388 0.0000000000
84760  49.455  36.051  35.936 0.0000000000
126829  49.404  37.397  36.652 0.0000000000
85301  48.313  38.125  37.244 0.0000000000
84752  47.262  36.851  36.352 0.0000000000
83733  50.529  34.342  41.035 0.0000000000
83208  51.153  33.951  41.249 0.0000000000
121213  50.874  33.226  40.863 0.0000000000
115672  51.495  33.585  40.751 0.0000000000
82651  51.037  32.865  40.392 0.0000000000
84208  52.360  35.800  42.034 0.0000000000
84209  51.906  35.361  41.914 0.0000000000
84336  47.504  35.799  19.762 0.0000000000
84851  49.232  35.882  20.328 0.0000000000
84852  44.628  37.013  20.359 0.0000000000
85258  51.895  38.194  43.085 0.0000000000
85352  51.780  37.625  26.885 0.0000000000
85405  43.228  37.103  22.000 0.0000000000
85986  50.107  37.849  20.200 0.0000000000
86424  46.576  39.788  37.188 0.0000000000
86485  48.968  39.736  30.147 0.0000000000
86506  51.377  39.446  29.443 0.0000000000
86530  52.958  38.829  28.141 0.0000000000
86548  52.344  38.471  27.703 0.0000000000
87253  51.264  40.489  20.367 0.0000000000
87813  53.330  40.893  28.996 0.0000000000
88458  53.320  43.123  30.618 0.0000000000
88467  46.520  42.701  30.196 0.0000000000
88470  52.885  42.374  29.468 0.0000000000
88481  52.563  41.861  28.889 0.0000000000
89111  53.324  43.331  30.569 0.0000000000
89867  44.472  44.173  23.015 0.0000000000
89877  48.827  44.239  21.791 0.0000000000
90416  52.779  45.811  34.146 0.0000000000
90444  50.268  46.156  33.069 0.0000000000
90515  51.393  45.720  22.631 0.0000000000
90516  50.849  45.561  22.783 0.0000000000
90529  52.084  44.628  21.207 0.0000000000
91070  49.070  47.682  34.319 0.0000000000
91782  44.748  47.864  25.901 0.0000000000
91787  50.567  47.935  24.491 0.0000000000
91802  51.196  47.918  23.634 0.0000000000
92413  50.872  48.368  23.978 0.0000000000
107075  44.784  36.427  20.763 0.0000000000
117507  44.041  47.727  25.545 0.0000000000
126083  48.772  46.142  32.984 0.0000000000
126947  51.551  43.643  21.680 0.0000000000
128905  48.335  47.621  35.273 0.0000000000
129547  48.499  35.787  22.345 0.0000000000
