#!ascii label  , from subject sub-v1s15x0050202_ses-1 vox2ras=TkReg
542
52550  20.953  -3.860  1.979 0.0000000000
59465  29.073  1.861  -0.229 0.0000000000
67409  30.090  10.178  -2.754 0.0000000000
64516  22.910  8.197  -2.497 0.0000000000
49371  22.985  -8.101  3.082 0.0000000000
51548  27.253  -5.581  1.259 0.0000000000
55564  24.134  -1.191  -0.952 0.0000000000
60597  22.003  3.536  -1.959 0.0000000000
62588  29.101  5.506  -0.718 0.0000000000
62655  28.454  5.264  -7.442 0.0000000000
123943  29.949  13.768  -6.070 0.0000000000
51538  21.568  -5.759  2.579 0.0000000000
50537  25.555  -6.770  2.095 0.0000000000
52547  23.451  -4.981  0.993 0.0000000000
59455  19.395  2.718  0.187 0.0000000000
61579  18.073  5.382  0.539 0.0000000000
65513  26.025  8.510  -1.573 0.0000000000
63575  25.672  6.828  -1.629 0.0000000000
64504  29.406  8.032  -1.509 0.0000000000
62618  30.516  5.937  -3.856 0.0000000000
115321  30.174  7.521  -5.298 0.0000000000
71166  27.119  15.833  -5.749 0.0000000000
70407  27.760  14.488  -4.638 0.0000000000
71173  28.493  15.639  -7.990 0.0000000000
57464  25.974  0.514  -0.583 0.0000000000
118468  27.842  -1.923  0.224 0.0000000000
56471  31.190  -0.502  -0.445 0.0000000000
67412  27.266  10.845  -2.262 0.0000000000
58509  30.858  1.083  -3.207 0.0000000000
55520  19.353  -1.216  2.020 0.0000000000
54550  21.858  -2.179  0.288 0.0000000000
56461  20.680  0.003  0.144 0.0000000000
112107  22.439  1.217  -1.532 0.0000000000
111532  24.644  2.451  -1.592 0.0000000000
62602  21.259  6.206  -2.006 0.0000000000
61601  24.773  4.656  -1.777 0.0000000000
122665  29.201  3.439  -0.502 0.0000000000
110772  30.605  3.557  -3.242 0.0000000000
68985  27.600  12.498  -2.888 0.0000000000
68218  30.422  11.559  -4.615 0.0000000000
69717  28.149  13.410  -10.448 0.0000000000
68238  29.163  11.716  -8.557 0.0000000000
116650  29.418  9.817  -7.274 0.0000000000
64576  27.406  7.283  -8.646 0.0000000000
53619  25.597  -3.307  0.017 0.0000000000
53577  19.594  -2.990  3.102 0.0000000000
53568  20.065  -3.802  3.209 0.0000000000
52532  21.243  -4.888  2.282 0.0000000000
121137  22.879  -5.661  1.297 0.0000000000
53588  22.308  -4.031  1.201 0.0000000000
66464  28.477  9.311  -1.776 0.0000000000
65511  27.826  8.617  -1.402 0.0000000000
65520  30.035  9.006  -1.987 0.0000000000
64523  30.522  8.061  -3.676 0.0000000000
65535  30.522  8.982  -4.028 0.0000000000
71954  27.144  16.269  -6.295 0.0000000000
71170  27.934  15.950  -6.395 0.0000000000
71960  27.251  16.660  -7.527 0.0000000000
116900  27.472  1.193  -0.112 0.0000000000
121773  28.139  0.119  0.347 0.0000000000
58467  29.360  1.011  -0.047 0.0000000000
128579  25.129  10.013  -2.295 0.0000000000
68211  24.487  11.232  -2.570 0.0000000000
49373  21.391  -7.199  3.742 0.0000000000
113330  21.988  -8.700  4.107 0.0000000000
48180  23.612  -9.131  4.231 0.0000000000
49349  25.187  -7.972  3.997 0.0000000000
51536  26.772  -6.128  1.803 0.0000000000
50520  27.078  -6.430  3.809 0.0000000000
56441  20.158  -0.393  0.855 0.0000000000
57457  19.277  0.785  1.173 0.0000000000
60571  20.399  3.563  -0.987 0.0000000000
126157  20.582  2.127  -0.648 0.0000000000
120227  21.696  2.375  -1.498 0.0000000000
58483  23.584  1.915  -1.876 0.0000000000
58499  23.211  2.743  -2.243 0.0000000000
110441  19.700  7.233  -1.241 0.0000000000
63587  21.805  6.712  -2.412 0.0000000000
63573  27.264  6.528  -1.026 0.0000000000
62600  25.342  5.381  -1.623 0.0000000000
62591  26.896  5.141  -0.844 0.0000000000
61599  27.099  4.288  -0.643 0.0000000000
61587  28.772  4.772  -0.458 0.0000000000
61597  30.387  3.922  -1.581 0.0000000000
116416  30.290  4.683  -1.481 0.0000000000
120165  29.594  4.890  -6.176 0.0000000000
61657  29.641  3.873  -5.680 0.0000000000
70410  28.730  14.446  -5.234 0.0000000000
69691  28.221  13.399  -3.774 0.0000000000
68999  28.936  13.207  -4.129 0.0000000000
68992  29.193  12.418  -3.836 0.0000000000
69002  30.412  12.700  -5.549 0.0000000000
67434  29.525  10.594  -7.397 0.0000000000
66540  28.140  9.225  -8.460 0.0000000000
65560  28.820  8.239  -7.777 0.0000000000
55556  22.814  -1.595  -0.682 0.0000000000
53621  23.827  -3.068  -0.079 0.0000000000
54562  25.098  -2.496  -0.176 0.0000000000
55532  30.045  -2.158  0.312 0.0000000000
54547  28.975  -3.150  0.222 0.0000000000
50523  21.457  -6.449  3.213 0.0000000000
49390  22.606  -7.413  2.696 0.0000000000
49388  24.397  -7.753  2.366 0.0000000000
50554  23.683  -6.715  1.431 0.0000000000
116942  24.803  -6.272  0.991 0.0000000000
51561  25.676  -5.334  0.717 0.0000000000
59439  18.373  3.077  1.332 0.0000000000
60572  19.005  4.015  -0.011 0.0000000000
61589  19.778  4.351  -0.728 0.0000000000
64515  23.853  8.001  -2.499 0.0000000000
63584  24.199  7.190  -2.423 0.0000000000
64508  25.570  7.676  -1.719 0.0000000000
64506  27.268  7.231  -1.188 0.0000000000
63571  29.446  6.342  -1.294 0.0000000000
112721  30.478  6.237  -1.962 0.0000000000
63582  30.531  6.780  -2.685 0.0000000000
63610  30.145  6.709  -5.020 0.0000000000
63623  29.693  6.894  -6.415 0.0000000000
70405  25.882  14.927  -3.923 0.0000000000
71161  27.164  15.257  -4.993 0.0000000000
71165  28.525  15.178  -5.967 0.0000000000
70414  29.050  14.778  -6.654 0.0000000000
56472  24.896  -0.069  -1.110 0.0000000000
55553  25.469  -1.760  -0.327 0.0000000000
56455  27.545  -0.398  0.264 0.0000000000
56453  29.580  -0.777  0.324 0.0000000000
65523  23.341  8.962  -2.493 0.0000000000
111942  24.905  9.434  -2.330 0.0000000000
66479  25.705  9.756  -2.038 0.0000000000
67401  27.775  10.058  -2.044 0.0000000000
49369  25.611  -7.412  3.370 0.0000000000
58481  30.588  1.344  -1.286 0.0000000000
109073  31.163  0.495  -1.407 0.0000000000
54534  19.605  -1.882  2.298 0.0000000000
54532  21.286  -2.556  1.078 0.0000000000
55533  21.019  -1.715  0.760 0.0000000000
55557  21.595  -1.311  0.009 0.0000000000
56459  22.226  -0.900  -0.686 0.0000000000
58458  19.807  1.236  0.437 0.0000000000
57482  21.733  0.858  -1.092 0.0000000000
56474  23.361  -0.269  -1.386 0.0000000000
57479  24.468  0.483  -1.412 0.0000000000
58471  25.891  1.328  -0.741 0.0000000000
58469  27.491  1.916  -0.290 0.0000000000
62604  19.973  5.927  -1.287 0.0000000000
61602  21.094  4.881  -1.722 0.0000000000
63585  23.393  6.362  -2.511 0.0000000000
119226  23.270  4.767  -2.486 0.0000000000
61614  23.588  4.018  -2.416 0.0000000000
60583  25.065  3.832  -1.497 0.0000000000
60570  26.931  3.479  -0.611 0.0000000000
110501  29.342  2.642  -0.495 0.0000000000
59477  30.471  2.247  -1.634 0.0000000000
60608  30.539  2.389  -3.151 0.0000000000
61642  30.589  4.442  -3.924 0.0000000000
68208  27.926  11.514  -2.628 0.0000000000
68207  28.988  11.259  -2.802 0.0000000000
67417  30.250  10.539  -3.509 0.0000000000
70420  28.762  14.894  -8.657 0.0000000000
69710  29.112  13.340  -8.747 0.0000000000
69013  28.809  12.471  -9.211 0.0000000000
69008  29.656  12.323  -7.724 0.0000000000
68226  30.433  11.748  -6.310 0.0000000000
117065  30.555  11.015  -6.085 0.0000000000
129742  30.504  9.724  -5.498 0.0000000000
65545  30.206  8.741  -6.805 0.0000000000
64567  29.114  7.157  -7.176 0.0000000000
63633  27.586  5.747  -8.299 0.0000000000
53606  22.535  -3.423  0.632 0.0000000000
125597  24.566  -4.495  0.348 0.0000000000
52563  26.738  -4.644  0.418 0.0000000000
122193  26.587  -2.640  0.021 0.0000000000
107179  27.952  -4.009  0.210 0.0000000000
53576  20.325  -3.397  2.576 0.0000000000
52533  20.625  -4.287  2.667 0.0000000000
128348  21.074  -4.382  2.121 0.0000000000
52549  21.654  -4.396  1.687 0.0000000000
66477  29.581  9.641  -2.140 0.0000000000
66476  30.256  9.342  -2.512 0.0000000000
65530  30.487  8.767  -3.011 0.0000000000
66486  30.412  9.747  -3.389 0.0000000000
58468  28.356  1.552  0.006 0.0000000000
116981  28.299  0.798  0.238 0.0000000000
49372  22.170  -7.715  3.382 0.0000000000
48201  21.715  -8.085  3.930 0.0000000000
48200  22.437  -8.419  3.672 0.0000000000
48181  22.621  -9.027  4.068 0.0000000000
48198  23.940  -8.661  3.674 0.0000000000
48179  24.484  -8.604  4.207 0.0000000000
49350  24.482  -8.340  3.560 0.0000000000
51535  27.391  -5.767  2.220 0.0000000000
52531  27.892  -5.106  1.735 0.0000000000
57450  18.756  0.189  1.797 0.0000000000
58450  18.539  1.215  1.831 0.0000000000
59481  21.246  3.186  -1.504 0.0000000000
60596  22.663  3.448  -2.284 0.0000000000
63588  21.075  7.266  -1.945 0.0000000000
121780  21.706  7.594  -2.325 0.0000000000
63558  27.972  6.286  -0.581 0.0000000000
62590  27.485  5.750  -0.713 0.0000000000
62589  28.296  5.604  -0.517 0.0000000000
115322  27.739  4.981  -0.549 0.0000000000
117694  29.746  4.824  -0.880 0.0000000000
62598  30.032  5.609  -1.370 0.0000000000
62648  29.145  5.400  -6.787 0.0000000000
70409  29.498  14.080  -5.629 0.0000000000
69696  29.303  13.702  -4.898 0.0000000000
69701  29.957  13.419  -5.518 0.0000000000
68998  29.768  12.803  -4.723 0.0000000000
69700  30.226  13.202  -6.172 0.0000000000
66541  27.489  9.467  -9.254 0.0000000000
65577  27.288  8.557  -8.927 0.0000000000
55555  23.472  -1.432  -0.882 0.0000000000
54564  23.394  -2.234  -0.451 0.0000000000
124529  23.971  -1.806  -0.641 0.0000000000
55531  30.570  -1.739  0.450 0.0000000000
51523  20.950  -5.795  3.273 0.0000000000
49391  21.950  -7.077  3.134 0.0000000000
50541  22.152  -6.654  2.540 0.0000000000
50540  22.955  -7.038  1.785 0.0000000000
51537  22.429  -6.154  1.856 0.0000000000
51551  23.946  -5.950  1.075 0.0000000000
51562  24.888  -5.687  0.653 0.0000000000
51563  24.323  -5.112  0.599 0.0000000000
61578  18.332  4.519  0.567 0.0000000000
61590  18.783  4.901  -0.190 0.0000000000
65521  25.214  8.536  -2.109 0.0000000000
64514  24.701  7.842  -2.265 0.0000000000
113319  27.422  7.944  -1.188 0.0000000000
64505  28.265  7.892  -1.083 0.0000000000
63572  28.994  7.207  -0.882 0.0000000000
109406  29.889  7.217  -1.519 0.0000000000
63570  30.415  7.115  -1.936 0.0000000000
64528  30.416  7.386  -4.382 0.0000000000
64537  30.017  7.022  -5.721 0.0000000000
63611  29.963  6.470  -5.808 0.0000000000
71162  26.532  16.204  -5.004 0.0000000000
71153  26.300  15.567  -4.428 0.0000000000
70404  27.007  14.905  -4.009 0.0000000000
71169  28.597  15.513  -6.956 0.0000000000
70417  29.062  14.906  -7.666 0.0000000000
115386  25.592  -0.146  -0.655 0.0000000000
56456  26.568  -0.129  -0.208 0.0000000000
57461  29.044  0.142  0.283 0.0000000000
56454  28.493  -0.596  0.370 0.0000000000
55549  29.913  -1.679  0.256 0.0000000000
113698  22.396  9.224  -2.430 0.0000000000
113652  23.793  9.680  -2.536 0.0000000000
122107  25.487  10.542  -2.314 0.0000000000
67402  26.603  10.140  -1.899 0.0000000000
67411  28.344  10.696  -2.412 0.0000000000
49387  25.218  -7.393  2.543 0.0000000000
50504  27.247  -6.394  4.728 0.0000000000
58498  30.739  1.359  -2.255 0.0000000000
55511  19.064  -1.586  2.705 0.0000000000
55519  19.840  -1.602  1.828 0.0000000000
54533  20.394  -2.079  1.645 0.0000000000
56440  20.837  -0.860  0.430 0.0000000000
56460  21.408  -0.448  -0.278 0.0000000000
127966  19.098  2.304  0.694 0.0000000000
58459  19.138  1.640  0.968 0.0000000000
58474  19.634  2.010  0.279 0.0000000000
58485  21.671  1.678  -1.301 0.0000000000
58472  20.994  1.417  -0.734 0.0000000000
120839  22.337  0.450  -1.294 0.0000000000
57481  22.965  0.437  -1.538 0.0000000000
57480  23.714  0.420  -1.557 0.0000000000
116728  23.273  1.178  -1.726 0.0000000000
109349  25.193  1.858  -1.302 0.0000000000
124808  26.300  1.785  -0.638 0.0000000000
59469  25.938  2.147  -0.812 0.0000000000
63577  20.425  6.588  -1.578 0.0000000000
127715  19.813  6.524  -1.286 0.0000000000
62603  20.757  5.667  -1.630 0.0000000000
61604  20.302  5.058  -1.263 0.0000000000
125124  21.396  5.441  -2.007 0.0000000000
63583  24.908  7.017  -2.072 0.0000000000
125405  23.847  6.774  -2.484 0.0000000000
118540  24.259  6.359  -2.322 0.0000000000
62601  24.520  5.474  -2.064 0.0000000000
120330  24.039  4.708  -2.303 0.0000000000
118990  24.262  3.925  -2.069 0.0000000000
112312  28.627  3.903  -0.450 0.0000000000
60569  27.741  3.650  -0.476 0.0000000000
60568  28.464  3.127  -0.408 0.0000000000
59464  30.130  2.499  -0.936 0.0000000000
60567  29.830  3.367  -0.783 0.0000000000
113959  30.546  3.128  -2.154 0.0000000000
111179  30.427  2.160  -4.145 0.0000000000
62607  30.593  5.842  -2.922 0.0000000000
122081  30.636  5.280  -3.619 0.0000000000
123697  26.553  14.403  -3.542 0.0000000000
69692  27.504  13.970  -3.640 0.0000000000
68994  27.803  13.188  -3.338 0.0000000000
69684  27.197  13.263  -3.071 0.0000000000
68209  26.683  11.723  -2.534 0.0000000000
68219  29.957  11.981  -4.239 0.0000000000
68216  29.442  11.642  -3.482 0.0000000000
67418  29.765  10.895  -3.112 0.0000000000
68215  30.113  11.258  -3.846 0.0000000000
70423  28.326  14.739  -9.579 0.0000000000
119428  28.365  13.988  -9.914 0.0000000000
114659  28.753  14.081  -9.162 0.0000000000
69713  28.580  13.287  -9.646 0.0000000000
68239  28.425  11.491  -9.627 0.0000000000
127436  28.008  11.661  -10.307 0.0000000000
69012  29.359  12.632  -8.431 0.0000000000
69005  29.963  12.009  -6.896 0.0000000000
68231  29.591  11.436  -7.614 0.0000000000
67427  30.169  10.342  -6.817 0.0000000000
66501  30.538  10.465  -5.326 0.0000000000
66511  30.249  9.511  -6.827 0.0000000000
66510  30.430  9.198  -6.196 0.0000000000
66525  29.735  9.132  -7.238 0.0000000000
120092  29.155  7.847  -7.395 0.0000000000
64568  28.390  7.403  -7.944 0.0000000000
118229  28.379  6.630  -7.618 0.0000000000
63637  27.635  6.479  -8.289 0.0000000000
53607  21.941  -2.877  0.695 0.0000000000
54549  22.396  -2.735  0.257 0.0000000000
53620  24.714  -3.196  0.026 0.0000000000
53604  24.279  -3.829  0.203 0.0000000000
53603  25.187  -4.088  0.236 0.0000000000
52564  25.865  -4.672  0.449 0.0000000000
52575  26.169  -4.021  0.206 0.0000000000
117874  26.322  -1.907  -0.115 0.0000000000
54560  27.101  -2.236  0.150 0.0000000000
129585  29.192  -3.472  0.453 0.0000000000
53616  28.161  -3.339  0.131 0.0000000000
53601  28.685  -3.790  0.304 0.0000000000
52561  28.293  -4.350  0.537 0.0000000000
51539  20.769  -5.122  2.981 0.0000000000
51552  22.061  -5.258  1.844 0.0000000000
52548  22.582  -4.730  1.351 0.0000000000
66465  27.300  9.356  -1.584 0.0000000000
65512  26.907  8.586  -1.373 0.0000000000
65510  28.661  8.536  -1.528 0.0000000000
65509  30.001  8.500  -1.817 0.0000000000
64513  30.485  7.785  -2.634 0.0000000000
65519  30.304  8.573  -2.224 0.0000000000
65539  30.411  8.203  -4.738 0.0000000000
71955  26.795  16.518  -5.838 0.0000000000
71957  27.493  16.432  -6.826 0.0000000000
71174  28.084  16.259  -7.263 0.0000000000
57463  26.666  0.811  -0.376 0.0000000000
57462  27.403  0.434  0.084 0.0000000000
57460  30.290  0.001  0.029 0.0000000000
122106  26.340  10.924  -2.302 0.0000000000
49374  20.809  -6.979  4.289 0.0000000000
48183  21.099  -7.714  4.363 0.0000000000
48182  21.459  -8.463  4.479 0.0000000000
48162  24.430  -9.010  5.069 0.0000000000
48178  25.120  -8.275  4.857 0.0000000000
127459  26.218  -6.470  2.254 0.0000000000
50522  25.970  -6.875  2.787 0.0000000000
50536  26.844  -6.456  2.764 0.0000000000
56432  18.966  -0.532  1.900 0.0000000000
127118  19.627  -0.681  1.457 0.0000000000
56442  19.486  -0.032  1.306 0.0000000000
57456  19.991  0.411  0.610 0.0000000000
110513  19.710  3.299  -0.420 0.0000000000
59471  20.002  2.435  -0.324 0.0000000000
59470  20.504  2.808  -0.853 0.0000000000
58486  21.090  2.256  -1.129 0.0000000000
125634  22.208  2.000  -1.635 0.0000000000
58484  22.863  1.958  -1.916 0.0000000000
59479  23.969  2.541  -2.009 0.0000000000
64510  20.332  7.451  -1.592 0.0000000000
63574  26.546  6.770  -1.417 0.0000000000
63576  25.075  6.199  -1.835 0.0000000000
112740  25.906  6.066  -1.473 0.0000000000
124837  26.166  5.267  -1.301 0.0000000000
129171  26.369  4.605  -1.055 0.0000000000
61588  27.993  4.323  -0.466 0.0000000000
61586  29.451  4.092  -0.611 0.0000000000
61598  30.078  4.041  -1.064 0.0000000000
61613  30.563  4.278  -2.194 0.0000000000
62640  30.085  5.759  -5.413 0.0000000000
120660  30.133  4.820  -5.353 0.0000000000
61670  29.129  3.657  -6.577 0.0000000000
69697  28.419  13.862  -4.369 0.0000000000
68993  28.414  12.805  -3.463 0.0000000000
68984  28.617  12.049  -3.111 0.0000000000
68997  30.516  12.166  -4.945 0.0000000000
111301  28.622  10.902  -8.891 0.0000000000
67450  29.017  10.758  -8.118 0.0000000000
67451  28.319  10.125  -8.624 0.0000000000
67435  28.746  9.947  -7.751 0.0000000000
66526  28.834  9.084  -7.684 0.0000000000
65576  28.041  8.223  -8.388 0.0000000000
54565  22.617  -2.244  -0.207 0.0000000000
54548  23.016  -2.937  -0.037 0.0000000000
54563  24.262  -2.437  -0.335 0.0000000000
54558  29.371  -2.430  0.293 0.0000000000
54559  28.525  -2.576  0.189 0.0000000000
54546  29.529  -2.857  0.435 0.0000000000
50524  20.707  -6.282  3.861 0.0000000000
49370  23.928  -8.288  3.023 0.0000000000
49389  23.473  -7.737  2.392 0.0000000000
50539  23.962  -7.291  1.788 0.0000000000
50538  24.821  -7.205  1.843 0.0000000000
50555  23.072  -6.428  1.317 0.0000000000
50552  25.164  -6.613  1.394 0.0000000000
50551  25.892  -6.202  1.664 0.0000000000
51550  25.449  -5.974  1.037 0.0000000000
51549  26.398  -5.667  1.083 0.0000000000
116907  18.753  2.882  0.717 0.0000000000
60557  18.517  3.673  0.671 0.0000000000
60556  19.098  3.334  0.246 0.0000000000
61603  20.704  4.180  -1.393 0.0000000000
118557  23.403  7.222  -2.532 0.0000000000
128712  26.097  7.241  -1.527 0.0000000000
64507  26.560  7.695  -1.426 0.0000000000
64493  28.017  7.047  -0.620 0.0000000000
63557  28.536  6.273  -0.725 0.0000000000
124505  30.167  6.546  -1.640 0.0000000000
121800  30.533  6.474  -3.413 0.0000000000
63592  30.523  7.185  -3.477 0.0000000000
63600  30.450  6.632  -4.124 0.0000000000
119643  30.282  6.078  -4.572 0.0000000000
62641  29.643  5.954  -6.288 0.0000000000
63631  28.945  6.191  -7.032 0.0000000000
126215  27.764  15.447  -5.690 0.0000000000
70411  27.943  14.902  -5.331 0.0000000000
112060  29.140  14.615  -5.906 0.0000000000
70413  29.521  14.210  -6.350 0.0000000000
56457  24.964  -0.893  -0.749 0.0000000000
117623  25.959  -0.993  -0.297 0.0000000000
55552  26.989  -1.230  0.152 0.0000000000
55551  27.912  -1.143  0.339 0.0000000000
55550  28.823  -1.638  0.305 0.0000000000
65522  24.331  8.718  -2.441 0.0000000000
66467  25.640  9.120  -1.852 0.0000000000
66466  26.354  9.273  -1.591 0.0000000000
66478  28.723  10.053  -2.165 0.0000000000
115108  24.832  -7.915  3.113 0.0000000000
50521  26.397  -6.933  3.553 0.0000000000
108517  29.851  1.694  -0.595 0.0000000000
58466  30.434  0.740  -0.579 0.0000000000
54522  19.982  -2.586  2.436 0.0000000000
53590  20.741  -3.001  1.819 0.0000000000
55534  20.197  -1.214  1.289 0.0000000000
121236  22.222  -1.668  -0.302 0.0000000000
56458  23.004  -0.931  -1.146 0.0000000000
57466  20.499  0.875  -0.058 0.0000000000
58473  20.269  1.691  -0.187 0.0000000000
57465  21.198  0.454  -0.505 0.0000000000
56476  21.919  0.018  -0.867 0.0000000000
56475  22.633  -0.223  -1.227 0.0000000000
55565  23.629  -0.854  -1.198 0.0000000000
56473  24.169  -0.362  -1.283 0.0000000000
57478  25.270  0.645  -1.062 0.0000000000
116448  24.020  1.154  -1.683 0.0000000000
123182  24.766  1.199  -1.431 0.0000000000
58470  26.739  1.522  -0.467 0.0000000000
62580  18.195  6.096  0.355 0.0000000000
62593  18.652  5.820  -0.231 0.0000000000
62592  19.485  5.409  -0.762 0.0000000000
60585  21.521  4.129  -1.844 0.0000000000
127919  22.965  6.807  -2.558 0.0000000000
63586  22.551  6.382  -2.543 0.0000000000
62610  21.971  5.678  -2.457 0.0000000000
62608  23.738  5.523  -2.420 0.0000000000
61615  22.485  4.826  -2.448 0.0000000000
110193  22.223  4.137  -2.249 0.0000000000
60595  23.238  3.497  -2.411 0.0000000000
60584  24.483  3.145  -1.776 0.0000000000
59478  25.391  2.863  -1.268 0.0000000000
60582  26.113  3.783  -1.042 0.0000000000
59468  26.372  2.862  -0.733 0.0000000000
59467  27.409  2.769  -0.460 0.0000000000
59466  28.356  2.318  -0.241 0.0000000000
60581  30.276  3.261  -1.287 0.0000000000
59493  30.592  1.829  -2.679 0.0000000000
59506  30.583  1.453  -3.649 0.0000000000
62597  30.529  5.280  -2.048 0.0000000000
61628  30.687  4.819  -2.952 0.0000000000
61656  30.264  4.149  -4.862 0.0000000000
60620  30.373  3.289  -4.398 0.0000000000
67410  29.353  10.484  -2.534 0.0000000000
71178  27.820  16.279  -8.289 0.0000000000
71177  28.184  15.573  -9.012 0.0000000000
70419  29.266  14.159  -8.267 0.0000000000
69709  29.584  13.305  -7.754 0.0000000000
69706  29.774  13.594  -6.746 0.0000000000
120562  29.941  12.830  -6.883 0.0000000000
69004  30.402  12.449  -6.219 0.0000000000
68223  30.620  11.916  -5.608 0.0000000000
68227  30.035  11.200  -6.843 0.0000000000
113888  30.597  11.299  -5.188 0.0000000000
67421  30.435  10.768  -4.397 0.0000000000
128526  30.415  10.261  -3.902 0.0000000000
112640  30.486  9.030  -5.155 0.0000000000
65544  30.301  8.268  -5.929 0.0000000000
65559  29.448  8.510  -7.290 0.0000000000
64550  29.810  7.848  -6.772 0.0000000000
123725  30.048  7.507  -6.073 0.0000000000
62656  27.736  5.203  -8.035 0.0000000000
113808  27.239  6.656  -8.896 0.0000000000
63638  27.352  5.952  -8.806 0.0000000000
62657  27.556  5.338  -8.581 0.0000000000
61679  27.721  4.836  -8.355 0.0000000000
53589  21.630  -3.457  1.287 0.0000000000
52567  23.039  -4.196  0.860 0.0000000000
53605  23.431  -3.654  0.325 0.0000000000
52566  23.854  -4.396  0.512 0.0000000000
52565  25.073  -4.965  0.381 0.0000000000
51560  26.386  -5.122  0.638 0.0000000000
51559  27.081  -5.208  0.629 0.0000000000
54561  25.920  -2.586  -0.145 0.0000000000
53618  26.438  -3.300  0.074 0.0000000000
53617  27.254  -3.115  0.150 0.0000000000
127360  27.648  -3.657  0.179 0.0000000000
53602  27.122  -3.943  0.284 0.0000000000
52562  27.508  -4.553  0.457 0.0000000000
52546  27.756  -4.935  0.866 0.0000000000
121988  30.840  0.209  -0.901 0.0000000000
48199  23.256  -8.657  3.596 0.0000000000
50553  24.414  -6.715  1.403 0.0000000000
55554  24.639  -1.751  -0.528 0.0000000000
58482  24.334  1.851  -1.650 0.0000000000
59480  22.301  2.755  -1.881 0.0000000000
60594  23.779  3.276  -2.282 0.0000000000
61600  25.638  4.579  -1.397 0.0000000000
61616  21.771  4.836  -2.197 0.0000000000
62599  26.741  5.923  -1.217 0.0000000000
62609  22.882  5.566  -2.535 0.0000000000
62630  30.378  5.241  -4.503 0.0000000000
63632  28.027  5.912  -7.754 0.0000000000
63645  27.371  6.435  -9.174 0.0000000000
64503  30.240  7.916  -1.840 0.0000000000
66463  29.422  8.839  -1.788 0.0000000000
66493  30.488  9.877  -4.501 0.0000000000
70416  29.416  14.161  -7.253 0.0000000000
110275  26.689  2.156  -0.562 0.0000000000
114266  30.479  10.024  -6.209 0.0000000000
117203  22.463  7.325  -2.516 0.0000000000
117864  22.907  4.091  -2.477 0.0000000000
124429  27.775  -2.645  0.138 0.0000000000
126606  25.278  1.254  -1.172 0.0000000000
127676  30.642  11.810  -5.068 0.0000000000
128971  27.722  7.573  -0.952 0.0000000000
