#!ascii label  , from subject sub-v1s15x0050197_ses-1 vox2ras=TkReg
1979
55714  -43.665  -14.398  72.364 0.0000000000
48637  -32.138  -20.231  84.259 0.0000000000
67914  -46.148  -1.049  55.796 0.0000000000
57975  -34.601  -11.891  59.931 0.0000000000
144516  -45.665  -6.686  64.725 0.0000000000
57794  -38.319  -11.934  78.265 0.0000000000
51569  -26.213  -17.750  72.528 0.0000000000
55776  -30.552  -13.384  65.683 0.0000000000
125744  -24.000  -16.472  89.174 0.0000000000
75448  -57.279  6.227  59.943 0.0000000000
51537  -21.393  -17.209  75.380 0.0000000000
57941  -39.930  -12.178  66.096 0.0000000000
61615  -39.415  -7.620  64.436 0.0000000000
60571  -44.227  -8.498  69.820 0.0000000000
137817  -39.371  -10.577  73.527 0.0000000000
55710  -35.155  -13.219  72.094 0.0000000000
56841  -37.731  -12.883  67.688 0.0000000000
56899  -33.211  -12.459  62.716 0.0000000000
75503  -58.717  5.664  56.145 0.0000000000
145648  -28.258  -18.872  87.438 0.0000000000
54557  -24.922  -14.480  82.197 0.0000000000
52471  -28.290  -16.765  80.141 0.0000000000
63819  -47.095  -5.917  58.703 0.0000000000
50503  -36.698  -17.795  79.759 0.0000000000
132346  -29.642  -19.776  78.023 0.0000000000
129376  -33.041  -16.628  75.363 0.0000000000
53653  -28.669  -15.598  69.717 0.0000000000
52373  -19.499  -16.485  89.864 0.0000000000
63788  -51.770  -5.423  63.575 0.0000000000
66893  -52.604  -1.812  59.751 0.0000000000
72579  -55.064  3.032  65.117 0.0000000000
71681  -51.203  3.323  57.263 0.0000000000
74571  -52.065  5.998  52.417 0.0000000000
138133  -20.619  -14.420  82.891 0.0000000000
49627  -23.800  -19.645  73.659 0.0000000000
55732  -42.253  -14.249  68.823 0.0000000000
58869  -41.251  -10.218  68.329 0.0000000000
57918  -43.628  -11.625  70.592 0.0000000000
134356  -42.377  -13.027  73.531 0.0000000000
55701  -39.196  -13.561  72.054 0.0000000000
54676  -41.513  -15.233  69.753 0.0000000000
55768  -39.137  -14.473  66.155 0.0000000000
68926  -43.721  -0.701  52.117 0.0000000000
70794  -45.838  1.154  53.388 0.0000000000
48616  -30.314  -20.121  86.093 0.0000000000
129678  -28.988  -17.733  83.597 0.0000000000
50476  -30.158  -18.606  81.999 0.0000000000
60653  -33.663  -9.017  59.204 0.0000000000
62617  -42.575  -7.077  64.482 0.0000000000
62653  -40.196  -6.579  61.734 0.0000000000
128459  -43.324  -6.338  61.712 0.0000000000
62690  -43.911  -6.131  58.705 0.0000000000
128207  -47.147  -6.134  61.333 0.0000000000
53562  -39.081  -15.045  78.774 0.0000000000
132794  -35.049  -18.353  77.138 0.0000000000
54625  -35.994  -15.150  76.514 0.0000000000
56812  -32.897  -12.500  68.931 0.0000000000
54661  -32.042  -14.431  71.391 0.0000000000
54710  -29.832  -14.434  67.644 0.0000000000
55832  -34.299  -12.707  60.664 0.0000000000
64926  -53.173  -3.649  60.974 0.0000000000
72625  -54.278  3.458  61.351 0.0000000000
74486  -54.408  5.098  58.678 0.0000000000
73624  -51.472  4.416  55.250 0.0000000000
133365  -55.230  4.860  56.089 0.0000000000
141125  -56.980  6.289  51.376 0.0000000000
124797  -21.968  -16.213  88.816 0.0000000000
53477  -20.037  -15.624  85.353 0.0000000000
54518  -22.349  -14.818  85.585 0.0000000000
54610  -24.863  -14.531  78.279 0.0000000000
54599  -22.990  -15.251  79.981 0.0000000000
128859  -21.938  -17.029  77.396 0.0000000000
50587  -27.656  -19.032  75.593 0.0000000000
49614  -26.895  -20.582  76.171 0.0000000000
48716  -24.998  -20.287  73.190 0.0000000000
58907  -37.347  -11.747  63.377 0.0000000000
60636  -36.619  -9.020  63.385 0.0000000000
59739  -39.081  -9.664  66.292 0.0000000000
60598  -41.364  -7.948  67.515 0.0000000000
152224  -44.735  -7.137  67.151 0.0000000000
58758  -38.500  -10.737  75.837 0.0000000000
56758  -36.436  -12.593  75.680 0.0000000000
142932  -37.961  -12.520  73.074 0.0000000000
56805  -36.630  -12.434  70.586 0.0000000000
56839  -34.519  -12.278  67.105 0.0000000000
56875  -31.851  -12.831  64.384 0.0000000000
56867  -35.485  -13.117  65.287 0.0000000000
55804  -37.944  -15.330  62.765 0.0000000000
76519  -56.779  6.492  56.336 0.0000000000
79415  -56.679  10.550  56.013 0.0000000000
51422  -25.766  -17.956  87.782 0.0000000000
139024  -24.702  -15.397  84.975 0.0000000000
52420  -26.483  -16.238  84.776 0.0000000000
53538  -27.462  -15.503  81.398 0.0000000000
53573  -25.995  -15.242  77.560 0.0000000000
61636  -37.646  -7.784  60.944 0.0000000000
64973  -44.511  -5.128  55.852 0.0000000000
65922  -46.408  -3.318  57.189 0.0000000000
50477  -34.177  -18.500  82.262 0.0000000000
49552  -31.256  -19.548  80.453 0.0000000000
49595  -33.657  -19.432  78.804 0.0000000000
51526  -31.864  -17.695  76.563 0.0000000000
52547  -29.565  -15.976  74.630 0.0000000000
53612  -33.663  -14.611  74.057 0.0000000000
53621  -30.672  -15.380  72.435 0.0000000000
149920  -27.589  -16.421  71.479 0.0000000000
133570  -46.382  -10.821  74.479 0.0000000000
52445  -32.810  -16.719  83.216 0.0000000000
133087  -38.231  -14.408  81.293 0.0000000000
57763  -41.087  -11.855  79.402 0.0000000000
59687  -46.843  -9.628  72.177 0.0000000000
60574  -47.723  -8.658  70.245 0.0000000000
61565  -48.979  -7.808  66.848 0.0000000000
133768  -51.660  -6.475  66.790 0.0000000000
144577  -49.555  -6.928  63.660 0.0000000000
63797  -49.316  -6.072  60.981 0.0000000000
137087  -49.727  -3.701  59.510 0.0000000000
67873  -48.109  -0.820  59.217 0.0000000000
69790  -56.549  -0.319  60.677 0.0000000000
70719  -51.476  1.129  59.288 0.0000000000
70748  -48.169  1.839  56.586 0.0000000000
71723  -48.458  2.872  54.582 0.0000000000
75512  -56.013  6.171  53.494 0.0000000000
53452  -17.892  -16.440  86.510 0.0000000000
52468  -19.428  -16.446  80.288 0.0000000000
54554  -22.537  -14.436  82.236 0.0000000000
53557  -21.380  -16.000  79.916 0.0000000000
50539  -28.849  -19.674  78.771 0.0000000000
51524  -26.368  -18.794  76.856 0.0000000000
51555  -23.528  -17.525  74.039 0.0000000000
46193  -19.693  -23.590  73.382 0.0000000000
54678  -42.718  -14.737  70.024 0.0000000000
57924  -43.164  -12.331  70.074 0.0000000000
56798  -43.816  -13.255  71.495 0.0000000000
138926  -42.734  -14.410  73.517 0.0000000000
147744  -41.722  -15.639  72.054 0.0000000000
54679  -42.282  -15.235  71.010 0.0000000000
142270  -41.757  -15.061  68.387 0.0000000000
128967  -45.147  -1.877  55.301 0.0000000000
68923  -44.774  -0.703  53.741 0.0000000000
69866  -44.756  0.036  53.079 0.0000000000
69858  -45.757  0.173  54.326 0.0000000000
48627  -31.916  -20.308  85.118 0.0000000000
49505  -30.074  -18.808  83.781 0.0000000000
48644  -31.126  -19.691  83.005 0.0000000000
57980  -34.451  -11.942  59.185 0.0000000000
58916  -33.589  -10.046  60.014 0.0000000000
127021  -44.308  -6.969  64.514 0.0000000000
151289  -42.812  -6.404  63.250 0.0000000000
62643  -44.586  -6.292  62.681 0.0000000000
62657  -45.217  -6.275  61.702 0.0000000000
127015  -46.383  -6.485  63.062 0.0000000000
55660  -39.328  -13.783  78.534 0.0000000000
53567  -37.021  -15.358  78.075 0.0000000000
56714  -37.086  -13.009  78.174 0.0000000000
55751  -31.690  -13.186  67.444 0.0000000000
55726  -31.378  -13.606  68.918 0.0000000000
54718  -30.368  -14.172  66.981 0.0000000000
54715  -27.804  -14.707  66.161 0.0000000000
56920  -34.503  -12.511  60.237 0.0000000000
55843  -34.263  -14.036  59.167 0.0000000000
55858  -34.516  -13.849  58.923 0.0000000000
124913  -55.344  5.699  61.262 0.0000000000
124912  -56.840  5.442  59.601 0.0000000000
135551  -55.096  4.500  56.974 0.0000000000
74489  -57.945  4.915  57.921 0.0000000000
124801  -22.915  -15.310  89.650 0.0000000000
54493  -22.187  -15.164  86.967 0.0000000000
54507  -23.165  -14.212  86.784 0.0000000000
53578  -23.670  -15.307  76.385 0.0000000000
53570  -22.831  -15.222  77.825 0.0000000000
51522  -21.394  -17.242  76.382 0.0000000000
49612  -21.151  -19.605  76.801 0.0000000000
48695  -20.537  -19.998  75.910 0.0000000000
51565  -27.149  -17.736  73.928 0.0000000000
50585  -26.593  -20.249  74.741 0.0000000000
50596  -25.935  -18.941  72.911 0.0000000000
57951  -39.041  -11.915  64.984 0.0000000000
58895  -37.613  -10.538  64.876 0.0000000000
58879  -39.347  -10.765  66.780 0.0000000000
59706  -42.813  -9.371  69.833 0.0000000000
60585  -41.329  -8.816  68.174 0.0000000000
60587  -42.402  -8.043  68.506 0.0000000000
61561  -43.455  -7.219  67.386 0.0000000000
60588  -44.135  -8.100  68.961 0.0000000000
141802  -38.992  -10.402  74.128 0.0000000000
57863  -38.493  -12.224  74.532 0.0000000000
57879  -39.079  -12.395  73.782 0.0000000000
56818  -38.255  -13.003  69.798 0.0000000000
56806  -37.557  -12.685  70.675 0.0000000000
56828  -36.650  -12.240  68.962 0.0000000000
128716  -35.243  -12.144  68.831 0.0000000000
130298  -36.045  -11.993  67.381 0.0000000000
56851  -34.935  -12.349  66.015 0.0000000000
56853  -36.483  -12.662  66.574 0.0000000000
56855  -39.958  -13.417  65.921 0.0000000000
54728  -38.277  -14.978  64.158 0.0000000000
56881  -38.681  -13.919  64.197 0.0000000000
57962  -37.554  -13.106  62.921 0.0000000000
50446  -27.017  -18.320  87.239 0.0000000000
51428  -26.076  -16.874  86.465 0.0000000000
51434  -27.526  -17.682  85.769 0.0000000000
51461  -29.314  -17.425  81.481 0.0000000000
52444  -28.700  -16.345  82.145 0.0000000000
52470  -27.857  -16.068  80.735 0.0000000000
53560  -27.509  -14.918  79.492 0.0000000000
52490  -27.347  -16.454  78.783 0.0000000000
61613  -37.985  -7.795  63.941 0.0000000000
60645  -36.488  -8.147  61.732 0.0000000000
61630  -38.503  -7.595  62.379 0.0000000000
62678  -40.658  -6.202  59.954 0.0000000000
153060  -39.061  -6.414  59.909 0.0000000000
133691  -39.794  -5.878  58.713 0.0000000000
63817  -45.828  -6.625  58.052 0.0000000000
63827  -44.717  -5.714  57.262 0.0000000000
63828  -45.410  -5.355  57.363 0.0000000000
65932  -45.506  -3.851  56.461 0.0000000000
64959  -46.925  -4.931  57.892 0.0000000000
50489  -35.732  -18.735  81.223 0.0000000000
49554  -34.132  -19.414  80.476 0.0000000000
49597  -35.501  -19.170  79.359 0.0000000000
144762  -33.539  -17.349  76.226 0.0000000000
51510  -33.288  -18.238  76.723 0.0000000000
51542  -32.079  -17.287  75.911 0.0000000000
52527  -30.209  -16.731  76.210 0.0000000000
52549  -31.494  -15.787  74.980 0.0000000000
55688  -36.071  -12.687  73.619 0.0000000000
55679  -35.459  -13.433  74.742 0.0000000000
55686  -34.761  -13.850  73.297 0.0000000000
53655  -29.919  -15.240  70.047 0.0000000000
138824  -31.456  -15.055  72.073 0.0000000000
53631  -29.844  -15.620  71.377 0.0000000000
52574  -29.248  -15.844  72.067 0.0000000000
138326  -32.255  -12.583  62.992 0.0000000000
56665  -39.317  -13.230  80.618 0.0000000000
59633  -40.224  -8.974  76.495 0.0000000000
58814  -46.935  -10.661  73.156 0.0000000000
60551  -49.441  -8.381  71.363 0.0000000000
148078  -50.235  -8.141  70.221 0.0000000000
61545  -48.503  -8.166  68.530 0.0000000000
61547  -50.504  -8.414  68.890 0.0000000000
62624  -52.115  -6.272  65.211 0.0000000000
62601  -50.554  -7.228  65.140 0.0000000000
62636  -50.859  -6.020  63.940 0.0000000000
126519  -48.977  -6.772  62.880 0.0000000000
63793  -50.480  -5.490  62.391 0.0000000000
66892  -52.400  -2.927  59.739 0.0000000000
65890  -51.195  -4.063  60.197 0.0000000000
136296  -51.112  -2.791  59.643 0.0000000000
66890  -49.212  -2.340  59.216 0.0000000000
132182  -50.060  -1.009  59.490 0.0000000000
70681  -56.546  1.146  62.723 0.0000000000
72637  -52.586  3.296  59.779 0.0000000000
71661  -52.831  2.531  59.780 0.0000000000
71670  -51.523  2.471  58.497 0.0000000000
70728  -49.566  1.341  58.362 0.0000000000
71679  -49.546  2.625  57.073 0.0000000000
70768  -48.204  2.239  55.936 0.0000000000
71705  -49.849  3.303  55.699 0.0000000000
74555  -51.413  5.853  53.934 0.0000000000
73634  -49.715  4.248  53.323 0.0000000000
74568  -50.037  5.159  51.989 0.0000000000
75483  -57.690  6.168  56.164 0.0000000000
74546  -56.185  5.391  55.708 0.0000000000
75513  -56.863  5.377  54.372 0.0000000000
145580  -20.488  -15.008  84.182 0.0000000000
142424  -19.189  -16.221  84.493 0.0000000000
53520  -19.232  -15.734  82.598 0.0000000000
53532  -18.734  -16.063  81.987 0.0000000000
53533  -20.001  -16.189  81.991 0.0000000000
54543  -24.898  -14.641  83.203 0.0000000000
54542  -24.183  -14.591  83.532 0.0000000000
54556  -24.126  -14.302  82.155 0.0000000000
53558  -22.282  -15.837  79.929 0.0000000000
50537  -22.973  -17.955  79.009 0.0000000000
49576  -30.447  -19.942  79.293 0.0000000000
49575  -29.872  -20.281  79.219 0.0000000000
49591  -29.047  -20.429  77.854 0.0000000000
49621  -25.858  -20.404  75.212 0.0000000000
50570  -26.730  -20.197  76.394 0.0000000000
50578  -24.965  -19.201  75.149 0.0000000000
51538  -24.650  -17.537  75.288 0.0000000000
50583  -23.735  -18.641  73.841 0.0000000000
47000  -19.628  -23.168  74.109 0.0000000000
57934  -41.222  -13.514  67.393 0.0000000000
141479  -40.518  -11.257  67.583 0.0000000000
57922  -41.839  -11.580  69.100 0.0000000000
58855  -42.431  -10.861  69.607 0.0000000000
59693  -44.201  -9.864  70.547 0.0000000000
57880  -40.277  -11.798  73.657 0.0000000000
149440  -39.944  -13.117  73.219 0.0000000000
55703  -40.825  -14.017  72.643 0.0000000000
55721  -39.892  -14.084  70.314 0.0000000000
55741  -39.369  -13.945  68.075 0.0000000000
55752  -38.637  -14.020  66.878 0.0000000000
55742  -40.249  -14.341  67.513 0.0000000000
55755  -41.106  -14.688  67.223 0.0000000000
70799  -46.339  1.657  52.084 0.0000000000
49457  -29.064  -19.420  87.106 0.0000000000
50459  -28.209  -18.167  85.266 0.0000000000
49494  -28.915  -19.428  85.064 0.0000000000
50475  -29.438  -18.449  83.022 0.0000000000
137513  -29.626  -18.216  81.036 0.0000000000
61617  -40.980  -7.405  64.286 0.0000000000
61632  -40.079  -7.013  62.983 0.0000000000
137325  -41.602  -6.829  63.095 0.0000000000
153034  -41.726  -6.176  62.036 0.0000000000
140117  -42.146  -6.184  60.560 0.0000000000
63814  -42.764  -5.900  58.646 0.0000000000
62681  -43.921  -6.160  59.726 0.0000000000
134451  -45.656  -6.708  59.585 0.0000000000
136891  -47.050  -6.659  59.343 0.0000000000
52483  -38.446  -16.743  79.850 0.0000000000
50545  -36.525  -18.422  78.840 0.0000000000
52502  -37.301  -17.060  77.991 0.0000000000
131767  -35.721  -16.547  77.214 0.0000000000
52531  -34.640  -16.167  76.006 0.0000000000
55719  -34.560  -12.905  70.925 0.0000000000
55697  -33.802  -13.989  72.025 0.0000000000
129174  -32.415  -13.386  70.118 0.0000000000
54692  -31.110  -13.957  69.590 0.0000000000
149045  -28.838  -15.055  68.412 0.0000000000
129295  -27.363  -15.004  67.916 0.0000000000
53668  -27.879  -14.937  67.139 0.0000000000
139682  -33.272  -12.948  61.253 0.0000000000
130708  -32.757  -13.405  59.658 0.0000000000
64886  -54.190  -4.437  63.357 0.0000000000
64901  -52.574  -4.606  62.187 0.0000000000
64916  -54.402  -3.910  61.802 0.0000000000
66882  -54.502  -2.588  61.075 0.0000000000
145485  -53.919  -1.817  59.806 0.0000000000
73532  -54.960  4.233  64.860 0.0000000000
72604  -56.375  2.624  62.986 0.0000000000
73556  -54.331  4.565  61.931 0.0000000000
73571  -53.242  4.565  60.057 0.0000000000
73578  -52.944  4.229  58.174 0.0000000000
72667  -52.395  2.923  55.827 0.0000000000
73595  -53.237  3.462  56.024 0.0000000000
74521  -53.240  5.016  55.598 0.0000000000
74542  -53.159  5.736  54.285 0.0000000000
74547  -60.008  4.670  54.753 0.0000000000
74572  -58.583  5.490  52.916 0.0000000000
74586  -59.339  5.024  52.357 0.0000000000
52374  -20.426  -16.538  90.329 0.0000000000
53433  -19.771  -15.878  87.566 0.0000000000
127658  -21.324  -15.608  87.206 0.0000000000
53478  -21.482  -15.234  85.609 0.0000000000
54529  -21.136  -14.639  84.225 0.0000000000
54602  -25.168  -14.513  79.701 0.0000000000
150237  -24.164  -14.689  80.661 0.0000000000
54600  -23.815  -15.331  79.536 0.0000000000
52488  -22.526  -15.715  78.368 0.0000000000
51505  -22.501  -17.359  78.381 0.0000000000
50553  -22.406  -18.202  78.198 0.0000000000
49601  -21.879  -19.234  77.874 0.0000000000
50571  -28.379  -19.245  76.365 0.0000000000
49616  -28.116  -20.413  76.794 0.0000000000
49624  -27.550  -20.241  76.225 0.0000000000
49630  -26.407  -20.642  74.957 0.0000000000
48702  -24.862  -19.882  73.963 0.0000000000
57960  -36.165  -11.629  62.571 0.0000000000
59767  -34.938  -9.913  61.895 0.0000000000
59760  -36.463  -9.942  63.635 0.0000000000
59757  -37.409  -9.522  64.743 0.0000000000
60623  -39.238  -8.197  65.530 0.0000000000
59730  -40.267  -9.494  67.616 0.0000000000
61557  -40.117  -8.006  66.886 0.0000000000
61598  -40.531  -7.661  65.668 0.0000000000
61579  -42.393  -7.327  66.329 0.0000000000
62576  -43.821  -7.210  65.886 0.0000000000
62597  -45.694  -6.859  65.418 0.0000000000
58748  -39.075  -10.803  77.028 0.0000000000
56747  -36.949  -12.005  76.813 0.0000000000
151128  -37.784  -12.394  75.491 0.0000000000
56769  -38.019  -13.063  74.860 0.0000000000
55700  -36.209  -12.698  72.837 0.0000000000
56789  -38.832  -13.255  72.649 0.0000000000
56795  -37.072  -12.595  71.465 0.0000000000
56794  -36.179  -12.545  71.380 0.0000000000
56803  -34.688  -12.378  70.222 0.0000000000
56825  -33.093  -12.394  68.114 0.0000000000
56848  -32.171  -12.950  66.090 0.0000000000
55790  -31.210  -13.183  65.032 0.0000000000
56864  -32.761  -12.720  65.483 0.0000000000
56877  -33.733  -12.850  64.517 0.0000000000
56889  -34.447  -13.373  63.406 0.0000000000
55780  -38.135  -14.803  64.965 0.0000000000
55792  -36.516  -14.394  63.103 0.0000000000
55802  -35.274  -13.663  62.494 0.0000000000
55812  -35.977  -13.504  62.029 0.0000000000
56901  -36.492  -13.046  61.923 0.0000000000
146421  -58.353  5.579  58.217 0.0000000000
77536  -57.108  8.568  58.002 0.0000000000
76518  -56.485  7.691  55.796 0.0000000000
77576  -56.810  8.402  54.887 0.0000000000
76548  -59.611  6.961  55.810 0.0000000000
75516  -60.547  5.584  53.560 0.0000000000
51412  -24.906  -17.184  88.814 0.0000000000
53458  -24.329  -15.577  86.532 0.0000000000
52400  -25.351  -16.657  86.706 0.0000000000
52419  -25.610  -16.144  85.019 0.0000000000
53513  -26.234  -15.392  83.509 0.0000000000
148901  -28.127  -16.276  83.831 0.0000000000
52430  -27.205  -15.472  83.115 0.0000000000
54574  -26.146  -14.938  81.014 0.0000000000
151522  -26.516  -14.474  79.876 0.0000000000
53572  -25.542  -14.700  77.470 0.0000000000
53579  -24.493  -15.156  76.279 0.0000000000
126767  -35.619  -8.513  61.456 0.0000000000
61640  -35.841  -7.808  59.923 0.0000000000
62663  -38.671  -7.080  60.932 0.0000000000
66914  -45.569  -3.025  56.116 0.0000000000
67902  -46.162  -1.592  56.332 0.0000000000
49508  -33.113  -19.324  83.106 0.0000000000
48661  -32.159  -19.903  82.194 0.0000000000
128472  -33.407  -19.330  81.175 0.0000000000
49578  -32.657  -19.245  79.389 0.0000000000
50540  -31.245  -19.091  78.335 0.0000000000
50561  -34.682  -18.826  77.694 0.0000000000
50559  -32.942  -18.615  77.501 0.0000000000
51507  -30.522  -18.141  77.320 0.0000000000
51541  -29.549  -17.387  76.352 0.0000000000
51559  -28.629  -16.849  74.687 0.0000000000
52561  -27.646  -16.845  73.348 0.0000000000
152253  -36.111  -13.733  76.251 0.0000000000
53600  -35.147  -14.676  74.965 0.0000000000
53598  -33.818  -15.101  74.740 0.0000000000
54650  -33.389  -14.445  72.746 0.0000000000
53611  -32.122  -15.312  73.519 0.0000000000
53596  -31.525  -15.533  74.183 0.0000000000
53608  -29.718  -15.576  73.665 0.0000000000
52573  -28.355  -16.377  72.511 0.0000000000
55800  -30.142  -13.353  63.918 0.0000000000
140350  -44.009  -13.300  74.159 0.0000000000
56783  -45.512  -13.139  73.983 0.0000000000
52358  -21.092  -16.746  91.391 0.0000000000
51398  -24.434  -17.254  90.505 0.0000000000
51407  -25.745  -18.696  90.210 0.0000000000
50422  -26.350  -18.937  89.816 0.0000000000
50440  -30.530  -19.238  87.804 0.0000000000
50450  -31.976  -18.511  86.387 0.0000000000
50461  -32.548  -18.830  84.996 0.0000000000
51446  -32.747  -18.129  83.856 0.0000000000
51448  -34.167  -17.676  83.186 0.0000000000
52447  -35.440  -16.832  82.702 0.0000000000
51456  -36.699  -16.676  81.277 0.0000000000
54561  -37.049  -15.189  81.753 0.0000000000
52461  -38.294  -15.701  80.783 0.0000000000
54582  -38.843  -14.929  80.802 0.0000000000
55649  -39.688  -13.531  79.480 0.0000000000
56718  -41.096  -12.637  77.994 0.0000000000
58738  -41.071  -11.375  77.791 0.0000000000
58759  -39.315  -10.134  76.507 0.0000000000
59640  -39.756  -9.132  75.474 0.0000000000
57881  -42.901  -12.445  73.693 0.0000000000
57895  -45.340  -11.938  72.475 0.0000000000
57908  -45.403  -10.862  72.108 0.0000000000
59695  -45.849  -9.744  70.786 0.0000000000
145866  -48.504  -8.448  73.008 0.0000000000
60560  -47.238  -8.692  70.995 0.0000000000
60572  -45.931  -8.616  69.506 0.0000000000
61543  -46.041  -7.613  68.494 0.0000000000
62570  -47.113  -7.302  67.299 0.0000000000
62580  -47.492  -6.905  66.035 0.0000000000
61583  -50.539  -7.359  66.862 0.0000000000
61601  -49.126  -7.404  65.062 0.0000000000
62620  -47.352  -7.091  64.332 0.0000000000
62646  -47.910  -7.164  62.226 0.0000000000
62659  -48.086  -6.915  61.136 0.0000000000
63809  -48.644  -6.063  59.625 0.0000000000
64913  -51.198  -5.164  61.009 0.0000000000
63803  -49.964  -5.309  59.920 0.0000000000
64949  -48.996  -5.174  58.738 0.0000000000
153037  -48.199  -3.850  58.472 0.0000000000
132608  -47.347  -2.149  58.006 0.0000000000
68877  -46.657  -0.518  57.279 0.0000000000
69791  -56.819  -1.166  60.941 0.0000000000
68861  -54.321  -0.675  59.738 0.0000000000
138762  -56.217  1.547  60.517 0.0000000000
70720  -53.856  0.783  59.846 0.0000000000
149046  -51.586  -0.318  59.465 0.0000000000
70717  -50.055  0.582  59.417 0.0000000000
69819  -48.186  0.443  57.856 0.0000000000
69831  -47.170  0.819  56.506 0.0000000000
126671  -47.422  1.409  55.057 0.0000000000
70796  -47.479  1.889  53.750 0.0000000000
71747  -47.406  2.724  52.445 0.0000000000
72695  -49.788  3.577  54.539 0.0000000000
72709  -48.698  3.461  53.267 0.0000000000
71752  -47.405  2.781  51.478 0.0000000000
74512  -57.397  4.689  56.851 0.0000000000
74544  -54.682  5.545  54.448 0.0000000000
75510  -53.566  6.190  53.441 0.0000000000
75538  -56.250  5.986  51.863 0.0000000000
75535  -54.233  6.220  51.587 0.0000000000
74584  -52.564  6.238  51.202 0.0000000000
127273  -18.835  -16.209  86.436 0.0000000000
152127  -23.541  -14.581  85.525 0.0000000000
54541  -22.357  -14.548  83.581 0.0000000000
54553  -21.514  -14.240  82.544 0.0000000000
54590  -22.906  -15.016  80.688 0.0000000000
54570  -21.799  -14.440  81.731 0.0000000000
147721  -20.530  -15.685  81.368 0.0000000000
52469  -20.441  -16.170  79.987 0.0000000000
49533  -31.023  -19.300  81.019 0.0000000000
50501  -29.940  -19.751  80.501 0.0000000000
50523  -28.357  -18.581  78.886 0.0000000000
50555  -27.788  -20.078  77.259 0.0000000000
135176  -27.452  -19.012  77.761 0.0000000000
51494  -27.247  -17.795  78.290 0.0000000000
52510  -26.130  -17.143  77.140 0.0000000000
52525  -24.878  -16.347  75.791 0.0000000000
51553  -21.694  -17.433  74.509 0.0000000000
48721  -22.672  -20.062  72.025 0.0000000000
48713  -21.839  -20.141  72.042 0.0000000000
49642  -21.383  -19.804  72.578 0.0000000000
49634  -20.776  -19.475  73.140 0.0000000000
49626  -20.204  -19.358  73.951 0.0000000000
49619  -20.144  -19.516  74.962 0.0000000000
55723  -43.151  -14.375  71.137 0.0000000000
55715  -44.500  -13.623  72.792 0.0000000000
54641  -43.347  -14.405  73.526 0.0000000000
54653  -42.387  -15.077  73.238 0.0000000000
54665  -42.718  -14.911  72.166 0.0000000000
67913  -45.781  -1.526  55.588 0.0000000000
67929  -44.877  -1.496  54.445 0.0000000000
68916  -45.480  -0.691  54.493 0.0000000000
68924  -45.106  -0.029  53.949 0.0000000000
68917  -46.147  -0.436  54.841 0.0000000000
48635  -31.273  -19.922  83.748 0.0000000000
48645  -31.665  -20.042  83.283 0.0000000000
58920  -34.184  -11.019  59.723 0.0000000000
58917  -34.372  -10.790  60.418 0.0000000000
127020  -45.148  -6.606  64.249 0.0000000000
127017  -44.468  -6.581  63.700 0.0000000000
127016  -45.358  -6.395  63.415 0.0000000000
127019  -46.009  -6.417  64.066 0.0000000000
56716  -39.517  -12.773  78.603 0.0000000000
55659  -37.800  -13.690  78.647 0.0000000000
56715  -38.048  -12.750  78.675 0.0000000000
55763  -30.829  -13.612  66.466 0.0000000000
55750  -31.028  -13.678  67.189 0.0000000000
57969  -34.795  -11.777  60.860 0.0000000000
56928  -34.587  -12.939  59.340 0.0000000000
56939  -34.489  -13.060  58.651 0.0000000000
138602  -57.225  5.743  60.693 0.0000000000
124901  -56.762  5.634  61.227 0.0000000000
75447  -57.282  5.609  59.324 0.0000000000
74478  -57.501  5.130  58.590 0.0000000000
75453  -58.692  5.022  58.367 0.0000000000
126452  -23.208  -15.509  89.598 0.0000000000
124804  -23.094  -14.611  88.775 0.0000000000
125869  -23.633  -15.347  88.234 0.0000000000
53586  -23.027  -15.633  75.799 0.0000000000
52508  -22.407  -15.976  76.246 0.0000000000
52521  -21.855  -16.599  75.817 0.0000000000
50567  -20.997  -17.993  76.252 0.0000000000
146699  -20.964  -17.654  75.700 0.0000000000
50593  -26.512  -18.512  73.488 0.0000000000
57940  -39.182  -11.391  65.840 0.0000000000
60570  -43.446  -8.823  69.975 0.0000000000
60569  -42.695  -8.526  69.374 0.0000000000
153290  -43.496  -8.291  69.487 0.0000000000
61524  -43.188  -7.865  68.877 0.0000000000
58779  -38.906  -11.462  74.061 0.0000000000
58795  -39.505  -11.518  73.697 0.0000000000
56830  -38.451  -13.260  68.814 0.0000000000
150778  -37.848  -12.880  69.265 0.0000000000
56829  -37.616  -12.734  68.661 0.0000000000
138906  -36.994  -12.293  68.222 0.0000000000
56840  -36.831  -12.365  67.503 0.0000000000
57952  -39.697  -12.542  65.384 0.0000000000
56870  -39.626  -13.527  65.333 0.0000000000
56869  -39.360  -13.098  64.785 0.0000000000
57957  -38.718  -12.637  64.253 0.0000000000
50447  -27.749  -18.435  86.949 0.0000000000
51429  -27.200  -18.028  86.550 0.0000000000
50453  -27.916  -18.378  86.130 0.0000000000
52459  -28.557  -16.733  81.020 0.0000000000
126936  -27.787  -15.757  79.956 0.0000000000
52482  -27.862  -16.663  79.462 0.0000000000
61614  -38.764  -7.631  64.140 0.0000000000
61620  -37.847  -7.882  62.990 0.0000000000
61621  -38.677  -7.615  63.272 0.0000000000
63807  -41.010  -6.119  59.162 0.0000000000
63806  -40.165  -6.049  59.278 0.0000000000
63818  -46.348  -6.311  58.296 0.0000000000
63829  -46.004  -6.003  57.698 0.0000000000
64958  -46.175  -5.061  57.407 0.0000000000
151200  -46.942  -5.559  58.352 0.0000000000
50490  -36.230  -18.251  80.679 0.0000000000
49538  -35.888  -18.782  80.438 0.0000000000
49557  -35.951  -18.684  79.832 0.0000000000
51543  -32.858  -17.462  75.713 0.0000000000
52529  -32.225  -16.630  75.380 0.0000000000
52528  -31.257  -16.484  75.787 0.0000000000
140622  -35.373  -13.176  72.924 0.0000000000
55687  -35.254  -13.351  73.949 0.0000000000
55698  -34.613  -13.662  72.497 0.0000000000
53654  -29.365  -15.585  69.920 0.0000000000
53645  -30.389  -15.115  70.846 0.0000000000
53644  -29.637  -15.669  70.640 0.0000000000
53630  -29.181  -16.048  71.202 0.0000000000
53643  -28.953  -15.920  70.473 0.0000000000
56907  -31.640  -12.646  61.920 0.0000000000
134033  -50.127  -8.496  69.485 0.0000000000
131386  -53.004  -6.003  63.962 0.0000000000
63779  -52.638  -5.657  64.857 0.0000000000
63778  -51.674  -6.044  64.491 0.0000000000
63787  -50.573  -5.550  63.250 0.0000000000
128861  -51.561  -2.125  59.693 0.0000000000
67875  -50.585  -1.934  59.528 0.0000000000
152457  -51.259  -1.192  59.640 0.0000000000
72595  -54.062  3.196  64.173 0.0000000000
71606  -54.951  1.915  63.728 0.0000000000
70666  -56.263  1.431  63.673 0.0000000000
71627  -56.426  1.684  63.409 0.0000000000
72646  -51.995  3.185  57.868 0.0000000000
71671  -52.142  2.695  59.200 0.0000000000
71669  -50.671  2.541  57.944 0.0000000000
71680  -50.623  3.374  56.965 0.0000000000
71690  -49.826  3.192  56.254 0.0000000000
72655  -50.595  3.172  56.299 0.0000000000
74570  -51.303  5.917  52.901 0.0000000000
74554  -50.688  5.393  53.385 0.0000000000
74569  -50.562  5.679  52.456 0.0000000000
74583  -51.302  6.017  51.892 0.0000000000
136297  -57.324  5.844  55.671 0.0000000000
75514  -58.169  5.385  54.986 0.0000000000
52379  -18.873  -16.972  88.274 0.0000000000
53511  -20.182  -15.072  83.597 0.0000000000
138489  -19.913  -15.464  82.841 0.0000000000
147897  -24.329  -14.463  82.749 0.0000000000
50536  -22.729  -17.628  79.125 0.0000000000
49607  -30.302  -19.785  78.584 0.0000000000
49592  -29.533  -20.115  78.474 0.0000000000
49606  -29.084  -20.469  77.812 0.0000000000
49620  -25.148  -19.583  74.953 0.0000000000
50579  -25.553  -19.749  75.616 0.0000000000
50584  -24.440  -19.360  74.434 0.0000000000
57930  -41.511  -12.531  68.352 0.0000000000
56819  -41.914  -12.923  69.000 0.0000000000
57923  -42.541  -11.992  69.571 0.0000000000
58856  -43.043  -11.240  70.129 0.0000000000
58840  -43.735  -10.589  70.486 0.0000000000
150729  -41.394  -12.167  73.717 0.0000000000
56780  -40.693  -12.425  73.661 0.0000000000
145043  -41.452  -13.867  73.212 0.0000000000
131449  -41.700  -15.380  70.998 0.0000000000
55722  -40.765  -14.609  70.741 0.0000000000
55731  -40.737  -14.917  69.259 0.0000000000
55730  -39.944  -14.282  69.117 0.0000000000
142484  -39.962  -14.199  68.325 0.0000000000
55743  -40.787  -15.158  67.867 0.0000000000
55744  -41.203  -15.148  67.624 0.0000000000
56831  -41.647  -14.303  67.887 0.0000000000
56844  -40.773  -14.053  66.970 0.0000000000
67948  -43.648  -1.477  52.677 0.0000000000
69864  -45.374  0.563  53.695 0.0000000000
70798  -45.787  1.223  52.378 0.0000000000
141728  -29.730  -19.814  86.483 0.0000000000
49483  -29.548  -19.720  85.588 0.0000000000
49518  -30.349  -18.784  82.765 0.0000000000
49517  -29.480  -18.658  83.466 0.0000000000
145072  -29.951  -18.547  82.858 0.0000000000
50487  -29.757  -18.225  81.809 0.0000000000
50488  -29.927  -18.853  81.099 0.0000000000
59776  -33.503  -9.579  58.629 0.0000000000
62616  -41.779  -7.190  64.333 0.0000000000
61624  -41.363  -7.209  63.628 0.0000000000
126398  -42.198  -6.816  63.638 0.0000000000
127013  -42.998  -6.264  62.541 0.0000000000
62642  -42.165  -6.413  62.692 0.0000000000
62655  -42.429  -6.190  61.820 0.0000000000
153175  -42.284  -6.178  61.207 0.0000000000
62667  -42.848  -6.373  61.003 0.0000000000
129146  -43.031  -6.379  60.166 0.0000000000
62668  -43.808  -6.326  60.778 0.0000000000
62658  -46.140  -6.444  61.080 0.0000000000
127081  -45.418  -6.607  60.630 0.0000000000
130485  -46.523  -6.743  59.569 0.0000000000
148077  -47.018  -6.288  60.780 0.0000000000
53561  -38.729  -15.929  79.402 0.0000000000
52491  -37.840  -17.351  78.709 0.0000000000
53575  -37.943  -16.435  78.554 0.0000000000
126193  -36.427  -15.223  77.362 0.0000000000
53574  -36.796  -16.122  77.690 0.0000000000
53582  -35.657  -15.780  76.446 0.0000000000
52513  -35.211  -16.470  76.456 0.0000000000
52532  -35.296  -15.624  75.962 0.0000000000
55718  -33.847  -12.774  70.435 0.0000000000
55717  -33.090  -13.263  70.621 0.0000000000
55728  -33.086  -12.629  69.797 0.0000000000
150128  -30.779  -13.903  68.465 0.0000000000
54705  -30.162  -14.296  68.454 0.0000000000
54690  -29.922  -14.792  69.251 0.0000000000
54704  -29.458  -14.739  68.415 0.0000000000
54703  -28.926  -14.777  67.567 0.0000000000
55821  -33.836  -12.888  61.179 0.0000000000
55820  -33.349  -13.140  60.689 0.0000000000
55831  -33.967  -13.200  60.092 0.0000000000
138191  -54.859  -4.018  62.525 0.0000000000
64903  -54.826  -4.094  62.195 0.0000000000
141186  -55.455  -3.154  61.829 0.0000000000
66881  -53.612  -2.380  60.099 0.0000000000
67863  -54.722  -1.896  60.727 0.0000000000
125751  -55.373  7.096  63.592 0.0000000000
126386  -54.627  6.706  64.001 0.0000000000
74454  -54.760  5.795  64.111 0.0000000000
73541  -55.342  4.475  64.119 0.0000000000
73549  -55.425  4.473  63.400 0.0000000000
74459  -55.004  5.026  62.575 0.0000000000
125877  -54.798  5.694  60.369 0.0000000000
129510  -54.052  4.999  60.427 0.0000000000
124906  -54.174  5.223  59.636 0.0000000000
73570  -52.788  4.052  59.553 0.0000000000
73579  -53.443  4.771  59.012 0.0000000000
73586  -53.103  4.273  56.846 0.0000000000
73587  -53.647  4.906  57.860 0.0000000000
74510  -54.558  4.623  56.376 0.0000000000
131126  -54.262  4.828  55.668 0.0000000000
151910  -53.170  5.583  55.124 0.0000000000
74543  -53.935  5.329  54.941 0.0000000000
74574  -60.418  3.689  53.054 0.0000000000
74573  -59.844  3.732  53.264 0.0000000000
124795  -21.252  -16.367  89.416 0.0000000000
152272  -20.695  -16.074  88.474 0.0000000000
52392  -21.368  -16.119  88.145 0.0000000000
54506  -22.759  -14.284  86.573 0.0000000000
53456  -21.948  -15.208  86.260 0.0000000000
54517  -21.707  -14.838  84.877 0.0000000000
130556  -24.361  -14.966  79.968 0.0000000000
54601  -24.643  -14.744  79.166 0.0000000000
52498  -22.502  -15.774  77.295 0.0000000000
52497  -22.388  -16.581  78.070 0.0000000000
129429  -21.632  -17.670  77.283 0.0000000000
48696  -21.093  -20.625  76.722 0.0000000000
49638  -26.106  -20.398  74.384 0.0000000000
49637  -25.592  -20.064  73.839 0.0000000000
137831  -26.098  -20.480  74.580 0.0000000000
48708  -25.016  -20.144  73.514 0.0000000000
58905  -35.903  -10.453  63.103 0.0000000000
58906  -36.701  -11.135  63.239 0.0000000000
59748  -37.765  -9.894  65.392 0.0000000000
60621  -37.921  -9.058  65.346 0.0000000000
60622  -38.323  -8.286  65.194 0.0000000000
59750  -38.872  -8.943  65.702 0.0000000000
149357  -41.036  -10.925  67.987 0.0000000000
58880  -39.913  -10.479  67.439 0.0000000000
58868  -40.685  -10.263  67.837 0.0000000000
142864  -41.695  -8.234  68.099 0.0000000000
60597  -40.710  -8.804  67.731 0.0000000000
141534  -40.646  -8.205  67.364 0.0000000000
61576  -39.844  -7.870  66.127 0.0000000000
61558  -40.852  -7.780  67.004 0.0000000000
61578  -41.395  -7.693  66.155 0.0000000000
61559  -41.787  -7.589  67.046 0.0000000000
142977  -44.353  -7.381  67.578 0.0000000000
62566  -43.185  -6.924  66.604 0.0000000000
62567  -44.157  -7.131  66.731 0.0000000000
62577  -44.729  -6.673  65.946 0.0000000000
142572  -44.881  -6.842  66.617 0.0000000000
57832  -38.114  -11.177  76.545 0.0000000000
57846  -38.123  -11.764  75.590 0.0000000000
56770  -38.223  -12.730  74.313 0.0000000000
56760  -38.195  -12.903  75.053 0.0000000000
56777  -38.006  -12.666  73.992 0.0000000000
56776  -37.033  -12.587  74.263 0.0000000000
56787  -37.110  -12.467  73.217 0.0000000000
148326  -39.279  -13.434  72.628 0.0000000000
56779  -39.322  -13.164  73.180 0.0000000000
56797  -38.544  -13.197  71.817 0.0000000000
56796  -37.869  -12.766  71.603 0.0000000000
56804  -35.621  -12.330  70.532 0.0000000000
151283  -35.045  -12.532  70.759 0.0000000000
56815  -35.354  -12.162  69.653 0.0000000000
127256  -35.125  -12.126  67.891 0.0000000000
151899  -34.528  -12.222  68.639 0.0000000000
56826  -34.083  -12.308  68.020 0.0000000000
56837  -32.868  -12.587  67.274 0.0000000000
56838  -33.609  -12.509  67.260 0.0000000000
56849  -33.121  -12.644  66.353 0.0000000000
150378  -34.005  -12.576  66.549 0.0000000000
130634  -34.107  -12.921  65.027 0.0000000000
56866  -34.787  -12.869  65.072 0.0000000000
56878  -34.584  -13.297  64.203 0.0000000000
56879  -35.425  -13.705  64.149 0.0000000000
55753  -39.460  -14.141  67.008 0.0000000000
55767  -38.514  -14.371  65.902 0.0000000000
54744  -38.197  -15.250  63.336 0.0000000000
54727  -37.902  -15.053  64.064 0.0000000000
54726  -37.590  -15.237  63.263 0.0000000000
55803  -36.308  -14.017  62.357 0.0000000000
133776  -37.422  -14.722  62.516 0.0000000000
57961  -37.005  -12.496  62.465 0.0000000000
57965  -35.680  -11.960  61.829 0.0000000000
134913  -56.890  9.283  57.397 0.0000000000
78512  -56.315  9.543  55.780 0.0000000000
151209  -56.658  7.761  55.356 0.0000000000
77578  -59.068  7.761  55.037 0.0000000000
77579  -59.807  7.791  54.764 0.0000000000
76549  -60.158  6.874  55.011 0.0000000000
76557  -60.194  7.810  54.252 0.0000000000
133163  -25.381  -17.931  88.415 0.0000000000
52393  -25.161  -17.251  87.617 0.0000000000
131919  -25.774  -17.241  87.128 0.0000000000
51433  -26.330  -16.454  85.648 0.0000000000
53497  -25.803  -15.907  84.271 0.0000000000
128841  -26.698  -15.956  83.989 0.0000000000
51441  -28.592  -17.953  84.443 0.0000000000
51440  -27.947  -17.295  84.968 0.0000000000
51445  -28.397  -17.051  84.158 0.0000000000
52443  -27.814  -15.682  82.250 0.0000000000
134417  -28.127  -15.867  83.126 0.0000000000
53523  -27.185  -15.286  82.218 0.0000000000
53537  -26.708  -15.062  81.680 0.0000000000
54594  -26.920  -14.509  80.214 0.0000000000
52489  -26.838  -15.445  78.307 0.0000000000
54612  -26.274  -14.713  78.239 0.0000000000
54624  -25.087  -14.690  76.758 0.0000000000
134236  -25.473  -14.954  76.870 0.0000000000
59764  -35.983  -9.424  63.130 0.0000000000
152766  -35.335  -9.270  61.863 0.0000000000
60640  -35.771  -8.864  62.340 0.0000000000
60646  -37.258  -7.928  61.449 0.0000000000
60651  -36.052  -7.876  60.844 0.0000000000
61641  -36.654  -7.795  60.248 0.0000000000
62640  -40.551  -6.651  62.370 0.0000000000
144358  -39.191  -7.356  62.050 0.0000000000
62652  -39.413  -6.856  61.444 0.0000000000
62689  -38.522  -6.313  58.735 0.0000000000
63815  -43.486  -5.842  57.826 0.0000000000
64974  -45.137  -4.569  56.015 0.0000000000
65921  -45.901  -4.012  57.111 0.0000000000
65933  -45.893  -3.329  56.696 0.0000000000
67901  -45.569  -2.141  55.937 0.0000000000
150394  -46.494  -2.522  57.174 0.0000000000
49509  -33.570  -18.978  82.608 0.0000000000
49522  -33.212  -19.582  82.535 0.0000000000
147700  -33.716  -19.238  81.691 0.0000000000
49579  -33.863  -19.540  79.391 0.0000000000
49553  -33.013  -19.154  80.325 0.0000000000
148883  -32.059  -19.376  78.920 0.0000000000
50541  -32.250  -18.931  78.349 0.0000000000
153009  -35.883  -18.122  78.455 0.0000000000
51495  -36.079  -18.509  78.798 0.0000000000
51509  -32.470  -18.134  76.934 0.0000000000
51508  -31.415  -18.104  77.274 0.0000000000
138710  -30.971  -17.581  77.030 0.0000000000
51525  -30.123  -17.596  76.894 0.0000000000
52526  -29.348  -16.858  75.607 0.0000000000
51566  -27.774  -17.220  74.295 0.0000000000
52562  -28.375  -16.475  73.603 0.0000000000
141528  -36.539  -12.610  76.366 0.0000000000
138848  -36.034  -13.126  75.869 0.0000000000
54639  -34.821  -14.076  73.959 0.0000000000
54633  -35.151  -14.151  74.521 0.0000000000
54632  -34.539  -14.585  74.421 0.0000000000
53599  -34.686  -15.087  75.116 0.0000000000
55708  -33.070  -13.996  71.310 0.0000000000
54662  -32.893  -14.476  72.040 0.0000000000
53622  -32.000  -15.168  72.666 0.0000000000
53610  -31.411  -15.378  72.900 0.0000000000
138495  -31.287  -15.458  73.624 0.0000000000
53595  -30.620  -15.509  74.306 0.0000000000
53609  -30.609  -15.446  73.264 0.0000000000
52584  -28.646  -16.237  71.718 0.0000000000
52583  -28.022  -16.535  71.896 0.0000000000
52572  -27.619  -16.687  72.586 0.0000000000
52571  -26.984  -16.673  72.194 0.0000000000
56874  -30.968  -13.015  64.172 0.0000000000
52365  -20.856  -16.811  91.034 0.0000000000
51400  -25.818  -18.410  90.494 0.0000000000
50432  -29.947  -19.295  88.217 0.0000000000
129049  -32.809  -17.338  83.587 0.0000000000
51447  -33.319  -18.050  83.420 0.0000000000
52434  -33.868  -17.300  83.451 0.0000000000
51455  -36.071  -17.140  81.780 0.0000000000
52448  -36.155  -16.349  81.943 0.0000000000
55624  -37.725  -13.452  81.378 0.0000000000
144881  -37.429  -14.282  81.461 0.0000000000
54562  -37.726  -14.929  81.478 0.0000000000
53530  -37.411  -15.391  81.375 0.0000000000
54581  -38.523  -15.007  81.035 0.0000000000
53544  -38.577  -15.369  80.776 0.0000000000
137682  -38.871  -14.478  80.940 0.0000000000
56679  -40.207  -12.821  80.152 0.0000000000
55639  -39.694  -13.399  80.122 0.0000000000
55640  -40.469  -12.809  79.428 0.0000000000
55650  -40.570  -12.773  78.554 0.0000000000
56695  -41.169  -12.502  78.706 0.0000000000
57798  -41.185  -11.209  77.934 0.0000000000
58750  -41.145  -10.589  77.865 0.0000000000
58749  -40.084  -10.274  77.769 0.0000000000
131507  -40.768  -9.831  77.628 0.0000000000
130126  -39.444  -9.543  74.392 0.0000000000
56771  -43.808  -13.197  74.120 0.0000000000
56774  -45.777  -12.284  74.226 0.0000000000
56790  -45.381  -13.005  72.980 0.0000000000
57884  -46.312  -11.698  74.184 0.0000000000
59676  -47.287  -9.830  72.842 0.0000000000
58813  -46.432  -10.933  72.661 0.0000000000
58825  -46.084  -9.985  71.909 0.0000000000
58842  -45.239  -10.205  71.290 0.0000000000
59696  -46.619  -9.260  71.398 0.0000000000
60575  -48.923  -8.972  70.380 0.0000000000
60562  -49.042  -9.319  71.032 0.0000000000
60561  -48.529  -9.116  70.906 0.0000000000
60573  -46.811  -8.539  69.928 0.0000000000
61527  -46.557  -8.176  69.076 0.0000000000
61528  -47.369  -8.474  69.468 0.0000000000
137985  -49.030  -8.069  67.818 0.0000000000
131334  -47.542  -7.947  67.969 0.0000000000
61564  -48.095  -7.692  67.270 0.0000000000
62579  -46.768  -6.976  66.571 0.0000000000
61580  -48.274  -7.399  66.384 0.0000000000
62582  -52.502  -5.805  66.586 0.0000000000
61567  -51.076  -7.639  67.658 0.0000000000
148040  -51.080  -6.977  67.043 0.0000000000
62622  -50.100  -7.090  64.235 0.0000000000
61602  -49.879  -7.725  65.513 0.0000000000
142061  -49.304  -7.164  64.281 0.0000000000
62621  -48.260  -7.193  64.505 0.0000000000
129962  -48.696  -7.107  63.626 0.0000000000
128506  -47.764  -7.198  63.677 0.0000000000
62648  -48.917  -6.332  61.954 0.0000000000
62647  -48.200  -7.120  61.927 0.0000000000
62660  -48.399  -6.760  61.332 0.0000000000
152210  -47.878  -6.595  60.379 0.0000000000
63801  -48.469  -6.368  60.520 0.0000000000
64915  -52.841  -4.119  61.570 0.0000000000
64914  -51.806  -4.759  61.503 0.0000000000
64925  -51.874  -4.349  60.791 0.0000000000
65902  -50.597  -3.505  59.802 0.0000000000
64938  -50.272  -4.388  59.959 0.0000000000
64937  -49.574  -4.691  59.404 0.0000000000
63810  -49.285  -5.541  59.393 0.0000000000
65912  -49.059  -4.066  58.713 0.0000000000
66889  -48.539  -1.663  59.195 0.0000000000
66898  -47.928  -2.163  58.732 0.0000000000
151629  -47.857  -1.351  58.978 0.0000000000
67894  -47.148  -1.241  57.733 0.0000000000
68868  -47.655  -0.902  58.549 0.0000000000
69778  -56.814  -0.293  61.226 0.0000000000
68849  -56.079  -1.038  60.404 0.0000000000
69806  -55.067  -0.071  59.946 0.0000000000
72614  -56.268  2.757  61.631 0.0000000000
71650  -54.739  2.494  60.954 0.0000000000
71660  -51.965  1.899  59.567 0.0000000000
140762  -53.429  1.614  59.714 0.0000000000
135357  -52.631  1.020  59.466 0.0000000000
69805  -53.342  0.206  59.744 0.0000000000
137116  -52.059  0.365  59.391 0.0000000000
68859  -50.532  -0.241  59.492 0.0000000000
69804  -51.029  0.448  59.295 0.0000000000
70738  -49.194  1.641  57.605 0.0000000000
70727  -48.869  0.904  58.087 0.0000000000
70737  -48.212  1.340  57.340 0.0000000000
69818  -47.334  0.793  57.289 0.0000000000
70747  -47.580  1.368  56.821 0.0000000000
70766  -47.157  0.796  55.521 0.0000000000
70767  -47.613  1.565  55.970 0.0000000000
71703  -47.942  2.122  55.017 0.0000000000
71722  -48.070  2.069  54.018 0.0000000000
71738  -46.848  2.163  52.944 0.0000000000
71739  -47.718  2.424  53.340 0.0000000000
72680  -52.295  2.775  55.830 0.0000000000
72679  -51.209  3.104  55.754 0.0000000000
73603  -51.431  3.399  55.545 0.0000000000
73644  -49.516  4.542  52.472 0.0000000000
72723  -49.176  3.918  52.851 0.0000000000
72722  -48.514  3.653  52.433 0.0000000000
72721  -47.847  3.327  51.986 0.0000000000
76507  -57.646  6.211  57.428 0.0000000000
74513  -57.972  5.064  57.712 0.0000000000
75470  -57.765  5.339  57.119 0.0000000000
75501  -56.025  5.458  54.349 0.0000000000
74545  -55.588  5.268  54.856 0.0000000000
74557  -55.279  5.594  53.929 0.0000000000
75511  -54.454  5.928  53.689 0.0000000000
145279  -54.247  6.129  52.966 0.0000000000
75539  -57.283  6.086  52.438 0.0000000000
128314  -54.865  6.548  51.050 0.0000000000
75534  -53.367  6.290  51.393 0.0000000000
53454  -20.107  -15.536  86.147 0.0000000000
53453  -19.397  -16.060  86.885 0.0000000000
53476  -19.473  -15.956  85.856 0.0000000000
53509  -18.541  -16.279  83.755 0.0000000000
133292  -18.045  -16.776  82.445 0.0000000000
136376  -19.424  -16.293  81.275 0.0000000000
52457  -18.654  -16.598  81.075 0.0000000000
52477  -18.984  -16.844  79.629 0.0000000000
130662  -24.509  -15.424  85.662 0.0000000000
53457  -23.729  -14.613  86.069 0.0000000000
53479  -24.181  -14.520  85.152 0.0000000000
148328  -22.773  -14.609  82.991 0.0000000000
129031  -23.216  -14.781  83.572 0.0000000000
148362  -22.070  -14.235  82.931 0.0000000000
140520  -23.669  -15.173  80.212 0.0000000000
54591  -23.548  -14.642  81.022 0.0000000000
53550  -21.744  -15.595  80.542 0.0000000000
54589  -22.157  -15.077  81.033 0.0000000000
53535  -21.223  -15.138  81.356 0.0000000000
53549  -20.847  -15.745  80.570 0.0000000000
49602  -22.526  -19.856  78.258 0.0000000000
49587  -23.066  -18.896  78.789 0.0000000000
49534  -31.363  -19.475  81.462 0.0000000000
49551  -30.441  -19.653  80.352 0.0000000000
49574  -29.362  -20.088  78.570 0.0000000000
49549  -29.525  -19.861  79.594 0.0000000000
50524  -28.938  -18.839  79.577 0.0000000000
49615  -27.325  -20.424  76.507 0.0000000000
49604  -27.921  -20.457  76.902 0.0000000000
49603  -27.298  -20.445  76.608 0.0000000000
50554  -27.087  -19.621  77.084 0.0000000000
148379  -27.757  -18.533  78.396 0.0000000000
51506  -26.784  -18.222  77.557 0.0000000000
52499  -26.747  -16.850  77.975 0.0000000000
52546  -23.940  -16.909  74.560 0.0000000000
52524  -24.185  -16.207  75.248 0.0000000000
51554  -22.585  -17.196  74.211 0.0000000000
48720  -21.987  -20.205  71.394 0.0000000000
48719  -21.523  -20.680  71.659 0.0000000000
46200  -19.753  -23.259  72.582 0.0000000000
47846  -20.366  -21.521  72.487 0.0000000000
48711  -20.558  -20.788  72.686 0.0000000000
147913  -20.795  -20.149  72.800 0.0000000000
47845  -19.995  -21.214  73.180 0.0000000000
148313  -19.881  -23.749  74.797 0.0000000000
149644  -19.629  -22.444  74.140 0.0000000000
47001  -19.709  -21.816  74.634 0.0000000000
47842  -19.760  -20.931  74.714 0.0000000000
127898  -20.071  -22.332  75.497 0.0000000000
55733  -42.659  -14.148  69.499 0.0000000000
56820  -42.682  -13.205  69.510 0.0000000000
56821  -43.199  -13.534  70.251 0.0000000000
56808  -43.549  -12.510  70.711 0.0000000000
56809  -44.070  -12.054  71.225 0.0000000000
126185  -42.507  -13.899  73.555 0.0000000000
55690  -42.049  -14.740  73.527 0.0000000000
54652  -41.869  -15.342  73.090 0.0000000000
152453  -41.658  -15.390  71.462 0.0000000000
54677  -41.971  -15.500  70.346 0.0000000000
54694  -41.338  -15.279  68.475 0.0000000000
150630  -42.252  -15.307  69.855 0.0000000000
54696  -42.346  -14.956  69.182 0.0000000000
67912  -44.508  -2.318  54.931 0.0000000000
67941  -44.347  -1.505  53.463 0.0000000000
68927  -44.303  -0.810  52.852 0.0000000000
134458  -44.263  -0.204  52.331 0.0000000000
70782  -46.055  0.883  54.240 0.0000000000
48618  -31.324  -20.570  85.974 0.0000000000
49484  -30.499  -19.762  85.274 0.0000000000
48626  -31.406  -20.135  85.032 0.0000000000
49506  -30.632  -19.352  83.180 0.0000000000
49519  -30.813  -19.186  82.393 0.0000000000
59774  -33.690  -9.382  59.970 0.0000000000
62618  -43.485  -7.255  64.697 0.0000000000
62633  -43.058  -6.611  63.950 0.0000000000
62634  -43.805  -6.836  64.047 0.0000000000
127018  -43.625  -6.440  63.235 0.0000000000
144386  -43.734  -6.355  62.378 0.0000000000
62656  -44.204  -6.343  61.714 0.0000000000
62644  -45.525  -6.311  62.602 0.0000000000
127516  -46.203  -6.450  62.017 0.0000000000
54616  -39.228  -14.277  78.629 0.0000000000
133204  -37.844  -15.513  78.507 0.0000000000
54614  -37.439  -14.589  78.454 0.0000000000
54613  -36.615  -14.438  77.886 0.0000000000
54626  -36.238  -14.232  76.863 0.0000000000
56824  -32.477  -12.654  68.450 0.0000000000
55727  -32.281  -13.082  69.173 0.0000000000
55740  -31.885  -13.105  68.292 0.0000000000
54711  -30.530  -13.979  67.790 0.0000000000
54716  -28.675  -14.640  66.542 0.0000000000
54717  -29.579  -14.486  66.802 0.0000000000
54724  -28.445  -14.369  65.653 0.0000000000
56910  -34.757  -12.373  61.185 0.0000000000
55844  -34.360  -13.281  59.516 0.0000000000
125616  -55.652  6.360  62.490 0.0000000000
125584  -55.318  5.709  62.539 0.0000000000
143518  -55.551  5.909  61.961 0.0000000000
124911  -56.425  5.390  60.569 0.0000000000
74476  -55.415  5.449  59.439 0.0000000000
131647  -54.661  4.894  57.726 0.0000000000
74487  -55.563  4.939  58.396 0.0000000000
74500  -55.853  4.543  57.528 0.0000000000
146425  -55.991  4.429  56.814 0.0000000000
126045  -22.059  -15.757  87.802 0.0000000000
125849  -22.917  -14.472  87.827 0.0000000000
55582  -22.907  -14.110  87.160 0.0000000000
127760  -23.059  -14.298  85.962 0.0000000000
131867  -24.271  -14.857  77.725 0.0000000000
54620  -23.412  -15.035  77.882 0.0000000000
53571  -23.466  -15.146  77.165 0.0000000000
52507  -22.042  -16.527  76.811 0.0000000000
50568  -21.384  -18.577  77.050 0.0000000000
133115  -20.547  -21.002  76.030 0.0000000000
51557  -27.419  -18.364  74.734 0.0000000000
50586  -27.111  -19.839  75.059 0.0000000000
50594  -26.832  -19.040  74.387 0.0000000000
147678  -26.419  -19.673  74.082 0.0000000000
49645  -25.421  -19.845  72.893 0.0000000000
57956  -37.896  -12.226  63.859 0.0000000000
141234  -37.580  -11.241  64.217 0.0000000000
57950  -38.023  -11.511  64.753 0.0000000000
58896  -38.257  -10.776  65.515 0.0000000000
58884  -38.838  -10.505  66.072 0.0000000000
150065  -42.394  -9.989  69.602 0.0000000000
59717  -41.533  -9.435  68.631 0.0000000000
59705  -42.095  -9.333  69.303 0.0000000000
60586  -41.909  -8.695  68.736 0.0000000000
61540  -42.125  -7.697  67.752 0.0000000000
61560  -42.627  -7.227  67.227 0.0000000000
61541  -42.902  -7.503  68.035 0.0000000000
61542  -43.837  -7.688  68.170 0.0000000000
58767  -38.599  -11.215  74.860 0.0000000000
57878  -38.645  -12.411  73.967 0.0000000000
56778  -38.588  -12.729  73.397 0.0000000000
55711  -39.126  -13.543  71.122 0.0000000000
56807  -38.372  -13.120  70.873 0.0000000000
56817  -37.252  -12.490  69.689 0.0000000000
56816  -36.217  -12.142  69.772 0.0000000000
56827  -36.130  -11.967  68.264 0.0000000000
56852  -35.497  -12.130  66.804 0.0000000000
148383  -35.725  -12.603  66.075 0.0000000000
56868  -36.342  -13.525  65.546 0.0000000000
55782  -39.353  -14.228  65.734 0.0000000000
55781  -38.838  -14.804  65.185 0.0000000000
55794  -39.138  -14.248  65.001 0.0000000000
55793  -38.426  -14.786  64.199 0.0000000000
55805  -38.360  -15.008  63.094 0.0000000000
56891  -37.819  -14.541  62.661 0.0000000000
56880  -38.250  -13.578  63.416 0.0000000000
50437  -26.588  -18.411  88.117 0.0000000000
51423  -26.417  -17.799  87.021 0.0000000000
136845  -26.856  -17.184  86.203 0.0000000000
51439  -27.130  -16.820  85.308 0.0000000000
51453  -29.278  -17.478  82.563 0.0000000000
52431  -28.710  -16.727  83.286 0.0000000000
52458  -28.023  -16.112  81.497 0.0000000000
53553  -27.510  -15.013  80.315 0.0000000000
53566  -27.415  -15.194  78.961 0.0000000000
60637  -37.066  -8.318  63.203 0.0000000000
60641  -36.506  -8.546  62.724 0.0000000000
60642  -37.239  -7.912  62.323 0.0000000000
152643  -37.885  -7.763  62.345 0.0000000000
61629  -37.904  -7.692  61.734 0.0000000000
62665  -40.196  -6.324  60.900 0.0000000000
129053  -39.766  -6.279  59.973 0.0000000000
62677  -39.254  -6.106  59.233 0.0000000000
62691  -44.959  -6.336  58.385 0.0000000000
63816  -44.385  -5.895  57.928 0.0000000000
132312  -45.198  -5.928  57.804 0.0000000000
63844  -44.942  -5.226  56.623 0.0000000000
147624  -45.436  -4.620  56.943 0.0000000000
132933  -46.502  -4.239  57.438 0.0000000000
49524  -35.038  -19.314  81.661 0.0000000000
151724  -34.732  -19.423  81.475 0.0000000000
146243  -35.527  -19.232  80.972 0.0000000000
49580  -34.715  -19.559  79.746 0.0000000000
147589  -34.192  -19.702  78.991 0.0000000000
51529  -34.764  -18.075  76.741 0.0000000000
51511  -34.234  -18.448  77.022 0.0000000000
51528  -33.100  -17.918  75.946 0.0000000000
51527  -32.783  -17.935  76.034 0.0000000000
52548  -30.368  -16.028  75.355 0.0000000000
55680  -35.845  -12.708  74.514 0.0000000000
134723  -35.838  -12.833  75.206 0.0000000000
54638  -34.308  -14.337  73.647 0.0000000000
54675  -31.145  -14.405  70.769 0.0000000000
53633  -31.093  -14.815  71.392 0.0000000000
53632  -30.582  -15.244  71.690 0.0000000000
132014  -30.041  -15.524  72.035 0.0000000000
53620  -29.830  -15.504  72.754 0.0000000000
52591  -28.347  -16.231  71.147 0.0000000000
56886  -31.602  -12.810  63.544 0.0000000000
52446  -34.212  -16.610  83.242 0.0000000000
53527  -34.490  -15.967  82.587 0.0000000000
56664  -38.560  -12.804  81.159 0.0000000000
55625  -38.746  -13.801  81.067 0.0000000000
57745  -39.328  -12.301  80.734 0.0000000000
59623  -40.783  -9.038  77.443 0.0000000000
59650  -46.997  -9.307  74.670 0.0000000000
58800  -46.773  -10.797  73.927 0.0000000000
58784  -47.150  -9.240  74.640 0.0000000000
60528  -47.426  -8.877  74.327 0.0000000000
60541  -47.856  -8.757  73.664 0.0000000000
61516  -50.163  -7.865  70.971 0.0000000000
60576  -49.533  -8.586  69.890 0.0000000000
61529  -48.403  -8.495  69.462 0.0000000000
148997  -49.212  -8.169  69.233 0.0000000000
61546  -49.701  -8.425  68.680 0.0000000000
136863  -50.193  -8.558  68.071 0.0000000000
63767  -53.542  -4.510  65.829 0.0000000000
147049  -52.571  -5.743  65.718 0.0000000000
62603  -52.004  -6.510  65.878 0.0000000000
62602  -51.328  -7.137  65.829 0.0000000000
126893  -51.417  -6.783  65.207 0.0000000000
62623  -50.697  -6.762  64.505 0.0000000000
148130  -50.029  -6.703  63.606 0.0000000000
63792  -49.683  -5.959  62.673 0.0000000000
128846  -49.890  -5.699  61.780 0.0000000000
65891  -52.337  -3.637  60.133 0.0000000000
65903  -51.600  -3.457  59.818 0.0000000000
66891  -49.990  -2.709  59.451 0.0000000000
65901  -49.207  -3.057  59.060 0.0000000000
67874  -49.572  -1.758  59.333 0.0000000000
131217  -49.014  -0.875  59.365 0.0000000000
70680  -55.442  1.057  63.060 0.0000000000
70698  -56.786  0.822  61.630 0.0000000000
72624  -53.291  3.084  60.266 0.0000000000
70730  -51.119  1.726  58.815 0.0000000000
70718  -50.612  1.145  59.120 0.0000000000
70729  -50.264  1.697  58.579 0.0000000000
71668  -49.843  2.210  57.890 0.0000000000
71678  -48.752  2.021  57.042 0.0000000000
71689  -48.782  2.553  56.467 0.0000000000
71704  -48.766  2.976  55.611 0.0000000000
72677  -49.213  3.493  55.032 0.0000000000
74540  -50.927  5.026  54.343 0.0000000000
73623  -50.685  4.152  54.767 0.0000000000
73645  -49.997  5.050  52.949 0.0000000000
73653  -49.510  4.717  51.515 0.0000000000
75469  -57.110  5.702  56.364 0.0000000000
75482  -56.737  6.011  56.138 0.0000000000
75502  -56.418  5.352  55.213 0.0000000000
75571  -56.177  6.282  49.627 0.0000000000
126980  -55.591  6.336  50.435 0.0000000000
53493  -19.531  -16.073  85.101 0.0000000000
146073  -19.906  -15.683  84.490 0.0000000000
53510  -19.375  -15.840  83.543 0.0000000000
53519  -18.643  -16.024  82.768 0.0000000000
53495  -24.575  -14.970  84.294 0.0000000000
54555  -23.520  -14.550  82.710 0.0000000000
53559  -22.752  -15.395  79.600 0.0000000000
53551  -22.492  -15.438  80.373 0.0000000000
51492  -22.261  -17.152  79.346 0.0000000000
50521  -23.059  -18.470  79.473 0.0000000000
50522  -23.213  -18.914  79.411 0.0000000000
130328  -30.572  -19.764  79.895 0.0000000000
48670  -30.021  -20.242  79.683 0.0000000000
48688  -29.910  -20.346  79.102 0.0000000000
49613  -26.339  -20.333  75.826 0.0000000000
50569  -25.991  -19.364  76.197 0.0000000000
51523  -25.709  -17.933  76.439 0.0000000000
51539  -25.298  -18.554  75.823 0.0000000000
51556  -24.241  -18.171  74.421 0.0000000000
51564  -22.854  -18.116  73.679 0.0000000000
44329  -19.773  -24.981  73.070 0.0000000000
57933  -40.681  -12.584  67.203 0.0000000000
57932  -40.017  -11.639  67.110 0.0000000000
57929  -41.069  -11.960  67.839 0.0000000000
141480  -41.400  -11.191  68.464 0.0000000000
58854  -41.768  -10.323  69.094 0.0000000000
59707  -43.540  -9.643  70.256 0.0000000000
60558  -44.234  -9.193  70.277 0.0000000000
135457  -39.861  -12.480  73.579 0.0000000000
55689  -40.572  -13.194  73.358 0.0000000000
55702  -39.956  -13.567  72.516 0.0000000000
55704  -41.347  -14.811  72.837 0.0000000000
55713  -40.448  -14.175  71.831 0.0000000000
55712  -39.834  -13.921  71.430 0.0000000000
55720  -39.160  -13.448  70.067 0.0000000000
55729  -39.143  -13.712  69.050 0.0000000000
56842  -38.574  -13.448  67.882 0.0000000000
55754  -40.931  -14.843  67.196 0.0000000000
142602  -40.190  -13.847  66.885 0.0000000000
56843  -40.411  -13.104  66.460 0.0000000000
68930  -44.031  -0.084  51.659 0.0000000000
50448  -28.319  -19.059  86.547 0.0000000000
50454  -28.408  -18.985  85.593 0.0000000000
50460  -28.672  -18.853  84.711 0.0000000000
50466  -28.963  -18.745  83.855 0.0000000000
49495  -29.720  -19.305  84.635 0.0000000000
49504  -29.053  -19.203  84.134 0.0000000000
51470  -28.974  -17.818  80.419 0.0000000000
61616  -40.143  -7.512  64.331 0.0000000000
61622  -39.558  -7.418  63.648 0.0000000000
61623  -40.524  -7.312  63.636 0.0000000000
62632  -40.945  -7.024  63.021 0.0000000000
62641  -41.330  -6.478  62.482 0.0000000000
128783  -40.994  -6.249  61.697 0.0000000000
62666  -41.221  -6.184  60.716 0.0000000000
62679  -41.549  -6.187  59.801 0.0000000000
63808  -41.818  -6.117  58.970 0.0000000000
62680  -42.413  -6.181  59.569 0.0000000000
140726  -43.215  -6.115  59.352 0.0000000000
144834  -44.645  -6.440  60.990 0.0000000000
62669  -44.700  -6.466  60.123 0.0000000000
62682  -44.778  -6.648  59.113 0.0000000000
146898  -45.553  -6.566  58.724 0.0000000000
62683  -46.303  -6.357  58.922 0.0000000000
62684  -47.031  -6.277  58.958 0.0000000000
151693  -38.111  -16.943  80.257 0.0000000000
50525  -36.476  -18.273  79.389 0.0000000000
51485  -37.731  -17.709  79.427 0.0000000000
51514  -37.279  -17.942  78.207 0.0000000000
52500  -35.969  -17.274  77.935 0.0000000000
153016  -37.393  -16.112  78.162 0.0000000000
52501  -36.485  -16.737  77.714 0.0000000000
51530  -35.247  -17.583  76.967 0.0000000000
52512  -34.344  -17.103  76.462 0.0000000000
52530  -33.711  -16.687  75.968 0.0000000000
53589  -33.960  -15.782  75.455 0.0000000000
55709  -34.526  -13.319  71.690 0.0000000000
133318  -33.834  -13.418  71.162 0.0000000000
151435  -32.502  -13.824  70.787 0.0000000000
54693  -31.731  -13.669  69.738 0.0000000000
138421  -31.268  -14.057  70.145 0.0000000000
54674  -30.592  -14.513  69.993 0.0000000000
150836  -29.605  -15.288  69.589 0.0000000000
53663  -29.215  -15.308  69.139 0.0000000000
53662  -28.376  -15.257  68.946 0.0000000000
53669  -28.135  -14.992  68.131 0.0000000000
53673  -26.368  -15.327  66.271 0.0000000000
56909  -33.254  -12.796  61.793 0.0000000000
56908  -32.644  -12.800  61.361 0.0000000000
56919  -32.651  -13.072  60.516 0.0000000000
56926  -31.601  -12.639  59.335 0.0000000000
55830  -33.555  -13.566  59.784 0.0000000000
63780  -53.558  -5.129  64.260 0.0000000000
63789  -53.395  -5.149  63.444 0.0000000000
63795  -52.732  -5.004  62.878 0.0000000000
64902  -54.140  -4.504  62.602 0.0000000000
144331  -54.072  -4.306  61.994 0.0000000000
65867  -55.042  -3.695  62.245 0.0000000000
65881  -54.277  -3.225  61.438 0.0000000000
65892  -53.376  -3.073  60.476 0.0000000000
72580  -55.142  3.136  64.989 0.0000000000
71608  -56.232  2.395  63.798 0.0000000000
72605  -55.968  3.279  63.652 0.0000000000
73548  -55.540  3.918  62.919 0.0000000000
72603  -54.712  3.628  62.202 0.0000000000
125388  -54.788  5.357  61.889 0.0000000000
73563  -54.081  4.585  61.050 0.0000000000
140351  -53.579  4.150  60.791 0.0000000000
73562  -52.864  3.913  60.305 0.0000000000
72647  -52.494  3.394  58.571 0.0000000000
72657  -51.931  3.473  56.616 0.0000000000
72658  -52.460  3.749  57.246 0.0000000000
73594  -52.830  2.900  55.943 0.0000000000
73604  -52.430  3.354  55.752 0.0000000000
74499  -54.107  4.693  56.920 0.0000000000
74498  -53.682  4.428  56.241 0.0000000000
74520  -52.362  4.722  55.517 0.0000000000
74541  -51.600  5.701  55.006 0.0000000000
75499  -52.111  6.268  54.384 0.0000000000
74556  -52.733  6.018  53.581 0.0000000000
75515  -59.492  5.229  55.525 0.0000000000
74558  -58.835  5.024  54.095 0.0000000000
74585  -57.960  5.606  51.785 0.0000000000
52380  -19.147  -16.650  88.756 0.0000000000
53415  -19.778  -15.955  88.304 0.0000000000
133381  -20.300  -15.460  86.997 0.0000000000
152876  -21.603  -15.415  86.681 0.0000000000
53455  -21.082  -15.468  86.350 0.0000000000
141618  -20.719  -15.479  85.671 0.0000000000
53494  -20.814  -15.358  84.935 0.0000000000
149459  -20.675  -14.486  83.627 0.0000000000
54573  -25.225  -14.529  81.193 0.0000000000
54572  -24.316  -14.419  81.383 0.0000000000
54592  -24.831  -14.525  80.561 0.0000000000
54608  -22.970  -15.124  79.121 0.0000000000
54619  -22.965  -15.048  78.432 0.0000000000
53565  -22.794  -15.224  78.746 0.0000000000
48691  -21.696  -20.236  77.538 0.0000000000
50572  -28.931  -19.937  77.023 0.0000000000
147939  -29.174  -20.207  77.526 0.0000000000
49623  -27.027  -20.628  75.929 0.0000000000
50580  -27.139  -20.317  75.665 0.0000000000
49631  -26.775  -20.562  75.328 0.0000000000
49622  -26.650  -20.563  75.559 0.0000000000
49629  -25.388  -20.035  74.389 0.0000000000
49628  -24.570  -19.577  74.292 0.0000000000
135854  -35.100  -11.536  61.478 0.0000000000
58913  -34.674  -10.550  61.274 0.0000000000
58914  -35.179  -10.718  61.992 0.0000000000
58902  -37.108  -10.466  64.035 0.0000000000
59761  -37.074  -9.075  63.908 0.0000000000
60632  -37.645  -8.428  64.621 0.0000000000
60633  -38.182  -7.818  64.666 0.0000000000
61596  -38.869  -7.816  64.907 0.0000000000
59729  -39.551  -9.561  67.107 0.0000000000
59716  -40.996  -9.474  68.028 0.0000000000
60596  -40.038  -8.646  67.270 0.0000000000
60608  -39.538  -8.620  66.417 0.0000000000
61597  -39.752  -7.701  65.169 0.0000000000
145625  -40.542  -7.491  64.929 0.0000000000
61599  -41.358  -7.334  65.147 0.0000000000
62593  -42.087  -7.086  64.995 0.0000000000
145774  -43.025  -7.050  65.930 0.0000000000
62595  -43.487  -7.371  65.340 0.0000000000
62596  -44.117  -7.255  65.206 0.0000000000
127022  -44.938  -6.839  65.013 0.0000000000
57813  -38.722  -11.333  77.585 0.0000000000
56735  -37.308  -12.164  77.820 0.0000000000
57831  -37.658  -11.564  77.245 0.0000000000
57845  -37.469  -11.721  76.274 0.0000000000
147224  -36.972  -12.186  75.944 0.0000000000
56759  -37.738  -12.774  75.199 0.0000000000
56768  -36.581  -12.551  75.056 0.0000000000
56788  -38.192  -12.776  72.502 0.0000000000
132319  -37.522  -12.571  72.351 0.0000000000
56786  -36.668  -12.572  72.241 0.0000000000
56793  -35.288  -12.790  71.354 0.0000000000
56802  -33.948  -12.411  69.784 0.0000000000
56813  -33.709  -12.306  68.982 0.0000000000
137275  -32.336  -12.675  67.744 0.0000000000
55765  -32.267  -12.866  66.898 0.0000000000
55777  -31.392  -13.237  65.877 0.0000000000
56863  -32.016  -12.972  65.256 0.0000000000
56850  -34.031  -12.695  65.770 0.0000000000
56865  -33.480  -12.726  65.420 0.0000000000
56876  -32.769  -12.624  64.603 0.0000000000
56887  -32.553  -12.517  63.641 0.0000000000
56888  -33.487  -12.664  63.590 0.0000000000
56854  -37.623  -13.348  66.764 0.0000000000
55766  -37.359  -13.912  65.819 0.0000000000
55779  -37.231  -14.636  64.689 0.0000000000
55778  -36.321  -14.255  64.325 0.0000000000
55791  -35.374  -13.887  63.155 0.0000000000
55801  -34.266  -13.156  62.655 0.0000000000
55810  -34.051  -12.927  61.970 0.0000000000
55811  -35.012  -13.201  62.097 0.0000000000
55823  -35.592  -13.007  61.952 0.0000000000
56890  -37.121  -13.807  62.190 0.0000000000
56900  -35.932  -13.106  61.797 0.0000000000
56911  -35.294  -12.609  61.762 0.0000000000
57970  -35.194  -12.314  61.522 0.0000000000
132915  -57.760  5.805  58.679 0.0000000000
76501  -57.880  6.326  58.449 0.0000000000
76500  -57.675  7.291  58.184 0.0000000000
76506  -57.106  7.868  57.089 0.0000000000
143946  -56.621  6.723  55.831 0.0000000000
76536  -57.067  7.214  55.315 0.0000000000
76547  -58.695  6.660  56.105 0.0000000000
78520  -56.700  9.676  55.108 0.0000000000
77577  -57.779  8.026  54.895 0.0000000000
138728  -59.420  6.019  56.070 0.0000000000
75504  -59.997  5.624  55.269 0.0000000000
74548  -60.346  4.761  54.259 0.0000000000
74575  -60.558  3.929  53.288 0.0000000000
152538  -60.567  6.649  52.879 0.0000000000
126266  -60.384  3.881  52.712 0.0000000000
53436  -24.386  -16.296  88.081 0.0000000000
141946  -24.177  -15.663  87.402 0.0000000000
134603  -24.713  -16.429  87.121 0.0000000000
52399  -24.903  -16.171  86.123 0.0000000000
52411  -25.050  -15.997  85.314 0.0000000000
131299  -25.539  -16.244  85.881 0.0000000000
53496  -25.181  -15.743  84.612 0.0000000000
53512  -25.285  -15.309  83.808 0.0000000000
53521  -25.690  -14.818  82.926 0.0000000000
52421  -27.388  -16.492  84.449 0.0000000000
148746  -27.467  -15.937  83.754 0.0000000000
53522  -26.553  -15.032  82.587 0.0000000000
53536  -25.885  -14.736  81.919 0.0000000000
54593  -25.773  -14.677  80.277 0.0000000000
127470  -25.447  -14.406  78.905 0.0000000000
54595  -27.309  -14.533  79.634 0.0000000000
54611  -26.383  -14.354  78.829 0.0000000000
130715  -25.552  -14.504  78.183 0.0000000000
54621  -24.992  -14.471  77.429 0.0000000000
52522  -22.547  -16.212  75.344 0.0000000000
50595  -25.490  -18.739  72.197 0.0000000000
59770  -34.865  -9.296  61.189 0.0000000000
60649  -34.455  -8.981  60.389 0.0000000000
60650  -35.318  -8.383  60.628 0.0000000000
126746  -35.071  -8.456  59.936 0.0000000000
60655  -35.264  -8.349  59.117 0.0000000000
135786  -39.319  -7.355  62.745 0.0000000000
61637  -38.648  -7.393  61.609 0.0000000000
150897  -38.184  -7.514  61.142 0.0000000000
62664  -39.256  -6.544  60.585 0.0000000000
61643  -38.094  -7.428  60.511 0.0000000000
61642  -37.405  -7.664  60.152 0.0000000000
63826  -43.971  -6.109  56.969 0.0000000000
65944  -45.120  -3.673  55.726 0.0000000000
66927  -45.049  -2.683  55.527 0.0000000000
49507  -32.527  -19.705  83.732 0.0000000000
48654  -32.151  -20.051  82.855 0.0000000000
132147  -32.685  -19.901  82.629 0.0000000000
49535  -32.904  -19.836  82.107 0.0000000000
48671  -32.270  -19.686  81.214 0.0000000000
144954  -32.085  -19.759  80.159 0.0000000000
49577  -31.427  -19.564  79.543 0.0000000000
49593  -31.240  -19.397  78.872 0.0000000000
50557  -30.636  -18.879  77.904 0.0000000000
144774  -35.971  -18.763  79.105 0.0000000000
50544  -35.244  -18.981  78.672 0.0000000000
50543  -34.205  -19.366  78.365 0.0000000000
50560  -33.787  -18.841  77.502 0.0000000000
50542  -33.326  -19.065  78.153 0.0000000000
50558  -31.907  -18.509  77.773 0.0000000000
50556  -29.720  -18.908  77.444 0.0000000000
129827  -29.257  -18.473  76.744 0.0000000000
51540  -28.962  -17.879  76.173 0.0000000000
127169  -28.443  -17.912  75.614 0.0000000000
51558  -27.923  -17.764  75.068 0.0000000000
51570  -26.923  -17.215  73.083 0.0000000000
56746  -36.649  -12.659  77.265 0.0000000000
55673  -36.318  -13.257  76.690 0.0000000000
54629  -35.848  -14.281  75.883 0.0000000000
147114  -35.658  -13.520  75.301 0.0000000000
132466  -35.441  -14.454  75.203 0.0000000000
139690  -35.617  -15.125  75.816 0.0000000000
53590  -34.830  -15.517  75.602 0.0000000000
52551  -33.202  -15.688  74.950 0.0000000000
54651  -34.166  -14.275  72.882 0.0000000000
54637  -33.773  -14.476  73.321 0.0000000000
54648  -32.220  -14.820  72.185 0.0000000000
54649  -32.608  -14.785  72.791 0.0000000000
54636  -32.984  -14.598  73.547 0.0000000000
53597  -32.856  -15.124  74.350 0.0000000000
136604  -32.117  -15.603  74.372 0.0000000000
52550  -32.479  -15.889  74.872 0.0000000000
126775  -29.010  -16.059  73.917 0.0000000000
52563  -28.993  -15.784  73.075 0.0000000000
139043  -31.805  -12.544  61.125 0.0000000000
147388  -44.170  -14.061  73.779 0.0000000000
55693  -44.724  -13.968  73.695 0.0000000000
55683  -45.078  -13.671  74.117 0.0000000000
147368  -45.353  -12.025  74.492 0.0000000000
58782  -45.985  -11.063  74.776 0.0000000000
126054  -21.488  -17.204  90.660 0.0000000000
124788  -21.747  -17.600  91.118 0.0000000000
124799  -22.047  -17.029  90.090 0.0000000000
124789  -22.837  -17.180  90.631 0.0000000000
124791  -23.721  -17.134  90.309 0.0000000000
51405  -24.427  -17.218  89.925 0.0000000000
51413  -25.515  -18.255  89.394 0.0000000000
50436  -25.926  -18.465  88.827 0.0000000000
50417  -25.951  -19.055  90.237 0.0000000000
50428  -26.371  -18.789  89.276 0.0000000000
50429  -27.062  -18.679  88.911 0.0000000000
50438  -27.524  -18.397  87.848 0.0000000000
50430  -27.991  -18.181  87.925 0.0000000000
128129  -28.792  -18.711  88.090 0.0000000000
50439  -28.861  -19.000  87.795 0.0000000000
49449  -29.632  -19.466  87.811 0.0000000000
49471  -29.930  -19.781  87.175 0.0000000000
48609  -31.028  -20.497  87.063 0.0000000000
49473  -31.382  -20.299  86.621 0.0000000000
49485  -31.752  -20.247  85.857 0.0000000000
49486  -32.236  -19.701  85.461 0.0000000000
49497  -32.363  -19.789  84.639 0.0000000000
50467  -32.624  -18.956  84.253 0.0000000000
50468  -32.919  -18.822  83.519 0.0000000000
50469  -33.633  -18.465  83.001 0.0000000000
50470  -34.371  -17.995  82.821 0.0000000000
52435  -34.698  -17.077  83.269 0.0000000000
51449  -34.889  -17.543  82.981 0.0000000000
50478  -35.201  -18.336  82.233 0.0000000000
50479  -36.012  -18.028  81.538 0.0000000000
51462  -36.479  -17.471  80.949 0.0000000000
51463  -37.011  -16.874  80.511 0.0000000000
52449  -37.018  -16.001  81.516 0.0000000000
144645  -37.308  -16.263  80.877 0.0000000000
51464  -37.930  -16.401  80.544 0.0000000000
152438  -38.203  -15.935  80.661 0.0000000000
52473  -38.707  -16.142  80.050 0.0000000000
53554  -39.007  -15.253  79.724 0.0000000000
138510  -39.173  -14.121  80.454 0.0000000000
54597  -39.137  -14.631  80.115 0.0000000000
54605  -39.394  -14.391  79.072 0.0000000000
55661  -39.757  -13.548  78.927 0.0000000000
129452  -40.021  -12.956  78.825 0.0000000000
56717  -40.744  -12.670  78.160 0.0000000000
58730  -41.216  -11.048  79.071 0.0000000000
57797  -41.234  -12.005  77.955 0.0000000000
57796  -41.001  -12.304  77.677 0.0000000000
57795  -39.604  -11.813  78.497 0.0000000000
57814  -39.817  -11.080  78.185 0.0000000000
59622  -40.058  -9.560  77.116 0.0000000000
59632  -39.618  -9.526  76.172 0.0000000000
58768  -39.008  -10.047  75.229 0.0000000000
59647  -39.893  -9.141  73.834 0.0000000000
59657  -39.786  -10.007  72.882 0.0000000000
137754  -39.911  -10.777  73.217 0.0000000000
58796  -40.746  -11.173  73.274 0.0000000000
56782  -43.150  -13.562  74.011 0.0000000000
55692  -43.487  -14.120  73.888 0.0000000000
56799  -44.605  -12.511  72.104 0.0000000000
57907  -44.723  -11.505  71.668 0.0000000000
57897  -46.484  -11.619  73.393 0.0000000000
58824  -44.791  -10.779  71.363 0.0000000000
133324  -44.539  -10.375  70.853 0.0000000000
59694  -44.983  -9.654  70.651 0.0000000000
133487  -45.195  -9.022  70.001 0.0000000000
60529  -47.883  -8.311  73.701 0.0000000000
151690  -48.236  -8.910  73.067 0.0000000000
60542  -49.226  -8.021  72.341 0.0000000000
59678  -48.247  -8.981  72.398 0.0000000000
59688  -47.517  -9.199  72.065 0.0000000000
60559  -46.227  -9.246  70.251 0.0000000000
61525  -45.038  -8.247  69.319 0.0000000000
61526  -45.705  -7.933  68.991 0.0000000000
61562  -45.689  -7.313  67.830 0.0000000000
142527  -47.516  -8.314  68.764 0.0000000000
61563  -46.561  -7.489  67.894 0.0000000000
62569  -46.175  -7.228  67.170 0.0000000000
62578  -45.740  -7.054  66.335 0.0000000000
62598  -46.583  -6.891  65.702 0.0000000000
62619  -46.527  -6.782  64.769 0.0000000000
133053  -51.090  -7.696  69.134 0.0000000000
61566  -50.333  -7.918  67.431 0.0000000000
61582  -49.830  -7.785  66.514 0.0000000000
61603  -50.615  -7.628  65.948 0.0000000000
61581  -49.082  -7.777  65.911 0.0000000000
62581  -48.285  -7.202  65.507 0.0000000000
62599  -47.433  -6.888  65.180 0.0000000000
127239  -46.911  -6.964  63.829 0.0000000000
127014  -47.399  -6.884  62.975 0.0000000000
62645  -47.213  -6.359  62.145 0.0000000000
130427  -47.982  -6.998  61.546 0.0000000000
134849  -47.659  -6.566  60.593 0.0000000000
145027  -47.511  -6.682  59.771 0.0000000000
62692  -47.699  -6.320  58.907 0.0000000000
63794  -51.536  -5.173  62.524 0.0000000000
63799  -51.088  -5.403  61.547 0.0000000000
63798  -50.470  -5.630  60.920 0.0000000000
64924  -50.759  -5.045  60.477 0.0000000000
129761  -50.045  -5.699  60.436 0.0000000000
149908  -48.730  -5.851  58.915 0.0000000000
63820  -48.200  -5.831  58.676 0.0000000000
64947  -47.506  -5.271  58.435 0.0000000000
65910  -47.567  -4.298  58.263 0.0000000000
65923  -47.002  -3.804  57.752 0.0000000000
65911  -48.483  -3.103  58.625 0.0000000000
135405  -47.645  -3.149  58.212 0.0000000000
66906  -46.960  -2.826  57.606 0.0000000000
67893  -46.769  -1.981  57.433 0.0000000000
130826  -46.456  -1.261  57.115 0.0000000000
68886  -46.402  -0.610  56.524 0.0000000000
68848  -54.774  -1.331  60.207 0.0000000000
67876  -53.412  -1.174  59.726 0.0000000000
71642  -56.608  1.643  62.214 0.0000000000
71651  -57.011  1.670  61.039 0.0000000000
70710  -56.941  0.720  60.833 0.0000000000
70708  -54.362  2.072  60.125 0.0000000000
70709  -55.404  0.942  60.181 0.0000000000
68860  -52.737  -0.401  59.678 0.0000000000
151947  -52.234  -0.962  59.682 0.0000000000
68857  -48.675  -0.129  59.229 0.0000000000
146876  -49.921  1.110  59.003 0.0000000000
69803  -49.260  0.622  59.047 0.0000000000
68869  -48.116  -0.229  58.529 0.0000000000
68878  -47.401  -0.176  57.713 0.0000000000
69817  -46.699  0.213  57.075 0.0000000000
68902  -46.348  -0.458  55.525 0.0000000000
69859  -46.514  0.300  55.028 0.0000000000
70783  -46.992  0.979  54.631 0.0000000000
70784  -47.501  1.608  54.304 0.0000000000
70795  -46.686  1.514  53.812 0.0000000000
130430  -46.315  1.526  52.941 0.0000000000
72666  -51.589  3.028  55.860 0.0000000000
72678  -50.280  3.375  55.417 0.0000000000
72694  -48.838  3.478  54.128 0.0000000000
73622  -50.113  3.797  54.111 0.0000000000
72710  -49.344  3.812  53.704 0.0000000000
71748  -48.042  3.102  52.867 0.0000000000
74490  -58.966  4.909  58.075 0.0000000000
74502  -57.713  4.723  57.543 0.0000000000
74511  -56.289  4.814  56.448 0.0000000000
74524  -56.568  5.480  56.220 0.0000000000
74523  -55.727  5.180  55.770 0.0000000000
74522  -54.884  5.145  55.253 0.0000000000
75500  -53.984  6.029  54.255 0.0000000000
127060  -52.750  6.369  52.864 0.0000000000
75527  -57.666  5.686  53.623 0.0000000000
75526  -56.516  6.240  53.129 0.0000000000
75525  -55.532  6.198  52.406 0.0000000000
75537  -55.508  6.239  51.386 0.0000000000
75536  -54.948  6.600  51.733 0.0000000000
75524  -54.593  6.236  52.336 0.0000000000
143853  -53.638  6.268  52.355 0.0000000000
75523  -52.721  6.348  51.985 0.0000000000
150633  -52.114  6.005  51.715 0.0000000000
52391  -19.109  -16.924  87.855 0.0000000000
52398  -18.612  -16.677  87.278 0.0000000000
53475  -18.813  -16.175  85.497 0.0000000000
130671  -18.117  -16.850  81.013 0.0000000000
52456  -18.099  -16.788  81.775 0.0000000000
53435  -23.658  -14.857  87.089 0.0000000000
54519  -23.067  -14.956  85.071 0.0000000000
54532  -23.790  -14.660  84.363 0.0000000000
54531  -22.755  -14.879  84.294 0.0000000000
151966  -22.266  -14.767  84.852 0.0000000000
54530  -21.892  -14.585  84.226 0.0000000000
54540  -21.384  -14.226  83.424 0.0000000000
132207  -23.488  -14.460  81.806 0.0000000000
54571  -22.735  -14.699  81.424 0.0000000000
54569  -21.099  -14.527  82.152 0.0000000000
53534  -20.508  -15.027  82.110 0.0000000000
53548  -20.126  -16.136  80.917 0.0000000000
52478  -20.000  -16.799  79.698 0.0000000000
48653  -31.357  -19.596  82.416 0.0000000000
49520  -31.090  -19.220  81.873 0.0000000000
148858  -30.696  -18.996  81.599 0.0000000000
49550  -30.027  -20.090  80.009 0.0000000000
126617  -30.475  -19.454  80.625 0.0000000000
145937  -30.255  -19.177  80.968 0.0000000000
50500  -29.530  -18.949  80.416 0.0000000000
51484  -28.380  -17.666  79.546 0.0000000000
49605  -28.655  -20.333  77.336 0.0000000000
49590  -28.486  -20.300  77.436 0.0000000000
148471  -28.764  -20.271  78.131 0.0000000000
50538  -28.197  -19.552  78.050 0.0000000000
51483  -27.804  -17.574  78.921 0.0000000000
137538  -26.296  -16.062  77.576 0.0000000000
137377  -25.200  -17.330  75.950 0.0000000000
52509  -25.503  -16.515  76.366 0.0000000000
53581  -25.767  -15.725  76.878 0.0000000000
53588  -24.503  -15.634  75.827 0.0000000000
52523  -23.315  -16.126  75.012 0.0000000000
52543  -22.076  -16.772  74.905 0.0000000000
49652  -25.049  -19.634  72.210 0.0000000000
49644  -24.677  -20.188  72.635 0.0000000000
48722  -23.822  -20.293  72.409 0.0000000000
48715  -24.238  -20.364  73.069 0.0000000000
48706  -23.523  -20.327  73.271 0.0000000000
48714  -22.806  -20.156  72.862 0.0000000000
48718  -20.937  -21.101  72.045 0.0000000000
48712  -21.212  -20.462  72.297 0.0000000000
137480  -22.856  -19.825  73.382 0.0000000000
49636  -22.063  -19.178  72.854 0.0000000000
50591  -22.322  -18.683  73.368 0.0000000000
50590  -21.683  -18.532  73.390 0.0000000000
47004  -19.724  -21.838  73.691 0.0000000000
47841  -19.679  -20.997  73.997 0.0000000000
50589  -20.915  -18.718  73.559 0.0000000000
50582  -21.231  -18.087  74.149 0.0000000000
149937  -20.829  -18.126  74.760 0.0000000000
51552  -21.032  -17.744  74.976 0.0000000000
50577  -20.755  -18.148  75.364 0.0000000000
45288  -19.953  -24.533  74.258 0.0000000000
45299  -19.765  -24.394  73.525 0.0000000000
47005  -19.944  -21.908  72.975 0.0000000000
47007  -19.751  -22.649  73.323 0.0000000000
47008  -20.057  -22.339  72.348 0.0000000000
47835  -20.537  -21.939  76.123 0.0000000000
47848  -20.618  -21.771  71.788 0.0000000000
47850  -21.169  -21.312  71.360 0.0000000000
48617  -31.025  -20.747  86.099 0.0000000000
48636  -31.924  -20.309  84.209 0.0000000000
48646  -32.162  -20.119  83.531 0.0000000000
48698  -20.039  -20.463  75.225 0.0000000000
48701  -19.799  -20.185  74.373 0.0000000000
48705  -20.152  -20.279  73.427 0.0000000000
48707  -24.330  -19.985  73.597 0.0000000000
49458  -30.360  -19.815  87.450 0.0000000000
49459  -31.037  -19.813  87.352 0.0000000000
49472  -30.688  -20.388  86.804 0.0000000000
49474  -31.916  -19.433  86.166 0.0000000000
49482  -28.869  -19.599  86.043 0.0000000000
49496  -30.578  -19.525  84.183 0.0000000000
49521  -32.685  -19.862  83.072 0.0000000000
49523  -33.919  -18.919  81.868 0.0000000000
49536  -34.656  -19.537  81.272 0.0000000000
49537  -35.112  -19.663  81.188 0.0000000000
49555  -34.993  -19.799  80.748 0.0000000000
49556  -35.456  -19.303  80.194 0.0000000000
49581  -35.904  -18.744  79.318 0.0000000000
49594  -32.777  -19.049  78.702 0.0000000000
49596  -34.758  -19.375  79.045 0.0000000000
49611  -20.597  -18.861  75.847 0.0000000000
49635  -21.509  -19.121  72.912 0.0000000000
49643  -21.997  -19.633  72.375 0.0000000000
49646  -25.987  -19.707  73.576 0.0000000000
50427  -25.942  -19.074  89.876 0.0000000000
50449  -31.607  -19.121  86.885 0.0000000000
50491  -36.609  -17.639  80.217 0.0000000000
50502  -36.295  -18.309  80.013 0.0000000000
50504  -37.214  -17.717  79.565 0.0000000000
50526  -37.186  -18.169  79.081 0.0000000000
50546  -37.108  -18.281  78.544 0.0000000000
50592  -22.999  -19.227  73.653 0.0000000000
51408  -26.330  -18.878  90.192 0.0000000000
51454  -35.513  -17.569  82.285 0.0000000000
51471  -37.382  -17.258  80.099 0.0000000000
51496  -37.625  -17.958  78.924 0.0000000000
51497  -38.143  -17.470  79.460 0.0000000000
51512  -35.693  -17.913  77.976 0.0000000000
51513  -36.771  -18.217  78.162 0.0000000000
51544  -33.060  -17.421  75.715 0.0000000000
51563  -22.046  -17.876  73.754 0.0000000000
52460  -37.750  -15.747  80.893 0.0000000000
52462  -38.245  -15.730  80.766 0.0000000000
52472  -38.330  -16.424  80.312 0.0000000000
52492  -38.393  -16.694  79.164 0.0000000000
52511  -31.053  -17.062  76.540 0.0000000000
52514  -36.098  -15.882  77.208 0.0000000000
52544  -22.749  -16.543  74.724 0.0000000000
52545  -23.217  -16.749  74.438 0.0000000000
53434  -20.520  -15.772  87.747 0.0000000000
53529  -36.500  -15.721  81.787 0.0000000000
53543  -38.129  -15.124  81.174 0.0000000000
53545  -38.734  -15.373  80.626 0.0000000000
53552  -26.874  -15.178  80.939 0.0000000000
53568  -38.610  -15.744  78.787 0.0000000000
53577  -22.868  -15.441  76.743 0.0000000000
53580  -25.166  -15.307  76.302 0.0000000000
53587  -23.818  -15.598  75.708 0.0000000000
53591  -35.302  -15.066  75.439 0.0000000000
53661  -27.402  -15.176  68.779 0.0000000000
54494  -22.723  -14.266  87.121 0.0000000000
54495  -23.108  -14.450  87.599 0.0000000000
54603  -26.943  -14.294  79.471 0.0000000000
54604  -27.167  -14.547  78.971 0.0000000000
54609  -23.909  -15.194  78.678 0.0000000000
54615  -38.884  -14.758  78.475 0.0000000000
54623  -24.394  -14.840  76.914 0.0000000000
54640  -42.215  -14.878  73.468 0.0000000000
54642  -44.038  -14.369  73.325 0.0000000000
54654  -43.184  -14.553  73.009 0.0000000000
54663  -41.245  -14.694  71.740 0.0000000000
54664  -41.609  -15.352  72.344 0.0000000000
54691  -30.649  -14.158  69.119 0.0000000000
54695  -41.881  -15.292  69.264 0.0000000000
54736  -38.072  -15.475  62.924 0.0000000000
54737  -38.089  -15.357  63.378 0.0000000000
55626  -39.171  -13.875  80.651 0.0000000000
55658  -36.973  -13.775  78.303 0.0000000000
55667  -36.537  -13.494  77.592 0.0000000000
55681  -43.590  -13.656  74.017 0.0000000000
55682  -44.250  -13.753  74.035 0.0000000000
55691  -42.822  -14.236  73.714 0.0000000000
55694  -45.201  -13.702  73.863 0.0000000000
55699  -35.813  -12.773  72.137 0.0000000000
55705  -45.200  -13.567  73.485 0.0000000000
55739  -31.198  -13.554  68.023 0.0000000000
55764  -31.557  -13.261  66.658 0.0000000000
55769  -39.592  -14.116  66.320 0.0000000000
55813  -36.610  -13.794  62.024 0.0000000000
55822  -34.644  -12.675  61.647 0.0000000000
55842  -33.817  -14.219  59.029 0.0000000000
55857  -34.197  -14.235  58.624 0.0000000000
56680  -40.789  -12.486  79.587 0.0000000000
56772  -44.617  -13.182  74.334 0.0000000000
56773  -45.298  -12.912  74.315 0.0000000000
56781  -41.619  -13.257  73.419 0.0000000000
56784  -45.929  -12.408  73.787 0.0000000000
56791  -45.544  -13.109  73.573 0.0000000000
56814  -34.557  -12.247  69.371 0.0000000000
56898  -32.422  -12.589  62.252 0.0000000000
57777  -41.350  -11.818  78.664 0.0000000000
57865  -46.018  -11.615  74.564 0.0000000000
57896  -45.935  -12.391  73.199 0.0000000000
58783  -46.848  -9.841  74.439 0.0000000000
58801  -47.224  -9.904  73.818 0.0000000000
58826  -46.764  -10.237  72.576 0.0000000000
58841  -44.280  -11.169  70.935 0.0000000000
58910  -35.599  -10.852  62.500 0.0000000000
59661  -47.685  -9.232  73.784 0.0000000000
59677  -47.936  -9.315  73.062 0.0000000000
59749  -38.350  -9.773  65.816 0.0000000000
59763  -35.351  -9.894  62.574 0.0000000000
59769  -33.934  -9.818  60.638 0.0000000000
59773  -33.524  -9.684  59.460 0.0000000000
60518  -46.876  -9.008  74.998 0.0000000000
60519  -47.105  -9.127  74.690 0.0000000000
60549  -48.191  -9.025  71.571 0.0000000000
60550  -48.854  -8.814  71.907 0.0000000000
60563  -49.573  -8.527  70.606 0.0000000000
60654  -34.263  -8.684  59.617 0.0000000000
61498  -48.678  -7.738  73.097 0.0000000000
61506  -49.708  -7.698  71.674 0.0000000000
61544  -46.846  -7.894  68.448 0.0000000000
61548  -51.414  -7.309  68.344 0.0000000000
61568  -51.403  -6.913  67.535 0.0000000000
61577  -40.470  -7.788  66.435 0.0000000000
61584  -51.095  -7.201  66.419 0.0000000000
61600  -42.105  -7.340  65.609 0.0000000000
61631  -39.812  -7.033  62.208 0.0000000000
61635  -37.032  -8.045  60.839 0.0000000000
62568  -45.368  -7.142  67.122 0.0000000000
62594  -42.810  -7.356  65.226 0.0000000000
62600  -49.851  -7.351  64.798 0.0000000000
62635  -48.145  -7.083  62.865 0.0000000000
62654  -41.787  -6.124  61.374 0.0000000000
62670  -46.291  -6.810  60.196 0.0000000000
62671  -47.034  -6.852  59.906 0.0000000000
62672  -48.017  -6.477  59.727 0.0000000000
62685  -47.592  -6.539  59.175 0.0000000000
62686  -48.215  -6.355  58.977 0.0000000000
63766  -53.142  -5.214  66.287 0.0000000000
63802  -49.302  -5.885  60.129 0.0000000000
63811  -39.142  -5.895  58.382 0.0000000000
64948  -48.281  -4.768  58.510 0.0000000000
66899  -48.673  -2.456  58.943 0.0000000000
66915  -46.098  -2.555  56.579 0.0000000000
67884  -47.575  -1.553  58.415 0.0000000000
68858  -49.512  -0.090  59.509 0.0000000000
68901  -46.067  -1.010  55.093 0.0000000000
69811  -48.601  0.339  58.629 0.0000000000
69847  -46.721  0.163  56.085 0.0000000000
71592  -55.590  2.630  64.326 0.0000000000
71607  -55.851  2.121  64.098 0.0000000000
71740  -48.321  2.877  53.677 0.0000000000
72596  -55.679  3.210  64.241 0.0000000000
72656  -51.451  3.073  56.125 0.0000000000
72665  -50.745  3.103  55.899 0.0000000000
72668  -53.006  3.042  56.135 0.0000000000
72696  -50.505  3.569  55.150 0.0000000000
73605  -53.150  3.640  55.862 0.0000000000
73635  -50.315  4.543  53.793 0.0000000000
74477  -56.440  5.116  58.844 0.0000000000
74488  -56.875  4.580  58.087 0.0000000000
74501  -57.068  4.298  57.375 0.0000000000
74509  -53.693  4.413  55.993 0.0000000000
74559  -59.727  4.589  54.478 0.0000000000
74560  -60.228  3.964  53.719 0.0000000000
75437  -56.932  6.553  61.432 0.0000000000
75454  -59.003  5.272  58.150 0.0000000000
75461  -59.003  5.069  57.826 0.0000000000
75481  -52.515  5.768  55.194 0.0000000000
75505  -60.417  5.982  54.502 0.0000000000
75509  -52.018  6.140  53.344 0.0000000000
75528  -60.561  5.425  52.472 0.0000000000
75552  -56.581  6.209  50.457 0.0000000000
77528  -57.610  7.711  59.137 0.0000000000
77552  -56.337  8.872  56.211 0.0000000000
77567  -56.372  8.649  55.399 0.0000000000
124800  -22.674  -14.650  88.978 0.0000000000
124902  -54.893  7.131  63.797 0.0000000000
125406  -55.903  7.084  62.814 0.0000000000
126052  -57.086  5.458  60.471 0.0000000000
126479  -55.210  5.441  63.345 0.0000000000
126736  -54.998  5.809  53.048 0.0000000000
127536  -35.896  -12.061  69.103 0.0000000000
128615  -36.978  -17.757  77.802 0.0000000000
131408  -53.261  -5.114  65.345 0.0000000000
132236  -50.107  2.952  57.304 0.0000000000
132418  -20.550  -18.616  74.618 0.0000000000
132437  -51.108  5.993  51.102 0.0000000000
132464  -33.812  -17.812  76.568 0.0000000000
134295  -46.526  -10.057  74.577 0.0000000000
134474  -42.969  -10.254  70.049 0.0000000000
136195  -23.443  -20.434  72.845 0.0000000000
137527  -50.844  -8.186  68.284 0.0000000000
137839  -37.475  -8.239  63.708 0.0000000000
138164  -38.143  -17.378  79.979 0.0000000000
140128  -53.797  3.437  60.604 0.0000000000
142773  -57.059  4.316  56.977 0.0000000000
143496  -54.441  5.276  61.126 0.0000000000
144424  -26.027  -14.455  79.490 0.0000000000
145297  -45.582  -1.330  54.960 0.0000000000
145379  -54.023  4.005  61.461 0.0000000000
145848  -35.438  -18.454  78.152 0.0000000000
146694  -19.750  -22.780  74.809 0.0000000000
147011  -46.611  -5.843  57.952 0.0000000000
147066  -44.990  -7.578  68.431 0.0000000000
147151  -46.094  -11.638  72.776 0.0000000000
147266  -46.356  -1.973  56.951 0.0000000000
147267  -19.737  -23.869  74.032 0.0000000000
148102  -27.582  -15.770  79.351 0.0000000000
148232  -56.118  5.983  51.074 0.0000000000
148246  -49.635  -7.964  67.369 0.0000000000
148602  -44.793  -13.952  73.964 0.0000000000
148706  -31.879  -13.991  70.485 0.0000000000
148738  -23.910  -15.057  77.414 0.0000000000
149356  -38.360  -12.119  75.060 0.0000000000
149625  -24.749  -14.887  83.720 0.0000000000
149634  -42.572  -7.276  65.744 0.0000000000
150497  -48.255  -8.031  67.857 0.0000000000
150546  -59.124  5.152  55.336 0.0000000000
150629  -45.668  -9.491  70.359 0.0000000000
150850  -33.164  -12.673  65.055 0.0000000000
150963  -25.390  -19.732  75.336 0.0000000000
151290  -31.080  -20.659  86.569 0.0000000000
151592  -47.523  -9.574  73.421 0.0000000000
151673  -45.014  -7.250  67.654 0.0000000000
151792  -51.714  -5.057  61.900 0.0000000000
151882  -24.724  -16.872  87.828 0.0000000000
152173  -37.885  -15.370  62.804 0.0000000000
152672  -59.812  6.391  55.627 0.0000000000
152890  -47.543  -7.156  66.725 0.0000000000
152970  -41.157  -8.403  67.763 0.0000000000
