#!ascii label  , from subject sub-v1s15x0050196_ses-1 vox2ras=TkReg
516
66174  -28.303  1.754  15.868 0.0000000000
70100  -27.098  6.394  12.034 0.0000000000
81538  -23.354  19.360  7.950 0.0000000000
78037  -27.988  15.505  6.096 0.0000000000
73616  -32.073  11.250  9.713 0.0000000000
133346  -33.722  5.519  13.576 0.0000000000
84133  -21.857  21.789  8.506 0.0000000000
77145  -30.575  14.335  8.760 0.0000000000
74508  -27.041  11.129  10.512 0.0000000000
68161  -27.567  4.345  14.244 0.0000000000
68183  -31.225  4.147  9.661 0.0000000000
66207  -30.718  2.413  13.041 0.0000000000
61858  -21.858  -2.041  18.841 0.0000000000
136821  -24.649  2.024  16.328 0.0000000000
89226  -13.131  28.612  5.575 0.0000000000
87375  -17.342  26.593  5.118 0.0000000000
84967  -19.349  23.280  4.444 0.0000000000
83353  -21.432  21.249  4.170 0.0000000000
81570  -24.888  19.419  4.384 0.0000000000
79800  -25.031  17.474  6.703 0.0000000000
80675  -27.202  18.149  4.186 0.0000000000
121553  -31.445  16.929  5.208 0.0000000000
78020  -33.499  13.844  7.261 0.0000000000
75358  -33.473  12.422  11.209 0.0000000000
120894  -30.165  7.922  10.853 0.0000000000
71851  -33.913  8.777  12.150 0.0000000000
75377  -26.676  12.437  9.639 0.0000000000
74506  -25.725  11.310  10.987 0.0000000000
67140  -28.159  2.943  15.401 0.0000000000
67163  -29.988  3.032  12.415 0.0000000000
66201  -29.345  1.875  13.852 0.0000000000
59152  -21.963  -5.622  22.083 0.0000000000
60029  -22.265  -4.438  21.318 0.0000000000
135950  -22.270  -3.818  20.812 0.0000000000
67137  -24.273  2.974  14.523 0.0000000000
65257  -22.783  1.532  14.991 0.0000000000
86604  -17.955  25.381  4.355 0.0000000000
82480  -22.671  20.335  8.177 0.0000000000
83335  -21.122  20.885  5.678 0.0000000000
82498  -22.012  19.882  5.637 0.0000000000
83355  -23.037  20.416  4.484 0.0000000000
134642  -23.669  18.795  5.624 0.0000000000
78909  -26.315  16.453  6.579 0.0000000000
78927  -26.147  17.834  4.545 0.0000000000
78929  -27.929  16.975  3.410 0.0000000000
79811  -29.361  17.438  3.806 0.0000000000
121338  -29.983  15.635  3.909 0.0000000000
76223  -31.300  12.877  9.546 0.0000000000
77154  -33.438  13.596  6.684 0.0000000000
76224  -33.104  12.376  8.227 0.0000000000
76212  -33.317  13.163  9.743 0.0000000000
74522  -33.716  11.880  9.501 0.0000000000
70979  -26.323  7.409  12.022 0.0000000000
120009  -27.584  8.188  11.620 0.0000000000
120963  -28.297  7.260  11.549 0.0000000000
69165  -31.519  4.788  12.268 0.0000000000
70981  -31.699  7.038  10.452 0.0000000000
70104  -34.176  7.264  12.841 0.0000000000
71852  -35.686  8.833  12.591 0.0000000000
69157  -35.616  6.627  14.190 0.0000000000
61840  -23.428  -2.030  19.691 0.0000000000
62701  -22.431  -0.839  18.048 0.0000000000
63526  -23.809  -0.935  18.924 0.0000000000
64335  -24.552  0.452  18.043 0.0000000000
77143  -27.385  14.245  8.616 0.0000000000
138115  -28.651  15.295  7.490 0.0000000000
76233  -27.563  13.712  9.090 0.0000000000
76222  -28.738  13.193  10.209 0.0000000000
74510  -29.657  11.138  11.070 0.0000000000
69154  -27.807  5.204  12.590 0.0000000000
69167  -29.331  5.087  10.778 0.0000000000
68178  -29.642  3.918  11.440 0.0000000000
67167  -31.187  2.782  10.898 0.0000000000
67157  -31.519  3.660  13.772 0.0000000000
61825  -23.560  -2.664  20.250 0.0000000000
69151  -25.236  5.423  13.026 0.0000000000
133072  -25.732  4.524  13.555 0.0000000000
67139  -26.352  3.666  15.175 0.0000000000
66173  -26.330  2.484  16.449 0.0000000000
90914  -10.844  29.875  4.462 0.0000000000
89247  -15.306  28.173  6.214 0.0000000000
88300  -15.045  27.780  5.266 0.0000000000
87404  -17.339  26.538  3.850 0.0000000000
86625  -18.738  25.453  3.593 0.0000000000
85817  -20.031  24.620  2.975 0.0000000000
84141  -20.507  22.373  6.552 0.0000000000
84157  -20.100  22.160  4.021 0.0000000000
84981  -20.935  23.056  3.906 0.0000000000
84159  -21.886  22.176  4.715 0.0000000000
139923  -23.582  21.267  5.790 0.0000000000
122745  -24.594  20.366  5.612 0.0000000000
80664  -24.117  18.297  6.950 0.0000000000
79816  -24.981  18.063  5.098 0.0000000000
80673  -25.935  18.747  4.464 0.0000000000
81551  -25.583  19.501  6.686 0.0000000000
79787  -27.310  18.178  7.047 0.0000000000
79790  -31.236  17.479  7.753 0.0000000000
78040  -33.002  14.745  5.143 0.0000000000
78899  -33.178  15.238  6.445 0.0000000000
73604  -26.942  10.011  11.270 0.0000000000
132476  -29.128  9.657  11.409 0.0000000000
124692  -30.791  10.011  10.645 0.0000000000
70988  -30.907  6.792  9.796 0.0000000000
71857  -31.373  8.171  10.224 0.0000000000
73608  -32.488  10.627  10.399 0.0000000000
72740  -35.109  10.225  11.709 0.0000000000
73578  -34.748  10.493  12.832 0.0000000000
65226  -23.726  1.072  16.899 0.0000000000
140423  -26.322  1.180  17.574 0.0000000000
65230  -27.340  1.028  17.297 0.0000000000
140300  -28.213  2.372  15.691 0.0000000000
67141  -28.699  2.643  14.654 0.0000000000
66192  -28.747  2.047  14.978 0.0000000000
65262  -29.507  1.014  13.747 0.0000000000
65249  -28.556  0.925  15.479 0.0000000000
59153  -22.665  -5.703  22.210 0.0000000000
134029  -21.885  -5.074  21.643 0.0000000000
59173  -22.573  -5.109  21.806 0.0000000000
81537  -22.837  19.780  7.494 0.0000000000
142397  -22.069  20.014  6.450 0.0000000000
81548  -22.497  19.623  6.467 0.0000000000
81557  -22.639  19.531  5.256 0.0000000000
81549  -23.162  19.245  7.007 0.0000000000
127261  -27.374  15.407  7.279 0.0000000000
134344  -26.748  15.783  7.289 0.0000000000
78036  -27.096  15.880  6.139 0.0000000000
78918  -26.950  16.703  4.881 0.0000000000
78046  -27.780  16.103  4.683 0.0000000000
78052  -28.878  16.168  3.486 0.0000000000
140031  -28.627  15.678  4.759 0.0000000000
75380  -32.129  12.022  9.176 0.0000000000
76236  -32.971  12.645  7.828 0.0000000000
123675  -32.569  11.681  9.235 0.0000000000
75381  -33.363  12.066  8.675 0.0000000000
74521  -33.279  11.786  9.062 0.0000000000
70099  -26.238  6.696  12.244 0.0000000000
70986  -27.377  7.403  11.661 0.0000000000
70105  -27.667  6.688  11.652 0.0000000000
69155  -32.464  5.391  13.213 0.0000000000
69166  -31.921  5.892  12.280 0.0000000000
70092  -33.483  6.244  13.103 0.0000000000
70093  -35.097  6.849  13.505 0.0000000000
69156  -34.740  6.013  13.855 0.0000000000
69143  -35.499  5.763  14.734 0.0000000000
69142  -34.468  5.377  14.087 0.0000000000
62683  -24.108  -1.497  19.486 0.0000000000
77135  -26.900  13.581  8.886 0.0000000000
76221  -26.992  12.921  9.143 0.0000000000
74517  -26.538  11.794  10.004 0.0000000000
75378  -27.446  12.572  9.889 0.0000000000
74518  -27.764  11.894  10.490 0.0000000000
74519  -29.338  12.031  10.767 0.0000000000
74509  -28.354  11.238  10.984 0.0000000000
68172  -27.298  4.943  13.475 0.0000000000
68177  -28.768  4.615  12.092 0.0000000000
68173  -28.392  4.469  13.343 0.0000000000
66206  -30.419  2.164  13.201 0.0000000000
66209  -30.686  2.675  12.266 0.0000000000
67164  -30.995  2.787  11.986 0.0000000000
132449  -31.299  3.541  12.437 0.0000000000
66208  -31.145  2.868  12.905 0.0000000000
66204  -31.153  2.743  13.744 0.0000000000
66203  -30.675  1.953  13.719 0.0000000000
58240  -21.233  -6.297  22.144 0.0000000000
58222  -20.978  -6.975  22.399 0.0000000000
60934  -22.711  -3.212  20.438 0.0000000000
68170  -25.429  4.850  13.154 0.0000000000
66171  -24.625  2.541  15.361 0.0000000000
67138  -25.335  3.321  15.033 0.0000000000
66189  -25.592  2.812  15.785 0.0000000000
66190  -26.401  3.120  15.759 0.0000000000
66172  -25.346  2.446  16.189 0.0000000000
90126  -13.177  29.243  6.066 0.0000000000
90907  -12.517  29.698  5.830 0.0000000000
90915  -11.226  29.448  5.015 0.0000000000
90922  -10.826  29.485  4.152 0.0000000000
89266  -11.407  28.378  4.724 0.0000000000
88302  -16.749  27.255  5.525 0.0000000000
88301  -15.743  27.553  5.382 0.0000000000
139235  -15.474  27.570  4.848 0.0000000000
88313  -15.264  27.810  4.591 0.0000000000
88314  -16.045  27.467  4.481 0.0000000000
88332  -15.926  27.901  4.214 0.0000000000
88315  -16.766  26.872  4.215 0.0000000000
85794  -18.593  24.625  4.327 0.0000000000
86617  -18.179  25.229  3.912 0.0000000000
85815  -19.190  24.730  3.564 0.0000000000
85816  -19.761  23.989  3.300 0.0000000000
84142  -21.018  21.915  7.130 0.0000000000
141520  -21.053  20.725  4.901 0.0000000000
83343  -20.698  21.135  4.864 0.0000000000
124026  -20.832  21.784  3.954 0.0000000000
134436  -20.537  22.630  3.784 0.0000000000
84158  -21.238  22.077  4.036 0.0000000000
130768  -21.446  22.921  4.637 0.0000000000
84169  -21.828  21.486  4.280 0.0000000000
81575  -23.424  19.968  4.452 0.0000000000
83344  -23.201  20.957  4.828 0.0000000000
82499  -23.994  20.674  5.188 0.0000000000
82492  -24.054  20.980  6.349 0.0000000000
81559  -25.077  19.721  4.854 0.0000000000
79786  -25.064  17.110  7.784 0.0000000000
79799  -24.544  17.744  7.376 0.0000000000
79808  -24.648  17.832  6.222 0.0000000000
79809  -25.404  17.597  5.374 0.0000000000
80686  -26.875  18.128  3.951 0.0000000000
121128  -26.321  18.392  4.293 0.0000000000
80674  -26.508  18.363  4.461 0.0000000000
80665  -26.181  18.918  5.798 0.0000000000
80666  -26.885  18.314  5.825 0.0000000000
80654  -26.656  18.670  7.452 0.0000000000
79801  -27.602  17.837  5.812 0.0000000000
79812  -30.781  16.830  3.763 0.0000000000
79802  -28.676  17.615  5.733 0.0000000000
119958  -30.116  17.334  5.772 0.0000000000
79789  -30.229  17.626  7.477 0.0000000000
79803  -31.382  17.218  6.514 0.0000000000
127930  -29.772  15.015  8.266 0.0000000000
78027  -30.947  15.301  6.911 0.0000000000
77155  -33.419  13.447  6.831 0.0000000000
78041  -33.242  14.589  5.726 0.0000000000
78887  -33.123  15.065  7.445 0.0000000000
79776  -31.907  16.585  7.979 0.0000000000
78876  -32.477  15.048  8.514 0.0000000000
75370  -33.278  12.839  10.530 0.0000000000
74498  -33.688  11.998  11.743 0.0000000000
72732  -25.792  9.841  11.396 0.0000000000
120072  -28.968  8.040  11.511 0.0000000000
125168  -28.404  8.972  11.540 0.0000000000
72735  -29.552  8.819  11.316 0.0000000000
72736  -30.119  9.489  11.151 0.0000000000
125847  -30.567  8.712  10.652 0.0000000000
69169  -30.480  4.412  9.720 0.0000000000
70107  -30.055  5.757  10.403 0.0000000000
70108  -30.998  5.250  9.644 0.0000000000
70982  -32.622  7.932  12.114 0.0000000000
70990  -31.634  7.758  10.455 0.0000000000
71858  -32.243  8.711  11.273 0.0000000000
72738  -32.038  9.454  10.625 0.0000000000
72739  -33.489  9.591  11.658 0.0000000000
73609  -33.596  10.515  11.062 0.0000000000
70984  -36.100  8.483  13.394 0.0000000000
71853  -35.835  9.391  12.761 0.0000000000
71842  -35.905  9.082  13.482 0.0000000000
130278  -26.196  0.238  18.279 0.0000000000
64355  -25.578  0.749  17.882 0.0000000000
64356  -26.693  0.555  17.873 0.0000000000
64357  -27.434  0.145  17.625 0.0000000000
76220  -26.412  12.880  9.700 0.0000000000
134328  -25.951  11.609  10.264 0.0000000000
74507  -26.121  11.004  10.487 0.0000000000
67154  -27.811  3.719  14.971 0.0000000000
67162  -29.204  3.547  13.301 0.0000000000
67155  -29.149  2.786  13.813 0.0000000000
66202  -29.878  1.799  13.319 0.0000000000
65265  -30.278  1.404  13.444 0.0000000000
65263  -29.967  1.028  13.352 0.0000000000
64387  -29.590  0.357  13.731 0.0000000000
60030  -23.229  -4.578  21.505 0.0000000000
67150  -24.008  3.537  14.212 0.0000000000
67136  -23.483  2.925  14.511 0.0000000000
66188  -23.694  2.336  14.762 0.0000000000
66170  -23.749  1.891  15.297 0.0000000000
137916  -13.694  28.913  6.349 0.0000000000
87376  -18.192  26.388  5.968 0.0000000000
87391  -17.710  25.944  4.896 0.0000000000
86590  -18.418  25.630  5.523 0.0000000000
86605  -18.570  24.740  5.114 0.0000000000
84953  -19.363  23.453  5.393 0.0000000000
83328  -21.276  21.197  6.751 0.0000000000
83329  -21.730  20.852  7.271 0.0000000000
82497  -21.648  20.449  6.336 0.0000000000
82507  -21.471  20.328  5.010 0.0000000000
82514  -21.855  20.575  4.334 0.0000000000
82508  -22.170  19.970  4.683 0.0000000000
81568  -22.985  19.743  4.603 0.0000000000
80694  -24.451  19.092  4.500 0.0000000000
78908  -25.580  17.054  6.560 0.0000000000
78917  -26.152  17.228  5.171 0.0000000000
79819  -27.608  17.773  3.623 0.0000000000
79810  -28.117  17.886  3.933 0.0000000000
121084  -28.645  17.292  3.205 0.0000000000
79820  -29.814  16.744  2.889 0.0000000000
78932  -31.239  16.058  3.409 0.0000000000
76235  -31.188  13.574  9.150 0.0000000000
130277  -32.220  14.182  7.200 0.0000000000
77146  -32.924  13.209  7.256 0.0000000000
77147  -33.354  13.119  7.440 0.0000000000
77136  -33.527  13.172  8.465 0.0000000000
76225  -33.471  12.575  8.355 0.0000000000
76213  -33.670  12.267  9.111 0.0000000000
74512  -34.300  11.770  10.796 0.0000000000
71855  -26.479  8.653  11.629 0.0000000000
70985  -26.731  7.803  11.725 0.0000000000
70987  -29.583  7.021  11.129 0.0000000000
128167  -31.424  4.287  10.544 0.0000000000
69170  -31.440  5.097  9.919 0.0000000000
70102  -31.557  6.147  10.730 0.0000000000
70103  -32.342  6.884  12.163 0.0000000000
130836  -34.816  8.084  12.588 0.0000000000
70983  -35.823  7.809  13.169 0.0000000000
70970  -36.196  7.914  13.748 0.0000000000
70954  -35.780  7.629  14.488 0.0000000000
70079  -35.844  6.922  14.491 0.0000000000
61839  -22.634  -1.949  19.322 0.0000000000
62681  -22.475  -1.454  18.708 0.0000000000
62682  -23.240  -1.440  19.184 0.0000000000
62702  -23.059  -1.007  18.673 0.0000000000
63543  -23.348  -0.488  18.328 0.0000000000
64334  -23.648  0.157  17.917 0.0000000000
63544  -24.389  -0.293  18.573 0.0000000000
63545  -25.446  -0.542  18.876 0.0000000000
119458  -26.738  14.787  8.566 0.0000000000
77152  -27.487  14.975  8.106 0.0000000000
78038  -29.443  15.526  5.925 0.0000000000
77144  -28.704  14.522  9.028 0.0000000000
131178  -27.749  13.284  9.585 0.0000000000
76234  -29.174  13.922  9.730 0.0000000000
134296  -29.898  13.425  10.069 0.0000000000
133559  -30.537  12.430  10.290 0.0000000000
74520  -30.942  11.685  10.303 0.0000000000
69162  -27.380  5.807  12.139 0.0000000000
70101  -28.037  5.855  11.535 0.0000000000
69163  -28.391  5.247  11.568 0.0000000000
69164  -29.441  4.437  10.967 0.0000000000
68180  -30.432  3.408  10.166 0.0000000000
68174  -29.379  3.882  12.476 0.0000000000
67168  -31.149  2.925  10.312 0.0000000000
68182  -31.274  3.143  10.039 0.0000000000
68179  -31.342  3.588  11.144 0.0000000000
68163  -31.843  4.572  13.511 0.0000000000
68164  -33.279  4.906  13.961 0.0000000000
67158  -32.394  4.215  14.346 0.0000000000
65264  -30.384  1.143  13.711 0.0000000000
57252  -20.566  -7.422  22.495 0.0000000000
124205  -22.121  -2.408  19.415 0.0000000000
60933  -21.763  -3.518  20.323 0.0000000000
61823  -21.977  -2.917  19.831 0.0000000000
61824  -22.734  -2.517  19.843 0.0000000000
61841  -24.348  -2.185  19.983 0.0000000000
69161  -26.433  5.993  12.395 0.0000000000
69153  -26.859  5.503  12.868 0.0000000000
68160  -26.575  4.559  14.004 0.0000000000
67151  -24.726  3.668  14.111 0.0000000000
67152  -25.729  4.050  14.268 0.0000000000
67153  -26.920  4.067  14.840 0.0000000000
133071  -27.226  3.437  15.491 0.0000000000
66191  -27.511  2.656  16.096 0.0000000000
123797  -27.439  1.845  16.688 0.0000000000
139145  -12.870  30.599  6.532 0.0000000000
89228  -16.196  28.440  7.304 0.0000000000
89227  -14.228  28.591  6.295 0.0000000000
89245  -13.559  28.556  5.538 0.0000000000
89267  -13.362  28.515  5.234 0.0000000000
89287  -13.699  28.844  4.721 0.0000000000
87390  -17.356  26.156  4.162 0.0000000000
86603  -17.727  25.771  3.830 0.0000000000
134640  -18.142  25.969  3.536 0.0000000000
87415  -19.267  25.924  3.242 0.0000000000
86627  -20.114  25.452  2.771 0.0000000000
85807  -20.238  24.529  3.148 0.0000000000
84954  -19.995  23.026  6.045 0.0000000000
84968  -19.631  22.668  4.829 0.0000000000
84147  -20.703  21.526  6.079 0.0000000000
124716  -20.173  21.973  5.258 0.0000000000
84156  -19.672  22.710  4.021 0.0000000000
140695  -20.155  23.137  3.466 0.0000000000
84980  -20.405  23.505  3.539 0.0000000000
85808  -20.734  23.990  3.845 0.0000000000
84969  -21.159  23.679  4.531 0.0000000000
84148  -22.437  22.399  5.746 0.0000000000
83354  -22.322  20.871  4.313 0.0000000000
83336  -22.463  21.585  4.820 0.0000000000
80653  -24.093  18.223  7.981 0.0000000000
80652  -23.667  18.787  7.501 0.0000000000
80671  -23.603  18.741  6.528 0.0000000000
80683  -24.140  18.777  4.959 0.0000000000
80695  -25.103  19.040  4.220 0.0000000000
79817  -25.783  18.236  4.530 0.0000000000
80685  -25.703  18.747  4.381 0.0000000000
81571  -25.415  19.123  4.343 0.0000000000
81560  -25.616  19.399  5.151 0.0000000000
79788  -28.135  17.834  7.394 0.0000000000
80656  -29.148  17.923  8.307 0.0000000000
79774  -30.248  17.938  8.569 0.0000000000
78047  -31.336  15.626  3.951 0.0000000000
78919  -32.204  15.614  4.535 0.0000000000
78028  -33.316  14.111  6.142 0.0000000000
78049  -32.923  15.117  4.983 0.0000000000
78920  -32.218  16.389  5.638 0.0000000000
79791  -32.251  16.507  6.711 0.0000000000
142712  -32.509  14.184  9.565 0.0000000000
73602  -25.764  10.512  11.116 0.0000000000
141901  -26.639  10.599  10.791 0.0000000000
72733  -27.229  9.207  11.518 0.0000000000
72734  -28.016  9.840  11.439 0.0000000000
124162  -27.627  10.559  11.108 0.0000000000
73605  -28.781  10.474  11.290 0.0000000000
74511  -30.781  10.830  10.599 0.0000000000
73607  -31.761  10.598  10.155 0.0000000000
70106  -28.768  6.227  11.242 0.0000000000
70109  -31.299  6.029  9.800 0.0000000000
70989  -31.344  7.245  9.903 0.0000000000
71856  -31.152  7.926  10.017 0.0000000000
132800  -31.284  8.741  10.271 0.0000000000
72737  -31.514  9.663  10.402 0.0000000000
73618  -33.809  11.396  10.415 0.0000000000
136872  -34.650  10.899  11.167 0.0000000000
74499  -34.798  11.116  11.563 0.0000000000
72729  -35.621  9.638  12.249 0.0000000000
73579  -35.580  10.082  12.219 0.0000000000
131931  -34.263  11.537  11.757 0.0000000000
138863  -23.069  1.281  15.200 0.0000000000
65246  -23.714  1.466  16.063 0.0000000000
120586  -23.901  0.665  17.524 0.0000000000
65227  -24.391  1.492  16.868 0.0000000000
65247  -25.625  2.101  16.721 0.0000000000
65229  -26.442  1.783  17.120 0.0000000000
65248  -28.100  1.073  16.472 0.0000000000
64336  -25.384  0.092  18.435 0.0000000000
64354  -24.565  1.035  17.461 0.0000000000
65228  -25.365  1.549  17.225 0.0000000000
65258  -28.957  1.019  14.529 0.0000000000
67156  -29.914  2.552  12.962 0.0000000000
67165  -30.489  3.133  11.390 0.0000000000
67166  -31.142  2.840  11.199 0.0000000000
68162  -28.387  3.748  14.141 0.0000000000
68165  -34.677  4.890  14.579 0.0000000000
68171  -26.223  4.928  13.202 0.0000000000
68181  -30.917  3.544  9.662 0.0000000000
69152  -25.877  5.406  12.750 0.0000000000
69168  -30.144  3.939  9.880 0.0000000000
69171  -31.051  4.356  9.561 0.0000000000
69172  -31.218  4.934  9.653 0.0000000000
70955  -36.035  7.592  14.193 0.0000000000
70980  -26.865  7.083  11.841 0.0000000000
71828  -36.168  8.174  13.925 0.0000000000
72712  -35.641  9.959  12.805 0.0000000000
72728  -34.944  9.419  12.040 0.0000000000
73593  -25.576  10.173  11.870 0.0000000000
73595  -34.494  11.096  12.307 0.0000000000
73596  -35.265  10.514  12.150 0.0000000000
73603  -26.074  10.276  10.987 0.0000000000
73606  -29.871  10.291  11.238 0.0000000000
73610  -34.517  11.307  11.030 0.0000000000
73611  -35.052  10.638  11.664 0.0000000000
73617  -32.862  11.357  9.782 0.0000000000
74523  -34.029  11.919  10.300 0.0000000000
75371  -33.828  12.137  9.914 0.0000000000
75379  -29.666  12.844  10.416 0.0000000000
75382  -33.673  11.979  9.123 0.0000000000
76237  -33.364  12.752  7.840 0.0000000000
77153  -28.248  14.866  8.405 0.0000000000
78026  -26.801  15.363  8.039 0.0000000000
78029  -33.495  13.941  6.484 0.0000000000
78039  -31.230  15.454  5.215 0.0000000000
78048  -32.301  15.472  4.632 0.0000000000
78053  -30.139  16.287  2.855 0.0000000000
78054  -30.772  15.916  2.995 0.0000000000
78055  -31.578  15.754  3.948 0.0000000000
78059  -30.377  15.985  2.488 0.0000000000
78898  -26.247  16.067  8.035 0.0000000000
78910  -32.989  15.486  5.639 0.0000000000
78928  -26.885  17.667  4.042 0.0000000000
78930  -29.383  16.646  2.925 0.0000000000
78931  -30.468  15.990  2.606 0.0000000000
78939  -30.214  16.155  2.541 0.0000000000
79813  -31.901  16.185  4.544 0.0000000000
79818  -26.492  18.159  4.229 0.0000000000
79821  -30.512  16.329  2.808 0.0000000000
80672  -24.242  18.365  5.678 0.0000000000
80684  -24.942  18.630  4.498 0.0000000000
81550  -25.138  19.970  6.063 0.0000000000
81558  -23.132  19.154  5.981 0.0000000000
81569  -23.505  19.192  4.939 0.0000000000
81576  -23.917  19.515  4.585 0.0000000000
81577  -24.643  19.338  4.425 0.0000000000
82481  -23.132  19.885  8.297 0.0000000000
82491  -22.186  20.242  7.218 0.0000000000
82500  -24.488  20.021  4.659 0.0000000000
82506  -21.203  20.830  4.399 0.0000000000
82509  -23.758  20.249  4.549 0.0000000000
82510  -24.254  19.709  4.506 0.0000000000
82515  -22.592  20.288  4.483 0.0000000000
83319  -21.554  21.500  7.665 0.0000000000
83352  -20.925  21.258  4.112 0.0000000000
84168  -19.973  22.693  3.657 0.0000000000
84970  -21.931  23.028  5.622 0.0000000000
84979  -19.732  23.282  3.625 0.0000000000
84987  -20.095  23.810  3.231 0.0000000000
85795  -18.915  23.969  4.821 0.0000000000
85806  -19.193  23.915  3.963 0.0000000000
86626  -19.784  25.347  2.883 0.0000000000
88312  -14.454  28.394  4.831 0.0000000000
89244  -12.539  28.500  5.085 0.0000000000
89246  -14.455  28.292  5.727 0.0000000000
89268  -14.383  28.301  5.226 0.0000000000
90135  -10.934  28.948  4.221 0.0000000000
90136  -12.150  28.801  5.124 0.0000000000
118010  -10.803  29.647  3.854 0.0000000000
118552  -36.005  7.353  13.904 0.0000000000
123271  -26.219  9.514  11.376 0.0000000000
126566  -12.094  28.494  4.916 0.0000000000
126582  -19.219  24.291  5.744 0.0000000000
128837  -31.469  5.360  11.262 0.0000000000
130107  -26.202  -0.282  18.595 0.0000000000
130329  -28.415  3.233  14.738 0.0000000000
132745  -20.534  21.605  4.317 0.0000000000
133560  -28.551  12.538  10.471 0.0000000000
137211  -33.842  11.969  9.812 0.0000000000
137837  -30.944  9.245  10.345 0.0000000000
141086  -13.585  28.606  5.892 0.0000000000
142446  -17.975  25.570  3.728 0.0000000000
142843  -23.213  1.793  14.843 0.0000000000
143101  -29.611  18.209  8.992 0.0000000000
143265  -32.708  15.665  5.033 0.0000000000
