#!ascii label  , from subject sub-v1s15x0050196_ses-1 vox2ras=TkReg
1359
130534  23.937  -35.801  28.962 0.8999999762
29199  23.746  -37.085  28.606 0.8000000119
30059  24.194  -36.282  28.435 0.8000000119
28329  24.152  -37.872  27.512 0.6999999881
29230  24.223  -37.164  26.521 0.8000000119
30846  23.360  -35.737  29.414 0.8999999762
30862  24.444  -35.417  28.567 1.0000000000
30872  24.664  -35.731  28.004 1.0000000000
30071  24.529  -36.375  27.661 0.8999999762
29214  24.368  -37.092  27.286 0.8000000119
29242  23.978  -37.042  25.857 0.8000000119
30094  24.192  -36.439  25.981 0.8999999762
29243  23.654  -37.301  25.474 0.8000000119
29249  23.177  -37.103  24.792 0.6999999881
28374  22.708  -37.946  24.560 0.6999999881
30847  22.816  -35.334  29.707 0.8000000119
31664  23.440  -34.728  29.670 0.8999999762
31665  22.478  -34.667  29.941 0.8999999762
31667  20.705  -34.535  29.464 0.8999999762
31680  24.716  -34.657  28.805 0.8999999762
31692  24.975  -34.924  27.981 1.0000000000
30085  24.467  -36.381  26.787 0.8999999762
31709  24.774  -34.866  26.390 1.0000000000
30890  24.493  -35.661  26.172 0.8999999762
123698  23.918  -35.722  25.341 0.8999999762
30095  23.736  -36.627  25.353 0.8000000119
29250  22.503  -37.211  24.062 0.6999999881
31645  23.805  -33.795  29.792 0.8999999762
31646  22.897  -33.937  30.113 0.8999999762
31647  21.960  -33.907  30.112 0.8999999762
134542  21.128  -33.817  29.753 0.8999999762
32553  20.423  -33.685  29.267 0.8999999762
31663  24.348  -34.320  29.369 0.8999999762
32564  25.009  -33.922  29.104 0.8999999762
31691  25.259  -34.012  27.507 1.0000000000
30101  23.357  -36.143  24.718 0.8000000119
30909  22.326  -35.734  23.634 0.8000000119
31727  21.907  -35.091  23.256 0.8000000119
30910  21.746  -35.912  23.100 0.8000000119
30919  21.296  -36.066  22.601 0.8000000119
32533  22.333  -33.185  30.269 0.8999999762
32552  20.783  -33.026  29.576 0.8999999762
126097  20.264  -32.923  29.028 0.8999999762
33391  24.091  -32.974  29.942 0.8999999762
33393  20.612  -32.304  29.226 0.8999999762
33401  20.165  -32.302  28.715 0.8000000119
32566  19.504  -33.086  28.127 0.8000000119
32551  24.639  -33.522  29.490 0.8999999762
126094  19.987  -31.857  28.451 0.6999999881
33402  19.712  -32.391  28.255 0.6999999881
33416  19.156  -32.521  27.723 0.6999999881
32563  25.501  -32.955  28.709 0.8999999762
34339  18.969  -31.642  27.591 0.6999999881
34340  18.241  -31.446  27.284 0.6999999881
33415  25.598  -32.731  27.874 1.0000000000
35268  18.036  -30.612  27.148 0.6000000238
121277  25.450  -33.233  27.446 1.0000000000
122836  25.272  -33.350  26.760 1.0000000000
32585  25.042  -34.109  26.579 1.0000000000
32592  24.648  -34.174  25.835 1.0000000000
31710  24.346  -34.917  25.605 0.8999999762
32591  24.893  -33.431  26.033 1.0000000000
32596  24.076  -34.139  25.184 0.8999999762
31715  23.717  -34.826  24.928 0.8000000119
30897  23.413  -35.412  24.677 0.8000000119
31726  22.486  -34.933  23.773 0.8000000119
124086  22.108  -34.327  23.419 0.8000000119
114764  21.553  -34.423  22.934 0.8000000119
118023  20.849  -34.346  22.384 0.8000000119
32532  23.236  -33.151  30.247 0.8999999762
32534  21.485  -33.121  30.009 0.8999999762
123555  22.953  -31.843  30.439 0.8999999762
34285  22.211  -31.739  30.316 0.8999999762
34310  21.478  -31.682  29.889 0.8999999762
34324  20.516  -31.599  28.843 0.8999999762
33390  24.844  -32.698  29.571 0.8999999762
34338  19.570  -31.779  27.968 0.6999999881
33389  25.419  -32.322  29.132 0.8999999762
35266  19.494  -31.015  27.873 0.6000000238
35267  18.784  -30.786  27.537 0.6000000238
113637  25.655  -32.163  28.387 1.0000000000
35274  17.315  -30.504  26.788 0.5000000000
121360  16.939  -29.864  26.724 0.5000000000
33422  25.544  -32.531  26.927 1.0000000000
33423  25.142  -32.689  26.191 1.0000000000
33431  24.867  -31.983  25.735 1.0000000000
116670  24.586  -32.712  25.558 1.0000000000
133613  23.829  -33.440  24.877 0.8999999762
124518  22.656  -34.135  23.932 0.8000000119
114710  23.395  -32.984  24.456 0.8999999762
32597  22.813  -33.296  24.002 0.8000000119
32605  22.255  -33.565  23.510 0.8000000119
33439  22.959  -32.526  24.043 0.8999999762
33452  22.365  -32.644  23.520 0.8000000119
120034  22.186  -31.866  23.298 0.8999999762
32606  21.767  -33.164  23.096 0.8000000119
122962  20.503  -32.916  22.123 0.8000000119
135197  20.777  -32.454  22.268 0.8000000119
33481  19.768  -32.813  21.670 0.8000000119
33369  24.270  -32.125  30.040 0.8999999762
35208  24.148  -30.722  30.378 0.8999999762
35252  20.567  -30.790  28.700 0.6999999881
35253  20.024  -30.499  28.307 0.8000000119
34307  25.447  -31.403  29.274 0.8999999762
35207  24.898  -30.643  30.153 0.8999999762
36279  19.376  -30.030  27.938 0.6999999881
36280  18.510  -29.915  27.499 0.6000000238
117517  19.676  -29.076  28.200 0.6999999881
114076  18.917  -29.145  27.804 0.6000000238
37265  18.238  -29.142  27.464 0.5000000000
34337  25.778  -31.908  27.497 1.0000000000
37266  17.582  -28.555  27.315 0.5000000000
37283  16.844  -28.266  26.967 0.5000000000
34345  25.760  -31.621  26.642 1.0000000000
33430  25.388  -32.039  26.258 1.0000000000
33438  23.496  -32.010  24.463 0.8999999762
34352  25.420  -31.268  25.878 1.0000000000
34353  24.586  -31.220  25.307 0.8999999762
33437  24.234  -31.968  25.116 0.8999999762
34361  23.980  -31.172  24.680 0.8999999762
34379  22.843  -30.865  23.743 0.8999999762
34381  21.733  -31.527  22.878 0.8999999762
34362  23.315  -31.045  24.197 0.8999999762
34380  22.313  -31.059  23.268 0.8999999762
34395  21.267  -31.031  22.450 0.8999999762
35310  22.042  -30.258  23.038 0.8999999762
126971  22.768  -31.140  30.419 0.8999999762
34309  21.910  -30.926  30.119 0.8999999762
120206  21.141  -30.982  29.351 0.8999999762
36239  21.224  -29.496  29.133 1.0000000000
115366  20.494  -30.154  28.607 0.8000000119
121981  23.701  -30.061  30.406 0.8999999762
36262  20.123  -29.715  28.372 0.6999999881
34323  25.645  -31.618  28.782 0.8999999762
35206  25.505  -30.570  29.588 0.8999999762
118908  20.377  -28.954  28.528 0.6999999881
37264  19.190  -28.240  28.129 0.6999999881
129401  18.423  -28.420  27.673 0.5000000000
35265  25.836  -31.336  28.093 1.0000000000
38292  17.954  -27.700  27.547 0.5000000000
38307  17.168  -27.626  27.208 0.5000000000
34336  26.105  -30.983  27.161 1.0000000000
35273  26.201  -30.228  26.571 1.0000000000
127382  25.966  -30.904  26.324 1.0000000000
35280  24.943  -30.607  25.427 1.0000000000
35279  25.717  -30.279  25.765 1.0000000000
36290  26.175  -29.497  26.052 1.0000000000
36300  24.889  -29.876  25.159 0.8999999762
35295  23.754  -30.347  24.408 0.8999999762
36318  23.551  -29.549  24.118 0.8999999762
36401  19.925  -29.438  19.518 0.6999999881
36402  19.063  -29.572  19.645 0.8000000119
37385  18.913  -29.111  19.901 0.8000000119
125979  24.533  -30.021  30.352 0.8999999762
36213  24.095  -29.357  30.368 1.0000000000
36214  23.276  -29.355  30.291 1.0000000000
120233  21.741  -29.010  29.433 1.0000000000
36261  20.713  -29.547  28.735 0.6999999881
35251  25.796  -30.816  28.759 0.8999999762
122876  25.693  -29.870  29.661 0.8999999762
37247  20.020  -28.301  28.403 0.6999999881
38291  18.604  -27.737  27.867 0.6000000238
35272  26.306  -30.103  27.413 1.0000000000
35264  26.089  -30.565  27.988 0.8999999762
35229  25.944  -30.067  29.084 0.8999999762
39330  16.790  -26.805  26.898 0.4000000060
36299  25.523  -29.338  25.407 1.0000000000
37311  24.797  -28.966  24.738 1.0000000000
37298  25.460  -28.655  25.113 1.0000000000
126653  19.472  -28.324  21.348 0.8999999762
37397  22.067  -28.749  19.713 0.6000000238
125460  21.400  -28.976  19.633 0.6000000238
118550  20.480  -28.742  19.567 0.8000000119
37400  19.345  -28.629  19.784 0.8000000119
126530  18.857  -28.901  20.221 0.8999999762
127558  19.250  -29.007  21.241 0.8999999762
36237  25.535  -29.300  30.012 0.8999999762
36212  24.897  -29.313  30.335 0.8999999762
37245  21.060  -28.766  28.909 0.8000000119
37246  20.613  -28.297  28.616 0.6999999881
38280  19.742  -27.654  28.326 0.6999999881
38290  19.122  -27.318  28.128 0.6000000238
129524  17.259  -26.040  27.044 0.4000000060
36278  26.515  -29.410  27.774 1.0000000000
124796  26.331  -29.522  28.577 0.8999999762
36289  26.456  -29.442  26.931 1.0000000000
37282  26.481  -28.742  26.401 1.0000000000
37297  26.040  -28.768  25.652 1.0000000000
38321  25.863  -28.043  25.191 1.0000000000
38333  25.371  -27.409  24.648 1.0000000000
121235  20.714  -28.933  22.199 0.8999999762
38378  20.479  -27.405  22.035 0.8999999762
37350  20.266  -28.220  21.896 0.8999999762
38418  19.124  -27.746  20.268 0.8999999762
38400  19.186  -27.855  20.815 0.8999999762
38417  23.154  -28.062  20.432 0.6000000238
37383  22.690  -28.539  20.028 0.6000000238
37398  21.330  -28.248  19.555 0.8000000119
37399  20.113  -27.685  19.545 0.8000000119
37384  19.023  -28.382  20.050 0.8999999762
37196  23.725  -28.787  30.275 0.8999999762
37221  23.101  -28.607  30.062 0.8999999762
37223  21.698  -28.181  29.235 0.6999999881
38238  23.810  -28.136  30.172 0.8999999762
37222  22.398  -28.412  29.648 0.8999999762
38279  20.462  -27.568  28.507 0.6000000238
36236  26.009  -29.382  29.323 1.0000000000
37220  25.875  -28.668  29.644 1.0000000000
37194  25.227  -28.613  30.187 1.0000000000
39312  20.623  -26.826  28.507 0.6000000238
39313  19.895  -26.846  28.293 0.6000000238
39321  19.025  -26.437  28.021 0.5000000000
37263  26.744  -28.784  28.263 1.0000000000
37219  26.490  -28.784  29.030 1.0000000000
117868  26.958  -28.168  28.736 1.0000000000
37281  26.824  -28.613  27.359 1.0000000000
38305  26.967  -27.926  26.486 1.0000000000
38306  26.439  -28.254  25.849 1.0000000000
135943  26.023  -27.376  25.052 1.0000000000
38334  24.458  -27.406  24.292 1.0000000000
38354  23.837  -27.106  23.832 1.0000000000
38335  23.705  -27.921  23.988 1.0000000000
38355  23.204  -27.250  23.573 1.0000000000
38356  22.402  -27.390  23.198 0.8999999762
122362  22.944  -28.030  23.554 0.8999999762
37349  21.159  -28.171  22.491 0.8999999762
38379  19.685  -27.632  21.427 0.8999999762
134263  19.093  -27.011  19.997 0.8999999762
129753  23.994  -26.914  20.750 0.6000000238
115012  22.911  -27.823  19.682 0.6000000238
38426  22.308  -27.870  19.567 0.6000000238
121291  21.344  -27.430  19.288 0.8000000119
116788  19.445  -26.613  19.507 0.8000000119
38256  22.346  -27.609  29.463 0.6999999881
38278  21.090  -27.895  28.825 0.6000000238
39311  21.104  -27.147  28.717 0.6000000238
125113  25.575  -28.057  29.868 0.8999999762
122593  20.426  -26.183  28.415 0.6000000238
132316  27.123  -28.210  28.046 1.0000000000
125362  27.008  -27.559  29.035 0.8999999762
38289  27.285  -27.764  27.480 1.0000000000
39329  27.135  -27.128  25.983 1.0000000000
39346  26.535  -26.968  25.266 1.0000000000
39362  25.814  -26.798  24.737 1.0000000000
39363  24.997  -26.671  24.368 1.0000000000
39379  24.275  -26.545  23.932 1.0000000000
39380  23.487  -26.399  23.540 1.0000000000
39381  22.791  -26.681  23.310 1.0000000000
39408  21.499  -26.252  22.330 0.8999999762
38377  21.462  -27.169  22.584 0.8999999762
39410  19.824  -26.906  21.392 0.8999999762
40400  19.310  -25.798  20.210 0.8999999762
134510  23.802  -26.641  19.973 0.6000000238
38416  23.398  -27.324  20.011 0.6000000238
38425  22.912  -27.331  19.333 0.6000000238
117895  22.242  -27.183  19.311 0.6999999881
39452  21.406  -26.698  19.090 0.6999999881
39453  20.291  -26.749  19.130 0.6999999881
39444  19.240  -26.180  19.612 0.8999999762
39433  24.698  -26.513  21.323 0.6000000238
39461  20.199  -26.087  18.830 0.6999999881
131074  19.482  -26.082  18.934 0.8000000119
39454  18.975  -25.676  18.974 0.8999999762
131852  21.609  -26.799  28.952 0.6999999881
120036  21.171  -26.327  28.714 0.6000000238
39296  24.754  -26.920  30.030 0.8999999762
38254  23.887  -27.341  30.049 0.8000000119
117696  23.041  -26.920  29.680 0.6999999881
38252  26.326  -27.963  29.368 0.8999999762
38253  25.575  -27.377  29.785 0.8000000119
38277  27.293  -27.605  28.354 1.0000000000
117398  27.235  -26.825  28.846 0.8000000119
38276  27.534  -26.991  27.831 0.8999999762
38304  27.413  -27.110  26.879 1.0000000000
39344  27.439  -26.405  26.384 1.0000000000
39345  27.117  -26.408  25.554 1.0000000000
39361  26.456  -26.281  24.887 1.0000000000
122577  25.609  -26.079  24.431 1.0000000000
39407  22.209  -26.573  22.806 0.8999999762
39409  20.647  -26.594  21.959 0.8999999762
39434  19.985  -26.178  21.172 0.8999999762
39450  23.331  -26.688  19.478 0.6000000238
40419  18.792  -25.314  19.252 0.8999999762
39443  24.386  -26.229  20.401 0.6000000238
40434  21.365  -25.968  19.001 0.6999999881
39462  19.113  -25.485  18.652 0.6999999881
125356  22.209  -26.864  29.296 0.6999999881
40287  24.796  -26.051  29.893 0.8000000119
39297  23.942  -26.465  29.958 0.8000000119
39298  23.263  -25.990  29.638 0.6999999881
39299  21.952  -26.205  29.109 0.6999999881
39294  26.481  -26.236  29.325 0.6999999881
39295  25.605  -26.537  29.670 0.8000000119
39310  27.142  -26.007  28.942 0.6999999881
39309  27.544  -26.171  28.236 0.6999999881
40317  27.664  -25.769  26.795 0.8000000119
40330  27.482  -25.591  25.936 0.8000000119
40331  27.040  -25.803  25.139 0.8999999762
40342  24.796  -25.923  24.058 1.0000000000
40360  23.448  -25.585  23.332 1.0000000000
40377  23.082  -25.065  22.962 1.0000000000
40359  24.669  -25.199  23.696 1.0000000000
115821  24.111  -25.769  23.609 1.0000000000
40361  22.748  -25.894  23.096 1.0000000000
40378  22.428  -25.308  22.458 1.0000000000
40379  21.701  -25.517  22.075 0.8999999762
40398  21.197  -25.077  21.304 0.8999999762
40380  20.867  -25.827  21.683 0.8999999762
40399  20.135  -25.356  20.701 0.8999999762
39449  24.028  -26.030  19.519 0.6000000238
39451  22.558  -26.603  19.218 0.6000000238
40433  22.468  -25.732  19.218 0.6999999881
40418  18.971  -25.008  19.874 0.8999999762
40436  18.654  -25.022  18.703 0.8999999762
41360  21.255  -25.076  18.931 0.6999999881
40444  19.943  -25.333  18.674 0.6999999881
135735  18.895  -24.914  18.523 0.8999999762
41372  18.763  -24.403  18.774 0.8999999762
117004  24.792  -25.186  29.752 0.6999999881
40288  24.048  -25.586  29.875 0.6000000238
40289  22.537  -25.483  29.333 0.6000000238
40290  21.651  -25.491  28.894 0.6000000238
40286  25.681  -25.574  29.542 0.6999999881
41239  24.135  -24.762  29.744 0.6000000238
40299  26.633  -25.439  29.192 0.6999999881
40298  27.324  -25.394  28.637 0.6999999881
40310  27.710  -25.416  27.675 0.6999999881
41285  27.732  -24.542  25.912 0.8000000119
41286  27.271  -25.047  25.119 0.8000000119
41302  26.749  -24.558  24.459 0.8000000119
40340  26.374  -25.435  24.544 0.8000000119
40341  25.389  -25.360  24.091 1.0000000000
41303  25.926  -24.732  24.033 0.8000000119
41322  23.926  -24.909  23.265 1.0000000000
41328  22.773  -24.586  22.254 1.0000000000
41327  23.473  -24.349  22.640 1.0000000000
42234  22.395  -24.125  21.477 1.0000000000
41336  21.568  -24.341  20.974 1.0000000000
119231  23.329  -26.078  19.295 0.6000000238
133593  19.484  -24.832  20.208 0.8999999762
40417  24.803  -25.569  20.046 0.6000000238
118392  23.246  -25.473  19.261 0.6999999881
41347  19.010  -24.344  19.758 0.8999999762
42262  21.279  -24.095  18.905 0.6999999881
131730  22.848  -24.675  29.380 0.5000000000
118450  24.310  -23.983  29.599 0.5000000000
41237  26.115  -24.886  29.344 0.6999999881
41238  25.409  -24.698  29.538 0.6999999881
41249  26.853  -24.599  28.971 0.6999999881
41248  27.502  -24.751  28.295 0.6999999881
41263  27.387  -23.970  28.379 0.6999999881
41271  27.907  -24.371  26.648 0.6999999881
131111  28.023  -23.956  26.250 0.6999999881
41301  27.473  -24.142  25.031 0.8000000119
42215  26.988  -23.730  24.332 0.8000000119
41319  26.319  -24.108  23.974 0.8000000119
42222  26.377  -23.346  23.704 0.8000000119
42224  24.925  -23.653  23.106 0.8999999762
41321  24.717  -24.443  23.399 1.0000000000
42223  25.685  -23.205  23.243 0.8000000119
41326  24.198  -24.052  22.903 1.0000000000
42243  21.893  -23.707  20.837 1.0000000000
131350  20.330  -24.505  20.446 0.8999999762
134296  19.418  -23.768  19.790 0.8999999762
42244  20.706  -23.565  20.309 0.8999999762
40431  24.561  -25.255  19.387 0.6000000238
40432  23.917  -25.489  19.319 0.6000000238
41359  22.560  -24.830  19.204 0.6999999881
41371  19.589  -24.334  18.589 0.8000000119
112321  19.191  -23.530  18.877 0.8999999762
42260  23.200  -24.263  19.250 0.6999999881
42279  20.129  -23.272  18.665 0.8000000119
42263  19.359  -22.970  19.062 0.8999999762
42278  21.688  -23.098  18.863 0.6999999881
42280  19.896  -22.552  18.851 0.8999999762
129355  24.756  -24.505  29.635 0.5000000000
42153  23.670  -23.442  29.422 0.5000000000
41250  25.983  -24.164  29.333 0.6999999881
42161  26.591  -23.657  28.907 0.6999999881
42174  27.824  -23.488  27.668 0.6999999881
41261  28.015  -23.797  26.867 0.6999999881
42198  28.275  -22.851  25.826 0.6999999881
42199  27.977  -23.582  25.638 0.6999999881
42214  27.610  -23.272  24.867 0.8000000119
43109  27.126  -22.903  24.191 0.8000000119
134864  26.156  -22.876  23.359 0.8000000119
42230  25.157  -22.886  22.751 0.8000000119
42231  24.455  -23.306  22.556 0.8999999762
42232  23.806  -23.615  22.269 1.0000000000
42233  23.124  -23.867  21.876 1.0000000000
43118  25.938  -22.469  22.963 0.8000000119
43129  23.419  -22.999  21.506 0.8999999762
42242  22.574  -23.359  21.143 1.0000000000
118852  21.656  -22.991  20.494 1.0000000000
43138  20.421  -22.659  19.850 1.0000000000
133331  19.757  -22.603  19.298 0.8999999762
41358  23.623  -24.887  19.253 0.6999999881
43147  20.441  -22.040  19.476 0.8999999762
41357  24.431  -24.860  19.178 0.6000000238
43159  19.898  -22.336  19.044 0.8999999762
42261  22.422  -23.956  19.170 0.6999999881
43173  20.718  -21.777  18.556 0.8000000119
43172  21.588  -22.132  18.567 0.6999999881
43174  20.315  -21.848  18.797 0.8000000119
44076  20.630  -21.238  18.703 0.8999999762
42151  25.136  -23.940  29.500 0.6000000238
43061  27.207  -22.976  28.398 0.6999999881
118765  26.263  -22.909  28.807 0.5000000000
42173  28.182  -23.080  26.917 0.6999999881
43060  27.885  -22.647  27.618 0.6999999881
126808  28.331  -22.772  26.342 0.6999999881
134294  27.954  -21.964  27.497 0.6999999881
43071  28.419  -22.226  26.034 0.6999999881
43088  28.255  -22.233  25.410 0.6999999881
43089  28.033  -22.866  25.303 0.6999999881
129283  28.267  -21.537  24.913 0.6999999881
43108  27.806  -22.380  24.716 0.6999999881
129526  27.277  -22.225  24.051 0.8000000119
43117  26.621  -22.488  23.565 0.8000000119
44007  27.064  -21.732  23.592 0.8000000119
132364  26.459  -21.900  23.131 0.8000000119
43127  25.295  -22.129  22.405 0.8000000119
44934  26.735  -21.136  22.946 0.8000000119
44017  25.386  -21.441  22.167 0.8000000119
43128  24.599  -22.574  22.195 0.8000000119
43137  24.003  -22.355  21.645 0.8999999762
112489  22.572  -22.418  20.729 0.8999999762
44025  25.114  -20.929  21.723 0.8000000119
44026  24.664  -21.707  21.805 0.8000000119
43146  21.336  -22.135  20.107 1.0000000000
42277  23.140  -23.394  19.164 0.6999999881
43171  22.729  -22.447  18.932 0.6999999881
44053  20.381  -21.672  19.063 0.8999999762
44038  20.769  -21.401  19.377 1.0000000000
44073  22.546  -21.504  18.570 0.8000000119
43059  28.353  -22.261  26.830 0.6999999881
129875  28.208  -21.484  27.051 0.6999999881
43983  28.408  -21.536  25.595 0.6999999881
44921  28.265  -20.876  24.336 0.6999999881
43116  27.756  -21.629  24.212 0.6999999881
44933  27.620  -21.024  23.640 0.8000000119
44016  25.935  -20.841  22.206 0.8000000119
44945  26.690  -20.451  22.452 0.8000000119
44027  23.819  -21.586  21.269 0.8999999762
112568  23.385  -22.178  21.187 0.8999999762
44955  24.344  -20.921  21.297 0.8000000119
44956  23.560  -20.875  20.796 0.8999999762
44028  22.147  -21.562  20.273 0.8999999762
42259  24.061  -24.094  19.189 0.6000000238
45939  23.219  -20.154  20.343 0.8999999762
44957  22.692  -20.878  20.362 0.8999999762
44037  21.221  -21.447  19.772 1.0000000000
114958  24.832  -23.574  18.822 0.6000000238
44966  21.179  -20.839  19.490 0.8999999762
123158  23.601  -21.954  18.947 0.6999999881
44980  20.819  -20.885  19.074 0.8999999762
44074  21.430  -21.440  18.335 0.8000000119
43189  20.765  -21.411  18.536 0.8999999762
45000  20.794  -20.514  18.555 0.8000000119
43965  28.430  -21.590  26.305 0.6999999881
44920  28.495  -20.076  24.277 0.6999999881
129907  28.119  -20.407  23.768 0.6999999881
44944  27.499  -20.314  23.025 0.6999999881
131286  24.893  -20.428  21.227 0.8000000119
45938  24.199  -20.096  20.783 0.8000000119
129784  24.047  -23.242  19.119 0.6000000238
45954  22.841  -19.486  19.822 0.8999999762
44965  21.815  -20.859  19.880 0.8999999762
124666  21.560  -20.198  19.542 0.8999999762
43170  24.525  -22.538  18.880 0.6000000238
130991  23.624  -22.686  19.077 0.6999999881
45956  21.084  -20.146  19.207 0.8999999762
115794  20.883  -20.118  18.874 0.8000000119
45987  22.378  -20.033  17.824 0.6999999881
45013  20.940  -20.087  18.026 0.8000000119
43998  28.504  -20.662  25.046 0.6999999881
44932  28.277  -19.733  23.541 0.6999999881
44954  25.548  -20.295  21.502 0.8000000119
45937  25.190  -19.853  20.883 0.8000000119
45952  24.714  -19.180  20.357 0.8000000119
45953  23.710  -19.370  20.169 0.8000000119
44964  22.331  -20.217  19.903 0.8999999762
118268  21.992  -19.492  19.546 0.8999999762
44072  24.438  -21.686  18.768 0.6999999881
125530  23.735  -21.162  18.674 0.6999999881
45955  21.255  -19.401  19.273 0.8999999762
45011  21.527  -20.067  17.786 0.8000000119
125883  20.710  -18.881  18.405 0.8000000119
46001  22.073  -19.407  17.582 0.6999999881
46002  21.235  -19.268  17.680 0.8000000119
46003  20.745  -19.001  17.971 0.8000000119
122120  21.812  -18.820  17.492 0.8000000119
134252  28.594  -19.601  24.805 0.6999999881
45914  28.641  -19.260  24.043 0.6000000238
44071  25.386  -21.879  18.615 0.6000000238
46978  23.255  -18.732  19.613 0.8000000119
48034  22.008  -18.214  19.217 0.8999999762
46980  21.578  -18.736  19.288 0.8999999762
119897  24.825  -21.037  18.601 0.6000000238
48052  20.805  -17.735  18.650 0.8999999762
44998  22.973  -20.611  18.319 0.8000000119
46993  20.734  -18.292  18.581 0.8999999762
47022  20.618  -18.159  17.893 0.8000000119
124165  22.826  -19.387  17.690 0.6999999881
133413  21.833  -18.016  17.419 0.8000000119
48092  21.114  -17.276  17.516 0.8000000119
44996  25.199  -20.226  18.416 0.6999999881
48033  22.762  -18.096  19.249 0.8000000119
131069  25.410  -19.534  18.201 0.5000000000
44997  24.074  -20.372  18.457 0.6000000238
45999  24.887  -18.913  17.895 0.6000000238
45986  23.357  -19.802  18.050 0.6999999881
135640  20.305  -17.057  18.052 0.8000000119
47019  24.415  -18.258  17.581 0.6000000238
47020  23.472  -18.082  17.449 0.6000000238
126918  22.654  -17.642  17.328 0.6999999881
48091  21.880  -17.037  17.254 0.8000000119
136297  20.384  -17.655  18.007 0.8000000119
48076  23.326  -17.373  17.286 0.6000000238
48050  22.038  -17.479  18.909 0.8000000119
49140  21.551  -16.628  18.590 0.8000000119
50070  20.855  -16.567  18.377 0.8999999762
45998  26.017  -19.141  17.931 0.6000000238
49180  21.156  -16.400  17.461 0.8000000119
49181  20.516  -16.678  17.839 0.8000000119
50082  20.525  -16.270  18.065 0.8000000119
48090  22.760  -16.728  17.116 0.6000000238
116546  21.907  -16.045  18.524 0.8000000119
50069  21.026  -15.768  18.286 0.8000000119
47018  25.595  -18.315  17.565 0.6000000238
48074  24.943  -17.733  17.428 0.6000000238
50107  20.759  -15.934  17.670 0.8000000119
49166  23.806  -16.847  17.149 0.6000000238
50105  21.673  -15.145  16.792 0.6999999881
50081  20.751  -15.457  17.758 0.8000000119
122008  24.267  -15.464  16.662 0.6000000238
131810  21.292  -14.212  16.603 0.6999999881
49165  24.895  -17.027  17.208 0.6000000238
49177  24.465  -16.286  16.919 0.6000000238
51007  22.891  -15.128  18.414 0.8000000119
51008  21.794  -15.244  18.379 0.8000000119
47032  26.283  -18.079  17.170 0.6000000238
47031  26.748  -18.468  16.234 0.5000000000
51991  20.775  -13.547  16.964 0.8000000119
51025  21.052  -14.574  17.880 0.8000000119
48088  26.351  -17.584  16.751 0.6000000238
48089  25.708  -17.593  17.260 0.6000000238
129867  20.965  -13.561  16.725 0.6000000238
48098  26.843  -17.688  15.771 0.5000000000
122270  25.817  -17.042  16.968 0.6000000238
49176  25.469  -16.364  16.752 0.6000000238
50104  22.978  -15.302  16.626 0.6000000238
50102  26.276  -16.060  16.185 0.6000000238
134228  24.918  -15.897  16.722 0.6000000238
51045  24.731  -14.629  16.380 0.6000000238
51046  23.644  -14.525  16.458 0.6000000238
51968  22.089  -13.438  17.768 0.8000000119
51969  21.362  -13.721  17.669 0.8000000119
51023  23.062  -14.261  18.187 0.8000000119
51967  23.225  -13.380  17.792 0.6999999881
49175  26.370  -16.897  16.394 0.6000000238
51060  22.896  -13.585  16.311 0.6000000238
52004  22.027  -12.644  16.371 0.6000000238
132724  20.930  -13.016  16.856 0.6999999881
49190  26.983  -16.917  15.243 0.5000000000
50116  26.750  -15.927  15.309 0.5000000000
51058  25.531  -14.691  16.148 0.6000000238
50124  27.247  -15.809  14.532 0.5000000000
52867  22.090  -12.297  17.390 0.6000000238
52901  21.713  -12.196  16.581 0.6000000238
52884  21.400  -12.241  17.048 0.6000000238
52900  22.522  -11.655  16.015 0.6000000238
52883  22.082  -11.565  16.880 0.6000000238
119800  26.610  -15.144  15.078 0.5000000000
51057  25.992  -14.340  15.460 0.6000000238
118440  25.081  -13.916  15.946 0.6000000238
51059  24.084  -13.732  16.233 0.6000000238
52003  23.243  -12.717  16.037 0.6000000238
52892  22.333  -11.590  16.474 0.6000000238
51067  26.614  -14.521  14.756 0.6000000238
52000  26.355  -13.789  14.649 0.6000000238
50123  27.869  -15.778  13.705 0.5000000000
126713  27.188  -15.046  14.360 0.5000000000
115459  27.825  -14.899  13.475 0.4000000060
51071  27.653  -13.954  13.250 0.5000000000
52866  23.426  -12.498  17.512 0.6000000238
119663  22.620  -11.617  17.162 0.6000000238
52001  25.428  -13.228  15.140 0.6000000238
52899  23.478  -11.888  15.502 0.6000000238
53776  22.731  -10.997  16.287 0.6000000238
131568  25.263  -12.409  14.645 0.6000000238
51066  27.070  -14.272  14.125 0.5000000000
52026  26.849  -13.399  13.866 0.6000000238
52028  28.067  -13.469  12.774 0.5000000000
51073  28.451  -14.173  12.776 0.4000000060
52911  23.346  -11.036  14.802 0.6000000238
53784  22.813  -10.696  15.583 0.5000000000
53766  22.826  -11.003  16.549 0.5000000000
52882  23.663  -11.793  17.143 0.5000000000
52898  24.487  -12.191  15.096 0.6000000238
52017  26.054  -12.894  14.371 0.6000000238
116647  27.433  -13.005  13.194 0.5000000000
52929  27.990  -12.642  12.725 0.4000000060
53765  23.971  -11.221  16.554 0.4000000060
52910  24.568  -11.518  14.531 0.6000000238
53802  24.845  -10.897  14.029 0.5000000000
52924  26.587  -12.370  13.634 0.4000000060
52925  25.557  -11.953  14.141 0.6000000238
119132  25.871  -11.373  13.628 0.6000000238
53792  23.741  -10.430  14.629 0.4000000060
52923  27.299  -12.244  13.029 0.4000000060
53811  27.485  -11.660  12.790 0.4000000060
54690  23.861  -9.967  14.753 0.4000000060
53801  26.747  -11.566  13.138 0.4000000060
126130  25.237  -10.483  13.624 0.4000000060
53800  28.682  -11.700  12.986 0.4000000060
54697  26.112  -10.672  13.285 0.4000000060
54668  25.502  -10.667  15.671 0.4000000060
54669  24.085  -9.904  15.262 0.4000000060
53803  24.563  -10.112  14.117 0.4000000060
114036  27.644  -10.931  12.644 0.4000000060
53812  26.896  -10.835  12.724 0.4000000060
54708  27.093  -10.040  12.471 0.4000000060
54709  26.301  -9.893  12.900 0.4000000060
119500  25.039  -9.691  15.131 0.4000000060
54681  24.448  -9.634  14.661 0.4000000060
54707  28.068  -10.183  12.474 0.3000000119
54698  25.385  -9.741  13.516 0.4000000060
54689  24.781  -9.573  14.192 0.4000000060
55665  25.452  -9.389  14.558 0.4000000060
55673  25.197  -9.128  14.075 0.4000000060
36403  18.759  -29.947  19.826 0.8000000119
36355  18.819  -29.906  20.717 0.8999999762
36354  19.680  -29.666  21.540 0.8999999762
35328  19.276  -30.334  21.298 0.8999999762
34397  19.778  -31.172  21.581 0.8999999762
36317  24.238  -29.671  24.560 0.8999999762
123053  24.347  -28.225  24.394 1.0000000000
38322  25.078  -28.131  24.641 1.0000000000
132252  21.796  -30.845  22.807 0.8999999762
35308  23.179  -30.256  23.930 0.8999999762
36332  22.940  -29.516  23.665 0.8999999762
36352  21.100  -29.639  22.359 0.8999999762
36333  22.293  -29.507  23.281 0.8999999762
37330  21.903  -28.702  23.034 0.8999999762
37328  23.315  -28.761  23.793 1.0000000000
36353  20.430  -29.671  21.936 0.8999999762
38357  21.868  -27.908  22.962 0.8999999762
54659  22.853  -10.327  15.822 0.4000000060
54691  23.064  -9.988  14.854 0.4000000060
54670  23.131  -9.972  15.502 0.4000000060
53774  25.244  -11.462  16.431 0.4000000060
30043  24.076  -35.123  29.182 0.8999999762
31701  25.041  -34.717  27.132 1.0000000000
30102  22.710  -36.377  24.150 0.8000000119
31666  21.576  -34.625  29.841 0.8999999762
31679  25.174  -34.118  28.458 1.0000000000
30898  22.870  -35.555  24.206 0.8000000119
34308  24.994  -31.855  29.624 0.8999999762
33432  23.981  -32.751  24.937 0.8999999762
126669  23.367  -33.948  24.523 0.8000000119
32618  20.809  -33.522  22.351 0.8000000119
33453  21.708  -32.346  22.992 0.8999999762
115810  21.166  -32.872  22.565 0.8000000119
34396  20.578  -31.168  22.022 0.8999999762
35294  24.400  -30.474  24.881 0.8999999762
36334  21.703  -29.560  22.812 0.8999999762
35230  22.704  -30.186  30.279 0.8999999762
36238  22.464  -29.247  29.918 1.0000000000
39323  17.588  -26.860  27.388 0.4000000060
39322  18.397  -27.011  27.766 0.4000000060
127384  23.973  -28.826  24.268 0.8999999762
35372  18.863  -30.378  19.599 0.6999999881
38427  19.271  -27.609  19.983 0.8000000119
37195  24.434  -28.640  30.317 0.8999999762
119919  19.993  -28.970  21.708 0.8999999762
36399  21.849  -29.598  19.684 0.6000000238
37363  19.040  -28.450  20.592 0.8999999762
38257  21.661  -27.416  29.073 0.6999999881
40314  18.199  -26.042  27.479 0.4000000060
120220  21.332  -28.991  22.588 0.8999999762
123916  19.256  -27.285  20.670 0.8999999762
38255  23.080  -27.836  29.840 0.8000000119
38237  24.774  -27.830  30.179 0.8999999762
37329  22.620  -28.771  23.459 0.8999999762
125543  26.417  -27.086  29.374 0.8000000119
40300  20.879  -25.535  28.548 0.5000000000
39320  27.610  -26.317  27.287 0.8999999762
40435  18.644  -24.570  19.151 0.8999999762
116186  23.382  -25.127  29.598 0.6000000238
117513  27.815  -25.044  26.735 0.6999999881
40358  25.221  -24.767  23.757 1.0000000000
41329  22.057  -24.828  21.783 1.0000000000
41361  18.874  -23.745  19.179 0.8999999762
41240  23.519  -24.285  29.538 0.6000000238
41241  22.142  -24.673  29.060 0.5000000000
41262  27.820  -24.415  27.504 0.6999999881
41320  25.576  -24.052  23.576 0.8999999762
42154  22.742  -23.834  29.210 0.5000000000
42185  28.208  -23.362  26.276 0.6999999881
42250  19.520  -23.117  19.496 0.8999999762
42162  25.684  -23.329  29.233 0.6000000238
42152  24.619  -23.102  29.369 0.5000000000
113346  24.098  -23.007  21.986 0.8999999762
44008  25.976  -21.672  22.607 0.8000000119
130176  25.392  -22.382  28.870 0.5000000000
117807  27.337  -22.075  28.090 0.6999999881
116312  23.062  -21.597  20.732 0.8999999762
45012  21.130  -20.628  17.985 0.8000000119
113486  25.944  -19.646  21.226 0.8000000119
125509  20.884  -19.269  18.909 0.8999999762
46979  22.414  -18.795  19.475 0.8999999762
45892  28.507  -20.112  25.613 0.6000000238
115937  22.654  -18.634  17.493 0.6999999881
48051  21.324  -17.993  19.004 0.8999999762
49179  21.811  -16.120  17.125 0.6999999881
49178  23.466  -16.101  16.884 0.6000000238
114927  22.504  -15.909  16.871 0.6000000238
51048  20.838  -14.468  16.945 0.8000000119
51047  22.348  -14.410  16.484 0.6000000238
51984  20.922  -13.557  17.299 0.6999999881
50117  26.159  -15.208  15.945 0.6000000238
52002  24.366  -12.975  15.707 0.6000000238
52912  22.881  -10.900  15.237 0.6000000238
53775  24.053  -10.442  15.961 0.4000000060
54682  23.304  -9.811  14.951 0.4000000060
54680  26.207  -10.110  15.153 0.4000000060
35327  20.118  -30.407  21.744 0.8999999762
24038  20.811  -43.989  27.188 0.4000000060
24834  20.669  -42.751  28.228 0.4000000060
24029  19.013  -43.325  28.378 0.4000000060
24849  21.535  -42.640  26.721 0.4000000060
24822  20.352  -42.165  28.701 0.4000000060
24823  19.450  -42.235  28.718 0.4000000060
25641  21.704  -41.836  27.198 0.3000000119
25655  21.886  -41.832  26.228 0.4000000060
26584  22.410  -40.308  25.339 0.4000000060
123611  22.205  -40.163  24.540 0.4000000060
27450  21.861  -39.911  23.843 0.4000000060
25629  20.812  -41.336  29.070 0.5000000000
25630  19.909  -41.550  29.086 0.4000000060
135385  21.531  -41.765  28.105 0.4000000060
24821  21.103  -42.001  28.555 0.4000000060
25654  22.159  -41.161  26.747 0.5000000000
25667  22.151  -41.062  25.746 0.4000000060
128117  22.501  -39.675  24.984 0.4000000060
27449  22.255  -39.390  24.361 0.5000000000
27461  21.852  -39.089  23.654 0.5000000000
28386  21.822  -38.196  23.412 0.6000000238
116709  21.481  -38.795  22.929 0.5000000000
28392  21.089  -38.410  22.215 0.6000000238
29276  20.555  -37.205  21.614 0.4000000060
26550  20.230  -40.920  29.341 0.5000000000
26551  19.500  -40.815  29.175 0.5000000000
26552  18.588  -40.708  28.637 0.5000000000
26563  18.012  -40.231  27.926 0.5000000000
25628  21.633  -41.168  28.547 0.6000000238
25624  21.401  -40.554  29.132 0.6000000238
26548  22.288  -40.720  28.099 0.5000000000
27402  22.920  -40.085  28.071 0.6000000238
26561  23.199  -40.053  27.207 0.5000000000
26573  22.713  -40.331  26.380 0.5000000000
27435  22.864  -39.607  25.687 0.4000000060
28361  22.727  -38.878  25.007 0.6000000238
126863  22.265  -37.865  23.929 0.6000000238
29262  21.982  -37.371  23.453 0.6000000238
30120  21.561  -36.799  22.894 0.6000000238
30920  20.790  -35.789  22.200 0.6000000238
29269  21.175  -37.505  22.375 0.6000000238
30127  20.350  -36.259  21.649 0.6000000238
30927  19.574  -35.857  21.271 0.6000000238
27377  21.165  -39.799  29.398 0.5000000000
26540  20.143  -40.089  29.411 0.5000000000
27390  19.188  -39.922  29.029 0.5000000000
27391  18.433  -39.631  28.340 0.5000000000
26549  22.125  -40.360  28.696 0.6000000238
27389  21.846  -39.904  29.194 0.6000000238
27401  23.532  -39.410  27.543 0.6000000238
27387  23.264  -39.223  28.385 0.6000000238
27418  23.450  -39.415  26.576 0.5000000000
28330  23.790  -38.624  27.913 0.6000000238
27434  23.310  -38.931  25.781 0.6000000238
28373  23.363  -38.061  25.397 0.6000000238
30114  22.153  -36.564  23.518 0.6000000238
30926  20.219  -35.461  21.720 0.6000000238
128464  19.538  -35.092  21.390 0.6999999881
27379  19.671  -39.165  29.269 0.6000000238
125895  18.906  -38.994  28.709 0.5000000000
28331  18.252  -38.557  27.856 0.5000000000
28322  22.779  -38.805  29.038 0.6000000238
27376  21.988  -39.145  29.405 0.6000000238
27378  20.531  -39.142  29.429 0.6000000238
130772  18.748  -38.255  28.465 0.5000000000
126103  17.774  -37.641  27.245 0.5000000000
28309  22.343  -38.241  29.384 0.6000000238
28348  23.730  -38.474  26.270 0.6000000238
31747  20.160  -34.667  21.827 0.6999999881
28311  20.841  -38.397  29.465 0.6000000238
28312  20.064  -38.427  29.370 0.6000000238
28323  19.329  -38.363  28.987 0.6000000238
28310  21.627  -38.360  29.526 0.6000000238
29200  19.745  -37.718  29.163 0.6000000238
29201  19.037  -37.652  28.616 0.6000000238
29215  18.450  -37.669  27.922 0.6000000238
121821  18.100  -36.917  27.408 0.6000000238
29186  21.925  -37.590  29.594 0.6000000238
126371  17.424  -36.932  26.899 0.5000000000
28321  23.400  -38.397  28.590 0.6000000238
115000  17.788  -36.293  27.193 0.6000000238
31748  19.407  -34.312  21.452 0.6999999881
29187  21.097  -37.698  29.526 0.6000000238
30060  19.431  -36.972  28.801 0.6000000238
30047  21.367  -36.930  29.586 0.6000000238
30048  20.364  -37.084  29.340 0.6000000238
30072  19.120  -36.256  28.323 0.6000000238
30073  18.473  -36.223  27.618 0.6000000238
29185  22.623  -37.409  29.381 0.6000000238
30874  18.175  -35.481  27.395 0.6000000238
28308  22.980  -37.976  29.082 0.6000000238
29198  24.267  -37.135  28.038 0.6000000238
32629  19.208  -33.475  21.395 0.6999999881
33483  18.508  -32.287  20.861 0.6999999881
30045  22.961  -36.614  29.409 0.6000000238
30849  19.840  -36.243  29.005 0.6999999881
30864  19.446  -35.656  28.542 0.6999999881
30044  23.583  -36.454  29.054 0.6000000238
34398  18.963  -31.091  21.136 0.6999999881
114139  20.768  -36.206  29.470 0.6999999881
123377  22.558  -36.021  29.625 0.6999999881
122657  21.724  -36.150  29.691 0.6999999881
30863  20.147  -35.331  29.108 0.6999999881
117922  19.382  -34.930  28.366 0.6999999881
30873  18.900  -35.545  27.877 0.6000000238
31693  18.769  -34.729  27.711 0.6999999881
35356  18.493  -30.404  20.204 0.8000000119
30848  22.085  -35.401  29.825 0.6999999881
114225  21.180  -35.404  29.630 0.6999999881
31681  19.957  -34.328  28.853 0.6999999881
31695  17.168  -34.195  27.448 0.5000000000
31682  19.338  -33.968  28.082 0.6999999881
123064  18.665  -33.894  27.603 0.6000000238
124418  17.961  -33.676  27.411 0.6000000238
46977  24.075  -18.609  19.810 0.6999999881
45926  27.080  -19.838  22.269 0.6999999881
44953  26.306  -20.072  21.868 0.6999999881
45951  25.609  -19.183  20.674 0.6999999881
45925  27.841  -19.490  22.735 0.6000000238
133327  27.491  -19.269  22.065 0.6000000238
46976  25.355  -18.605  20.248 0.6999999881
125940  24.762  -18.468  19.907 0.6999999881
48032  23.605  -17.992  19.369 0.6999999881
45936  26.789  -19.358  21.541 0.6999999881
46975  26.090  -18.542  20.547 0.6999999881
45924  28.448  -18.921  23.296 0.6000000238
48031  24.437  -17.919  19.534 0.6999999881
49122  23.961  -17.286  19.128 0.6999999881
50068  22.736  -15.954  18.550 0.6999999881
46963  27.546  -18.117  21.079 0.6000000238
133575  25.692  -18.265  20.186 0.6999999881
49121  24.870  -17.254  19.318 0.6999999881
49137  24.346  -16.577  18.858 0.6999999881
50067  23.701  -15.881  18.584 0.6999999881
45935  28.090  -18.743  22.408 0.6000000238
46974  26.824  -18.062  20.498 0.6000000238
49135  26.430  -16.656  19.554 0.5000000000
49136  25.419  -16.450  19.080 0.6999999881
51005  24.952  -14.951  18.412 0.6999999881
51006  23.941  -15.054  18.419 0.6999999881
54687  30.374  -10.564  14.579 0.3000000119
54688  29.591  -10.579  14.190 0.3000000119
54696  28.263  -11.057  12.748 0.3000000119
23210  20.078  -44.366  27.617 0.4000000060
24039  19.500  -43.806  28.071 0.3000000119
24040  18.509  -43.873  27.980 0.4000000060
24052  21.369  -43.554  26.627 0.3000000119
123466  18.358  -43.011  28.362 0.4000000060
25668  22.076  -41.824  25.318 0.4000000060
24824  18.577  -42.272  28.554 0.4000000060
25680  22.130  -41.031  24.717 0.4000000060
26596  22.000  -40.592  24.014 0.4000000060
26606  21.713  -40.522  23.302 0.4000000060
27472  20.790  -39.083  21.685 0.4000000060
130483  17.970  -41.020  28.179 0.4000000060
29277  19.835  -37.488  20.797 0.5000000000
128993  17.582  -39.893  27.235 0.5000000000
30129  18.798  -36.185  20.738 0.6000000238
27403  17.844  -39.299  27.502 0.5000000000
28332  17.509  -38.330  26.948 0.5000000000
117085  18.890  -34.786  21.087 0.6000000238
29232  17.174  -37.537  26.501 0.5000000000
128639  16.988  -37.097  26.558 0.4000000060
31749  18.471  -34.104  20.917 0.6999999881
134522  17.520  -35.844  27.223 0.5000000000
34411  18.079  -31.765  20.344 0.6999999881
30875  17.417  -35.098  27.366 0.5000000000
34421  17.976  -31.310  20.024 0.8000000119
35373  18.436  -30.807  19.836 0.6999999881
131071  16.297  -34.240  27.475 0.5000000000
32581  17.302  -33.421  27.373 0.6000000238
120912  28.223  -17.949  21.948 0.5000000000
48020  28.037  -17.516  21.264 0.5000000000
49118  27.457  -16.656  20.117 0.5000000000
50064  26.331  -15.953  19.124 0.5000000000
50065  25.633  -15.554  18.700 0.5000000000
115941  25.251  -14.140  18.078 0.5000000000
55670  30.734  -9.790  14.492 0.3000000119
55671  29.931  -9.933  14.311 0.3000000119
54695  28.911  -10.669  13.169 0.3000000119
28320  23.835  -37.818  28.251 0.6000000238
116853  23.945  -38.697  27.077 0.6000000238
31737  20.644  -35.101  22.200 0.6999999881
32628  20.109  -33.728  21.906 0.6999999881
33469  19.305  -31.966  21.354 0.6999999881
48049  23.082  -17.390  18.942 0.6999999881
51022  24.168  -14.232  18.137 0.6000000238
35345  18.740  -30.535  20.792 0.8000000119
34434  18.104  -31.499  19.783 0.6999999881
45950  26.275  -19.108  20.963 0.6999999881
24037  21.037  -43.199  27.472 0.4000000060
24833  21.289  -42.419  27.833 0.4000000060
25640  21.996  -41.228  27.680 0.5000000000
25631  18.996  -41.532  28.820 0.5000000000
27462  21.545  -39.640  23.120 0.3000000119
28401  20.550  -38.163  21.380 0.4000000060
26564  17.620  -40.733  27.493 0.5000000000
31694  18.095  -34.527  27.425 0.6000000238
48030  25.281  -17.979  19.791 0.6999999881
49138  23.417  -16.656  18.738 0.6999999881
128376  27.544  -18.724  21.615 0.6000000238
46964  26.881  -18.696  20.979 0.6999999881
48029  26.046  -17.915  20.121 0.6999999881
48028  27.479  -17.461  20.611 0.5000000000
49119  26.685  -17.367  20.022 0.6000000238
49120  25.772  -17.276  19.625 0.6999999881
50066  24.690  -15.778  18.631 0.6999999881
124340  28.220  -16.868  20.987 0.5000000000
48011  28.580  -17.342  22.554 0.5000000000
49134  27.016  -16.157  19.527 0.5000000000
51021  25.866  -14.768  18.462 0.5000000000
33484  17.819  -32.590  20.284 0.6000000238
34435  17.797  -31.881  19.947 0.6000000238
35371  20.484  -30.879  19.284 0.5000000000
33520  18.699  -32.517  19.186 0.6000000238
34433  18.722  -31.219  19.445 0.6000000238
35369  22.097  -30.300  19.701 0.5000000000
35370  21.399  -30.399  19.476 0.5000000000
133240  19.430  -30.814  19.381 0.6000000238
34346  17.535  -31.278  26.888 0.5000000000
117403  19.666  -30.170  19.456 0.6000000238
35355  22.525  -30.103  20.331 0.5000000000
36383  22.817  -29.302  20.583 0.5000000000
34347  16.929  -31.072  26.601 0.4000000060
36384  22.367  -29.333  20.004 0.5000000000
36370  23.338  -29.203  21.277 0.5000000000
36292  16.222  -29.543  26.377 0.4000000060
38399  23.657  -27.650  21.050 0.5000000000
37382  23.070  -28.688  20.695 0.5000000000
37284  16.206  -28.465  26.471 0.4000000060
40301  19.703  -25.931  28.183 0.4000000060
40312  18.987  -25.558  27.806 0.4000000060
43044  23.052  -22.912  29.092 0.4000000060
41252  21.287  -24.683  28.641 0.4000000060
124127  20.492  -24.883  28.356 0.4000000060
41253  20.756  -24.253  28.398 0.4000000060
40311  19.694  -25.028  28.033 0.4000000060
42164  20.671  -23.618  28.285 0.4000000060
41264  20.143  -24.230  28.073 0.4000000060
123498  19.021  -24.848  27.621 0.4000000060
40313  18.404  -25.091  27.359 0.4000000060
125466  22.215  -23.121  28.799 0.4000000060
41251  21.837  -23.921  28.780 0.4000000060
43043  23.805  -22.727  29.244 0.4000000060
114875  22.552  -22.304  28.744 0.4000000060
43052  21.681  -22.479  28.544 0.4000000060
42163  21.386  -23.297  28.523 0.4000000060
124457  20.749  -22.682  28.183 0.4000000060
41265  19.412  -24.229  27.624 0.4000000060
43062  19.955  -22.392  27.574 0.4000000060
42175  19.883  -23.358  27.710 0.4000000060
43051  23.418  -22.183  28.884 0.4000000060
43941  22.019  -21.563  28.528 0.4000000060
43049  26.427  -22.220  28.474 0.5000000000
43937  25.702  -21.530  28.378 0.4000000060
43939  23.898  -21.511  28.628 0.4000000060
129409  21.246  -21.928  28.318 0.4000000060
43942  20.587  -21.778  27.908 0.4000000060
43952  27.448  -21.414  27.620 0.5000000000
43953  26.617  -21.438  28.091 0.5000000000
44860  25.146  -20.940  28.232 0.4000000060
44861  24.375  -20.837  28.271 0.4000000060
44862  23.505  -20.833  28.331 0.4000000060
43940  23.005  -21.544  28.595 0.4000000060
44863  22.657  -20.829  28.368 0.4000000060
43954  25.944  -20.733  27.843 0.4000000060
44872  24.955  -20.244  27.725 0.4000000060
44873  23.952  -20.116  27.813 0.4000000060
44874  23.166  -20.239  28.073 0.4000000060
124634  25.738  -19.320  26.846 0.4000000060
45874  25.157  -19.064  26.769 0.4000000060
45875  24.467  -19.129  26.944 0.4000000060
45876  23.713  -18.975  27.037 0.4000000060
44870  27.693  -20.747  27.156 0.5000000000
44890  27.466  -20.058  26.869 0.5000000000
135188  26.199  -19.106  26.579 0.4000000060
46889  24.873  -18.577  26.478 0.4000000060
46890  24.140  -18.487  26.569 0.4000000060
46891  23.418  -18.340  26.662 0.3000000119
44909  28.489  -20.914  25.886 0.5000000000
45855  25.826  -19.918  27.329 0.5000000000
45857  24.481  -19.684  27.412 0.4000000060
123717  23.973  -19.487  27.350 0.4000000060
45858  23.262  -19.556  27.597 0.4000000060
45856  25.088  -19.540  27.191 0.4000000060
45872  27.831  -19.541  26.244 0.5000000000
46887  26.806  -18.836  26.215 0.5000000000
46888  25.733  -18.710  26.427 0.4000000060
46916  25.278  -18.060  26.032 0.4000000060
47942  23.849  -17.858  26.227 0.3000000119
129100  28.388  -19.371  25.477 0.5000000000
47963  24.841  -17.512  25.648 0.4000000060
46917  24.527  -17.978  26.152 0.3000000119
47964  23.633  -17.287  25.763 0.3000000119
47943  23.135  -17.694  26.248 0.3000000119
127342  28.057  -18.202  25.278 0.5000000000
46913  28.489  -18.773  25.057 0.4000000060
46935  28.646  -18.821  24.429 0.5000000000
47961  26.531  -17.527  25.417 0.3000000119
46915  26.156  -18.136  25.874 0.4000000060
49055  24.301  -16.892  25.370 0.3000000119
135264  24.224  -17.511  25.808 0.3000000119
49056  23.455  -16.612  25.349 0.3000000119
47965  22.885  -17.054  25.764 0.3000000119
47960  27.597  -17.554  25.148 0.3000000119
47959  28.504  -17.932  24.550 0.4000000060
48000  28.649  -17.748  23.736 0.4000000060
46948  28.700  -18.450  23.855 0.4000000060
46958  28.579  -18.026  23.033 0.4000000060
49053  25.969  -17.023  25.216 0.3000000119
47962  25.628  -17.538  25.560 0.3000000119
49057  22.691  -16.375  25.315 0.3000000119
47966  22.078  -16.801  25.768 0.3000000119
112715  27.168  -18.179  25.604 0.3000000119
49087  23.221  -15.999  24.888 0.3000000119
49982  21.938  -16.066  25.286 0.3000000119
48001  28.487  -17.130  23.955 0.3000000119
113876  28.638  -17.212  23.228 0.4000000060
48019  28.527  -17.075  21.840 0.4000000060
49117  28.405  -16.071  20.653 0.4000000060
49983  21.197  -15.702  25.321 0.3000000119
47990  26.838  -16.854  24.919 0.3000000119
47989  27.951  -17.001  24.606 0.3000000119
49105  28.720  -16.536  22.591 0.3000000119
49111  28.778  -16.245  21.628 0.3000000119
50050  27.757  -15.844  19.822 0.4000000060
50063  27.124  -15.574  19.217 0.4000000060
50080  26.511  -15.254  18.767 0.4000000060
49099  28.096  -16.432  24.102 0.3000000119
50042  29.037  -15.319  21.291 0.3000000119
50062  27.859  -15.168  19.444 0.4000000060
50079  27.278  -14.959  18.855 0.4000000060
51964  26.883  -13.850  18.127 0.4000000060
121604  26.130  -14.215  18.211 0.4000000060
125462  25.206  -13.450  17.699 0.4000000060
51966  24.360  -13.463  17.754 0.5000000000
50982  29.265  -14.548  21.390 0.3000000119
50991  29.135  -14.641  20.626 0.3000000119
51004  28.614  -14.561  19.651 0.3000000119
51018  28.271  -14.094  18.896 0.4000000060
51963  27.843  -13.656  18.326 0.4000000060
51019  27.486  -14.312  18.597 0.4000000060
51982  26.611  -13.163  17.589 0.4000000060
51983  25.649  -12.954  17.439 0.3000000119
52865  24.590  -12.734  17.469 0.3000000119
52881  24.917  -12.111  17.048 0.3000000119
51003  29.291  -13.942  20.183 0.3000000119
51951  28.992  -13.779  19.362 0.3000000119
51962  28.667  -13.384  18.665 0.3000000119
52864  28.274  -12.875  17.929 0.3000000119
52879  27.363  -12.653  17.403 0.3000000119
52880  26.262  -12.361  16.990 0.3000000119
52891  27.235  -12.072  16.898 0.3000000119
51938  29.452  -13.321  20.588 0.3000000119
52878  28.866  -12.176  17.854 0.3000000119
53764  28.211  -12.020  17.246 0.3000000119
53773  26.522  -11.593  16.356 0.3000000119
53772  27.620  -11.487  16.503 0.3000000119
54667  26.935  -10.956  15.760 0.3000000119
54679  27.359  -10.227  15.367 0.3000000119
116525  26.862  -20.890  27.658 0.5000000000
32631  17.798  -33.575  20.370 0.6000000238
32654  17.686  -32.973  19.872 0.5000000000
33521  18.059  -32.389  19.573 0.5000000000
34448  19.938  -32.159  18.896 0.5000000000
33519  19.533  -32.689  18.889 0.5000000000
35344  22.949  -30.942  20.859 0.5000000000
34430  22.050  -31.547  19.327 0.5000000000
33505  20.780  -31.853  18.892 0.5000000000
32580  18.527  -33.096  27.530 0.6000000238
33417  18.399  -32.276  27.432 0.6000000238
33418  17.645  -32.096  27.137 0.5000000000
33424  16.794  -31.918  26.677 0.5000000000
34348  16.247  -31.188  26.346 0.5000000000
35276  15.842  -30.424  26.107 0.4000000060
36301  15.680  -28.919  26.110 0.4000000060
42176  18.995  -23.565  27.192 0.4000000060
41266  18.661  -24.327  27.257 0.4000000060
119472  19.228  -22.772  27.152 0.4000000060
44864  21.929  -20.770  28.359 0.4000000060
44878  19.527  -20.839  27.446 0.4000000060
43955  21.262  -21.181  28.253 0.4000000060
44875  22.404  -20.015  28.079 0.4000000060
117956  20.812  -19.844  27.835 0.4000000060
45859  22.551  -19.291  27.628 0.4000000060
46876  22.999  -18.807  27.224 0.4000000060
131201  21.353  -17.268  26.402 0.3000000119
126260  23.129  -30.027  21.124 0.5000000000
43063  19.348  -22.118  27.171 0.4000000060
44876  21.418  -20.312  28.118 0.4000000060
38308  16.467  -27.602  26.678 0.4000000060
115939  20.538  -30.096  19.456 0.5000000000
43951  28.334  -21.026  26.570 0.5000000000
43050  24.311  -22.203  28.984 0.4000000060
51965  25.966  -13.683  17.822 0.4000000060
51020  26.710  -14.565  18.493 0.4000000060
34432  19.747  -31.482  19.146 0.6000000238
123122  21.938  -30.897  19.424 0.5000000000
34420  22.338  -31.061  20.016 0.5000000000
43938  24.795  -21.549  28.584 0.4000000060
44877  20.468  -20.828  27.839 0.4000000060
43956  19.833  -21.606  27.493 0.4000000060
44871  26.732  -20.278  27.341 0.5000000000
44889  28.225  -20.392  26.420 0.5000000000
45873  26.636  -19.552  26.812 0.5000000000
46914  27.899  -18.803  25.676 0.5000000000
50049  28.530  -15.307  20.209 0.4000000060
51981  27.420  -13.284  17.838 0.3000000119
50990  29.412  -13.977  21.018 0.3000000119
51961  29.243  -13.112  19.153 0.3000000119
52863  29.155  -12.555  18.540 0.3000000119
128043  16.584  -36.737  26.979 0.4000000060
113883  16.835  -35.658  27.316 0.4000000060
114911  15.859  -35.512  27.584 0.4000000060
30876  16.501  -34.888  27.497 0.4000000060
31697  15.549  -34.700  27.509 0.3000000119
30137  17.881  -36.473  20.207 0.5000000000
32582  16.595  -33.568  27.336 0.5000000000
31696  15.772  -33.850  27.291 0.3000000119
30138  17.958  -35.715  20.453 0.5000000000
31761  17.336  -34.582  20.026 0.5000000000
30150  17.423  -35.938  20.025 0.5000000000
114317  17.805  -32.887  27.360 0.5000000000
33419  17.026  -32.803  27.155 0.4000000060
31750  17.665  -34.415  20.312 0.5000000000
120226  17.749  -35.319  19.497 0.5000000000
31784  18.065  -34.487  19.417 0.3000000119
132141  17.415  -33.961  20.052 0.5000000000
31772  17.431  -34.584  19.915 0.4000000060
115513  17.805  -33.811  19.663 0.4000000060
31782  19.884  -34.754  18.255 0.3000000119
31783  18.775  -34.803  18.888 0.3000000119
31781  20.561  -34.265  18.020 0.3000000119
124019  19.501  -34.022  18.604 0.3000000119
32666  21.221  -33.303  18.454 0.3000000119
32667  20.736  -33.600  18.314 0.3000000119
32668  19.996  -33.450  18.587 0.4000000060
32669  19.087  -33.254  18.940 0.4000000060
34354  15.510  -31.231  25.871 0.3000000119
116580  22.344  -31.908  19.923 0.4000000060
32653  21.861  -33.142  18.828 0.4000000060
33518  20.508  -32.792  18.641 0.4000000060
36302  15.364  -29.578  25.741 0.3000000119
38323  15.861  -27.678  26.171 0.3000000119
41272  17.975  -24.522  26.824 0.3000000119
42187  18.283  -23.760  26.706 0.3000000119
42186  18.563  -23.015  26.617 0.3000000119
43072  18.697  -22.203  26.656 0.3000000119
43966  19.073  -21.541  27.041 0.3000000119
44891  18.699  -20.858  26.988 0.3000000119
44910  17.947  -20.724  26.292 0.3000000119
45860  21.745  -19.409  27.792 0.3000000119
119796  19.901  -20.057  27.723 0.3000000119
45862  19.484  -19.435  27.475 0.3000000119
46877  22.235  -18.709  27.373 0.3000000119
131646  21.050  -19.157  27.632 0.3000000119
45861  20.302  -19.287  27.610 0.3000000119
127653  20.824  -18.536  27.321 0.3000000119
46894  20.255  -18.025  27.028 0.3000000119
46879  19.865  -18.703  27.357 0.3000000119
46892  22.661  -18.177  26.786 0.3000000119
46893  21.737  -18.076  26.982 0.3000000119
129942  20.588  -17.464  26.703 0.3000000119
29278  18.816  -36.971  20.470 0.5000000000
123291  21.648  -31.907  18.961 0.4000000060
46878  21.535  -18.754  27.456 0.3000000119
32586  16.055  -32.906  26.774 0.3000000119
33425  15.817  -31.986  26.251 0.3000000119
25643  17.636  -41.651  27.923 0.4000000060
132767  16.774  -41.557  26.106 0.4000000060
25657  16.776  -40.728  25.910 0.4000000060
26585  16.369  -39.425  24.567 0.4000000060
27420  16.285  -38.713  24.878 0.3000000119
26574  17.153  -40.041  26.479 0.4000000060
26575  16.638  -39.642  25.419 0.4000000060
27419  16.702  -38.807  25.700 0.4000000060
27471  21.221  -39.342  22.392 0.3000000119
27404  17.304  -39.042  26.615 0.4000000060
29234  16.316  -37.918  26.113 0.3000000119
29217  16.308  -37.312  26.721 0.3000000119
28349  16.937  -38.134  26.062 0.4000000060
29218  15.191  -37.415  27.419 0.3000000119
28333  15.647  -37.855  26.865 0.3000000119
118508  14.621  -36.777  27.637 0.3000000119
29233  16.736  -37.790  26.200 0.4000000060
118428  15.699  -36.753  27.413 0.3000000119
25669  16.593  -41.282  25.251 0.4000000060
132634  16.561  -40.308  25.128 0.4000000060
128955  14.478  -36.034  27.629 0.3000000119
24836  17.855  -42.427  28.232 0.3000000119
114103  13.820  -37.040  27.701 0.3000000119
24835  19.781  -42.990  28.437 0.4000000060
25642  18.209  -41.619  28.434 0.5000000000
25656  17.220  -41.368  26.885 0.5000000000
26539  20.757  -40.577  29.331 0.5000000000
26562  22.563  -40.621  27.364 0.5000000000
26597  16.168  -39.554  23.993 0.4000000060
27388  22.520  -39.617  28.868 0.6000000238
27451  16.042  -38.871  24.287 0.3000000119
28362  15.971  -38.508  24.751 0.3000000119
28385  22.280  -38.566  24.153 0.6000000238
28391  21.456  -38.099  22.766 0.6000000238
29184  23.234  -37.205  29.118 0.6000000238
29188  20.414  -37.851  29.401 0.6000000238
29216  17.135  -36.405  26.981 0.4000000060
29231  23.895  -37.672  26.028 0.6000000238
29263  21.602  -37.590  22.977 0.6000000238
30046  22.231  -36.798  29.597 0.6000000238
30061  18.734  -36.948  28.136 0.6000000238
30074  16.210  -36.194  27.409 0.3000000119
30121  20.964  -36.604  22.235 0.6000000238
30128  19.706  -36.647  21.068 0.6000000238
30883  24.759  -35.536  27.162 1.0000000000
30928  18.827  -35.438  20.933 0.6000000238
30929  18.128  -34.961  20.651 0.6000000238
30940  17.453  -35.179  20.133 0.5000000000
30952  17.339  -35.292  19.981 0.5000000000
31716  23.068  -34.792  24.320 0.8000000119
31736  21.273  -35.244  22.665 0.8000000119
32550  25.215  -33.213  29.181 0.8999999762
32565  19.879  -33.473  28.680 0.6999999881
32578  25.432  -33.463  28.182 1.0000000000
32579  19.081  -33.321  27.733 0.6000000238
32617  21.340  -33.698  22.738 0.8000000119
32630  18.434  -33.128  20.884 0.6999999881
32644  17.522  -33.225  20.043 0.5000000000
32670  18.288  -33.112  19.374 0.5000000000
33370  23.481  -32.353  30.306 0.8999999762
33371  22.667  -32.462  30.378 0.8999999762
33372  21.827  -32.419  30.188 0.8999999762
33392  21.152  -32.367  29.727 0.8999999762
33433  15.036  -31.947  25.731 0.3000000119
33467  21.085  -31.932  22.440 0.8000000119
33468  20.299  -32.062  21.889 0.8000000119
33482  19.038  -32.731  21.287 0.6999999881
33497  17.640  -32.437  20.006 0.6000000238
33503  22.122  -32.407  19.276 0.4000000060
33504  21.391  -32.554  18.723 0.4000000060
33506  17.769  -32.257  19.876 0.6000000238
34282  25.141  -31.171  29.754 0.8999999762
34283  24.535  -31.342  30.123 0.8999999762
34284  23.662  -31.480  30.387 0.8999999762
34311  20.958  -31.765  29.392 0.8999999762
34363  22.787  -31.716  23.786 0.8999999762
34410  18.431  -31.084  20.516 0.8000000119
34422  17.714  -31.958  20.020 0.6000000238
34431  21.453  -31.270  19.196 0.5000000000
34449  19.092  -31.958  19.074 0.6000000238
34450  18.356  -31.878  19.444 0.6999999881
34451  17.951  -31.934  19.733 0.6000000238
35209  23.400  -30.720  30.443 0.8999999762
35231  21.711  -29.992  29.637 1.0000000000
35250  26.081  -30.181  28.489 0.8999999762
35275  16.581  -30.439  26.489 0.4000000060
35309  22.603  -30.249  23.498 0.8999999762
35325  21.470  -30.292  22.576 0.8999999762
35326  20.828  -30.375  22.167 0.8999999762
36240  20.971  -30.167  29.002 0.6999999881
36281  17.657  -29.677  27.125 0.5000000000
36291  16.894  -29.067  26.879 0.4000000060
36385  18.715  -29.525  20.187 0.8999999762
36400  20.988  -29.547  19.543 0.6000000238
37362  23.489  -28.416  21.254 0.5000000000
37364  18.905  -29.203  20.687 0.8999999762
38320  26.534  -27.641  25.623 1.0000000000
39435  19.349  -26.576  20.488 0.8999999762
44075  21.059  -21.122  18.256 0.8000000119
44091  20.948  -20.897  18.295 0.8999999762
44999  21.737  -20.778  18.055 0.8000000119
45985  24.432  -19.600  18.201 0.6000000238
45988  20.782  -19.678  18.437 0.8000000119
46000  23.698  -18.954  17.736 0.6000000238
46011  20.925  -18.651  17.702 0.8000000119
46992  21.007  -18.537  19.024 0.8999999762
47007  20.540  -18.225  18.139 0.8000000119
47021  21.366  -18.592  17.548 0.8000000119
47033  21.016  -18.047  17.601 0.8000000119
48062  20.459  -17.501  18.182 0.8000000119
48075  24.097  -17.554  17.363 0.6000000238
48077  20.298  -17.136  18.016 0.8000000119
48093  20.512  -17.459  17.862 0.8000000119
49139  22.494  -16.706  18.682 0.8000000119
49141  21.106  -17.252  18.643 0.8999999762
49154  20.500  -16.991  18.266 0.8000000119
49167  20.380  -16.728  18.026 0.8000000119
50094  20.796  -15.296  17.498 0.8000000119
50095  20.562  -16.055  17.851 0.8000000119
50103  25.392  -15.459  16.446 0.6000000238
50106  21.094  -15.522  17.275 0.6999999881
51024  21.944  -14.350  18.155 0.8000000119
51037  20.850  -14.433  17.292 0.8000000119
51061  21.642  -13.529  16.473 0.6000000238
52005  21.283  -12.860  16.644 0.6999999881
52027  28.736  -13.608  12.687 0.4000000060
52868  21.278  -12.885  17.340 0.6999999881
52885  20.946  -12.854  17.027 0.6999999881
52893  21.640  -12.002  16.901 0.6000000238
52894  21.234  -12.513  16.890 0.6000000238
53793  22.955  -10.334  14.904 0.5000000000
53810  28.094  -11.779  12.713 0.3000000119
54683  22.953  -10.039  15.123 0.4000000060
113400  20.634  -22.486  18.635 0.6999999881
115795  26.291  -29.962  28.051 1.0000000000
116518  17.452  -33.881  20.043 0.4000000060
119567  21.843  -42.423  25.849 0.4000000060
120778  21.274  -38.983  29.457 0.6000000238
122379  18.598  -33.891  19.143 0.3000000119
122712  20.324  -43.560  27.917 0.4000000060
124455  20.024  -31.255  28.369 0.6999999881
124876  22.340  -28.149  23.288 0.8999999762
126716  19.882  -32.828  28.575 0.8999999762
127261  25.250  -29.959  30.150 0.8999999762
128312  20.239  -25.529  28.317 0.4000000060
128318  20.843  -37.826  21.933 0.6000000238
129220  23.136  -10.388  16.091 0.4000000060
129285  21.793  -33.835  23.157 0.8000000119
129294  23.442  -37.696  28.753 0.6000000238
129423  15.262  -36.134  27.587 0.4000000060
129424  27.896  -14.646  19.064 0.4000000060
129484  18.615  -31.616  20.882 0.6999999881
129641  24.363  -33.452  25.396 1.0000000000
129647  22.597  -26.287  29.420 0.6999999881
129868  21.192  -23.947  28.533 0.4000000060
131013  24.116  -37.935  26.745 0.8000000119
131255  19.124  -29.605  21.137 0.8999999762
132414  19.017  -42.796  28.563 0.4000000060
133569  22.219  -29.824  19.885 0.5000000000
133867  25.309  -33.559  28.834 0.8999999762
134070  28.148  -14.508  13.027 0.4000000060
134074  22.151  -25.927  22.526 0.8999999762
134348  24.280  -37.540  27.023 0.8000000119
