#!ascii label  , from subject sub-v1s15x0050184_ses-1 vox2ras=TkReg
2010
107245  -46.903  19.397  41.703 0.0000000000
110401  -54.458  22.196  22.252 0.0000000000
117694  -48.686  31.438  34.097 0.0000000000
110227  -57.355  23.180  40.416 0.0000000000
99391  -52.425  11.599  37.860 0.0000000000
108431  -44.731  20.802  27.310 0.0000000000
117025  -50.662  30.248  22.240 0.0000000000
119997  -47.014  34.746  29.680 0.0000000000
95721  -47.102  7.517  42.765 0.0000000000
108242  -53.043  20.862  42.868 0.0000000000
107332  -50.372  19.128  33.591 0.0000000000
107314  -45.475  19.170  33.975 0.0000000000
154994  -56.184  29.948  34.702 0.0000000000
116959  -53.144  29.562  28.315 0.0000000000
120056  -56.284  34.429  27.592 0.0000000000
119280  -49.652  33.953  25.744 0.0000000000
119981  -53.693  34.511  30.966 0.0000000000
104479  -48.945  17.139  20.257 0.0000000000
107240  -41.601  19.402  41.545 0.0000000000
155573  -43.344  25.062  35.009 0.0000000000
105378  -54.362  17.304  32.782 0.0000000000
106270  -52.403  19.190  37.842 0.0000000000
105313  -50.752  17.664  41.648 0.0000000000
99369  -46.673  11.643  38.382 0.0000000000
107420  -50.412  19.505  26.253 0.0000000000
108507  -44.647  20.728  20.663 0.0000000000
112675  -48.271  26.032  29.897 0.0000000000
155810  -47.647  26.202  22.926 0.0000000000
113522  -45.469  26.221  16.729 0.0000000000
146350  -45.794  27.589  23.488 0.0000000000
116967  -43.560  30.699  27.269 0.0000000000
107233  -50.038  20.015  42.298 0.0000000000
109299  -48.578  21.096  37.791 0.0000000000
108299  -46.109  20.703  38.338 0.0000000000
116905  -59.592  29.791  35.337 0.0000000000
117739  -59.427  30.972  31.197 0.0000000000
152514  -58.628  32.640  31.607 0.0000000000
146335  -55.534  35.288  29.809 0.0000000000
106465  -51.744  19.389  20.864 0.0000000000
107223  -39.341  19.858  42.426 0.0000000000
111058  -39.712  24.028  38.593 0.0000000000
102246  -50.708  14.535  35.506 0.0000000000
106248  -51.442  18.354  40.253 0.0000000000
103264  -48.990  15.230  36.620 0.0000000000
96724  -46.901  8.546  40.625 0.0000000000
164020  -46.663  15.075  43.418 0.0000000000
106195  -51.693  18.538  49.069 0.0000000000
102133  -46.655  15.019  45.637 0.0000000000
166447  -54.568  22.828  36.049 0.0000000000
106363  -47.274  18.610  29.728 0.0000000000
106366  -50.884  18.649  29.771 0.0000000000
163995  -47.608  19.309  26.824 0.0000000000
106436  -46.967  18.908  23.113 0.0000000000
109460  -44.503  21.267  24.288 0.0000000000
116034  -45.269  29.508  34.273 0.0000000000
157010  -45.991  25.938  32.772 0.0000000000
116056  -47.969  29.698  31.394 0.0000000000
173616  -52.578  29.649  25.670 0.0000000000
115206  -50.880  28.028  25.470 0.0000000000
114324  -51.467  28.229  21.390 0.0000000000
113516  -48.318  26.435  18.178 0.0000000000
115263  -48.987  28.655  19.283 0.0000000000
114320  -45.938  27.474  21.147 0.0000000000
116133  -47.552  29.768  22.041 0.0000000000
120034  -48.310  34.546  28.322 0.0000000000
172816  -45.162  32.602  25.337 0.0000000000
119263  -44.078  33.186  27.381 0.0000000000
117772  -41.816  32.219  28.264 0.0000000000
120011  -44.021  35.037  29.261 0.0000000000
109270  -54.004  21.618  41.318 0.0000000000
110247  -52.340  22.299  37.261 0.0000000000
109318  -50.380  21.639  37.345 0.0000000000
106294  -47.965  18.656  34.124 0.0000000000
108400  -45.472  20.528  30.512 0.0000000000
117697  -52.357  31.185  34.187 0.0000000000
149058  -51.848  31.592  31.340 0.0000000000
118487  -54.813  32.307  31.404 0.0000000000
151838  -56.665  31.171  28.005 0.0000000000
153295  -53.217  33.717  25.986 0.0000000000
161196  -50.042  33.180  23.738 0.0000000000
120052  -53.103  35.426  26.444 0.0000000000
119255  -51.671  33.861  28.693 0.0000000000
119215  -50.606  33.447  31.019 0.0000000000
104462  -44.909  16.663  20.498 0.0000000000
107243  -44.347  19.447  41.628 0.0000000000
147676  -43.707  20.818  37.949 0.0000000000
110245  -41.389  22.788  37.534 0.0000000000
114205  -42.322  27.187  35.966 0.0000000000
116864  -45.675  30.399  36.243 0.0000000000
115092  -45.834  28.915  38.585 0.0000000000
170207  -49.580  30.323  36.508 0.0000000000
108320  -55.895  21.109  37.278 0.0000000000
152925  -53.343  18.738  35.337 0.0000000000
108291  -55.489  20.564  39.886 0.0000000000
107215  -55.577  20.321  43.194 0.0000000000
108212  -54.566  21.191  46.093 0.0000000000
98469  -52.914  10.696  41.022 0.0000000000
96696  -50.297  8.677  43.405 0.0000000000
153583  -50.401  9.209  41.073 0.0000000000
171127  -49.771  10.887  37.967 0.0000000000
103246  -47.336  15.437  38.308 0.0000000000
108197  -49.734  20.894  45.489 0.0000000000
109430  -54.661  21.383  27.040 0.0000000000
108371  -52.499  20.674  33.477 0.0000000000
107395  -53.272  19.838  29.245 0.0000000000
109450  -52.594  21.070  24.805 0.0000000000
106439  -49.786  19.394  21.922 0.0000000000
106471  -45.893  18.411  19.581 0.0000000000
108526  -44.060  20.153  18.168 0.0000000000
110287  -44.009  22.329  33.819 0.0000000000
111126  -46.131  23.081  31.587 0.0000000000
111150  -45.702  23.650  28.815 0.0000000000
115178  -50.549  28.380  29.109 0.0000000000
168955  -48.096  26.275  26.604 0.0000000000
111932  -46.117  24.768  24.846 0.0000000000
111956  -45.893  24.348  21.707 0.0000000000
150194  -45.116  23.827  17.463 0.0000000000
111210  -43.028  22.934  19.312 0.0000000000
117824  -46.216  32.038  23.849 0.0000000000
116093  -45.308  29.052  26.007 0.0000000000
113448  -43.450  26.724  28.372 0.0000000000
115171  -42.474  28.198  30.461 0.0000000000
116933  -41.303  29.981  31.209 0.0000000000
107232  -49.335  19.835  42.372 0.0000000000
165710  -47.920  20.019  40.288 0.0000000000
108266  -46.166  20.139  39.903 0.0000000000
118481  -59.563  31.166  32.863 0.0000000000
165738  -57.179  33.974  32.275 0.0000000000
109494  -53.140  21.219  21.500 0.0000000000
100277  -51.538  12.502  36.338 0.0000000000
102238  -50.022  14.248  36.060 0.0000000000
153497  -50.741  12.613  36.458 0.0000000000
170097  -44.529  14.549  42.011 0.0000000000
102147  -46.258  14.915  44.089 0.0000000000
110228  -58.782  23.377  40.148 0.0000000000
110237  -56.672  23.340  38.815 0.0000000000
106379  -46.417  19.120  28.763 0.0000000000
107389  -47.816  18.860  28.370 0.0000000000
108432  -45.437  20.114  26.810 0.0000000000
107433  -45.709  19.719  25.240 0.0000000000
109449  -44.480  21.337  25.862 0.0000000000
116913  -47.139  30.753  33.594 0.0000000000
116924  -46.855  30.213  32.983 0.0000000000
117705  -48.498  31.419  33.030 0.0000000000
169665  -51.814  30.390  24.530 0.0000000000
115228  -52.244  28.870  22.830 0.0000000000
116152  -51.712  29.145  21.320 0.0000000000
114347  -50.056  28.061  19.288 0.0000000000
116150  -50.297  29.258  20.678 0.0000000000
115250  -48.446  28.941  20.449 0.0000000000
117034  -49.519  29.868  21.546 0.0000000000
120015  -47.412  34.820  29.006 0.0000000000
119252  -46.811  34.287  28.214 0.0000000000
120032  -46.266  34.891  28.894 0.0000000000
120030  -44.299  34.459  28.753 0.0000000000
120013  -45.871  35.611  29.679 0.0000000000
108254  -53.477  21.147  42.167 0.0000000000
109277  -52.953  21.230  40.614 0.0000000000
108289  -51.289  20.738  39.790 0.0000000000
107291  -46.704  19.913  36.226 0.0000000000
108331  -48.224  20.665  36.581 0.0000000000
106292  -46.206  18.699  34.032 0.0000000000
106322  -46.416  18.673  32.546 0.0000000000
108380  -45.662  19.876  32.320 0.0000000000
117699  -54.293  30.841  34.047 0.0000000000
152111  -53.756  31.616  33.383 0.0000000000
144783  -55.625  31.552  32.736 0.0000000000
118498  -58.614  32.080  29.448 0.0000000000
117765  -58.084  31.552  29.140 0.0000000000
118515  -57.014  32.401  27.348 0.0000000000
118514  -54.993  32.419  27.104 0.0000000000
119283  -54.618  34.687  26.215 0.0000000000
119298  -53.118  35.069  25.546 0.0000000000
120054  -54.763  35.281  26.502 0.0000000000
120000  -54.760  34.925  30.352 0.0000000000
120018  -53.236  34.342  29.072 0.0000000000
119998  -52.946  34.168  30.129 0.0000000000
119240  -51.212  33.553  29.590 0.0000000000
165949  -52.617  34.045  31.067 0.0000000000
169587  -46.760  16.210  20.413 0.0000000000
107242  -43.453  19.448  41.554 0.0000000000
108280  -42.731  20.662  39.380 0.0000000000
108279  -41.210  20.771  39.543 0.0000000000
113378  -40.457  26.468  37.950 0.0000000000
112630  -40.688  25.659  37.551 0.0000000000
115119  -41.719  28.114  37.060 0.0000000000
163209  -44.060  29.613  36.042 0.0000000000
115979  -43.761  29.374  37.328 0.0000000000
114175  -46.260  27.642  39.971 0.0000000000
115983  -47.785  29.501  37.847 0.0000000000
115985  -49.428  29.518  37.639 0.0000000000
116005  -51.541  29.648  36.651 0.0000000000
115971  -51.042  29.094  38.215 0.0000000000
108348  -55.917  20.709  35.691 0.0000000000
107322  -54.779  19.438  34.711 0.0000000000
149589  -52.252  16.802  34.449 0.0000000000
149462  -52.255  18.720  36.509 0.0000000000
108304  -54.128  20.139  38.539 0.0000000000
107269  -53.638  19.770  39.114 0.0000000000
107236  -55.790  20.444  42.301 0.0000000000
107265  -53.528  19.486  40.076 0.0000000000
172651  -50.861  18.031  40.328 0.0000000000
106243  -53.341  18.793  42.618 0.0000000000
106235  -52.806  18.588  43.359 0.0000000000
96694  -48.846  7.836  43.255 0.0000000000
96726  -48.733  8.642  40.897 0.0000000000
97632  -48.822  9.491  39.628 0.0000000000
98480  -50.374  10.075  39.370 0.0000000000
99371  -48.353  11.254  37.856 0.0000000000
169258  -47.793  13.086  37.146 0.0000000000
100258  -46.677  12.739  37.978 0.0000000000
108181  -49.198  20.487  46.064 0.0000000000
107154  -51.159  19.717  47.832 0.0000000000
109421  -56.436  22.262  28.568 0.0000000000
109346  -51.592  21.904  35.730 0.0000000000
109347  -52.288  22.068  35.380 0.0000000000
108370  -51.736  20.314  33.788 0.0000000000
107392  -50.870  19.136  27.985 0.0000000000
107380  -51.877  19.001  29.575 0.0000000000
107409  -52.133  19.729  27.372 0.0000000000
108445  -53.276  20.675  26.635 0.0000000000
108455  -51.536  20.210  25.395 0.0000000000
108488  -51.540  20.711  23.130 0.0000000000
107438  -50.312  19.736  24.614 0.0000000000
107481  -45.432  19.554  22.271 0.0000000000
169061  -46.150  18.581  21.553 0.0000000000
107496  -45.446  19.083  19.993 0.0000000000
107507  -45.042  18.826  17.797 0.0000000000
108517  -44.643  20.403  19.214 0.0000000000
110272  -42.607  22.976  35.783 0.0000000000
109344  -42.876  21.395  35.974 0.0000000000
111866  -43.597  24.259  34.643 0.0000000000
113423  -47.512  26.508  31.278 0.0000000000
112661  -46.456  25.164  32.330 0.0000000000
111887  -47.448  24.976  30.931 0.0000000000
111135  -46.484  23.682  30.475 0.0000000000
111900  -47.335  24.610  29.645 0.0000000000
166064  -52.609  30.830  29.605 0.0000000000
116944  -50.728  30.727  30.289 0.0000000000
116072  -51.735  29.445  29.046 0.0000000000
114294  -49.409  27.443  24.389 0.0000000000
114285  -49.176  27.232  25.933 0.0000000000
164810  -48.091  26.540  24.921 0.0000000000
112708  -46.884  25.438  26.110 0.0000000000
112725  -46.716  25.388  23.826 0.0000000000
111947  -46.097  24.628  23.168 0.0000000000
112740  -47.216  25.759  22.308 0.0000000000
113533  -47.257  26.756  16.725 0.0000000000
112756  -46.698  25.266  18.424 0.0000000000
112769  -45.244  25.394  16.627 0.0000000000
111217  -44.143  22.953  17.751 0.0000000000
171118  -44.165  24.540  18.355 0.0000000000
111204  -42.835  23.542  20.212 0.0000000000
113507  -44.739  25.825  19.365 0.0000000000
114310  -45.934  27.538  22.020 0.0000000000
112738  -44.463  25.666  22.264 0.0000000000
166605  -49.692  33.566  24.759 0.0000000000
118564  -47.974  32.363  23.663 0.0000000000
118541  -48.140  32.809  24.754 0.0000000000
117791  -43.079  32.091  25.342 0.0000000000
116993  -44.125  31.361  24.702 0.0000000000
116968  -44.195  30.376  26.568 0.0000000000
115195  -44.922  28.540  27.166 0.0000000000
116077  -44.211  29.015  28.187 0.0000000000
114253  -43.449  27.803  29.295 0.0000000000
116076  -43.686  29.581  28.528 0.0000000000
167002  -41.142  32.627  28.327 0.0000000000
116947  -41.856  30.827  29.474 0.0000000000
117744  -40.557  31.553  30.152 0.0000000000
116923  -40.429  30.364  32.249 0.0000000000
147965  -51.210  20.418  42.283 0.0000000000
108270  -50.759  20.314  40.572 0.0000000000
108269  -49.792  20.232  40.155 0.0000000000
108317  -47.133  20.708  37.553 0.0000000000
107290  -45.651  19.858  36.450 0.0000000000
173443  -57.534  30.404  33.327 0.0000000000
116927  -59.035  30.301  32.949 0.0000000000
154757  -59.580  31.601  30.941 0.0000000000
119242  -57.966  33.390  29.413 0.0000000000
159423  -56.520  35.275  28.859 0.0000000000
120002  -56.843  34.884  30.430 0.0000000000
119983  -56.425  34.947  31.280 0.0000000000
105494  -50.562  18.017  20.690 0.0000000000
107239  -40.725  19.579  41.525 0.0000000000
108278  -40.250  20.883  39.878 0.0000000000
109283  -39.262  22.105  39.798 0.0000000000
105358  -50.710  17.065  36.169 0.0000000000
106257  -51.508  18.553  38.501 0.0000000000
105349  -50.307  17.315  36.804 0.0000000000
145397  -49.771  17.519  38.179 0.0000000000
105328  -49.293  17.344  38.865 0.0000000000
95730  -46.840  7.769  41.936 0.0000000000
98475  -45.338  10.230  39.886 0.0000000000
104273  -48.872  16.065  44.623 0.0000000000
105293  -50.014  17.317  45.769 0.0000000000
104269  -48.761  16.188  45.479 0.0000000000
151893  -48.125  15.847  45.877 0.0000000000
145693  -48.947  18.385  31.844 0.0000000000
106326  -50.512  18.715  32.055 0.0000000000
106364  -48.790  18.593  29.488 0.0000000000
107390  -48.814  19.039  28.154 0.0000000000
151068  -48.570  19.446  26.615 0.0000000000
107456  -48.715  19.451  24.682 0.0000000000
107435  -47.355  19.307  25.299 0.0000000000
108469  -44.891  20.225  23.339 0.0000000000
109484  -44.524  21.350  22.481 0.0000000000
114213  -43.882  27.377  34.508 0.0000000000
113406  -44.814  26.423  33.697 0.0000000000
156063  -45.437  27.928  33.350 0.0000000000
114231  -46.857  28.052  32.047 0.0000000000
155235  -48.401  28.217  30.627 0.0000000000
116980  -53.260  29.576  27.115 0.0000000000
115186  -52.396  28.709  27.687 0.0000000000
115198  -52.235  28.765  25.804 0.0000000000
114304  -50.807  27.932  23.191 0.0000000000
113486  -49.195  27.041  22.513 0.0000000000
113499  -47.867  26.247  20.814 0.0000000000
113510  -49.753  27.111  19.747 0.0000000000
169293  -48.931  27.471  17.412 0.0000000000
114345  -47.615  27.638  18.007 0.0000000000
114343  -45.651  27.139  18.832 0.0000000000
115274  -46.954  28.124  19.383 0.0000000000
115248  -46.855  28.641  21.624 0.0000000000
115236  -46.572  29.055  22.362 0.0000000000
120062  -49.055  34.387  26.988 0.0000000000
165821  -46.955  32.826  25.911 0.0000000000
148237  -46.756  33.090  26.777 0.0000000000
118512  -44.516  32.926  26.660 0.0000000000
117781  -42.849  32.242  26.223 0.0000000000
116958  -42.758  30.968  28.292 0.0000000000
119262  -42.685  33.027  27.485 0.0000000000
119248  -42.351  33.684  28.176 0.0000000000
120028  -41.723  34.313  28.501 0.0000000000
152842  -57.146  22.620  41.859 0.0000000000
110226  -54.570  22.438  39.106 0.0000000000
109290  -54.081  22.049  39.759 0.0000000000
109320  -51.949  21.892  37.711 0.0000000000
108345  -50.374  20.855  35.615 0.0000000000
109300  -49.844  21.303  37.850 0.0000000000
108344  -49.441  20.373  35.685 0.0000000000
107331  -49.730  19.005  34.191 0.0000000000
106323  -47.603  18.347  32.137 0.0000000000
106349  -46.651  18.787  30.216 0.0000000000
159792  -44.775  21.097  29.099 0.0000000000
117696  -51.428  31.276  34.256 0.0000000000
145689  -50.123  31.594  32.925 0.0000000000
145120  -52.652  31.887  32.766 0.0000000000
117735  -53.784  32.139  31.310 0.0000000000
145375  -54.160  31.213  29.436 0.0000000000
117737  -57.096  31.578  31.609 0.0000000000
117750  -55.832  31.585  29.566 0.0000000000
116953  -55.080  30.548  28.080 0.0000000000
117783  -54.079  30.795  27.431 0.0000000000
117792  -52.596  31.560  26.324 0.0000000000
117798  -51.061  31.847  24.844 0.0000000000
117828  -50.037  31.742  23.295 0.0000000000
118558  -51.293  34.033  23.894 0.0000000000
120075  -51.577  34.561  24.793 0.0000000000
120064  -50.742  34.513  25.467 0.0000000000
168865  -54.697  35.303  28.160 0.0000000000
145523  -52.303  35.092  27.140 0.0000000000
120035  -50.589  34.561  27.511 0.0000000000
119253  -49.656  34.338  28.171 0.0000000000
120017  -49.269  33.905  29.093 0.0000000000
119226  -48.706  33.445  30.673 0.0000000000
107229  -46.096  19.357  42.147 0.0000000000
108265  -45.187  20.054  40.111 0.0000000000
108281  -43.627  20.468  39.396 0.0000000000
109315  -42.340  21.751  37.497 0.0000000000
111850  -42.201  24.518  36.044 0.0000000000
110244  -40.761  23.203  37.884 0.0000000000
112639  -41.621  25.633  36.589 0.0000000000
113394  -42.944  26.850  35.346 0.0000000000
115132  -43.945  28.701  35.079 0.0000000000
166417  -45.411  30.431  35.354 0.0000000000
116881  -47.717  31.188  35.294 0.0000000000
115090  -44.063  28.744  38.569 0.0000000000
115981  -45.583  29.577  37.721 0.0000000000
116865  -47.233  30.430  36.794 0.0000000000
117683  -49.280  31.136  35.138 0.0000000000
154628  -51.418  30.331  35.518 0.0000000000
116884  -52.344  30.101  35.591 0.0000000000
116886  -54.623  29.546  35.683 0.0000000000
109322  -58.795  22.634  38.085 0.0000000000
109292  -58.303  22.167  39.735 0.0000000000
104342  -53.383  16.379  33.411 0.0000000000
106297  -53.582  18.469  34.520 0.0000000000
107294  -54.248  19.959  36.250 0.0000000000
150337  -55.480  20.717  39.184 0.0000000000
108275  -57.976  22.175  41.248 0.0000000000
109262  -56.980  21.964  42.900 0.0000000000
109250  -56.224  22.376  44.057 0.0000000000
108225  -54.630  22.004  44.574 0.0000000000
106247  -53.370  18.936  41.725 0.0000000000
107214  -55.235  20.276  44.107 0.0000000000
109239  -54.323  22.123  45.738 0.0000000000
109247  -52.483  21.657  44.832 0.0000000000
170011  -52.021  10.036  43.810 0.0000000000
96716  -49.237  8.445  41.744 0.0000000000
97609  -50.621  8.937  42.069 0.0000000000
98439  -52.005  9.912  42.855 0.0000000000
98457  -51.862  9.908  41.155 0.0000000000
98482  -52.009  10.586  39.653 0.0000000000
99374  -51.535  11.192  38.116 0.0000000000
100275  -48.897  12.922  36.845 0.0000000000
171097  -47.990  14.945  37.225 0.0000000000
104295  -49.141  17.147  40.529 0.0000000000
108221  -48.460  20.442  43.899 0.0000000000
108220  -47.564  20.276  44.039 0.0000000000
107198  -45.767  19.945  44.022 0.0000000000
107208  -44.276  19.668  43.510 0.0000000000
147477  -42.477  19.405  43.187 0.0000000000
152432  -56.803  22.664  27.152 0.0000000000
110371  -55.792  22.688  25.545 0.0000000000
110378  -55.132  22.659  24.589 0.0000000000
110249  -54.360  22.629  37.630 0.0000000000
110289  -53.712  22.491  34.724 0.0000000000
107367  -51.609  18.933  31.080 0.0000000000
107357  -53.064  19.882  31.040 0.0000000000
108394  -54.163  20.857  31.062 0.0000000000
108422  -54.349  20.774  28.407 0.0000000000
109439  -53.676  21.311  25.944 0.0000000000
109461  -53.192  21.702  23.646 0.0000000000
108489  -52.250  21.167  22.410 0.0000000000
150600  -50.949  19.706  20.565 0.0000000000
155281  -49.319  18.243  20.019 0.0000000000
170539  -48.583  18.672  23.242 0.0000000000
106462  -47.649  18.190  20.754 0.0000000000
105512  -47.629  17.350  19.539 0.0000000000
104488  -45.708  17.430  18.499 0.0000000000
106481  -44.420  18.305  18.162 0.0000000000
156655  -43.549  19.356  19.945 0.0000000000
158979  -44.500  20.594  37.923 0.0000000000
107288  -44.039  20.344  35.587 0.0000000000
108368  -44.506  20.453  33.696 0.0000000000
111872  -44.655  24.061  33.558 0.0000000000
110299  -45.351  22.819  32.776 0.0000000000
109376  -45.290  21.370  32.667 0.0000000000
161261  -45.645  22.174  31.263 0.0000000000
109406  -44.975  21.739  29.634 0.0000000000
155778  -44.539  22.236  28.062 0.0000000000
117732  -50.185  31.384  31.425 0.0000000000
116062  -49.291  29.613  30.413 0.0000000000
114255  -49.387  27.878  29.661 0.0000000000
115190  -51.259  28.057  27.820 0.0000000000
114262  -49.808  27.349  28.278 0.0000000000
113449  -48.771  26.189  28.834 0.0000000000
111916  -46.950  24.802  27.977 0.0000000000
111923  -45.681  24.406  26.617 0.0000000000
173915  -44.878  23.451  25.983 0.0000000000
111179  -44.646  22.870  24.496 0.0000000000
110409  -45.126  22.817  21.665 0.0000000000
112750  -46.860  25.331  19.890 0.0000000000
111962  -45.790  24.184  20.386 0.0000000000
110421  -44.735  22.561  19.123 0.0000000000
151590  -43.941  21.771  17.801 0.0000000000
109503  -43.721  21.572  18.065 0.0000000000
153111  -44.940  25.979  20.758 0.0000000000
117009  -48.802  31.193  22.761 0.0000000000
155328  -47.128  31.057  23.300 0.0000000000
116120  -45.639  29.370  23.590 0.0000000000
117811  -45.447  32.170  24.239 0.0000000000
116994  -44.952  30.907  24.285 0.0000000000
115215  -45.607  28.362  24.862 0.0000000000
114275  -45.290  27.617  26.116 0.0000000000
113455  -43.603  26.348  27.494 0.0000000000
166651  -42.033  26.128  28.224 0.0000000000
116948  -42.725  30.062  29.463 0.0000000000
116060  -41.911  29.472  30.766 0.0000000000
119213  -48.159  33.393  31.436 0.0000000000
119211  -46.410  33.944  31.109 0.0000000000
120774  -45.322  35.721  30.286 0.0000000000
120772  -43.781  35.685  30.499 0.0000000000
148763  -41.729  34.936  29.558 0.0000000000
107231  -48.414  19.632  42.450 0.0000000000
164088  -47.484  19.716  40.905 0.0000000000
107260  -46.572  19.696  40.801 0.0000000000
109486  -53.623  21.563  21.933 0.0000000000
169696  -53.071  11.947  37.740 0.0000000000
100264  -52.599  12.061  37.128 0.0000000000
160738  -51.899  12.091  36.785 0.0000000000
100263  -51.217  12.013  36.868 0.0000000000
173309  -44.079  14.446  42.303 0.0000000000
149238  -57.512  23.447  39.682 0.0000000000
146216  -56.004  23.107  39.457 0.0000000000
108419  -45.274  20.291  27.807 0.0000000000
170839  -45.780  19.703  27.507 0.0000000000
108441  -44.753  20.710  26.366 0.0000000000
109438  -44.463  21.423  26.797 0.0000000000
117704  -47.865  31.305  33.772 0.0000000000
117719  -47.663  31.020  33.017 0.0000000000
117026  -51.545  30.025  22.637 0.0000000000
116136  -51.985  29.391  22.204 0.0000000000
116135  -51.359  29.636  21.702 0.0000000000
116151  -51.232  29.307  20.833 0.0000000000
117035  -50.562  29.771  21.450 0.0000000000
117024  -49.930  30.280  22.006 0.0000000000
119225  -47.812  34.152  29.751 0.0000000000
151279  -46.986  34.945  28.819 0.0000000000
120014  -46.493  35.188  29.495 0.0000000000
108253  -52.561  20.690  41.914 0.0000000000
108272  -52.273  20.781  40.988 0.0000000000
107302  -46.090  19.333  35.504 0.0000000000
107303  -47.084  19.428  35.476 0.0000000000
168811  -45.918  18.998  34.671 0.0000000000
106307  -45.948  18.838  33.241 0.0000000000
107330  -45.541  19.478  33.116 0.0000000000
116914  -55.456  30.539  33.957 0.0000000000
117711  -54.892  31.304  33.391 0.0000000000
117712  -56.183  30.799  33.302 0.0000000000
164395  -57.895  33.171  28.594 0.0000000000
118506  -58.246  31.974  28.185 0.0000000000
119269  -56.942  33.362  27.370 0.0000000000
119268  -56.108  33.569  27.446 0.0000000000
172143  -55.622  34.506  27.070 0.0000000000
120069  -55.034  34.918  26.464 0.0000000000
120055  -55.453  35.055  27.084 0.0000000000
119999  -53.918  34.616  29.800 0.0000000000
104467  -49.268  16.613  21.209 0.0000000000
104466  -48.393  16.250  21.105 0.0000000000
104465  -47.440  15.986  20.933 0.0000000000
104478  -48.138  16.687  20.137 0.0000000000
107241  -42.514  19.383  41.554 0.0000000000
107255  -42.092  19.738  40.831 0.0000000000
108261  -41.640  20.253  40.236 0.0000000000
114190  -40.612  27.213  38.003 0.0000000000
165228  -41.202  27.586  37.486 0.0000000000
115109  -41.549  28.173  37.694 0.0000000000
115978  -42.937  29.108  37.000 0.0000000000
115111  -43.088  28.977  37.731 0.0000000000
115970  -49.903  28.972  38.415 0.0000000000
115986  -50.311  29.482  37.536 0.0000000000
106314  -54.551  18.519  33.431 0.0000000000
106298  -54.295  18.843  34.233 0.0000000000
107281  -52.972  19.558  37.777 0.0000000000
107271  -52.855  19.476  38.504 0.0000000000
107268  -52.728  19.266  39.459 0.0000000000
170690  -51.492  18.021  41.635 0.0000000000
106245  -52.059  18.206  42.052 0.0000000000
106242  -52.047  18.176  42.807 0.0000000000
105314  -51.427  17.869  42.305 0.0000000000
95722  -47.949  7.672  43.005 0.0000000000
97631  -47.892  9.558  39.600 0.0000000000
98477  -47.474  10.240  39.155 0.0000000000
98478  -48.412  10.139  39.097 0.0000000000
99370  -47.473  11.400  38.061 0.0000000000
99385  -47.079  12.083  37.853 0.0000000000
162926  -46.511  12.228  38.249 0.0000000000
105297  -50.665  17.803  45.365 0.0000000000
106209  -51.889  19.264  47.839 0.0000000000
106218  -51.743  18.586  47.458 0.0000000000
109389  -54.771  21.410  31.013 0.0000000000
108358  -50.746  20.398  34.935 0.0000000000
108359  -51.481  20.746  34.605 0.0000000000
107320  -50.968  19.954  34.102 0.0000000000
107407  -50.367  19.331  27.112 0.0000000000
107408  -51.340  19.468  27.306 0.0000000000
107421  -51.091  19.581  26.526 0.0000000000
108443  -51.652  19.969  26.089 0.0000000000
107439  -50.908  19.748  25.609 0.0000000000
108470  -51.153  20.188  24.749 0.0000000000
108498  -45.022  20.048  21.513 0.0000000000
107490  -45.454  19.353  21.210 0.0000000000
108508  -45.108  19.925  20.247 0.0000000000
109499  -44.534  21.201  19.474 0.0000000000
111088  -42.871  23.765  35.371 0.0000000000
111089  -43.292  23.744  34.928 0.0000000000
113432  -47.945  26.423  30.592 0.0000000000
112668  -47.571  25.780  31.106 0.0000000000
112674  -47.780  25.578  30.390 0.0000000000
111894  -47.473  24.803  30.247 0.0000000000
156781  -47.865  25.258  29.493 0.0000000000
152538  -52.131  30.152  29.317 0.0000000000
116073  -52.519  29.535  28.667 0.0000000000
113485  -48.519  26.711  23.224 0.0000000000
171297  -48.364  26.745  24.500 0.0000000000
113479  -47.948  26.470  24.016 0.0000000000
113470  -47.471  26.076  24.675 0.0000000000
113478  -47.251  25.897  23.816 0.0000000000
112734  -46.968  25.610  23.055 0.0000000000
114368  -46.253  26.487  16.578 0.0000000000
112770  -45.904  25.880  16.412 0.0000000000
113531  -45.658  25.970  16.416 0.0000000000
112762  -44.992  25.457  16.654 0.0000000000
171163  -44.514  25.224  18.069 0.0000000000
112755  -44.114  25.072  19.344 0.0000000000
169239  -44.922  26.010  17.706 0.0000000000
169575  -46.015  27.750  22.744 0.0000000000
113484  -45.637  27.059  22.855 0.0000000000
113477  -45.399  26.732  23.756 0.0000000000
159343  -45.584  27.497  24.533 0.0000000000
119294  -48.842  33.291  25.319 0.0000000000
150005  -43.116  31.550  26.393 0.0000000000
116978  -43.449  31.447  25.556 0.0000000000
116085  -44.583  29.294  27.398 0.0000000000
116084  -44.073  29.911  27.750 0.0000000000
116949  -43.422  30.453  28.060 0.0000000000
118503  -40.681  33.366  28.331 0.0000000000
117757  -40.694  32.591  28.725 0.0000000000
107249  -50.582  20.081  41.686 0.0000000000
107263  -50.052  19.975  40.941 0.0000000000
108285  -46.967  20.543  39.318 0.0000000000
159328  -47.824  20.378  39.591 0.0000000000
108300  -46.881  20.744  38.403 0.0000000000
108329  -46.474  20.436  37.005 0.0000000000
108328  -45.742  20.422  37.287 0.0000000000
116916  -58.342  30.037  34.015 0.0000000000
116917  -59.397  30.112  34.271 0.0000000000
118480  -59.489  31.773  32.030 0.0000000000
145517  -59.777  31.096  32.066 0.0000000000
118489  -59.584  31.850  31.295 0.0000000000
119231  -59.174  32.244  30.615 0.0000000000
119230  -58.268  33.256  30.218 0.0000000000
120023  -57.368  34.249  29.853 0.0000000000
120003  -57.468  33.986  30.702 0.0000000000
119984  -57.022  34.605  31.210 0.0000000000
149032  -55.737  35.045  31.739 0.0000000000
107485  -52.856  19.777  21.790 0.0000000000
106452  -51.704  18.616  21.414 0.0000000000
105495  -51.213  18.800  20.530 0.0000000000
107238  -39.712  19.858  41.442 0.0000000000
156802  -39.845  20.294  40.537 0.0000000000
147015  -38.900  20.376  40.900 0.0000000000
102247  -51.367  14.744  35.017 0.0000000000
104329  -50.741  16.406  35.701 0.0000000000
152472  -50.337  15.843  35.912 0.0000000000
159992  -49.611  14.963  36.258 0.0000000000
104322  -49.610  16.615  36.794 0.0000000000
103259  -49.028  16.002  36.931 0.0000000000
104308  -49.018  16.950  38.041 0.0000000000
104317  -48.596  16.240  37.580 0.0000000000
102174  -45.970  15.012  42.187 0.0000000000
103215  -46.674  15.176  42.709 0.0000000000
163627  -47.294  15.348  43.204 0.0000000000
103207  -47.801  15.501  43.729 0.0000000000
103194  -48.331  15.699  44.192 0.0000000000
103206  -47.105  15.203  43.963 0.0000000000
103192  -46.901  15.030  44.788 0.0000000000
103185  -47.449  15.328  45.481 0.0000000000
145992  -48.766  18.428  31.224 0.0000000000
106339  -49.529  18.455  31.207 0.0000000000
152054  -48.082  18.498  30.030 0.0000000000
107405  -47.264  19.010  27.622 0.0000000000
170427  -48.214  19.234  27.505 0.0000000000
107406  -49.212  19.325  27.324 0.0000000000
107417  -47.937  19.435  25.957 0.0000000000
108468  -44.717  20.634  24.580 0.0000000000
170347  -45.107  20.120  24.047 0.0000000000
164125  -44.644  20.697  23.756 0.0000000000
108485  -44.591  20.719  22.922 0.0000000000
109474  -44.495  21.325  23.402 0.0000000000
115143  -44.944  28.673  34.166 0.0000000000
115150  -44.997  27.983  33.822 0.0000000000
115151  -45.441  28.694  33.597 0.0000000000
116049  -47.440  29.621  31.955 0.0000000000
116048  -46.920  29.564  32.492 0.0000000000
115166  -47.594  28.909  31.521 0.0000000000
154135  -47.309  28.259  31.669 0.0000000000
115167  -48.193  28.900  30.966 0.0000000000
116979  -52.819  29.572  26.246 0.0000000000
116094  -52.725  28.982  26.537 0.0000000000
116106  -52.570  29.105  25.512 0.0000000000
115238  -51.862  28.558  22.104 0.0000000000
115227  -51.584  28.434  23.388 0.0000000000
114313  -51.262  28.064  22.317 0.0000000000
146387  -50.119  27.646  22.633 0.0000000000
114312  -50.769  27.775  21.524 0.0000000000
113501  -49.491  26.960  20.851 0.0000000000
114322  -50.327  27.582  20.578 0.0000000000
115264  -49.783  28.314  19.298 0.0000000000
114346  -49.641  27.849  18.605 0.0000000000
115276  -49.217  28.156  18.412 0.0000000000
115284  -48.624  27.718  17.697 0.0000000000
115275  -48.258  28.242  18.716 0.0000000000
116148  -47.967  29.412  21.337 0.0000000000
115249  -47.475  28.876  20.991 0.0000000000
115237  -47.241  29.191  21.863 0.0000000000
120048  -48.285  34.390  27.742 0.0000000000
119267  -48.233  33.821  27.110 0.0000000000
119266  -47.461  33.817  27.533 0.0000000000
159818  -46.049  33.609  27.881 0.0000000000
119264  -45.139  33.358  27.588 0.0000000000
162604  -43.414  32.826  26.432 0.0000000000
118511  -42.895  32.625  26.615 0.0000000000
174202  -43.123  33.073  27.097 0.0000000000
119249  -43.519  33.553  28.057 0.0000000000
120029  -43.295  34.404  28.654 0.0000000000
163832  -42.490  34.506  28.668 0.0000000000
159817  -43.089  34.961  29.148 0.0000000000
109271  -55.705  22.416  41.886 0.0000000000
109278  -54.875  22.152  40.699 0.0000000000
173903  -53.725  21.672  40.364 0.0000000000
109288  -51.824  21.266  39.222 0.0000000000
109303  -52.361  21.663  38.573 0.0000000000
109319  -51.146  21.785  37.506 0.0000000000
109333  -50.892  22.000  36.863 0.0000000000
109332  -50.190  21.626  36.747 0.0000000000
108287  -49.472  20.511  39.242 0.0000000000
108303  -50.085  20.885  38.618 0.0000000000
108302  -49.161  20.940  38.340 0.0000000000
107304  -47.977  19.611  35.400 0.0000000000
108343  -48.504  20.252  35.899 0.0000000000
107305  -48.755  19.741  35.365 0.0000000000
107318  -49.403  19.461  34.890 0.0000000000
106295  -48.925  18.854  34.164 0.0000000000
106310  -48.461  18.481  33.303 0.0000000000
149026  -47.769  18.361  32.762 0.0000000000
107353  -45.937  19.420  31.596 0.0000000000
107354  -46.252  19.026  30.929 0.0000000000
107366  -46.126  19.300  30.281 0.0000000000
157445  -45.709  19.771  29.968 0.0000000000
161159  -45.305  20.429  29.548 0.0000000000
117709  -51.864  31.646  33.360 0.0000000000
117710  -52.833  31.584  33.482 0.0000000000
169736  -54.319  32.229  32.048 0.0000000000
117723  -53.522  32.069  32.466 0.0000000000
117748  -53.884  31.780  30.299 0.0000000000
117736  -54.510  32.143  30.684 0.0000000000
145884  -58.879  30.676  31.743 0.0000000000
117725  -57.242  30.978  32.556 0.0000000000
117738  -58.316  31.322  30.890 0.0000000000
117775  -57.298  31.389  28.272 0.0000000000
117764  -56.963  31.490  29.186 0.0000000000
117763  -56.306  31.210  28.531 0.0000000000
117762  -55.227  31.027  28.843 0.0000000000
117774  -55.857  30.918  28.104 0.0000000000
116970  -54.727  30.484  27.848 0.0000000000
116961  -55.410  30.943  27.793 0.0000000000
118528  -54.173  33.476  26.525 0.0000000000
150501  -53.207  32.468  26.549 0.0000000000
117799  -51.745  31.743  25.617 0.0000000000
118527  -52.250  32.986  25.805 0.0000000000
118542  -51.428  32.983  24.784 0.0000000000
166708  -51.974  33.936  24.867 0.0000000000
120066  -53.182  35.314  25.763 0.0000000000
120076  -52.406  35.030  25.317 0.0000000000
120065  -51.597  35.018  25.852 0.0000000000
148750  -52.353  35.325  26.174 0.0000000000
120021  -55.919  35.592  28.913 0.0000000000
169572  -55.513  35.493  28.271 0.0000000000
120037  -52.546  34.369  28.239 0.0000000000
120036  -51.553  34.368  27.838 0.0000000000
119254  -50.701  33.855  28.551 0.0000000000
149991  -50.619  33.411  30.197 0.0000000000
119239  -50.156  33.457  29.519 0.0000000000
119228  -50.048  33.329  30.342 0.0000000000
119227  -49.399  33.423  30.075 0.0000000000
119214  -49.609  33.356  30.937 0.0000000000
104463  -45.543  16.277  21.095 0.0000000000
105500  -44.470  17.160  19.899 0.0000000000
107244  -45.314  19.424  41.688 0.0000000000
107258  -44.838  19.694  40.886 0.0000000000
107257  -44.007  19.700  40.840 0.0000000000
109296  -41.799  21.735  38.584 0.0000000000
109297  -42.503  21.234  38.707 0.0000000000
109314  -41.840  22.160  37.976 0.0000000000
110246  -41.912  22.378  37.139 0.0000000000
110259  -41.659  23.209  36.803 0.0000000000
110225  -39.998  22.208  39.088 0.0000000000
110232  -40.483  22.676  38.482 0.0000000000
148883  -40.231  23.408  38.367 0.0000000000
113387  -41.421  26.377  36.787 0.0000000000
161514  -41.251  25.111  37.013 0.0000000000
113388  -41.934  26.341  36.276 0.0000000000
158354  -42.233  25.357  36.011 0.0000000000
114212  -43.359  27.470  35.078 0.0000000000
115131  -43.255  28.317  35.470 0.0000000000
116863  -44.726  30.073  35.907 0.0000000000
116019  -44.271  29.442  35.406 0.0000000000
116896  -46.795  31.065  35.106 0.0000000000
116880  -46.216  30.737  35.670 0.0000000000
171195  -46.292  28.336  39.235 0.0000000000
115074  -44.543  28.260  39.283 0.0000000000
115091  -44.932  28.776  38.686 0.0000000000
115965  -45.067  29.286  38.129 0.0000000000
116855  -49.128  30.074  37.022 0.0000000000
116853  -47.789  29.930  37.328 0.0000000000
116867  -49.051  30.523  36.415 0.0000000000
116882  -48.624  30.913  35.821 0.0000000000
116883  -49.630  30.677  35.849 0.0000000000
117684  -50.123  31.022  35.087 0.0000000000
149936  -50.582  30.513  35.634 0.0000000000
116021  -52.339  29.613  36.296 0.0000000000
116870  -51.707  29.865  35.976 0.0000000000
116022  -53.014  29.587  36.058 0.0000000000
116885  -53.390  30.005  35.547 0.0000000000
116023  -54.007  29.352  36.377 0.0000000000
108349  -57.106  21.529  35.534 0.0000000000
108335  -55.831  20.893  36.473 0.0000000000
109334  -57.222  21.722  37.037 0.0000000000
109321  -56.929  21.651  37.721 0.0000000000
109305  -57.474  21.956  38.517 0.0000000000
151728  -56.196  21.269  37.972 0.0000000000
105368  -52.492  17.516  34.717 0.0000000000
105376  -52.823  16.917  33.943 0.0000000000
105369  -53.192  17.771  34.158 0.0000000000
107321  -54.050  19.091  35.020 0.0000000000
107306  -53.763  19.373  35.781 0.0000000000
108290  -54.571  20.317  39.173 0.0000000000
108305  -54.897  20.552  38.521 0.0000000000
108292  -56.695  21.368  39.809 0.0000000000
108274  -56.829  21.302  40.835 0.0000000000
108257  -57.600  22.002  42.195 0.0000000000
108255  -56.254  20.742  41.580 0.0000000000
108244  -56.543  21.053  43.046 0.0000000000
108227  -56.315  21.099  44.124 0.0000000000
109249  -55.844  22.362  44.507 0.0000000000
108214  -56.247  21.693  44.823 0.0000000000
156991  -51.605  18.578  39.332 0.0000000000
106253  -52.217  18.766  40.129 0.0000000000
106249  -52.770  18.775  41.017 0.0000000000
107213  -54.320  19.678  44.332 0.0000000000
107234  -54.314  19.363  43.186 0.0000000000
107201  -55.013  20.706  45.223 0.0000000000
108213  -55.248  21.593  45.399 0.0000000000
108201  -54.563  21.894  46.029 0.0000000000
109248  -53.487  21.975  44.865 0.0000000000
109229  -54.005  22.033  46.398 0.0000000000
99346  -53.234  11.043  40.545 0.0000000000
160624  -50.202  8.660  44.132 0.0000000000
97578  -51.129  9.489  44.722 0.0000000000
168482  -51.686  9.886  44.480 0.0000000000
97592  -50.828  9.185  43.891 0.0000000000
96714  -47.320  8.136  41.339 0.0000000000
96715  -48.247  8.269  41.540 0.0000000000
166307  -49.854  9.184  40.416 0.0000000000
97608  -49.988  8.728  41.593 0.0000000000
97602  -51.361  9.454  42.472 0.0000000000
97610  -51.233  9.497  41.578 0.0000000000
98449  -51.969  9.821  41.975 0.0000000000
97622  -51.112  9.713  40.710 0.0000000000
98494  -49.993  10.507  38.548 0.0000000000
98481  -51.288  10.404  39.500 0.0000000000
98495  -50.898  10.685  38.748 0.0000000000
98496  -51.799  10.805  38.969 0.0000000000
99373  -50.528  10.983  38.012 0.0000000000
99388  -50.053  11.414  37.532 0.0000000000
100261  -49.413  12.067  37.212 0.0000000000
102224  -47.126  14.091  37.706 0.0000000000
102225  -47.675  14.461  37.341 0.0000000000
103257  -47.680  15.184  37.600 0.0000000000
103247  -47.918  15.856  37.885 0.0000000000
104306  -47.704  16.061  38.732 0.0000000000
108184  -52.107  20.553  47.054 0.0000000000
107169  -52.263  20.079  47.133 0.0000000000
153721  -50.530  20.861  46.155 0.0000000000
108198  -50.607  21.098  45.611 0.0000000000
108209  -48.131  20.632  44.624 0.0000000000
108180  -48.067  20.350  45.895 0.0000000000
108208  -47.254  20.530  44.759 0.0000000000
105288  -51.643  18.029  47.949 0.0000000000
106208  -51.900  18.552  48.460 0.0000000000
107146  -51.249  19.151  48.762 0.0000000000
107184  -45.348  20.071  45.610 0.0000000000
107196  -44.131  20.030  44.395 0.0000000000
108191  -44.049  20.177  44.964 0.0000000000
145991  -41.650  19.472  43.205 0.0000000000
110362  -57.462  22.840  27.961 0.0000000000
109420  -55.564  21.694  28.253 0.0000000000
109442  -55.974  22.393  26.774 0.0000000000
109441  -55.166  21.972  26.448 0.0000000000
109453  -54.906  22.192  25.622 0.0000000000
110235  -53.844  22.396  38.177 0.0000000000
110248  -53.237  22.489  37.208 0.0000000000
109357  -52.578  21.778  34.635 0.0000000000
110288  -52.955  22.316  35.035 0.0000000000
106354  -50.940  18.567  30.789 0.0000000000
106341  -51.021  18.724  31.534 0.0000000000
107381  -52.643  19.423  29.492 0.0000000000
107368  -52.317  19.313  30.467 0.0000000000
107369  -53.172  19.819  30.131 0.0000000000
108401  -53.703  20.366  30.670 0.0000000000
107382  -53.792  20.323  29.783 0.0000000000
108421  -53.810  20.319  28.874 0.0000000000
108456  -52.936  20.836  25.768 0.0000000000
109451  -53.384  21.517  24.955 0.0000000000
109475  -52.833  21.543  22.690 0.0000000000
108472  -52.201  21.118  23.710 0.0000000000
107472  -50.905  20.344  22.502 0.0000000000
107484  -50.508  19.857  21.635 0.0000000000
107491  -50.550  19.113  20.278 0.0000000000
106464  -49.872  18.751  20.354 0.0000000000
107470  -47.282  19.098  23.941 0.0000000000
145861  -49.114  19.084  23.786 0.0000000000
175329  -47.771  18.910  23.538 0.0000000000
106461  -46.401  18.382  20.792 0.0000000000
106472  -46.910  18.079  19.731 0.0000000000
106473  -47.809  18.057  19.905 0.0000000000
106483  -47.324  17.602  19.537 0.0000000000
105511  -46.793  17.303  19.076 0.0000000000
147160  -46.324  17.749  18.910 0.0000000000
107501  -44.473  19.269  18.029 0.0000000000
106489  -44.797  18.632  17.787 0.0000000000
106488  -44.358  19.138  17.992 0.0000000000
106480  -43.860  18.964  18.804 0.0000000000
107500  -43.948  19.927  18.206 0.0000000000
108297  -44.118  20.596  38.688 0.0000000000
108298  -44.950  20.514  38.658 0.0000000000
108314  -43.351  20.903  37.243 0.0000000000
110286  -43.431  22.264  34.686 0.0000000000
108341  -43.373  20.898  35.524 0.0000000000
108355  -43.641  20.848  34.776 0.0000000000
108356  -44.207  20.310  34.553 0.0000000000
167103  -43.882  20.834  34.070 0.0000000000
113407  -45.399  26.360  33.271 0.0000000000
155571  -44.591  24.805  33.711 0.0000000000
112656  -45.191  25.527  33.356 0.0000000000
111116  -46.300  23.725  32.102 0.0000000000
111107  -45.695  23.667  32.671 0.0000000000
161200  -45.922  23.136  32.270 0.0000000000
172888  -45.378  22.103  32.535 0.0000000000
110309  -45.765  22.498  32.116 0.0000000000
109387  -45.608  21.726  32.074 0.0000000000
111143  -46.397  23.896  29.555 0.0000000000
111142  -45.771  23.298  29.722 0.0000000000
110349  -45.225  22.965  29.105 0.0000000000
110348  -44.761  22.264  28.940 0.0000000000
150755  -45.390  23.680  28.029 0.0000000000
117733  -51.037  31.565  31.611 0.0000000000
117720  -50.422  31.569  32.139 0.0000000000
146917  -50.629  31.285  30.902 0.0000000000
116071  -50.928  29.252  29.332 0.0000000000
116064  -50.443  29.857  29.840 0.0000000000
116070  -50.162  29.038  29.581 0.0000000000
115173  -49.454  28.764  29.952 0.0000000000
115177  -49.860  28.378  29.455 0.0000000000
115197  -51.487  28.291  26.232 0.0000000000
115191  -51.806  28.377  27.209 0.0000000000
114277  -50.677  27.784  26.332 0.0000000000
173652  -48.726  26.739  26.505 0.0000000000
113465  -49.305  26.978  26.921 0.0000000000
167100  -48.761  26.483  27.270 0.0000000000
113450  -49.282  26.776  28.737 0.0000000000
112702  -48.283  25.943  27.566 0.0000000000
112701  -47.763  25.409  27.779 0.0000000000
112710  -47.725  25.775  27.072 0.0000000000
112717  -46.506  25.148  25.474 0.0000000000
111924  -46.428  25.004  26.480 0.0000000000
111931  -45.951  24.667  25.715 0.0000000000
111164  -45.127  23.714  26.694 0.0000000000
111172  -45.359  24.048  25.867 0.0000000000
111171  -44.561  22.835  25.608 0.0000000000
111938  -45.642  24.283  24.392 0.0000000000
111951  -46.243  24.750  22.508 0.0000000000
111188  -45.354  23.590  23.080 0.0000000000
111195  -45.460  23.612  22.190 0.0000000000
111200  -45.499  23.522  21.135 0.0000000000
113508  -48.140  26.278  19.656 0.0000000000
112757  -47.531  25.759  18.960 0.0000000000
157842  -45.765  24.664  17.779 0.0000000000
111963  -46.154  24.686  19.442 0.0000000000
153310  -45.557  23.934  18.848 0.0000000000
111206  -45.333  23.326  19.769 0.0000000000
111213  -44.866  23.167  18.256 0.0000000000
110420  -44.372  21.770  18.550 0.0000000000
110428  -44.241  22.456  17.926 0.0000000000
111211  -43.641  22.837  18.192 0.0000000000
110427  -43.838  22.264  17.804 0.0000000000
110426  -43.402  22.320  18.479 0.0000000000
109498  -43.345  21.329  19.088 0.0000000000
110419  -42.770  22.423  19.742 0.0000000000
114333  -45.804  27.304  20.195 0.0000000000
159478  -45.355  26.518  19.945 0.0000000000
113498  -45.514  26.681  21.121 0.0000000000
112732  -43.969  25.443  23.038 0.0000000000
118566  -49.612  32.633  23.513 0.0000000000
117827  -49.229  31.891  23.116 0.0000000000
118563  -47.045  32.230  23.781 0.0000000000
117825  -47.568  31.778  23.414 0.0000000000
160386  -46.304  31.195  23.577 0.0000000000
117007  -46.454  30.433  23.025 0.0000000000
117006  -45.682  30.423  23.623 0.0000000000
173033  -46.368  32.637  25.359 0.0000000000
118539  -45.621  32.459  24.848 0.0000000000
116104  -44.658  30.303  24.808 0.0000000000
116112  -45.197  29.793  24.215 0.0000000000
116105  -45.255  29.199  25.077 0.0000000000
114284  -45.534  27.801  25.383 0.0000000000
115205  -45.471  28.416  25.712 0.0000000000
114261  -44.312  27.669  27.945 0.0000000000
114266  -44.011  27.040  28.012 0.0000000000
113454  -42.762  26.115  27.926 0.0000000000
113447  -42.694  26.525  28.719 0.0000000000
115176  -43.128  28.519  29.779 0.0000000000
114252  -42.905  27.572  29.850 0.0000000000
114244  -42.351  27.561  30.353 0.0000000000
117773  -42.380  31.840  27.785 0.0000000000
117759  -42.121  31.380  28.598 0.0000000000
116940  -41.609  30.309  30.434 0.0000000000
116047  -41.035  28.844  32.057 0.0000000000
119199  -46.606  33.462  31.993 0.0000000000
119979  -45.656  34.960  30.852 0.0000000000
119198  -45.737  33.803  31.897 0.0000000000
119993  -42.874  35.215  29.890 0.0000000000
107248  -49.735  19.814  41.612 0.0000000000
107261  -48.432  19.799  40.876 0.0000000000
108267  -47.149  20.125  40.140 0.0000000000
108284  -46.201  20.589  38.979 0.0000000000
116918  -59.498  30.151  34.656 0.0000000000
118472  -58.814  31.520  33.522 0.0000000000
119204  -57.977  32.979  32.228 0.0000000000
119191  -57.275  33.485  32.937 0.0000000000
108512  -52.936  20.656  21.363 0.0000000000
108251  -38.802  20.206  41.798 0.0000000000
175290  -51.944  12.787  35.840 0.0000000000
101194  -51.178  13.158  35.794 0.0000000000
103266  -50.189  15.129  35.894 0.0000000000
101205  -50.662  13.812  35.676 0.0000000000
101193  -50.313  13.344  36.164 0.0000000000
101192  -49.493  13.572  36.455 0.0000000000
102164  -45.970  14.829  43.133 0.0000000000
102163  -45.220  14.644  43.214 0.0000000000
109307  -59.520  23.191  39.413 0.0000000000
110238  -58.586  23.671  39.330 0.0000000000
110251  -57.517  23.586  38.254 0.0000000000
110250  -55.641  23.081  37.658 0.0000000000
106362  -46.724  18.814  29.438 0.0000000000
106381  -47.927  18.640  29.236 0.0000000000
168774  -46.962  18.839  28.273 0.0000000000
106393  -46.453  19.261  27.761 0.0000000000
145863  -46.838  19.192  27.039 0.0000000000
107416  -46.865  19.341  26.149 0.0000000000
107415  -45.895  19.547  25.972 0.0000000000
108453  -44.738  20.672  25.457 0.0000000000
163784  -44.503  21.165  25.065 0.0000000000
116911  -45.877  30.243  34.134 0.0000000000
116042  -45.825  29.540  33.572 0.0000000000
116925  -47.402  30.343  32.486 0.0000000000
116926  -48.138  30.908  32.320 0.0000000000
116997  -52.294  29.805  25.042 0.0000000000
116114  -52.384  29.130  24.441 0.0000000000
116123  -52.360  29.170  23.417 0.0000000000
115239  -52.115  28.909  21.998 0.0000000000
115251  -51.674  28.711  21.200 0.0000000000
114336  -50.560  28.206  20.346 0.0000000000
115266  -51.155  28.732  20.630 0.0000000000
116161  -50.221  28.598  20.191 0.0000000000
116160  -49.494  28.767  20.152 0.0000000000
116149  -48.993  29.384  20.979 0.0000000000
116134  -48.362  30.047  21.868 0.0000000000
172121  -47.910  34.585  28.663 0.0000000000
120033  -47.625  34.547  28.366 0.0000000000
175081  -46.209  34.168  28.335 0.0000000000
119251  -45.632  34.010  28.328 0.0000000000
119250  -44.684  33.797  28.202 0.0000000000
120031  -45.301  34.700  28.931 0.0000000000
120012  -44.949  35.259  29.464 0.0000000000
152667  -54.672  21.746  42.477 0.0000000000
109276  -52.120  21.014  40.111 0.0000000000
109287  -50.951  21.035  38.911 0.0000000000
108318  -47.988  20.893  37.314 0.0000000000
108342  -47.627  20.115  36.030 0.0000000000
107316  -47.508  18.974  34.798 0.0000000000
106293  -47.038  18.528  34.101 0.0000000000
106309  -47.476  18.431  33.391 0.0000000000
106308  -46.628  18.534  33.334 0.0000000000
107342  -45.943  19.107  32.435 0.0000000000
108391  -45.652  20.222  31.473 0.0000000000
117698  -53.292  31.038  34.128 0.0000000000
118479  -55.158  32.153  32.134 0.0000000000
117766  -58.672  31.818  29.955 0.0000000000
117751  -58.794  31.534  30.416 0.0000000000
117777  -58.380  31.867  28.814 0.0000000000
117776  -57.963  31.653  28.284 0.0000000000
117785  -56.282  31.520  27.720 0.0000000000
175031  -55.491  31.645  27.487 0.0000000000
147657  -55.847  32.554  27.426 0.0000000000
119284  -55.248  33.861  26.833 0.0000000000
119281  -52.640  34.474  25.389 0.0000000000
119282  -53.820  34.789  25.766 0.0000000000
120794  -54.189  35.431  26.018 0.0000000000
120053  -53.930  35.442  26.681 0.0000000000
120019  -54.078  34.846  28.873 0.0000000000
119241  -52.288  33.862  29.331 0.0000000000
119217  -52.039  33.691  30.333 0.0000000000
119216  -51.682  33.668  31.153 0.0000000000
104464  -46.478  15.926  21.246 0.0000000000
153362  -46.023  16.201  20.289 0.0000000000
107256  -43.084  19.753  40.680 0.0000000000
152522  -42.015  20.616  39.674 0.0000000000
110233  -41.191  22.383  38.170 0.0000000000
111833  -39.863  24.863  38.469 0.0000000000
111834  -40.399  24.914  37.924 0.0000000000
113379  -40.935  26.675  37.327 0.0000000000
162294  -42.101  27.852  36.482 0.0000000000
115130  -42.596  28.104  36.010 0.0000000000
115120  -42.403  28.511  36.713 0.0000000000
115999  -43.564  29.384  36.488 0.0000000000
116000  -44.304  29.707  36.674 0.0000000000
115093  -46.778  28.746  38.777 0.0000000000
115967  -47.336  29.192  38.314 0.0000000000
115968  -48.094  29.018  38.358 0.0000000000
115984  -48.488  29.622  37.614 0.0000000000
116003  -49.898  29.882  36.956 0.0000000000
116868  -50.257  30.224  36.317 0.0000000000
116004  -50.676  29.775  36.769 0.0000000000
170744  -51.061  29.510  37.324 0.0000000000
108361  -56.060  20.564  34.915 0.0000000000
107323  -55.485  19.866  34.401 0.0000000000
107308  -55.272  20.063  35.181 0.0000000000
108347  -55.032  20.330  35.962 0.0000000000
106284  -52.538  18.314  35.567 0.0000000000
106285  -52.998  19.076  36.122 0.0000000000
107293  -53.530  19.605  36.576 0.0000000000
107292  -52.764  19.346  37.049 0.0000000000
107272  -53.552  19.826  38.171 0.0000000000
107266  -54.397  19.994  39.931 0.0000000000
108273  -55.276  20.347  40.718 0.0000000000
147338  -54.235  19.689  40.773 0.0000000000
107250  -54.089  19.399  41.604 0.0000000000
106246  -52.696  18.536  41.844 0.0000000000
145559  -51.979  18.381  41.130 0.0000000000
169317  -52.598  18.421  42.528 0.0000000000
107200  -54.141  20.119  45.462 0.0000000000
106232  -53.403  19.275  44.355 0.0000000000
97619  -47.380  8.960  40.055 0.0000000000
96725  -47.814  8.534  40.733 0.0000000000
97620  -48.293  8.942  40.133 0.0000000000
156643  -49.168  9.058  40.272 0.0000000000
97633  -49.689  9.498  39.764 0.0000000000
97634  -50.408  9.557  40.176 0.0000000000
98479  -49.384  10.048  39.126 0.0000000000
98493  -48.999  10.619  38.355 0.0000000000
99387  -48.717  11.761  37.472 0.0000000000
99386  -47.922  11.970  37.453 0.0000000000
100259  -47.407  12.771  37.456 0.0000000000
106229  -51.212  18.265  44.944 0.0000000000
106219  -51.929  19.272  46.904 0.0000000000
108183  -51.044  20.431  46.985 0.0000000000
108182  -50.044  20.620  46.327 0.0000000000
107168  -50.019  20.085  46.917 0.0000000000
109410  -56.461  22.346  29.363 0.0000000000
109409  -55.709  21.685  29.042 0.0000000000
109408  -55.003  21.224  28.749 0.0000000000
110274  -51.519  22.173  36.403 0.0000000000
110262  -52.339  22.439  36.569 0.0000000000
109356  -51.897  21.478  35.016 0.0000000000
108360  -52.212  21.063  34.255 0.0000000000
106383  -50.394  18.781  28.796 0.0000000000
107379  -51.360  18.959  28.789 0.0000000000
107393  -51.745  19.358  28.047 0.0000000000
107394  -52.501  19.652  28.125 0.0000000000
108433  -52.953  20.200  27.487 0.0000000000
108444  -52.406  20.238  26.546 0.0000000000
146258  -51.840  20.614  24.776 0.0000000000
108471  -51.489  20.598  24.092 0.0000000000
108487  -50.842  20.273  23.784 0.0000000000
148050  -49.941  19.686  23.232 0.0000000000
107482  -45.940  19.122  22.802 0.0000000000
106448  -46.417  18.662  22.248 0.0000000000
106447  -45.786  18.945  21.882 0.0000000000
106460  -45.778  18.717  20.952 0.0000000000
106482  -45.490  18.294  18.258 0.0000000000
108518  -45.016  19.640  18.960 0.0000000000
108522  -44.412  19.910  18.324 0.0000000000
109330  -42.840  21.277  36.901 0.0000000000
110273  -42.917  22.133  35.439 0.0000000000
162891  -43.145  23.024  35.113 0.0000000000
111097  -43.690  23.301  34.416 0.0000000000
113422  -46.986  26.627  31.777 0.0000000000
158401  -46.706  25.966  32.040 0.0000000000
111880  -46.643  24.467  31.886 0.0000000000
111117  -46.626  23.870  31.338 0.0000000000
172262  -46.344  23.355  31.043 0.0000000000
111893  -47.109  24.342  30.772 0.0000000000
152784  -46.997  24.256  30.048 0.0000000000
111907  -46.511  24.262  28.817 0.0000000000
117747  -52.320  31.426  30.492 0.0000000000
117746  -51.342  31.326  30.708 0.0000000000
117760  -51.687  30.850  29.949 0.0000000000
116950  -51.247  30.100  29.589 0.0000000000
115179  -51.362  28.744  28.780 0.0000000000
114295  -50.294  27.761  24.736 0.0000000000
114286  -50.095  27.617  25.693 0.0000000000
157622  -49.535  27.476  25.156 0.0000000000
113471  -48.387  26.707  25.769 0.0000000000
112709  -47.412  25.803  26.296 0.0000000000
113464  -47.695  26.220  25.605 0.0000000000
153129  -46.991  25.626  24.431 0.0000000000
153112  -46.585  25.235  24.609 0.0000000000
111939  -46.220  24.801  23.915 0.0000000000
112733  -46.486  25.099  23.135 0.0000000000
112739  -46.709  25.311  22.363 0.0000000000
111957  -46.440  24.964  21.780 0.0000000000
113523  -47.972  26.792  17.024 0.0000000000
112764  -47.358  25.986  17.552 0.0000000000
112771  -46.883  26.290  16.660 0.0000000000
112763  -46.362  25.513  17.061 0.0000000000
111973  -45.157  24.458  16.961 0.0000000000
111218  -44.901  24.245  17.083 0.0000000000
111978  -44.936  24.720  16.765 0.0000000000
111967  -44.617  24.490  17.378 0.0000000000
111971  -44.007  23.701  17.960 0.0000000000
111205  -43.368  23.590  19.209 0.0000000000
111966  -43.675  24.360  19.266 0.0000000000
171070  -45.723  27.130  21.612 0.0000000000
113491  -45.500  26.730  22.095 0.0000000000
113483  -45.038  26.129  22.822 0.0000000000
119304  -50.174  33.542  23.958 0.0000000000
118565  -48.840  32.544  23.457 0.0000000000
118555  -48.470  32.781  23.951 0.0000000000
118554  -47.463  32.578  24.130 0.0000000000
118537  -43.428  32.236  25.105 0.0000000000
118551  -43.873  32.145  24.747 0.0000000000
116986  -43.446  31.790  24.944 0.0000000000
116987  -44.009  30.852  25.268 0.0000000000
116092  -44.776  29.815  25.699 0.0000000000
115196  -45.269  28.467  26.485 0.0000000000
153503  -44.982  29.283  26.628 0.0000000000
115189  -44.506  28.429  27.761 0.0000000000
114260  -43.854  27.526  28.618 0.0000000000
115182  -43.719  28.559  28.895 0.0000000000
116069  -43.295  29.386  29.282 0.0000000000
117758  -41.384  31.866  28.750 0.0000000000
168249  -41.173  30.987  30.052 0.0000000000
116939  -40.918  30.750  30.737 0.0000000000
116932  -40.684  30.542  31.540 0.0000000000
117730  -40.358  31.378  31.058 0.0000000000
108241  -52.032  20.660  42.532 0.0000000000
108252  -51.554  20.443  41.498 0.0000000000
108268  -48.778  20.180  39.984 0.0000000000
108286  -48.529  20.572  39.038 0.0000000000
154943  -47.766  20.902  38.034 0.0000000000
107301  -45.351  19.338  34.907 0.0000000000
116915  -56.801  30.216  33.939 0.0000000000
117726  -59.584  30.808  31.966 0.0000000000
116928  -59.398  30.650  33.207 0.0000000000
117752  -59.421  31.382  30.805 0.0000000000
118495  -59.148  31.882  30.369 0.0000000000
169882  -58.386  32.558  29.109 0.0000000000
120042  -57.229  34.379  28.873 0.0000000000
120041  -56.650  34.741  28.235 0.0000000000
120022  -56.893  35.040  29.538 0.0000000000
120001  -56.307  35.310  29.807 0.0000000000
119982  -55.690  35.109  30.732 0.0000000000
147420  -54.808  34.886  31.387 0.0000000000
105493  -49.755  17.539  20.448 0.0000000000
108260  -40.769  20.283  40.319 0.0000000000
107253  -40.428  19.817  40.872 0.0000000000
109284  -39.872  21.531  39.623 0.0000000000
110231  -39.771  23.173  38.804 0.0000000000
109275  -38.507  21.967  40.342 0.0000000000
110224  -39.215  22.952  39.387 0.0000000000
105359  -51.283  17.208  35.641 0.0000000000
106269  -51.518  18.384  37.018 0.0000000000
106258  -52.138  18.952  38.693 0.0000000000
105340  -50.887  17.881  37.183 0.0000000000
106268  -51.045  18.265  37.889 0.0000000000
106256  -50.942  18.258  38.780 0.0000000000
103265  -49.708  15.760  36.373 0.0000000000
105338  -49.633  17.169  37.405 0.0000000000
153602  -50.458  17.959  38.307 0.0000000000
105329  -50.173  17.835  39.066 0.0000000000
105322  -50.303  17.824  39.993 0.0000000000
105321  -49.561  17.491  39.718 0.0000000000
95729  -46.002  7.724  41.853 0.0000000000
96713  -46.457  8.145  41.260 0.0000000000
96723  -46.014  8.744  40.719 0.0000000000
97617  -45.633  9.470  40.324 0.0000000000
97618  -46.499  9.186  40.170 0.0000000000
97629  -46.146  9.896  39.803 0.0000000000
104270  -49.388  16.616  45.121 0.0000000000
104261  -49.315  16.778  46.081 0.0000000000
103193  -47.635  15.405  44.527 0.0000000000
103186  -48.187  15.752  45.024 0.0000000000
166138  -48.688  16.307  46.253 0.0000000000
106312  -50.048  18.672  32.744 0.0000000000
107344  -50.776  19.057  32.701 0.0000000000
106325  -49.780  18.530  31.960 0.0000000000
106353  -50.106  18.481  30.529 0.0000000000
106365  -49.770  18.574  29.629 0.0000000000
106382  -49.353  18.752  28.817 0.0000000000
107391  -49.818  19.104  28.031 0.0000000000
107419  -49.552  19.450  26.430 0.0000000000
107437  -49.439  19.643  24.988 0.0000000000
107418  -48.892  19.573  25.634 0.0000000000
107455  -47.772  19.196  24.640 0.0000000000
107469  -46.274  19.196  23.705 0.0000000000
107434  -46.398  19.424  25.246 0.0000000000
107453  -45.778  19.564  24.416 0.0000000000
108486  -44.937  20.116  22.593 0.0000000000
108497  -44.644  20.703  21.979 0.0000000000
109493  -44.548  21.394  21.508 0.0000000000
113399  -43.528  26.669  34.803 0.0000000000
112651  -43.784  25.808  34.608 0.0000000000
113400  -44.149  26.544  34.244 0.0000000000
114222  -45.256  27.172  33.459 0.0000000000
114229  -45.770  27.478  32.903 0.0000000000
115152  -45.932  28.983  33.096 0.0000000000
115160  -46.448  28.741  32.566 0.0000000000
114238  -46.781  27.289  32.021 0.0000000000
114239  -47.314  27.369  31.550 0.0000000000
114245  -47.781  27.105  30.983 0.0000000000
114246  -48.334  27.347  30.495 0.0000000000
116080  -53.372  29.454  27.788 0.0000000000
116079  -52.873  29.090  28.055 0.0000000000
116086  -52.952  29.025  27.378 0.0000000000
156836  -52.198  28.618  26.545 0.0000000000
115207  -51.631  28.501  25.228 0.0000000000
115208  -52.239  28.876  24.859 0.0000000000
115217  -51.816  28.624  24.382 0.0000000000
115216  -51.149  28.253  24.551 0.0000000000
150590  -50.097  27.703  23.764 0.0000000000
114303  -49.309  27.301  23.464 0.0000000000
113493  -48.418  26.589  22.289 0.0000000000
175505  -49.111  26.852  21.738 0.0000000000
113500  -48.764  26.641  20.267 0.0000000000
113509  -49.046  26.741  19.074 0.0000000000
114335  -50.105  27.733  19.446 0.0000000000
113518  -49.590  27.364  18.770 0.0000000000
113517  -48.922  26.994  18.188 0.0000000000
114370  -48.023  27.134  16.981 0.0000000000
114369  -47.171  26.820  16.700 0.0000000000
114356  -45.918  26.904  17.378 0.0000000000
173358  -45.412  26.595  17.760 0.0000000000
114344  -46.435  27.518  18.392 0.0000000000
159609  -46.142  27.692  19.490 0.0000000000
114334  -46.318  27.922  20.397 0.0000000000
115262  -47.796  28.612  19.917 0.0000000000
115261  -46.891  28.436  20.626 0.0000000000
114321  -46.421  28.061  21.369 0.0000000000
114301  -46.362  28.294  22.305 0.0000000000
163828  -46.131  28.139  23.058 0.0000000000
119279  -48.569  33.552  26.319 0.0000000000
119278  -47.676  33.243  26.623 0.0000000000
118526  -45.940  32.684  25.878 0.0000000000
119265  -46.594  33.497  27.499 0.0000000000
119277  -45.730  33.010  26.935 0.0000000000
118525  -44.884  32.743  25.855 0.0000000000
118524  -43.819  32.628  25.680 0.0000000000
118523  -43.107  32.361  25.753 0.0000000000
117782  -42.966  31.308  27.458 0.0000000000
166763  -42.610  31.981  26.874 0.0000000000
118510  -42.584  32.442  27.147 0.0000000000
118505  -42.184  32.721  27.803 0.0000000000
118504  -41.507  33.054  28.071 0.0000000000
119237  -41.057  33.851  28.214 0.0000000000
109279  -56.489  22.818  41.123 0.0000000000
109291  -55.487  22.626  40.074 0.0000000000
109304  -53.363  21.961  38.816 0.0000000000
109289  -52.913  21.513  39.620 0.0000000000
110234  -52.797  22.116  37.925 0.0000000000
110261  -51.630  22.248  37.041 0.0000000000
109345  -50.786  21.659  36.153 0.0000000000
108271  -51.593  20.613  40.566 0.0000000000
109301  -50.640  21.355  38.068 0.0000000000
109316  -48.860  21.214  37.072 0.0000000000
109317  -49.663  21.478  37.213 0.0000000000
109331  -49.556  21.359  36.738 0.0000000000
108333  -49.910  21.216  36.230 0.0000000000
108357  -50.104  20.051  35.200 0.0000000000
107319  -50.242  19.557  34.529 0.0000000000
106311  -49.484  18.678  33.466 0.0000000000
106338  -48.193  18.342  31.656 0.0000000000
145054  -46.872  18.463  31.921 0.0000000000
106336  -46.768  18.582  31.113 0.0000000000
106350  -47.359  18.491  30.540 0.0000000000
107378  -46.226  19.233  29.620 0.0000000000
152553  -45.215  20.354  28.685 0.0000000000
108418  -44.702  20.919  28.225 0.0000000000
117707  -50.118  31.508  33.782 0.0000000000
117706  -49.380  31.527  33.483 0.0000000000
117708  -50.870  31.535  33.599 0.0000000000
117721  -51.041  31.651  32.673 0.0000000000
117722  -51.860  31.742  32.269 0.0000000000
174283  -53.167  31.878  33.062 0.0000000000
117734  -52.703  31.877  31.632 0.0000000000
147458  -53.132  31.741  30.699 0.0000000000
117761  -53.216  31.366  29.902 0.0000000000
167015  -53.540  30.633  29.117 0.0000000000
174289  -56.093  31.863  32.120 0.0000000000
118488  -55.818  32.166  31.511 0.0000000000
151796  -57.592  31.623  30.026 0.0000000000
118494  -56.684  31.878  30.821 0.0000000000
118493  -55.491  32.130  30.596 0.0000000000
117749  -54.805  31.762  29.917 0.0000000000
116952  -54.417  30.520  28.520 0.0000000000
150261  -54.466  30.228  28.013 0.0000000000
169820  -53.582  30.355  27.176 0.0000000000
166369  -53.089  30.418  26.611 0.0000000000
118513  -54.011  31.953  27.145 0.0000000000
117793  -53.422  31.242  26.910 0.0000000000
116989  -52.425  30.459  25.867 0.0000000000
116988  -51.672  30.865  25.170 0.0000000000
116996  -51.185  31.079  24.443 0.0000000000
116995  -50.791  31.206  23.744 0.0000000000
117010  -50.728  30.812  23.004 0.0000000000
117812  -50.590  31.857  23.997 0.0000000000
118557  -50.275  32.769  23.668 0.0000000000
154166  -50.709  33.586  23.781 0.0000000000
173359  -52.457  34.892  25.301 0.0000000000
119305  -51.306  34.320  24.126 0.0000000000
119296  -51.011  34.152  23.806 0.0000000000
119295  -50.528  34.125  24.344 0.0000000000
120063  -49.992  34.509  26.524 0.0000000000
120040  -56.011  35.356  27.987 0.0000000000
166315  -54.528  35.367  27.289 0.0000000000
120038  -53.701  34.951  27.998 0.0000000000
120051  -51.465  35.067  26.855 0.0000000000
120050  -50.699  34.801  26.657 0.0000000000
120049  -49.765  34.613  27.281 0.0000000000
146084  -48.934  34.569  27.805 0.0000000000
153344  -48.860  34.447  28.461 0.0000000000
173373  -49.973  33.721  28.855 0.0000000000
120016  -48.313  34.425  28.971 0.0000000000
119238  -48.632  33.732  29.813 0.0000000000
172502  -48.273  33.639  30.238 0.0000000000
163794  -46.110  19.455  41.417 0.0000000000
107259  -45.694  19.674  40.782 0.0000000000
108282  -44.525  20.343  39.522 0.0000000000
108296  -43.297  20.847  38.692 0.0000000000
156841  -43.163  20.216  39.925 0.0000000000
109298  -42.936  21.261  37.921 0.0000000000
110260  -42.231  22.638  36.458 0.0000000000
111080  -42.392  23.865  35.865 0.0000000000
111857  -42.704  24.625  35.540 0.0000000000
109295  -40.913  21.922  38.686 0.0000000000
111841  -40.853  24.673  37.442 0.0000000000
111067  -40.839  23.953  37.548 0.0000000000
111068  -41.336  24.134  36.976 0.0000000000
111849  -41.741  24.772  36.472 0.0000000000
112647  -43.201  25.991  35.195 0.0000000000
115141  -43.708  28.030  34.854 0.0000000000
116033  -44.559  29.099  34.690 0.0000000000
116018  -43.607  29.148  35.744 0.0000000000
116020  -44.831  29.919  34.985 0.0000000000
173174  -45.431  30.223  34.698 0.0000000000
116895  -46.024  30.664  34.837 0.0000000000
116897  -47.358  31.148  34.439 0.0000000000
117693  -48.014  31.335  34.494 0.0000000000
115963  -43.705  29.055  37.980 0.0000000000
115980  -44.689  29.569  37.457 0.0000000000
116001  -45.182  29.989  36.875 0.0000000000
115982  -47.161  29.785  37.615 0.0000000000
116002  -46.269  30.077  37.150 0.0000000000
159975  -46.475  30.566  36.392 0.0000000000
116866  -47.768  30.818  36.152 0.0000000000
117682  -48.561  31.270  34.922 0.0000000000
172280  -49.048  31.328  34.655 0.0000000000
116898  -51.002  30.895  34.971 0.0000000000
116899  -51.881  30.673  34.864 0.0000000000
116869  -51.023  29.977  36.086 0.0000000000
116900  -52.831  30.597  34.862 0.0000000000
116901  -53.822  30.363  34.791 0.0000000000
116902  -54.924  30.113  34.711 0.0000000000
109348  -56.669  21.385  36.198 0.0000000000
109306  -59.428  22.921  39.326 0.0000000000
109293  -59.199  22.839  40.093 0.0000000000
109280  -58.682  22.726  40.462 0.0000000000
107307  -54.507  19.703  35.470 0.0000000000
108334  -54.872  20.471  36.896 0.0000000000
108319  -54.276  20.242  37.734 0.0000000000
150890  -55.312  20.733  37.837 0.0000000000
108293  -58.379  22.260  40.544 0.0000000000
153918  -57.895  22.391  41.236 0.0000000000
110217  -57.165  22.147  42.567 0.0000000000
109261  -56.432  22.346  43.306 0.0000000000
108256  -56.850  21.392  42.296 0.0000000000
109251  -56.691  21.906  43.477 0.0000000000
109260  -55.812  22.421  42.981 0.0000000000
109259  -55.215  22.094  43.637 0.0000000000
108243  -53.991  21.648  43.196 0.0000000000
172298  -52.161  18.890  39.399 0.0000000000
106250  -53.434  19.251  40.934 0.0000000000
151828  -53.943  19.190  42.312 0.0000000000
108226  -55.929  21.280  45.059 0.0000000000
108224  -53.489  21.592  43.787 0.0000000000
108223  -52.484  21.213  43.711 0.0000000000
145626  -51.389  20.769  43.164 0.0000000000
108222  -50.685  20.791  43.633 0.0000000000
108239  -49.818  20.369  43.130 0.0000000000
108238  -48.856  20.073  43.164 0.0000000000
99375  -52.432  11.286  38.630 0.0000000000
98419  -52.264  10.509  45.564 0.0000000000
158732  -52.222  10.323  44.689 0.0000000000
98428  -52.708  10.629  44.062 0.0000000000
96704  -47.677  7.871  42.127 0.0000000000
96705  -48.590  8.030  42.378 0.0000000000
96706  -49.474  8.309  42.699 0.0000000000
96717  -49.929  8.570  42.157 0.0000000000
96707  -50.207  8.627  42.733 0.0000000000
97593  -51.410  9.552  43.352 0.0000000000
98440  -52.620  10.444  43.191 0.0000000000
98450  -52.562  10.336  42.327 0.0000000000
164116  -52.340  10.342  40.846 0.0000000000
98466  -50.993  9.977  40.003 0.0000000000
98467  -51.751  10.223  40.308 0.0000000000
98468  -52.592  10.705  40.235 0.0000000000
156510  -52.540  11.015  39.411 0.0000000000
100262  -50.374  12.046  37.030 0.0000000000
100276  -49.873  12.753  36.677 0.0000000000
101191  -48.652  13.803  36.665 0.0000000000
157996  -48.633  12.292  37.220 0.0000000000
169158  -48.034  13.969  36.944 0.0000000000
103258  -48.336  15.462  37.203 0.0000000000
104307  -48.323  16.453  38.341 0.0000000000
105320  -48.846  17.074  39.571 0.0000000000
164115  -49.848  17.557  40.442 0.0000000000
101167  -46.311  13.322  38.335 0.0000000000
102210  -46.545  14.156  38.315 0.0000000000
103235  -47.049  15.665  39.108 0.0000000000
104293  -47.681  16.207  40.817 0.0000000000
104297  -47.627  16.178  39.675 0.0000000000
104294  -48.333  16.640  40.134 0.0000000000
105316  -49.860  17.440  41.189 0.0000000000
145871  -49.211  20.555  43.761 0.0000000000
107212  -47.968  19.834  43.258 0.0000000000
163736  -46.703  19.428  42.553 0.0000000000
107211  -46.975  19.697  43.358 0.0000000000
107210  -46.078  19.578  43.091 0.0000000000
108196  -48.678  20.700  45.290 0.0000000000
174151  -46.355  19.837  43.686 0.0000000000
107227  -44.639  19.422  42.557 0.0000000000
171395  -44.047  19.433  42.907 0.0000000000
149025  -42.939  19.290  42.377 0.0000000000
163326  -51.713  19.098  48.377 0.0000000000
108206  -45.326  20.289  44.711 0.0000000000
170017  -43.440  19.447  43.200 0.0000000000
107226  -41.958  19.207  42.391 0.0000000000
172140  -41.431  19.380  42.708 0.0000000000
107225  -40.973  19.481  43.022 0.0000000000
107224  -40.268  19.610  42.458 0.0000000000
107194  -42.452  19.881  44.710 0.0000000000
107206  -41.077  19.731  43.928 0.0000000000
148879  -39.700  19.680  43.077 0.0000000000
150107  -56.906  22.956  26.092 0.0000000000
109432  -56.223  22.230  27.728 0.0000000000
110379  -56.755  23.383  24.748 0.0000000000
151591  -56.039  23.227  24.120 0.0000000000
153770  -55.479  23.099  23.296 0.0000000000
110389  -54.582  22.599  23.695 0.0000000000
145977  -54.261  22.721  36.734 0.0000000000
110263  -53.257  22.613  36.288 0.0000000000
110276  -53.445  22.591  35.534 0.0000000000
110277  -54.352  22.741  35.346 0.0000000000
107345  -51.461  19.406  32.520 0.0000000000
107346  -52.128  19.726  32.227 0.0000000000
108393  -53.600  20.641  31.579 0.0000000000
108402  -54.334  20.814  30.359 0.0000000000
108410  -54.510  20.814  29.401 0.0000000000
109419  -54.828  21.277  27.899 0.0000000000
174015  -53.621  20.623  27.287 0.0000000000
109429  -53.974  21.056  26.781 0.0000000000
109440  -54.418  21.637  26.186 0.0000000000
109452  -54.264  21.983  25.048 0.0000000000
109462  -53.840  22.120  24.065 0.0000000000
110388  -54.121  22.311  22.939 0.0000000000
109476  -53.581  21.871  22.283 0.0000000000
109485  -53.023  21.431  21.662 0.0000000000
108510  -52.021  20.454  21.144 0.0000000000
108499  -51.698  20.723  21.962 0.0000000000
161454  -51.484  19.937  20.701 0.0000000000
106477  -51.142  19.439  20.459 0.0000000000
106475  -50.020  18.489  20.225 0.0000000000
105502  -49.334  17.981  19.870 0.0000000000
107457  -49.561  19.499  24.316 0.0000000000
106438  -49.216  18.739  22.757 0.0000000000
106449  -47.356  18.346  22.204 0.0000000000
106450  -48.483  18.367  22.087 0.0000000000
106451  -49.430  18.828  21.375 0.0000000000
170524  -48.550  18.161  19.971 0.0000000000
106474  -48.433  17.844  19.822 0.0000000000
105501  -48.399  17.461  19.776 0.0000000000
104484  -47.108  16.952  19.241 0.0000000000
104476  -46.571  16.561  19.585 0.0000000000
104474  -44.991  16.775  19.216 0.0000000000
106490  -45.126  18.219  17.804 0.0000000000
105509  -44.980  17.298  18.341 0.0000000000
105508  -44.590  17.449  18.666 0.0000000000
106470  -44.090  17.924  19.311 0.0000000000
159597  -45.640  20.594  38.634 0.0000000000
108315  -45.456  20.621  37.957 0.0000000000
108326  -43.434  20.729  36.381 0.0000000000
108327  -44.221  20.293  36.506 0.0000000000
147321  -44.852  20.240  37.100 0.0000000000
107289  -44.764  19.832  36.149 0.0000000000
107300  -44.715  19.738  35.230 0.0000000000
107313  -44.811  19.727  34.301 0.0000000000
155572  -44.029  24.955  34.390 0.0000000000
111867  -44.143  24.129  34.071 0.0000000000
162571  -44.344  23.356  33.735 0.0000000000
112660  -45.842  25.076  32.856 0.0000000000
111106  -45.011  23.527  33.216 0.0000000000
170211  -44.692  22.804  33.344 0.0000000000
162575  -44.804  21.985  33.119 0.0000000000
109366  -44.820  21.100  33.184 0.0000000000
108369  -45.272  20.411  32.984 0.0000000000
152589  -45.563  20.809  32.201 0.0000000000
109397  -45.556  21.167  31.401 0.0000000000
109407  -45.356  21.477  30.526 0.0000000000
110319  -45.842  22.918  30.623 0.0000000000
154859  -45.377  22.183  30.358 0.0000000000
168073  -45.143  21.061  29.848 0.0000000000
172338  -44.702  21.668  29.051 0.0000000000
109418  -44.599  21.609  28.530 0.0000000000
109428  -44.506  21.506  27.699 0.0000000000
169948  -49.290  31.512  32.693 0.0000000000
117731  -48.892  31.282  32.111 0.0000000000
116935  -48.573  30.535  31.495 0.0000000000
117745  -50.043  30.983  30.809 0.0000000000
174055  -49.624  30.701  30.828 0.0000000000
116057  -48.638  29.711  30.869 0.0000000000
115172  -48.797  28.883  30.470 0.0000000000
114247  -48.899  28.021  30.200 0.0000000000
113433  -48.490  26.666  30.083 0.0000000000
116078  -52.119  28.971  28.406 0.0000000000
115185  -51.694  28.437  28.109 0.0000000000
115184  -50.999  28.127  28.486 0.0000000000
156390  -50.464  27.599  27.049 0.0000000000
114268  -50.569  27.691  27.918 0.0000000000
114263  -50.265  27.794  28.686 0.0000000000
174329  -49.701  27.411  28.876 0.0000000000
113441  -48.803  26.531  29.451 0.0000000000
112681  -48.414  25.842  29.207 0.0000000000
166923  -48.165  25.470  28.950 0.0000000000
112689  -47.809  25.162  28.595 0.0000000000
112700  -47.090  25.391  26.999 0.0000000000
175226  -46.660  25.024  27.183 0.0000000000
111914  -45.498  24.057  27.402 0.0000000000
111156  -44.961  23.369  27.464 0.0000000000
111163  -44.586  22.917  26.699 0.0000000000
110361  -44.388  22.168  27.197 0.0000000000
110370  -44.367  22.136  26.233 0.0000000000
163309  -44.365  21.985  25.070 0.0000000000
110387  -44.517  22.087  23.973 0.0000000000
160829  -45.226  23.613  23.978 0.0000000000
110408  -44.720  22.120  22.085 0.0000000000
161985  -44.647  22.087  21.122 0.0000000000
113492  -47.711  26.207  21.844 0.0000000000
112744  -47.082  25.567  21.288 0.0000000000
167557  -46.373  24.834  20.826 0.0000000000
110415  -45.037  22.727  20.541 0.0000000000
110414  -44.575  21.972  19.960 0.0000000000
109504  -44.156  20.909  18.142 0.0000000000
109507  -43.983  21.307  17.943 0.0000000000
110432  -43.973  22.371  17.755 0.0000000000
167433  -43.906  21.863  17.790 0.0000000000
108521  -43.810  20.712  18.248 0.0000000000
107495  -43.621  19.939  19.125 0.0000000000
112749  -44.219  25.408  20.464 0.0000000000
113490  -45.015  26.080  21.790 0.0000000000
151908  -44.369  25.571  21.476 0.0000000000
117833  -49.793  30.934  22.620 0.0000000000
117023  -49.099  30.491  22.238 0.0000000000
151218  -48.315  30.672  22.526 0.0000000000
117826  -48.418  31.932  23.172 0.0000000000
117008  -47.948  31.147  23.014 0.0000000000
117022  -47.467  30.429  22.636 0.0000000000
116132  -46.804  29.761  22.456 0.0000000000
116121  -46.064  29.691  22.923 0.0000000000
115225  -45.791  28.385  23.844 0.0000000000
119293  -47.892  32.926  25.715 0.0000000000
118553  -46.411  32.394  24.191 0.0000000000
117810  -44.513  31.933  24.391 0.0000000000
117823  -45.523  31.592  23.991 0.0000000000
156575  -45.453  28.984  24.290 0.0000000000
113463  -45.289  27.113  25.389 0.0000000000
112707  -44.435  26.308  26.088 0.0000000000
114274  -44.965  27.762  26.908 0.0000000000
113462  -44.727  26.989  26.555 0.0000000000
113461  -44.094  26.340  26.750 0.0000000000
112698  -42.732  25.689  27.076 0.0000000000
113439  -42.526  26.858  29.443 0.0000000000
149972  -41.703  26.639  29.693 0.0000000000
168686  -43.154  30.215  28.824 0.0000000000
116068  -42.864  29.356  29.846 0.0000000000
116941  -42.301  29.854  30.110 0.0000000000
116061  -42.537  29.012  30.372 0.0000000000
119967  -53.921  34.687  32.085 0.0000000000
119203  -51.089  33.797  31.933 0.0000000000
146318  -47.904  33.561  30.649 0.0000000000
119200  -47.576  33.433  32.129 0.0000000000
119212  -47.301  33.515  31.302 0.0000000000
119224  -47.156  34.082  30.422 0.0000000000
119996  -46.439  35.161  30.155 0.0000000000
119995  -45.938  35.805  29.975 0.0000000000
120778  -44.660  35.584  29.877 0.0000000000
119978  -44.745  35.506  31.179 0.0000000000
120773  -44.596  35.729  30.423 0.0000000000
119994  -43.839  35.370  29.850 0.0000000000
120010  -42.094  34.847  28.935 0.0000000000
97601  -50.846  9.021  42.989 0.0000000000
97621  -49.576  8.829  40.984 0.0000000000
98458  -52.462  10.306  41.520 0.0000000000
98491  -47.024  10.928  38.719 0.0000000000
98492  -47.928  10.740  38.493 0.0000000000
99372  -49.223  11.283  37.690 0.0000000000
99389  -50.922  11.516  37.462 0.0000000000
99390  -51.777  11.676  37.335 0.0000000000
100260  -48.111  12.708  37.111 0.0000000000
100278  -52.313  12.403  36.362 0.0000000000
101179  -46.879  13.453  37.795 0.0000000000
101180  -47.561  13.599  37.301 0.0000000000
101181  -48.149  13.333  36.927 0.0000000000
102173  -45.257  14.704  42.527 0.0000000000
102211  -47.147  14.737  37.970 0.0000000000
102226  -48.368  14.627  36.868 0.0000000000
102237  -49.170  14.417  36.443 0.0000000000
103245  -46.672  15.031  38.657 0.0000000000
103272  -50.845  15.485  35.383 0.0000000000
104298  -48.210  16.591  39.199 0.0000000000
104318  -49.161  16.590  37.327 0.0000000000
104323  -50.230  16.522  36.281 0.0000000000
104336  -52.419  16.196  34.195 0.0000000000
104341  -52.863  16.131  33.775 0.0000000000
104475  -45.737  16.607  19.333 0.0000000000
104477  -47.360  16.585  19.931 0.0000000000
104482  -45.412  17.046  18.602 0.0000000000
104483  -46.279  16.986  18.810 0.0000000000
104485  -47.718  16.872  19.686 0.0000000000
105287  -50.185  17.469  46.916 0.0000000000
105294  -51.012  17.993  46.591 0.0000000000
105317  -50.482  17.744  40.767 0.0000000000
105318  -51.186  18.003  40.968 0.0000000000
105327  -48.695  16.915  38.783 0.0000000000
105339  -50.351  17.720  37.621 0.0000000000
105350  -51.100  17.640  36.488 0.0000000000
105503  -50.052  18.272  20.165 0.0000000000
105510  -46.165  17.507  18.672 0.0000000000
105517  -44.854  17.885  17.860 0.0000000000
105518  -45.205  17.607  18.087 0.0000000000
105519  -45.663  17.876  18.287 0.0000000000
106236  -53.602  19.109  43.505 0.0000000000
106252  -50.883  18.175  39.625 0.0000000000
106296  -53.027  18.147  34.853 0.0000000000
106324  -48.332  18.355  32.383 0.0000000000
106327  -51.071  18.964  32.116 0.0000000000
106328  -54.712  18.056  32.702 0.0000000000
106337  -47.490  18.379  31.404 0.0000000000
106340  -50.333  18.527  31.341 0.0000000000
106351  -48.145  18.392  30.848 0.0000000000
106352  -49.040  18.492  30.414 0.0000000000
106380  -47.133  18.699  28.953 0.0000000000
106437  -47.866  18.616  22.920 0.0000000000
106453  -52.295  19.182  21.617 0.0000000000
106463  -49.004  18.454  20.511 0.0000000000
106476  -50.606  18.785  20.275 0.0000000000
107197  -44.882  19.987  44.153 0.0000000000
107205  -40.335  19.634  43.448 0.0000000000
107209  -45.184  19.632  43.325 0.0000000000
107228  -45.461  19.435  42.547 0.0000000000
107230  -47.474  19.489  42.509 0.0000000000
107235  -54.803  19.587  42.457 0.0000000000
107246  -47.933  19.522  41.666 0.0000000000
107247  -48.902  19.668  41.620 0.0000000000
107251  -55.008  19.950  41.537 0.0000000000
107254  -41.196  19.738  40.848 0.0000000000
107262  -49.304  19.902  40.832 0.0000000000
107264  -52.910  19.114  40.337 0.0000000000
107282  -53.510  19.772  37.368 0.0000000000
107283  -54.032  20.071  36.943 0.0000000000
107315  -46.625  18.907  34.788 0.0000000000
107317  -48.426  19.177  34.812 0.0000000000
107329  -45.086  19.803  33.607 0.0000000000
107333  -51.224  19.602  33.277 0.0000000000
107343  -46.353  18.832  31.741 0.0000000000
107355  -51.567  19.202  31.806 0.0000000000
107365  -45.809  19.675  30.775 0.0000000000
107377  -45.702  19.697  29.131 0.0000000000
107388  -45.752  19.666  28.270 0.0000000000
107404  -46.190  19.475  26.855 0.0000000000
107422  -51.741  19.759  26.774 0.0000000000
107436  -48.155  19.343  25.252 0.0000000000
107454  -46.823  19.254  24.547 0.0000000000
107468  -45.445  19.682  23.322 0.0000000000
107471  -48.182  19.173  24.027 0.0000000000
107483  -50.229  19.336  20.823 0.0000000000
107492  -51.835  19.954  20.807 0.0000000000
107493  -52.358  19.944  21.152 0.0000000000
107502  -45.307  18.949  18.578 0.0000000000
107506  -44.243  19.583  18.035 0.0000000000
108192  -44.645  20.266  44.833 0.0000000000
108195  -47.818  20.618  45.194 0.0000000000
108207  -46.610  20.195  44.250 0.0000000000
108210  -49.191  20.794  44.576 0.0000000000
108215  -56.508  21.820  44.146 0.0000000000
108240  -50.597  20.411  42.688 0.0000000000
108245  -56.700  21.634  43.355 0.0000000000
108259  -38.344  21.176  40.803 0.0000000000
108262  -42.468  20.209  40.133 0.0000000000
108263  -43.830  20.139  40.132 0.0000000000
108264  -44.480  20.022  40.304 0.0000000000
108277  -39.248  21.149  40.240 0.0000000000
108283  -45.444  20.397  39.298 0.0000000000
108288  -50.396  20.573  39.525 0.0000000000
108301  -48.380  20.857  38.368 0.0000000000
108306  -56.213  21.221  38.757 0.0000000000
108316  -46.305  20.691  37.757 0.0000000000
108330  -47.351  20.503  36.767 0.0000000000
108332  -49.083  20.858  36.399 0.0000000000
108346  -51.167  21.189  35.374 0.0000000000
108381  -52.058  19.957  33.054 0.0000000000
108382  -52.662  20.389  32.689 0.0000000000
108420  -53.167  19.983  28.409 0.0000000000
108434  -54.194  20.880  27.555 0.0000000000
108442  -45.325  20.145  25.760 0.0000000000
108454  -45.205  20.110  24.898 0.0000000000
108500  -52.427  20.989  21.545 0.0000000000
108501  -53.544  21.137  21.730 0.0000000000
108509  -51.253  20.243  21.300 0.0000000000
108511  -52.727  20.929  21.323 0.0000000000
109240  -55.376  21.885  45.229 0.0000000000
109241  -56.192  22.166  44.759 0.0000000000
109242  -56.426  22.163  44.014 0.0000000000
109269  -53.024  20.987  41.374 0.0000000000
109272  -56.592  22.418  42.599 0.0000000000
109281  -59.056  23.077  40.236 0.0000000000
109285  -40.592  21.410  39.243 0.0000000000
109286  -41.981  21.104  39.128 0.0000000000
109302  -51.471  21.480  38.310 0.0000000000
109323  -59.913  23.364  38.611 0.0000000000
109329  -42.439  21.877  36.671 0.0000000000
109343  -42.578  22.142  36.069 0.0000000000
109354  -43.295  21.454  35.112 0.0000000000
109355  -43.670  21.480  34.288 0.0000000000
109358  -53.270  22.068  34.255 0.0000000000
109365  -44.134  21.308  33.613 0.0000000000
109431  -55.385  21.771  27.370 0.0000000000
109502  -43.284  21.916  18.746 0.0000000000
110209  -56.625  22.115  43.418 0.0000000000
110221  -58.573  23.079  40.627 0.0000000000
110236  -55.117  22.738  38.448 0.0000000000
110264  -53.895  22.737  35.973 0.0000000000
110275  -52.693  22.462  35.813 0.0000000000
110338  -45.282  22.563  29.729 0.0000000000
111059  -40.342  24.094  38.063 0.0000000000
111079  -41.874  23.956  36.355 0.0000000000
111149  -44.923  23.015  28.310 0.0000000000
111155  -44.612  22.746  27.558 0.0000000000
111180  -45.087  23.653  25.061 0.0000000000
111212  -44.388  23.358  17.690 0.0000000000
111858  -43.172  24.317  35.108 0.0000000000
111879  -46.105  24.398  32.542 0.0000000000
111886  -47.048  24.560  31.297 0.0000000000
111899  -46.908  24.317  29.418 0.0000000000
111906  -45.938  24.273  28.102 0.0000000000
111908  -47.276  24.643  28.980 0.0000000000
111915  -46.153  24.647  27.320 0.0000000000
111946  -45.696  24.239  23.528 0.0000000000
111950  -45.749  24.241  22.710 0.0000000000
111961  -43.192  24.191  20.268 0.0000000000
111972  -44.594  23.919  17.386 0.0000000000
111974  -45.463  25.138  16.766 0.0000000000
111979  -45.036  24.751  16.656 0.0000000000
112624  -40.104  25.818  38.367 0.0000000000
112631  -41.169  25.892  37.048 0.0000000000
112646  -42.803  25.443  35.481 0.0000000000
112652  -44.406  25.677  33.977 0.0000000000
112667  -47.080  25.275  31.591 0.0000000000
112690  -48.343  25.713  28.456 0.0000000000
112699  -43.416  25.826  26.731 0.0000000000
112718  -47.078  25.628  25.301 0.0000000000
112737  -43.773  25.277  22.100 0.0000000000
112751  -47.510  25.822  20.195 0.0000000000
113415  -46.358  26.815  32.400 0.0000000000
113440  -43.248  27.128  29.109 0.0000000000
113442  -49.338  27.234  29.323 0.0000000000
113457  -49.340  26.828  27.816 0.0000000000
113515  -45.218  26.429  18.798 0.0000000000
113524  -48.786  27.365  17.123 0.0000000000
113525  -49.059  27.622  17.984 0.0000000000
113532  -46.459  26.383  16.569 0.0000000000
114183  -41.115  27.813  38.165 0.0000000000
114197  -41.577  27.234  36.732 0.0000000000
114206  -42.856  27.601  35.533 0.0000000000
114221  -44.535  27.278  33.975 0.0000000000
114230  -46.316  27.784  32.457 0.0000000000
114237  -41.989  27.741  30.775 0.0000000000
114240  -47.822  28.005  31.078 0.0000000000
114254  -48.888  27.230  29.879 0.0000000000
114256  -49.850  27.833  29.174 0.0000000000
114267  -49.893  27.318  27.443 0.0000000000
114269  -51.063  27.933  27.087 0.0000000000
114276  -49.949  27.431  26.541 0.0000000000
114293  -48.741  27.127  24.986 0.0000000000
114302  -48.668  26.977  24.099 0.0000000000
114311  -49.827  27.343  21.656 0.0000000000
114323  -51.034  27.987  20.952 0.0000000000
114337  -51.282  28.390  20.869 0.0000000000
114357  -46.921  27.113  17.116 0.0000000000
114358  -48.038  27.240  17.043 0.0000000000
114359  -48.837  27.417  17.198 0.0000000000
114360  -49.030  27.717  17.970 0.0000000000
115110  -42.259  28.631  37.542 0.0000000000
115121  -42.991  28.882  36.218 0.0000000000
115142  -44.342  28.170  34.402 0.0000000000
115159  -45.831  28.285  32.951 0.0000000000
115161  -47.110  28.850  32.082 0.0000000000
115192  -52.522  28.711  27.047 0.0000000000
115218  -52.212  28.894  23.846 0.0000000000
115226  -46.033  28.889  22.966 0.0000000000
115265  -50.342  28.397  20.200 0.0000000000
115277  -49.625  28.015  18.593 0.0000000000
115964  -44.361  29.190  38.042 0.0000000000
115966  -46.512  29.430  38.082 0.0000000000
116043  -46.379  29.567  33.019 0.0000000000
116063  -49.840  29.527  30.033 0.0000000000
116113  -52.210  29.701  24.017 0.0000000000
116122  -52.176  29.647  23.043 0.0000000000
116137  -52.289  29.151  22.665 0.0000000000
116162  -50.948  29.031  20.471 0.0000000000
116854  -48.294  30.354  36.742 0.0000000000
116889  -59.412  29.587  36.058 0.0000000000
116890  -59.657  29.968  35.394 0.0000000000
116912  -46.422  30.190  33.547 0.0000000000
116934  -47.864  30.313  31.865 0.0000000000
116936  -49.426  31.034  31.313 0.0000000000
116942  -49.213  30.363  30.849 0.0000000000
116943  -49.870  30.290  30.426 0.0000000000
116951  -52.958  30.119  28.873 0.0000000000
116960  -53.735  29.975  28.257 0.0000000000
116969  -53.899  30.020  27.744 0.0000000000
117011  -51.554  30.417  23.671 0.0000000000
117695  -49.610  31.376  34.400 0.0000000000
117713  -59.337  30.634  33.906 0.0000000000
117724  -54.501  31.897  32.737 0.0000000000
117740  -59.718  31.193  31.443 0.0000000000
117784  -54.879  31.218  27.408 0.0000000000
117786  -57.270  31.541  27.834 0.0000000000
117797  -50.873  33.024  23.879 0.0000000000
117808  -43.377  32.068  24.918 0.0000000000
117809  -43.696  31.977  24.694 0.0000000000
118516  -57.726  32.051  27.764 0.0000000000
118538  -44.389  32.487  25.043 0.0000000000
118540  -46.951  32.671  24.911 0.0000000000
118552  -44.684  32.250  24.602 0.0000000000
118556  -49.369  33.045  23.751 0.0000000000
119218  -58.534  32.950  30.932 0.0000000000
119229  -51.214  33.519  30.488 0.0000000000
119243  -58.662  32.478  29.879 0.0000000000
119256  -57.271  33.719  27.833 0.0000000000
119257  -57.920  32.607  28.020 0.0000000000
119270  -57.375  32.803  27.562 0.0000000000
119297  -51.789  34.480  24.780 0.0000000000
119303  -49.112  33.177  24.330 0.0000000000
119985  -57.537  33.738  31.568 0.0000000000
120020  -54.929  35.194  29.187 0.0000000000
120039  -55.283  35.311  27.435 0.0000000000
120067  -53.813  35.290  25.829 0.0000000000
120068  -54.405  35.198  26.023 0.0000000000
120074  -51.025  34.403  24.208 0.0000000000
120779  -45.438  35.842  30.011 0.0000000000
120793  -53.730  35.465  25.980 0.0000000000
145010  -50.540  31.311  34.379 0.0000000000
145172  -47.001  30.991  35.964 0.0000000000
145549  -53.137  11.511  39.141 0.0000000000
146042  -53.102  35.113  27.357 0.0000000000
147148  -49.698  31.480  32.067 0.0000000000
147355  -46.063  15.004  45.034 0.0000000000
147386  -52.171  19.292  28.777 0.0000000000
148195  -42.887  19.781  43.991 0.0000000000
148647  -49.194  18.467  32.627 0.0000000000
148880  -49.980  19.542  25.566 0.0000000000
148970  -51.790  18.698  37.856 0.0000000000
149024  -43.816  19.365  42.370 0.0000000000
150739  -52.166  20.478  25.593 0.0000000000
151061  -43.970  20.531  37.187 0.0000000000
151501  -41.158  19.409  42.261 0.0000000000
151507  -47.107  18.388  32.674 0.0000000000
152310  -46.622  30.720  34.265 0.0000000000
152792  -51.546  18.822  30.348 0.0000000000
153113  -45.583  24.306  25.169 0.0000000000
153263  -53.682  20.446  28.005 0.0000000000
153730  -52.385  20.389  21.235 0.0000000000
153768  -47.712  20.712  38.796 0.0000000000
154388  -48.823  26.284  28.136 0.0000000000
155370  -56.876  34.616  31.895 0.0000000000
155567  -42.548  26.194  35.678 0.0000000000
155570  -45.318  24.433  33.147 0.0000000000
156414  -56.024  21.824  45.223 0.0000000000
156870  -57.715  22.853  41.096 0.0000000000
158733  -47.222  26.010  31.558 0.0000000000
159541  -41.343  21.376  38.973 0.0000000000
160054  -46.756  18.341  21.588 0.0000000000
162120  -45.716  26.759  32.956 0.0000000000
163168  -43.612  19.841  43.979 0.0000000000
163742  -57.426  21.664  41.798 0.0000000000
163932  -45.388  16.457  20.093 0.0000000000
164272  -55.916  22.504  43.825 0.0000000000
164332  -57.017  21.754  42.736 0.0000000000
164346  -51.410  9.632  44.045 0.0000000000
165557  -40.605  24.384  37.724 0.0000000000
166004  -44.947  26.875  25.946 0.0000000000
166127  -48.522  26.581  21.343 0.0000000000
167627  -42.172  23.336  36.244 0.0000000000
167845  -40.948  31.680  29.391 0.0000000000
168233  -44.649  27.879  27.450 0.0000000000
168384  -42.275  21.642  38.228 0.0000000000
168766  -46.854  31.701  23.582 0.0000000000
169309  -45.070  19.194  18.111 0.0000000000
169494  -45.299  19.516  35.693 0.0000000000
170095  -41.213  23.438  37.357 0.0000000000
170794  -58.340  32.194  28.542 0.0000000000
170937  -51.424  29.018  20.760 0.0000000000
170948  -49.217  21.263  37.640 0.0000000000
171036  -53.229  20.717  32.339 0.0000000000
171194  -44.549  21.466  20.599 0.0000000000
172785  -54.974  19.692  43.200 0.0000000000
172927  -48.537  18.749  28.817 0.0000000000
172946  -52.781  19.575  28.784 0.0000000000
173223  -56.428  31.771  30.082 0.0000000000
173259  -42.544  30.678  28.955 0.0000000000
174135  -56.336  35.111  30.577 0.0000000000
174562  -59.776  31.364  31.691 0.0000000000
174673  -43.664  21.965  17.990 0.0000000000
174711  -48.646  26.939  17.334 0.0000000000
174930  -47.240  30.598  33.020 0.0000000000
175208  -49.902  8.471  43.109 0.0000000000
175411  -50.800  28.007  23.959 0.0000000000
175459  -52.025  22.355  35.969 0.0000000000
