#!ascii label  , from subject sub-v1s15x0050184_ses-1 vox2ras=TkReg
345
89132  -32.554  1.435  -6.859 0.0000000000
93209  -32.093  4.307  -12.873 0.0000000000
106768  -29.343  18.345  -11.276 0.0000000000
102722  -30.960  14.581  -11.479 0.0000000000
98911  -33.153  10.775  -9.941 0.0000000000
164498  -35.196  6.476  -7.185 0.0000000000
107769  -28.257  20.154  -10.884 0.0000000000
169267  -32.041  12.415  -11.113 0.0000000000
98055  -31.391  8.991  -13.572 0.0000000000
164671  -32.428  2.162  -9.410 0.0000000000
144181  -33.555  5.572  -9.519 0.0000000000
144376  -34.051  3.147  -7.227 0.0000000000
84109  -28.930  -4.279  -5.304 0.0000000000
144559  -30.311  -0.197  -9.057 0.0000000000
112198  -26.643  25.240  -8.646 0.0000000000
112199  -28.210  24.521  -8.698 0.0000000000
110636  -29.402  23.105  -9.271 0.0000000000
109742  -30.023  21.392  -9.431 0.0000000000
107762  -31.084  19.258  -9.052 0.0000000000
104788  -29.658  16.801  -11.774 0.0000000000
105769  -31.629  16.837  -9.395 0.0000000000
103743  -33.028  15.104  -9.240 0.0000000000
101591  -33.614  13.410  -8.679 0.0000000000
99780  -34.298  11.328  -7.806 0.0000000000
96177  -32.764  7.450  -11.726 0.0000000000
144548  -33.911  8.550  -8.837 0.0000000000
98937  -30.677  10.379  -13.701 0.0000000000
98070  -30.687  9.204  -15.257 0.0000000000
144431  -32.231  1.488  -8.298 0.0000000000
164770  -33.230  3.110  -8.471 0.0000000000
144638  -33.539  2.314  -6.739 0.0000000000
80804  -29.971  -7.852  -2.836 0.0000000000
80824  -30.673  -7.287  -3.098 0.0000000000
83006  -29.886  -5.816  -3.785 0.0000000000
166858  -30.200  0.178  -10.397 0.0000000000
87144  -29.089  -1.134  -9.352 0.0000000000
111441  -28.803  23.871  -9.033 0.0000000000
107784  -28.817  19.222  -11.069 0.0000000000
108785  -29.446  20.658  -9.978 0.0000000000
107760  -29.772  19.742  -9.767 0.0000000000
108787  -30.845  20.076  -8.988 0.0000000000
107771  -30.007  18.921  -10.054 0.0000000000
103775  -30.653  15.387  -11.470 0.0000000000
105784  -31.075  17.324  -10.259 0.0000000000
103758  -31.522  15.580  -10.328 0.0000000000
104749  -32.407  16.210  -9.137 0.0000000000
102709  -31.778  14.806  -10.477 0.0000000000
99816  -32.765  11.407  -10.321 0.0000000000
100682  -32.926  12.813  -9.873 0.0000000000
100683  -33.347  12.129  -9.381 0.0000000000
162392  -34.002  12.023  -8.159 0.0000000000
98886  -34.012  10.476  -8.728 0.0000000000
93224  -31.742  4.670  -13.646 0.0000000000
95226  -32.428  6.818  -13.866 0.0000000000
94234  -32.715  5.871  -12.771 0.0000000000
164738  -33.934  5.903  -8.873 0.0000000000
95188  -33.557  6.567  -9.530 0.0000000000
164713  -34.354  7.043  -8.323 0.0000000000
144366  -34.838  8.335  -7.432 0.0000000000
164777  -35.329  7.494  -7.008 0.0000000000
85127  -30.244  -3.536  -4.706 0.0000000000
85162  -29.096  -2.996  -5.873 0.0000000000
85147  -29.911  -2.840  -5.340 0.0000000000
86141  -30.325  -1.381  -6.242 0.0000000000
101652  -30.482  13.320  -12.999 0.0000000000
101642  -31.238  13.141  -11.765 0.0000000000
100714  -31.254  12.407  -12.139 0.0000000000
99825  -31.810  11.165  -11.839 0.0000000000
98930  -32.082  9.732  -11.920 0.0000000000
92144  -31.745  3.079  -11.250 0.0000000000
94219  -32.825  5.124  -11.192 0.0000000000
144629  -32.788  3.770  -9.883 0.0000000000
164771  -33.719  4.418  -8.927 0.0000000000
164652  -34.637  4.714  -7.657 0.0000000000
83021  -30.276  -5.193  -3.984 0.0000000000
91171  -31.136  2.536  -11.705 0.0000000000
144525  -31.434  1.310  -10.713 0.0000000000
164660  -31.359  0.744  -9.573 0.0000000000
144767  -31.271  0.462  -8.096 0.0000000000
148713  -26.591  26.741  -8.404 0.0000000000
111433  -26.362  23.836  -9.338 0.0000000000
170780  -27.149  24.737  -8.853 0.0000000000
112200  -29.133  24.451  -8.728 0.0000000000
146348  -29.659  23.905  -8.547 0.0000000000
111435  -30.272  23.155  -8.424 0.0000000000
109749  -28.946  21.389  -10.306 0.0000000000
110637  -30.155  22.335  -8.969 0.0000000000
110638  -30.871  22.372  -8.212 0.0000000000
109732  -31.445  21.602  -8.046 0.0000000000
108775  -31.271  20.723  -8.377 0.0000000000
108776  -31.784  20.035  -7.933 0.0000000000
105798  -29.513  17.557  -11.590 0.0000000000
106752  -30.678  18.099  -10.209 0.0000000000
106740  -31.408  18.473  -8.956 0.0000000000
106726  -31.944  18.361  -8.290 0.0000000000
150037  -32.518  17.654  -8.371 0.0000000000
103716  -33.477  15.628  -8.017 0.0000000000
101621  -32.587  13.711  -9.994 0.0000000000
102677  -33.418  14.372  -8.813 0.0000000000
147225  -31.679  7.871  -14.776 0.0000000000
97156  -31.893  8.504  -12.939 0.0000000000
161122  -33.173  9.065  -10.828 0.0000000000
95195  -32.945  5.946  -10.787 0.0000000000
97139  -33.238  8.288  -10.443 0.0000000000
98014  -33.586  9.536  -9.593 0.0000000000
144427  -34.421  9.958  -8.052 0.0000000000
164499  -34.802  10.027  -7.354 0.0000000000
87122  -29.946  -0.880  -7.534 0.0000000000
154753  -30.480  -0.704  -6.939 0.0000000000
88106  -32.345  0.380  -5.510 0.0000000000
169005  -32.434  1.524  -7.504 0.0000000000
164495  -33.111  2.012  -7.107 0.0000000000
90116  -33.172  1.888  -6.719 0.0000000000
90104  -33.391  1.866  -6.290 0.0000000000
89119  -32.741  1.330  -6.206 0.0000000000
80805  -30.718  -8.018  -2.759 0.0000000000
107770  -29.199  19.717  -10.390 0.0000000000
159284  -29.426  18.821  -10.609 0.0000000000
102735  -30.430  14.788  -12.091 0.0000000000
104790  -30.963  15.949  -10.896 0.0000000000
103776  -31.242  15.140  -10.964 0.0000000000
102723  -31.512  14.485  -11.032 0.0000000000
98910  -32.710  10.533  -10.774 0.0000000000
99788  -33.598  11.161  -9.232 0.0000000000
163226  -33.612  10.228  -9.439 0.0000000000
94233  -32.441  5.196  -13.293 0.0000000000
93210  -32.698  4.973  -12.301 0.0000000000
144175  -34.744  5.707  -7.576 0.0000000000
164607  -34.347  6.203  -8.278 0.0000000000
166165  -34.634  6.555  -7.754 0.0000000000
164588  -34.728  7.330  -7.625 0.0000000000
164517  -35.792  6.700  -6.482 0.0000000000
164758  -35.583  5.942  -6.672 0.0000000000
100722  -30.191  12.737  -13.890 0.0000000000
165543  -30.882  12.332  -13.035 0.0000000000
157542  -30.503  11.889  -13.712 0.0000000000
98938  -31.216  9.900  -13.232 0.0000000000
99843  -31.244  10.765  -13.069 0.0000000000
98929  -31.648  10.433  -12.389 0.0000000000
98921  -32.165  10.541  -11.554 0.0000000000
98042  -31.652  9.403  -12.663 0.0000000000
144178  -32.226  2.809  -10.246 0.0000000000
144589  -32.332  3.746  -10.895 0.0000000000
164593  -32.780  3.021  -9.257 0.0000000000
164773  -33.694  3.098  -7.812 0.0000000000
164496  -33.639  3.756  -8.544 0.0000000000
174592  -34.043  3.580  -7.849 0.0000000000
164774  -34.111  4.374  -8.246 0.0000000000
144483  -34.456  3.839  -7.529 0.0000000000
164691  -34.969  4.145  -7.142 0.0000000000
164653  -34.573  3.488  -7.049 0.0000000000
161696  -28.722  -8.792  -2.513 0.0000000000
84073  -31.028  -4.773  -3.920 0.0000000000
90163  -31.024  1.665  -11.389 0.0000000000
144165  -30.615  0.280  -9.685 0.0000000000
144171  -30.883  0.416  -8.886 0.0000000000
144684  -30.616  -0.090  -8.247 0.0000000000
112197  -26.133  25.036  -8.429 0.0000000000
112976  -26.331  25.979  -8.208 0.0000000000
112977  -26.832  26.066  -8.589 0.0000000000
111434  -27.430  23.971  -9.051 0.0000000000
146702  -27.732  25.341  -8.626 0.0000000000
145207  -28.883  25.068  -8.628 0.0000000000
147135  -30.564  24.037  -8.001 0.0000000000
108797  -28.628  20.725  -10.459 0.0000000000
109741  -29.327  21.570  -9.973 0.0000000000
109731  -30.714  21.542  -8.589 0.0000000000
155637  -31.327  19.879  -8.585 0.0000000000
107752  -31.609  19.170  -8.387 0.0000000000
104802  -29.787  16.183  -12.022 0.0000000000
104801  -29.369  16.553  -12.501 0.0000000000
105799  -30.080  17.108  -11.187 0.0000000000
105782  -29.888  17.750  -11.063 0.0000000000
105783  -30.435  17.558  -10.712 0.0000000000
106753  -31.251  17.871  -9.625 0.0000000000
105755  -31.761  17.627  -8.807 0.0000000000
106727  -32.846  18.443  -7.999 0.0000000000
103742  -32.525  15.543  -9.402 0.0000000000
104750  -32.836  16.369  -8.726 0.0000000000
158044  -33.133  15.900  -8.563 0.0000000000
104738  -33.226  16.392  -8.176 0.0000000000
103728  -33.311  15.279  -8.666 0.0000000000
101634  -31.788  13.195  -11.197 0.0000000000
101620  -32.022  13.968  -10.727 0.0000000000
101635  -32.347  13.061  -10.588 0.0000000000
151577  -33.349  12.919  -9.233 0.0000000000
101603  -33.158  13.611  -9.385 0.0000000000
102666  -33.761  14.792  -8.059 0.0000000000
102678  -34.077  13.949  -8.133 0.0000000000
99770  -34.648  11.309  -7.099 0.0000000000
97193  -31.253  7.980  -15.435 0.0000000000
96188  -32.590  7.327  -12.524 0.0000000000
96202  -32.349  7.553  -13.329 0.0000000000
97157  -32.475  8.180  -12.229 0.0000000000
97147  -32.957  8.290  -11.315 0.0000000000
94208  -33.009  5.211  -10.159 0.0000000000
94209  -33.148  6.016  -10.055 0.0000000000
96158  -33.830  7.521  -9.011 0.0000000000
96171  -33.307  7.502  -9.954 0.0000000000
97140  -33.556  8.319  -9.623 0.0000000000
162394  -33.416  9.007  -10.029 0.0000000000
97125  -33.675  9.003  -9.385 0.0000000000
98000  -33.941  9.542  -8.875 0.0000000000
98001  -34.374  8.964  -8.139 0.0000000000
164779  -35.225  8.948  -6.934 0.0000000000
164714  -34.794  9.330  -7.428 0.0000000000
164497  -35.265  9.714  -6.768 0.0000000000
87092  -30.801  -1.370  -5.545 0.0000000000
88104  -30.891  -0.729  -6.080 0.0000000000
87093  -31.339  -0.965  -5.385 0.0000000000
88105  -31.542  -0.156  -5.846 0.0000000000
88085  -31.830  -0.474  -5.199 0.0000000000
99852  -30.277  11.061  -14.033 0.0000000000
98054  -30.782  9.489  -14.124 0.0000000000
164747  -32.507  1.886  -8.712 0.0000000000
144367  -32.841  2.504  -8.532 0.0000000000
164501  -32.899  2.069  -7.817 0.0000000000
164704  -33.316  2.624  -7.793 0.0000000000
164651  -33.769  2.701  -6.896 0.0000000000
91130  -34.222  2.992  -6.773 0.0000000000
91119  -33.985  2.646  -6.597 0.0000000000
90105  -33.762  2.180  -6.243 0.0000000000
160234  -29.492  -8.431  -2.579 0.0000000000
81917  -29.101  -5.942  -4.027 0.0000000000
81901  -30.228  -6.499  -3.461 0.0000000000
81902  -30.992  -6.560  -3.349 0.0000000000
155779  -30.297  0.685  -11.044 0.0000000000
173263  -29.644  -0.342  -10.337 0.0000000000
144159  -30.031  -0.353  -9.830 0.0000000000
144698  -29.691  -0.691  -9.228 0.0000000000
146056  -25.838  24.203  -8.640 0.0000000000
110646  -28.193  23.146  -9.271 0.0000000000
159826  -28.915  22.685  -9.799 0.0000000000
108786  -30.171  20.318  -9.432 0.0000000000
108774  -30.613  20.823  -8.941 0.0000000000
107761  -30.448  19.452  -9.479 0.0000000000
106739  -30.839  18.662  -9.605 0.0000000000
104789  -30.308  16.269  -11.456 0.0000000000
104776  -30.711  16.789  -10.804 0.0000000000
104760  -31.310  16.432  -10.261 0.0000000000
105756  -32.340  16.907  -8.763 0.0000000000
103741  -31.791  15.936  -9.626 0.0000000000
103759  -32.023  15.206  -9.832 0.0000000000
151814  -32.588  14.943  -9.600 0.0000000000
99815  -32.236  11.450  -11.107 0.0000000000
166470  -32.559  12.198  -10.504 0.0000000000
100670  -33.675  12.557  -8.677 0.0000000000
162536  -33.690  11.829  -8.766 0.0000000000
99789  -33.981  11.239  -8.479 0.0000000000
98887  -34.258  10.714  -8.133 0.0000000000
95225  -31.975  6.492  -14.468 0.0000000000
94250  -32.471  6.084  -13.671 0.0000000000
149651  -32.757  6.656  -12.198 0.0000000000
167143  -34.006  6.653  -8.796 0.0000000000
144195  -34.359  7.961  -8.244 0.0000000000
164796  -35.398  8.326  -6.792 0.0000000000
164787  -35.758  8.937  -6.205 0.0000000000
164760  -35.828  7.803  -6.337 0.0000000000
85146  -29.433  -3.685  -5.219 0.0000000000
148686  -28.670  -3.792  -5.774 0.0000000000
86140  -29.673  -2.164  -6.275 0.0000000000
86126  -30.426  -2.047  -5.460 0.0000000000
87079  -31.178  -1.728  -4.875 0.0000000000
101641  -30.757  13.834  -12.092 0.0000000000
101633  -31.409  13.887  -11.387 0.0000000000
149751  -30.881  12.991  -12.358 0.0000000000
158003  -31.651  11.907  -11.669 0.0000000000
99842  -30.916  11.367  -13.357 0.0000000000
99834  -31.400  11.504  -12.536 0.0000000000
150587  -32.540  9.946  -11.368 0.0000000000
92155  -32.028  3.823  -11.954 0.0000000000
171831  -32.409  4.381  -12.193 0.0000000000
93182  -32.746  4.457  -10.576 0.0000000000
93174  -33.060  4.483  -9.888 0.0000000000
164500  -33.259  3.557  -9.160 0.0000000000
164775  -33.411  4.106  -9.371 0.0000000000
163018  -33.489  4.786  -9.486 0.0000000000
144531  -33.856  5.063  -8.885 0.0000000000
144590  -34.302  5.326  -8.263 0.0000000000
164526  -35.325  5.615  -7.011 0.0000000000
144660  -35.184  4.939  -7.100 0.0000000000
91120  -34.557  2.997  -6.458 0.0000000000
78743  -29.030  -9.601  -2.176 0.0000000000
84085  -28.835  -4.857  -4.980 0.0000000000
83020  -29.482  -5.186  -4.406 0.0000000000
84086  -29.432  -4.424  -4.863 0.0000000000
84087  -30.146  -4.443  -4.419 0.0000000000
154878  -30.803  -4.004  -4.319 0.0000000000
151923  -31.381  3.189  -12.018 0.0000000000
91158  -31.603  2.159  -10.908 0.0000000000
164537  -31.936  1.762  -10.155 0.0000000000
147437  -31.042  0.685  -10.431 0.0000000000
144490  -31.624  1.105  -10.092 0.0000000000
144389  -31.989  1.392  -9.331 0.0000000000
164538  -31.818  1.084  -7.913 0.0000000000
89138  -31.740  0.737  -7.260 0.0000000000
147161  -26.406  24.519  -8.943 0.0000000000
112201  -29.855  24.812  -8.230 0.0000000000
147128  -31.076  25.019  -7.885 0.0000000000
147073  -31.639  24.136  -7.920 0.0000000000
109740  -28.663  22.092  -10.029 0.0000000000
110647  -29.443  22.247  -9.678 0.0000000000
111436  -31.178  23.230  -8.003 0.0000000000
110639  -31.757  22.462  -7.940 0.0000000000
105813  -29.129  17.285  -12.289 0.0000000000
106751  -30.005  18.247  -10.668 0.0000000000
107753  -32.218  19.214  -7.867 0.0000000000
105757  -32.946  17.036  -8.365 0.0000000000
105744  -33.486  17.106  -7.837 0.0000000000
104739  -33.808  16.328  -7.456 0.0000000000
102710  -32.302  14.494  -9.999 0.0000000000
102692  -32.872  14.384  -9.497 0.0000000000
101592  -34.258  13.018  -7.998 0.0000000000
97183  -31.351  8.671  -14.822 0.0000000000
96201  -32.076  7.323  -14.316 0.0000000000
150866  -31.835  8.133  -13.988 0.0000000000
98043  -32.110  8.981  -12.233 0.0000000000
98034  -32.657  9.151  -11.568 0.0000000000
98025  -32.963  9.712  -10.997 0.0000000000
95201  -32.942  5.834  -11.807 0.0000000000
165327  -32.897  6.695  -11.282 0.0000000000
95196  -33.058  6.716  -10.377 0.0000000000
96170  -33.038  7.505  -10.868 0.0000000000
98026  -33.254  9.842  -10.235 0.0000000000
98878  -34.555  10.633  -7.562 0.0000000000
167578  -29.391  -1.044  -8.700 0.0000000000
88144  -29.944  -0.657  -8.333 0.0000000000
87105  -29.797  -1.375  -7.015 0.0000000000
173128  -30.387  -0.495  -7.662 0.0000000000
144845  -30.975  -0.065  -7.461 0.0000000000
89118  -31.994  0.650  -6.399 0.0000000000
79788  -30.233  -8.594  -2.526 0.0000000000
88120  -31.284  -0.081  -6.697 0.0000000000
91121  -34.897  3.020  -6.099 0.0000000000
93196  -32.553  4.416  -11.545 0.0000000000
95213  -32.618  6.708  -13.104 0.0000000000
99803  -33.164  11.509  -9.754 0.0000000000
100697  -32.963  12.023  -9.962 0.0000000000
100707  -31.572  12.609  -11.563 0.0000000000
103727  -32.918  15.766  -9.030 0.0000000000
144365  -33.591  2.711  -7.359 0.0000000000
164659  -31.612  0.899  -8.708 0.0000000000
164772  -33.411  2.423  -7.171 0.0000000000
172908  -29.797  -4.001  -4.774 0.0000000000
174846  -34.719  3.370  -6.701 0.0000000000
