#!ascii label  , from subject sub-v1s15x0050201_ses-1 vox2ras=TkReg
1455
7635  -24.110  -74.095  -28.851 0.5000000000
6920  -23.846  -75.071  -29.039 0.6000000238
12253  -30.042  -68.983  -28.702 0.3000000119
129752  -23.045  -75.622  -30.063 0.5000000000
11466  -27.285  -69.269  -29.146 0.4000000060
12251  -27.740  -68.241  -28.621 0.4000000060
13043  -28.177  -67.251  -28.962 0.4000000060
12259  -29.638  -68.147  -28.947 0.3000000119
13041  -26.435  -67.541  -29.739 0.4000000060
9843  -22.495  -71.298  -29.636 0.5000000000
9830  -23.273  -72.211  -28.725 0.5000000000
9082  -22.261  -73.012  -28.232 0.6000000238
9076  -23.071  -73.241  -28.152 0.5000000000
6919  -23.369  -75.763  -28.797 0.6000000238
11468  -31.859  -69.421  -29.198 0.3000000119
6152  -23.142  -76.065  -28.352 0.5000000000
11473  -26.915  -70.007  -30.229 0.5000000000
10630  -26.767  -70.696  -30.205 0.5000000000
129508  -31.416  -68.633  -30.055 0.3000000119
7628  -23.409  -74.892  -27.482 0.6000000238
6184  -22.877  -75.985  -29.062 0.5000000000
126616  -26.811  -69.706  -31.409 0.5000000000
145025  -26.525  -68.748  -30.118 0.4000000060
13887  -27.770  -66.685  -29.785 0.4000000060
13045  -29.999  -67.707  -29.711 0.3000000119
131571  -30.692  -68.471  -29.664 0.3000000119
11475  -26.965  -69.884  -31.970 0.4000000060
13052  -25.910  -67.375  -30.904 0.4000000060
145027  -26.679  -66.770  -30.117 0.4000000060
125484  -26.339  -67.468  -31.775 0.4000000060
9862  -19.605  -71.466  -32.440 0.6999999881
129691  -20.335  -71.393  -32.017 0.6999999881
9857  -21.144  -71.203  -31.569 0.6999999881
8335  -24.537  -73.177  -28.936 0.5000000000
147058  -17.993  -71.304  -32.650 0.6999999881
126232  -18.638  -71.616  -31.979 0.6999999881
9850  -21.252  -71.345  -30.560 0.8000000119
9842  -21.572  -71.582  -29.733 0.5000000000
152970  -21.049  -72.515  -29.204 0.6999999881
9090  -25.275  -71.843  -29.380 0.5000000000
125442  -19.401  -71.997  -30.334 0.6999999881
10621  -25.258  -70.950  -29.858 0.4000000060
138202  -26.318  -70.481  -30.882 0.5000000000
12261  -32.919  -68.563  -29.537 0.3000000119
146417  -21.212  -73.107  -28.610 0.6000000238
10635  -25.510  -70.507  -31.364 0.5000000000
11472  -26.654  -70.166  -31.071 0.5000000000
12260  -32.170  -68.712  -29.868 0.3000000119
9075  -22.493  -73.265  -27.385 0.5000000000
10636  -26.468  -70.283  -31.684 0.5000000000
10644  -26.576  -69.750  -33.137 0.4000000060
149226  -26.648  -70.076  -32.411 0.4000000060
125489  -26.983  -66.694  -31.524 0.4000000060
13900  -28.537  -66.672  -30.601 0.4000000060
13055  -29.588  -67.151  -30.408 0.4000000060
11488  -27.592  -69.390  -33.175 0.3000000119
125480  -28.345  -68.941  -32.486 0.4000000060
144236  -15.716  -69.134  -34.166 0.5000000000
126392  -16.533  -70.152  -33.595 0.6000000238
126228  -16.406  -69.760  -34.406 0.6000000238
144021  -18.183  -70.538  -34.153 0.6000000238
144018  -18.909  -71.383  -32.873 0.6000000238
126352  -16.524  -66.881  -32.317 0.5000000000
126491  -16.041  -67.955  -32.730 0.5000000000
148787  -16.749  -68.992  -31.774 0.6000000238
125430  -17.156  -71.045  -32.886 0.6000000238
144246  -17.619  -70.952  -33.336 0.6999999881
139807  -22.995  -71.471  -29.249 0.6000000238
13031  -35.467  -67.660  -27.781 0.3000000119
125445  -17.427  -66.992  -29.786 0.6999999881
125439  -16.826  -67.643  -31.555 0.6000000238
126702  -17.382  -68.457  -30.615 0.6000000238
125438  -16.674  -69.760  -32.248 0.6000000238
126481  -17.305  -71.038  -31.994 0.6999999881
126158  -18.484  -71.605  -31.172 0.6999999881
9858  -22.607  -70.808  -31.252 0.6000000238
10627  -23.081  -70.650  -30.523 0.6000000238
9845  -24.560  -71.357  -29.410 0.5000000000
144210  -17.204  -66.233  -29.640 0.6999999881
125432  -17.569  -68.048  -29.374 0.6000000238
144088  -17.408  -69.634  -30.887 0.6000000238
144169  -18.018  -71.070  -30.438 0.6999999881
144170  -18.866  -71.765  -29.819 0.6999999881
10629  -24.829  -70.575  -30.388 0.5000000000
11470  -33.473  -69.042  -28.936 0.3000000119
130436  -17.515  -66.324  -28.596 0.6999999881
125443  -17.600  -67.124  -28.920 0.6000000238
125431  -17.735  -68.079  -28.204 0.6999999881
125455  -18.289  -69.844  -29.071 0.6000000238
146470  -18.531  -70.657  -29.428 0.6000000238
9089  -20.493  -72.721  -28.912 0.6999999881
148600  -22.924  -70.798  -32.050 0.5000000000
10641  -23.768  -70.596  -32.415 0.5000000000
125471  -18.070  -68.648  -27.822 0.6000000238
126536  -18.549  -69.409  -28.276 0.6000000238
144250  -19.769  -71.888  -28.362 0.6000000238
126340  -20.688  -73.016  -28.385 0.6000000238
9063  -22.487  -73.308  -26.426 0.6000000238
144663  -18.363  -67.120  -27.392 0.6999999881
144102  -18.772  -68.280  -27.362 0.6000000238
125440  -17.835  -68.954  -28.540 0.6000000238
126609  -19.340  -70.279  -28.229 0.6000000238
126166  -19.689  -71.133  -27.936 0.5000000000
9812  -20.743  -71.472  -26.892 0.5000000000
9057  -22.214  -73.206  -25.736 0.5000000000
8315  -22.982  -73.966  -26.488 0.5000000000
10653  -24.541  -70.275  -33.101 0.5000000000
127149  -27.382  -68.971  -33.664 0.3000000119
126608  -28.256  -69.049  -33.221 0.3000000119
125482  -28.467  -68.963  -32.943 0.3000000119
125487  -27.751  -66.941  -31.755 0.4000000060
13914  -28.372  -66.763  -31.437 0.4000000060
8305  -22.540  -73.784  -25.832 0.5000000000
12278  -25.801  -68.835  -33.796 0.3000000119
127879  -26.658  -69.221  -33.555 0.3000000119
125486  -27.695  -68.154  -32.113 0.4000000060
144229  -16.602  -66.420  -32.869 0.5000000000
125458  -15.672  -67.562  -33.737 0.5000000000
125448  -15.801  -67.279  -34.265 0.5000000000
125459  -16.040  -67.477  -34.833 0.5000000000
126324  -17.012  -65.310  -31.198 0.5000000000
144209  -16.851  -66.209  -32.125 0.5000000000
125454  -15.570  -68.400  -33.720 0.5000000000
144099  -15.885  -68.744  -34.821 0.5000000000
125461  -17.944  -69.792  -34.896 0.6000000238
10659  -19.061  -69.940  -34.773 0.6000000238
126152  -16.989  -65.652  -31.372 0.5000000000
10648  -19.183  -70.943  -33.619 0.6000000238
9863  -21.096  -71.089  -32.492 0.8000000119
127773  -35.540  -66.422  -27.669 0.3000000119
15806  -16.632  -64.371  -30.066 0.6000000238
126292  -16.805  -65.324  -30.450 0.6000000238
143999  -16.946  -66.553  -31.470 0.6000000238
10656  -20.489  -70.184  -34.269 0.4000000060
14839  -36.167  -66.410  -28.063 0.3000000119
14831  -17.376  -65.501  -28.272 0.6999999881
10639  -21.773  -70.705  -33.184 0.5000000000
9864  -22.050  -70.956  -32.119 0.6000000238
13037  -35.735  -67.786  -28.279 0.3000000119
12263  -34.447  -68.143  -29.064 0.3000000119
125466  -17.784  -65.383  -27.360 0.6999999881
130535  -21.916  -70.109  -33.903 0.4000000060
12262  -33.658  -68.377  -29.291 0.3000000119
125419  -17.985  -66.339  -27.559 0.6000000238
10651  -22.550  -70.297  -33.513 0.4000000060
151160  -31.069  -68.325  -30.485 0.3000000119
146899  -18.311  -65.965  -26.877 0.6000000238
126613  -18.696  -66.726  -26.762 0.6999999881
145067  -19.267  -68.737  -27.211 0.6000000238
125465  -20.108  -69.887  -26.968 0.5000000000
10601  -20.600  -70.474  -26.490 0.5000000000
139758  -22.012  -72.499  -25.961 0.6000000238
11484  -22.705  -69.741  -33.992 0.4000000060
10652  -23.488  -70.194  -33.443 0.4000000060
13073  -25.401  -67.646  -33.890 0.3000000119
140794  -26.380  -68.223  -33.659 0.3000000119
126165  -27.609  -67.537  -34.020 0.3000000119
126254  -28.146  -68.478  -33.537 0.3000000119
125488  -28.941  -67.410  -32.371 0.4000000060
13056  -30.672  -67.934  -30.797 0.3000000119
126843  -19.842  -68.489  -25.846 0.6000000238
125469  -20.369  -69.699  -26.066 0.5000000000
10593  -20.791  -70.307  -25.640 0.5000000000
9805  -21.172  -71.051  -26.082 0.5000000000
9056  -21.856  -72.900  -25.274 0.5000000000
8304  -22.035  -73.625  -25.306 0.6000000238
7613  -22.137  -74.321  -25.445 0.5000000000
11494  -24.117  -68.979  -33.946 0.3000000119
147309  -24.979  -68.564  -33.867 0.3000000119
125446  -19.749  -69.062  -26.488 0.5000000000
129147  -21.170  -70.966  -25.222 0.5000000000
9050  -21.295  -72.616  -24.778 0.5000000000
8294  -20.577  -73.322  -24.414 0.5000000000
13894  -18.355  -65.770  -31.169 0.5000000000
14877  -17.553  -65.824  -31.652 0.5000000000
14894  -17.150  -66.136  -33.748 0.5000000000
14908  -17.421  -66.300  -34.267 0.5000000000
126568  -16.957  -66.704  -34.726 0.5000000000
127133  -16.964  -67.194  -35.047 0.5000000000
126810  -16.845  -64.260  -30.684 0.5000000000
14884  -16.840  -66.082  -32.798 0.5000000000
12281  -18.006  -68.115  -35.357 0.4000000060
144000  -16.805  -64.660  -30.780 0.5000000000
126867  -18.888  -69.281  -35.143 0.4000000060
14837  -34.640  -65.674  -27.431 0.3000000119
15788  -35.457  -64.365  -27.980 0.3000000119
15813  -16.618  -63.561  -30.571 0.6000000238
11489  -19.952  -69.898  -34.590 0.4000000060
15793  -16.604  -63.866  -29.297 0.6000000238
125463  -16.935  -64.772  -29.000 0.6000000238
13032  -35.996  -67.552  -28.015 0.3000000119
15780  -17.190  -64.494  -28.209 0.6000000238
10657  -21.314  -69.899  -34.308 0.4000000060
15781  -17.769  -64.490  -27.149 0.6000000238
11491  -21.770  -68.543  -34.803 0.4000000060
11492  -22.263  -69.127  -34.423 0.4000000060
13046  -33.742  -67.597  -29.791 0.3000000119
14820  -18.333  -65.286  -26.625 0.6999999881
11493  -23.079  -69.014  -34.151 0.3000000119
12277  -24.346  -67.852  -34.136 0.3000000119
13908  -18.629  -66.168  -31.784 0.5000000000
128273  -17.070  -65.989  -33.138 0.5000000000
13930  -17.879  -66.032  -33.209 0.5000000000
14909  -18.400  -65.954  -34.369 0.4000000060
14865  -17.550  -65.072  -31.037 0.5000000000
13939  -18.697  -66.044  -34.814 0.4000000060
13082  -17.673  -67.490  -35.205 0.4000000060
14854  -18.438  -64.823  -30.219 0.6000000238
13084  -19.561  -67.460  -35.286 0.4000000060
12283  -20.123  -68.319  -35.262 0.4000000060
15800  -37.193  -65.228  -28.753 0.3000000119
14848  -36.299  -65.340  -28.356 0.3000000119
134465  -17.139  -63.452  -28.126 0.6000000238
11495  -19.906  -69.276  -34.945 0.4000000060
11490  -20.724  -69.581  -34.624 0.4000000060
13078  -22.915  -67.382  -34.755 0.4000000060
12280  -23.421  -68.138  -34.343 0.3000000119
13079  -23.716  -67.240  -34.604 0.3000000119
15768  -18.413  -64.545  -26.303 0.6000000238
13895  -19.271  -66.141  -30.863 0.5000000000
133194  -18.484  -66.073  -32.635 0.5000000000
13921  -19.380  -66.167  -32.449 0.4000000060
13931  -18.923  -65.832  -33.387 0.4000000060
13882  -19.782  -65.988  -30.054 0.5000000000
14910  -19.427  -65.593  -34.466 0.4000000060
15814  -17.318  -64.046  -30.562 0.6000000238
15807  -18.404  -63.903  -29.767 0.6000000238
142628  -19.218  -64.714  -29.550 0.6000000238
143665  -19.676  -65.932  -34.922 0.4000000060
16805  -16.301  -62.829  -30.541 0.6000000238
16807  -17.207  -63.001  -30.584 0.6000000238
13946  -20.687  -66.169  -34.967 0.4000000060
13085  -20.539  -67.271  -35.236 0.4000000060
17823  -16.013  -62.461  -30.261 0.6000000238
12284  -21.203  -67.957  -35.104 0.4000000060
13077  -22.408  -66.721  -34.960 0.4000000060
12285  -22.086  -67.655  -34.978 0.4000000060
143804  -23.359  -66.389  -34.884 0.4000000060
13038  -36.219  -67.173  -28.472 0.3000000119
147193  -36.940  -65.974  -28.847 0.3000000119
16781  -16.285  -62.240  -28.895 0.6000000238
13059  -33.762  -66.964  -30.240 0.3000000119
13048  -35.738  -67.409  -29.054 0.3000000119
16782  -17.960  -63.576  -26.771 0.6000000238
15756  -18.622  -63.957  -25.826 0.6000000238
139259  -18.014  -62.553  -26.865 0.6999999881
18819  -16.961  -60.359  -28.556 0.6999999881
16746  -18.388  -63.125  -25.938 0.6000000238
17796  -18.067  -61.721  -26.882 0.6999999881
138579  -17.383  -59.584  -27.878 0.6999999881
17779  -18.407  -62.285  -26.008 0.6000000238
143714  -17.842  -59.448  -29.008 0.6999999881
20904  -18.568  -59.136  -28.420 0.6000000238
135376  -18.527  -61.255  -26.176 0.6999999881
129303  -17.571  -59.002  -27.991 0.6999999881
13909  -19.793  -66.373  -31.554 0.5000000000
14855  -19.451  -65.403  -29.744 0.5000000000
14857  -21.168  -65.971  -29.099 0.5000000000
13883  -20.711  -66.216  -29.838 0.5000000000
13910  -20.777  -66.295  -31.447 0.5000000000
13923  -21.190  -65.912  -32.315 0.4000000060
14896  -19.713  -65.357  -34.004 0.4000000060
133932  -19.149  -63.427  -29.197 0.6000000238
15794  -19.572  -64.230  -29.063 0.6000000238
14842  -20.001  -65.028  -29.149 0.6000000238
14844  -21.611  -65.689  -28.391 0.6000000238
143551  -20.204  -65.260  -34.295 0.4000000060
137764  -17.134  -62.373  -30.670 0.6000000238
16783  -20.902  -64.173  -27.963 0.6000000238
15782  -21.577  -64.713  -27.676 0.6000000238
14911  -21.015  -65.327  -34.401 0.4000000060
17833  -16.193  -61.902  -30.259 0.6000000238
17834  -17.189  -61.809  -30.407 0.6000000238
16797  -19.272  -62.587  -29.024 0.6000000238
17815  -20.722  -63.126  -27.843 0.6000000238
15770  -21.549  -63.839  -27.367 0.6000000238
13941  -21.764  -66.063  -34.810 0.4000000060
15836  -24.747  -64.887  -33.857 0.4000000060
18837  -16.979  -61.341  -29.985 0.6000000238
17835  -18.556  -61.589  -29.671 0.6000000238
152943  -20.308  -61.660  -28.715 0.6000000238
17816  -21.397  -62.753  -27.392 0.6000000238
17798  -22.481  -62.816  -26.218 0.6000000238
14913  -23.114  -65.581  -34.611 0.4000000060
14901  -24.442  -65.293  -34.452 0.4000000060
17813  -16.397  -61.392  -29.319 0.6000000238
18830  -19.219  -60.594  -29.587 0.5000000000
18831  -20.391  -61.059  -28.915 0.6000000238
130539  -21.530  -61.917  -27.602 0.6000000238
17797  -22.027  -62.365  -26.978 0.6000000238
17782  -23.843  -62.461  -24.709 0.6999999881
147126  -17.381  -62.710  -27.705 0.6999999881
19896  -17.302  -60.653  -29.499 0.6000000238
18821  -21.232  -61.196  -28.105 0.6000000238
18804  -23.634  -62.056  -25.413 0.6000000238
18794  -24.419  -62.255  -24.276 0.6000000238
18770  -26.390  -61.564  -22.379 0.6000000238
18822  -22.113  -61.313  -27.378 0.6000000238
18813  -23.463  -61.445  -26.349 0.6000000238
147220  -24.920  -61.427  -24.951 0.6000000238
18783  -25.975  -61.395  -22.989 0.6000000238
19885  -19.017  -59.687  -29.405 0.6000000238
19887  -20.828  -60.563  -28.459 0.6000000238
152878  -23.448  -60.746  -26.723 0.5000000000
18806  -25.200  -60.992  -25.815 0.6000000238
19816  -26.501  -60.735  -23.868 0.6000000238
19875  -22.523  -60.224  -27.393 0.5000000000
141345  -18.149  -59.986  -26.761 0.6999999881
20890  -18.122  -58.667  -27.703 0.6999999881
20892  -20.531  -59.142  -27.683 0.5000000000
20893  -22.050  -59.442  -27.625 0.6000000238
19864  -23.287  -60.132  -27.002 0.5000000000
19866  -25.044  -60.463  -26.158 0.5000000000
20894  -22.903  -59.287  -27.356 0.6000000238
24763  -17.187  -54.998  -18.733 0.6000000238
24764  -17.873  -55.634  -19.171 0.6000000238
25874  -17.883  -54.017  -20.499 0.6000000238
13896  -20.258  -66.342  -30.662 0.5000000000
13876  -22.034  -66.079  -28.878 0.5000000000
13897  -21.225  -66.352  -30.574 0.5000000000
151274  -22.356  -65.889  -31.951 0.5000000000
14887  -21.437  -65.323  -33.261 0.4000000060
15771  -22.326  -64.051  -26.844 0.5000000000
14832  -21.973  -65.337  -27.776 0.5000000000
14821  -23.263  -64.904  -26.921 0.5000000000
14888  -22.308  -65.179  -33.352 0.4000000060
14889  -23.649  -65.178  -32.656 0.4000000060
147619  -22.707  -64.676  -27.002 0.5000000000
15759  -24.464  -64.141  -25.536 0.5000000000
14912  -22.169  -65.538  -34.379 0.4000000060
133937  -23.126  -64.921  -33.485 0.4000000060
137555  -24.039  -65.071  -33.638 0.4000000060
16748  -23.051  -63.148  -25.627 0.5000000000
16724  -24.688  -63.387  -24.142 0.5000000000
16769  -23.292  -63.809  -25.880 0.5000000000
14900  -23.575  -65.191  -34.294 0.4000000060
17767  -24.007  -63.071  -24.398 0.6000000238
16705  -25.226  -63.167  -23.498 0.6000000238
18781  -24.911  -62.408  -23.692 0.6000000238
16694  -25.732  -62.727  -22.992 0.5000000000
18761  -26.912  -60.997  -21.876 0.4000000060
19765  -28.151  -60.952  -20.965 0.4000000060
18753  -28.883  -61.064  -20.878 0.4000000060
19817  -27.411  -59.925  -24.618 0.6000000238
19796  -26.763  -60.568  -22.944 0.6000000238
20794  -27.944  -60.135  -20.773 0.5000000000
19749  -29.119  -60.061  -19.927 0.4000000060
21792  -29.384  -58.944  -19.106 0.4000000060
151684  -18.984  -61.350  -25.437 0.6999999881
19834  -26.710  -60.451  -25.164 0.6000000238
20809  -27.746  -59.423  -21.723 0.5000000000
21791  -28.598  -58.467  -19.437 0.4000000060
21909  -19.879  -58.484  -27.126 0.6000000238
20882  -24.632  -59.834  -26.202 0.5000000000
152444  -25.654  -59.976  -26.313 0.5000000000
20823  -28.172  -58.700  -23.250 0.5000000000
139687  -28.059  -58.072  -21.138 0.5000000000
128313  -28.177  -58.786  -20.123 0.4000000060
22808  -28.901  -57.231  -18.896 0.4000000060
21911  -22.287  -58.540  -27.410 0.6000000238
21887  -27.444  -59.309  -25.642 0.5000000000
22793  -17.532  -57.077  -17.492 0.6999999881
23789  -18.038  -56.852  -18.071 0.6000000238
22794  -18.249  -57.518  -17.609 0.6999999881
23795  -18.412  -56.537  -18.845 0.6000000238
127750  -19.127  -58.544  -17.114 0.6000000238
24776  -18.348  -54.860  -20.114 0.6000000238
22805  -19.378  -57.677  -18.618 0.6000000238
151001  -19.549  -58.594  -17.713 0.6000000238
147887  -19.828  -59.149  -17.139 0.6000000238
20724  -21.396  -59.960  -16.767 0.6000000238
24788  -18.497  -54.402  -20.813 0.5000000000
23807  -19.523  -56.210  -20.177 0.6000000238
22806  -20.060  -57.757  -19.151 0.6000000238
21772  -20.446  -58.547  -18.713 0.6000000238
20741  -20.837  -59.466  -17.499 0.6000000238
13911  -21.798  -66.180  -31.512 0.5000000000
25892  -18.592  -54.425  -21.549 0.5000000000
24777  -19.042  -55.230  -20.564 0.5000000000
21788  -20.721  -58.366  -19.490 0.5000000000
20758  -21.583  -59.581  -18.248 0.5000000000
14845  -22.434  -65.750  -28.147 0.4000000060
14846  -23.321  -65.642  -27.995 0.5000000000
14867  -23.546  -65.729  -30.932 0.5000000000
14878  -22.815  -65.378  -32.482 0.4000000060
23818  -19.573  -55.600  -21.135 0.5000000000
23819  -20.025  -56.510  -20.850 0.5000000000
146788  -21.543  -58.876  -19.795 0.5000000000
20772  -21.864  -59.365  -19.054 0.5000000000
14834  -23.460  -65.283  -27.350 0.5000000000
14879  -24.169  -65.208  -31.543 0.4000000060
15821  -24.818  -64.410  -31.412 0.4000000060
15822  -25.322  -63.652  -31.726 0.4000000060
25909  -19.032  -54.665  -22.097 0.5000000000
22848  -20.531  -56.785  -21.564 0.5000000000
22835  -20.492  -57.355  -20.576 0.6000000238
21801  -21.543  -58.546  -20.702 0.6000000238
129637  -24.542  -64.608  -32.215 0.4000000060
23845  -20.418  -55.433  -23.303 0.6000000238
22863  -20.746  -56.579  -22.500 0.6000000238
22836  -20.987  -57.780  -21.065 0.6999999881
16725  -25.531  -63.518  -24.058 0.4000000060
16706  -25.905  -63.214  -23.301 0.5000000000
20834  -19.284  -58.841  -23.640 0.6000000238
17742  -26.950  -62.388  -22.355 0.5000000000
148650  -29.067  -61.368  -21.491 0.4000000060
133833  -19.311  -59.689  -24.074 0.6000000238
17736  -27.619  -61.853  -21.964 0.4000000060
19852  -18.964  -59.467  -25.202 0.6000000238
20864  -18.192  -58.323  -26.765 0.6000000238
19750  -29.733  -60.039  -20.001 0.4000000060
21897  -20.616  -57.745  -26.787 0.6000000238
19863  -17.988  -58.947  -27.309 0.6999999881
21899  -22.407  -58.154  -26.982 0.6000000238
21900  -23.051  -58.806  -26.516 0.6000000238
20881  -23.542  -59.477  -26.649 0.5000000000
20867  -25.376  -59.509  -26.061 0.5000000000
22782  -17.707  -57.790  -17.027 0.6999999881
21744  -18.643  -58.655  -16.487 0.6999999881
20706  -19.408  -59.671  -15.501 0.6000000238
20722  -19.656  -59.485  -16.295 0.6000000238
19688  -20.821  -60.328  -15.291 0.6000000238
19705  -21.104  -60.175  -16.001 0.6000000238
19690  -22.584  -60.425  -15.636 0.6999999881
19707  -22.795  -60.383  -16.409 0.6000000238
20742  -21.674  -59.856  -17.424 0.6000000238
14847  -24.134  -65.460  -28.369 0.5000000000
144651  -23.598  -65.696  -28.829 0.5000000000
13886  -22.898  -66.062  -30.448 0.5000000000
14858  -24.226  -65.434  -29.404 0.5000000000
20743  -22.352  -60.065  -17.736 0.6000000238
19721  -22.940  -60.253  -17.231 0.5000000000
14868  -24.239  -65.316  -30.550 0.5000000000
15816  -25.354  -64.007  -30.809 0.4000000060
21789  -22.253  -59.298  -20.462 0.6000000238
133062  -22.446  -59.594  -19.583 0.6000000238
19722  -23.632  -60.132  -17.645 0.5000000000
14822  -23.869  -64.999  -26.873 0.5000000000
21834  -19.249  -58.139  -23.073 0.6000000238
22881  -19.171  -56.561  -24.372 0.4000000060
24832  -19.925  -54.830  -24.157 0.6000000238
22849  -21.052  -57.501  -21.912 0.6000000238
21818  -21.507  -58.283  -21.516 0.6000000238
19747  -23.347  -60.062  -19.309 0.6000000238
16726  -26.433  -63.427  -24.032 0.4000000060
16752  -26.202  -63.697  -24.972 0.4000000060
131572  -18.810  -57.013  -25.094 0.5000000000
23869  -19.962  -55.292  -24.545 0.5000000000
23860  -20.717  -55.989  -24.037 0.6000000238
23846  -20.886  -56.471  -23.203 0.6999999881
21835  -21.927  -58.249  -23.022 0.6000000238
21819  -22.006  -58.692  -22.076 0.6000000238
20790  -22.978  -59.477  -21.098 0.6000000238
16707  -26.608  -63.142  -23.351 0.5000000000
21850  -19.034  -57.688  -24.279 0.6000000238
23871  -21.011  -56.234  -24.916 0.6000000238
22900  -21.334  -56.832  -24.299 0.6000000238
21836  -22.516  -58.986  -22.589 0.6000000238
20807  -23.544  -59.542  -21.810 0.6000000238
20791  -23.960  -59.952  -20.952 0.6000000238
17743  -27.764  -62.280  -22.569 0.4000000060
133180  -18.643  -57.674  -25.451 0.5000000000
22912  -19.660  -56.808  -25.621 0.6000000238
22901  -21.598  -57.250  -24.968 0.6000000238
20835  -22.770  -59.103  -23.445 0.6000000238
20821  -23.888  -59.370  -22.468 0.6000000238
20865  -18.459  -58.370  -25.864 0.6000000238
21884  -18.544  -57.664  -26.346 0.6000000238
22924  -20.031  -57.242  -26.203 0.6000000238
22915  -21.900  -57.542  -25.741 0.6000000238
21865  -22.285  -58.274  -24.863 0.6000000238
21885  -22.460  -58.165  -26.101 0.6000000238
21898  -21.804  -57.709  -27.073 0.6000000238
20866  -24.056  -59.309  -25.886 0.5000000000
20853  -26.075  -59.050  -25.847 0.5000000000
21743  -17.172  -58.300  -16.599 0.6999999881
145330  -18.253  -58.921  -15.872 0.6999999881
148708  -15.744  -59.081  -16.101 0.6999999881
20703  -17.004  -59.661  -15.607 0.6999999881
20704  -17.913  -59.346  -15.273 0.6999999881
20705  -18.606  -59.421  -15.265 0.6999999881
19687  -20.047  -60.172  -15.023 0.6000000238
19673  -20.727  -60.499  -14.612 0.6000000238
19675  -22.151  -60.481  -13.971 0.5000000000
19689  -21.706  -60.476  -15.320 0.6999999881
133433  -22.347  -60.430  -14.833 0.5000000000
19691  -23.261  -60.348  -15.977 0.5000000000
151435  -23.746  -60.068  -16.311 0.5000000000
15797  -24.752  -65.089  -27.880 0.4000000060
15808  -24.832  -65.019  -28.945 0.5000000000
147278  -25.863  -63.946  -29.306 0.5000000000
15809  -25.399  -64.322  -29.656 0.5000000000
16809  -25.891  -63.736  -30.246 0.4000000060
15774  -25.105  -64.422  -26.242 0.4000000060
15798  -25.502  -64.422  -28.488 0.4000000060
19733  -24.033  -60.169  -18.364 0.6000000238
20773  -23.962  -60.105  -19.875 0.6000000238
20774  -24.321  -59.967  -19.457 0.6000000238
20808  -24.281  -59.549  -21.811 0.6000000238
20793  -24.518  -59.737  -20.206 0.6000000238
20851  -23.484  -59.054  -24.537 0.6000000238
20836  -23.586  -59.135  -23.290 0.6000000238
20792  -24.876  -59.406  -21.143 0.6000000238
21866  -22.988  -58.939  -25.353 0.6000000238
145989  -24.468  -59.197  -22.346 0.5000000000
20852  -24.816  -58.988  -25.325 0.6000000238
20837  -24.348  -58.757  -24.018 0.5000000000
21867  -25.475  -58.633  -24.653 0.5000000000
21727  -15.322  -59.676  -15.482 0.6999999881
19686  -16.400  -60.360  -14.996 0.6999999881
19670  -17.816  -60.522  -14.178 0.6999999881
20686  -18.299  -60.137  -14.650 0.6999999881
19658  -19.340  -60.655  -13.480 0.6000000238
19672  -19.876  -60.589  -14.179 0.6999999881
146437  -20.825  -60.698  -13.813 0.4000000060
20701  -14.546  -59.935  -14.848 0.6999999881
19668  -15.814  -60.853  -14.300 0.6999999881
19656  -17.244  -60.574  -13.567 0.6000000238
19657  -18.462  -60.496  -13.409 0.6000000238
19659  -21.461  -60.620  -13.630 0.5000000000
21715  -13.738  -59.534  -14.556 0.6999999881
20683  -14.209  -60.017  -13.980 0.6999999881
20672  -22.636  -59.885  -13.472 0.5000000000
20669  -13.440  -59.310  -13.597 0.6999999881
149717  -23.274  -59.531  -14.128 0.5000000000
126223  -12.683  -59.123  -13.368 0.6000000238
125561  -12.213  -58.561  -12.801 0.6000000238
22746  -11.787  -57.899  -12.557 0.6000000238
133367  -10.708  -56.321  -12.860 0.5000000000
25815  -11.673  -55.090  -13.256 0.5000000000
15799  -26.235  -63.881  -28.590 0.4000000060
16799  -27.100  -63.458  -28.690 0.4000000060
134533  -25.347  -58.546  -21.693 0.6000000238
19642  -19.268  -60.899  -12.356 0.5000000000
149614  -20.133  -60.864  -13.167 0.5000000000
19654  -15.569  -60.776  -13.605 0.6000000238
153647  -16.659  -60.652  -13.263 0.6000000238
19625  -17.990  -60.036  -12.103 0.6000000238
141762  -18.594  -60.738  -11.690 0.6000000238
19643  -20.343  -61.305  -12.208 0.5000000000
136899  -21.034  -60.964  -12.877 0.5000000000
130389  -22.253  -59.909  -12.699 0.5000000000
20670  -14.254  -59.529  -13.290 0.6999999881
19639  -15.547  -60.240  -12.891 0.6000000238
20662  -16.285  -60.009  -12.414 0.6000000238
20649  -17.116  -59.604  -12.049 0.6000000238
21680  -18.074  -58.852  -11.228 0.6000000238
20664  -22.792  -59.313  -12.720 0.5000000000
126365  -13.793  -58.842  -12.833 0.6999999881
21689  -15.027  -58.835  -12.306 0.6000000238
21690  -15.803  -58.587  -12.016 0.6000000238
22726  -16.633  -58.314  -11.729 0.6000000238
22727  -17.490  -58.041  -11.435 0.6000000238
125567  -13.504  -57.946  -12.589 0.6000000238
129844  -14.357  -58.331  -12.449 0.6000000238
151212  -14.952  -57.198  -12.280 0.6000000238
22738  -16.077  -57.631  -12.007 0.6000000238
126178  -13.049  -57.068  -13.042 0.6000000238
126707  -13.093  -56.499  -13.843 0.6000000238
23734  -14.734  -56.455  -12.394 0.6000000238
142878  -15.839  -56.159  -12.368 0.6000000238
126309  -12.838  -56.403  -13.749 0.5000000000
146162  -11.773  -56.142  -12.804 0.5000000000
125568  -13.054  -55.946  -14.104 0.5000000000
153289  -14.507  -55.573  -12.554 0.6000000238
24707  -15.364  -55.526  -12.578 0.6000000238
131180  -27.680  -63.019  -28.258 0.4000000060
25813  -9.862  -54.828  -13.486 0.5000000000
127277  -12.560  -55.458  -13.819 0.5000000000
25797  -13.907  -55.107  -12.710 0.6000000238
25798  -14.835  -54.923  -12.767 0.6000000238
26916  -10.609  -53.136  -14.324 0.5000000000
26905  -12.104  -53.659  -13.884 0.5000000000
25816  -12.491  -54.773  -13.702 0.4000000060
25817  -13.356  -54.486  -13.263 0.5000000000
25818  -14.291  -54.450  -12.939 0.6000000238
19628  -20.170  -61.205  -11.439 0.6000000238
20651  -21.484  -59.928  -10.894 0.5000000000
19645  -21.702  -60.410  -12.232 0.5000000000
19614  -18.800  -60.756  -10.770 0.6000000238
20638  -20.081  -60.110  -10.277 0.5000000000
20663  -22.288  -59.478  -12.037 0.5000000000
21668  -18.770  -58.653  -10.716 0.6999999881
21669  -19.539  -58.388  -10.200 0.6999999881
23727  -16.917  -57.312  -11.723 0.6000000238
138786  -18.333  -57.799  -11.104 0.6999999881
23737  -17.124  -56.312  -11.892 0.6000000238
134696  -17.849  -56.870  -11.473 0.6999999881
132637  -16.576  -55.965  -12.229 0.6000000238
24699  -17.791  -55.794  -11.686 0.6999999881
25799  -15.782  -54.725  -12.794 0.6000000238
24709  -17.155  -55.344  -12.217 0.6999999881
150556  -9.972  -52.050  -14.900 0.5000000000
26917  -11.426  -52.947  -14.435 0.5000000000
149763  -12.630  -53.365  -13.832 0.4000000060
26907  -14.378  -53.678  -13.348 0.6000000238
26890  -16.158  -53.821  -13.157 0.6000000238
28846  -11.381  -51.899  -15.747 0.5000000000
27904  -13.010  -52.679  -13.872 0.4000000060
27905  -14.021  -52.825  -13.726 0.5000000000
20652  -22.121  -59.351  -11.163 0.5000000000
20640  -21.829  -59.308  -10.407 0.5000000000
139653  -20.060  -59.261  -9.974 0.6000000238
129615  -20.399  -58.233  -9.716 0.5000000000
21663  -21.337  -58.141  -9.542 0.5000000000
22718  -19.046  -57.632  -10.600 0.6999999881
23728  -18.641  -56.879  -10.979 0.6999999881
144680  -18.312  -55.358  -11.490 0.6000000238
26891  -17.132  -53.745  -12.911 0.6999999881
25785  -17.889  -54.953  -11.847 0.6000000238
145458  -15.350  -53.525  -13.405 0.6000000238
26908  -16.766  -52.977  -13.433 0.6000000238
28836  -12.002  -51.551  -15.397 0.5000000000
27915  -13.597  -51.924  -14.011 0.4000000060
27906  -15.004  -52.923  -13.739 0.6000000238
29667  -13.135  -50.450  -14.096 0.4000000060
28837  -12.832  -51.242  -14.389 0.4000000060
143370  -14.365  -51.568  -14.112 0.5000000000
27916  -14.643  -52.197  -13.997 0.5000000000
140504  -19.837  -57.330  -10.080 0.6000000238
147077  -21.146  -56.760  -9.526 0.5000000000
23721  -19.666  -56.401  -10.357 0.6000000238
23722  -20.421  -56.490  -9.903 0.5000000000
24700  -18.858  -55.413  -11.095 0.6000000238
25786  -18.578  -54.606  -11.435 0.6000000238
151536  -19.735  -54.237  -10.780 0.5000000000
26879  -18.501  -53.574  -11.632 0.6000000238
26892  -17.782  -53.602  -12.317 0.6999999881
27896  -18.112  -52.672  -12.101 0.5000000000
129778  -15.904  -52.975  -13.662 0.6000000238
149384  -16.089  -51.890  -14.239 0.5000000000
29668  -14.151  -50.337  -14.079 0.4000000060
28840  -15.838  -51.506  -14.404 0.5000000000
29595  -15.424  -50.715  -9.817 0.4000000060
29596  -16.138  -50.432  -9.595 0.3000000119
30464  -15.452  -49.788  -9.897 0.4000000060
25765  -20.855  -54.810  -9.981 0.5000000000
30485  -14.510  -49.550  -10.219 0.3000000119
30486  -15.057  -48.900  -10.122 0.4000000060
26880  -19.192  -53.982  -11.132 0.5000000000
139411  -20.373  -54.095  -10.474 0.5000000000
31400  -12.571  -47.929  -10.634 0.3000000119
137198  -14.149  -48.665  -10.426 0.4000000060
27884  -19.274  -53.175  -11.235 0.5000000000
32420  -11.825  -47.471  -11.415 0.3000000119
27908  -17.080  -52.040  -13.576 0.6999999881
27895  -17.696  -52.013  -12.834 0.6000000238
29669  -15.471  -50.883  -14.525 0.5000000000
28827  -16.936  -51.214  -13.827 0.5000000000
147187  -16.219  -50.143  -14.644 0.4000000060
29657  -17.078  -50.592  -13.744 0.4000000060
28742  -17.342  -51.550  -7.238 0.3000000119
28766  -16.688  -50.999  -9.185 0.3000000119
30466  -17.277  -49.918  -9.263 0.3000000119
30465  -16.470  -49.594  -9.594 0.3000000119
140801  -15.815  -49.044  -9.890 0.4000000060
26865  -20.663  -53.206  -10.451 0.5000000000
145860  -13.838  -47.874  -10.626 0.4000000060
31402  -14.783  -47.980  -10.489 0.4000000060
27869  -19.989  -52.755  -10.966 0.5000000000
33408  -13.480  -46.956  -11.357 0.4000000060
33409  -14.505  -46.754  -11.332 0.4000000060
27883  -18.687  -52.050  -11.662 0.5000000000
27885  -20.021  -51.967  -11.076 0.5000000000
33431  -13.253  -46.738  -11.964 0.4000000060
28804  -18.575  -51.119  -11.769 0.5000000000
28828  -17.395  -51.291  -13.354 0.5000000000
28818  -17.863  -51.190  -12.561 0.5000000000
30541  -14.555  -49.530  -14.080 0.3000000119
30542  -15.559  -49.495  -14.690 0.4000000060
29671  -16.721  -49.825  -14.258 0.4000000060
29648  -18.131  -50.357  -12.302 0.4000000060
28738  -17.183  -51.391  -6.254 0.3000000119
29577  -17.467  -50.621  -8.782 0.3000000119
142706  -17.383  -49.111  -9.400 0.4000000060
31380  -16.456  -48.626  -9.752 0.4000000060
26852  -22.624  -53.792  -9.499 0.4000000060
32393  -16.360  -47.551  -9.960 0.4000000060
140028  -22.147  -53.057  -9.737 0.4000000060
130998  -14.991  -47.246  -10.874 0.4000000060
32409  -15.575  -47.427  -10.419 0.4000000060
27871  -21.376  -52.596  -10.101 0.4000000060
33410  -15.543  -46.640  -10.967 0.4000000060
28805  -19.372  -51.572  -11.362 0.5000000000
128299  -13.517  -46.712  -11.723 0.4000000060
136545  -14.499  -46.755  -13.151 0.3000000119
29634  -19.396  -50.711  -11.355 0.5000000000
31450  -16.395  -48.334  -14.788 0.3000000119
147931  -17.730  -50.853  -6.745 0.3000000119
30451  -18.616  -49.940  -7.964 0.3000000119
30450  -18.045  -49.850  -8.815 0.3000000119
31359  -17.882  -48.365  -9.330 0.4000000060
32394  -17.331  -47.465  -9.676 0.4000000060
140887  -17.760  -46.686  -9.672 0.3000000119
136465  -23.579  -52.986  -9.460 0.4000000060
27851  -25.479  -52.347  -10.017 0.4000000060
32410  -16.021  -46.675  -10.294 0.4000000060
27847  -22.199  -52.132  -9.777 0.4000000060
27870  -20.641  -52.180  -10.586 0.4000000060
34408  -14.697  -45.790  -12.079 0.3000000119
28806  -20.151  -51.136  -11.038 0.4000000060
33442  -14.411  -46.326  -12.696 0.3000000119
34417  -14.754  -45.745  -12.524 0.3000000119
33451  -15.683  -46.673  -14.100 0.3000000119
30516  -17.760  -49.556  -12.885 0.4000000060
151080  -17.824  -50.097  -5.684 0.3000000119
140476  -18.615  -49.371  -8.463 0.4000000060
31360  -18.763  -48.559  -8.673 0.4000000060
32395  -18.299  -47.656  -9.298 0.4000000060
27852  -26.118  -51.935  -10.191 0.4000000060
28770  -24.494  -51.644  -9.591 0.4000000060
33396  -17.344  -45.671  -10.065 0.4000000060
28768  -22.808  -51.433  -9.657 0.4000000060
33411  -16.255  -45.980  -10.478 0.4000000060
28793  -21.395  -51.714  -10.175 0.4000000060
34400  -15.818  -45.852  -11.314 0.3000000119
29620  -21.426  -50.857  -10.242 0.4000000060
34428  -15.327  -45.327  -13.059 0.3000000119
29635  -20.054  -50.214  -11.105 0.5000000000
33443  -15.047  -46.181  -13.325 0.3000000119
33444  -15.805  -45.917  -13.790 0.3000000119
30506  -19.830  -49.449  -11.200 0.5000000000
31440  -17.449  -48.140  -13.984 0.3000000119
30504  -18.423  -49.501  -12.000 0.4000000060
30544  -16.688  -49.012  -14.541 0.4000000060
30424  -18.798  -49.562  -6.309 0.3000000119
33397  -18.414  -45.983  -9.595 0.3000000119
150173  -26.041  -51.495  -9.910 0.4000000060
34387  -16.794  -45.474  -10.458 0.3000000119
28769  -23.647  -51.556  -9.538 0.4000000060
130374  -25.071  -50.969  -9.575 0.3000000119
34401  -16.639  -45.397  -10.711 0.3000000119
29598  -22.041  -50.371  -9.964 0.4000000060
130022  -24.177  -50.850  -9.532 0.4000000060
35418  -16.510  -44.527  -13.087 0.3000000119
138954  -16.720  -45.025  -13.606 0.3000000119
30487  -20.529  -49.525  -10.845 0.4000000060
33452  -16.279  -46.667  -14.438 0.3000000119
139062  -17.999  -46.882  -13.369 0.3000000119
32445  -17.875  -47.660  -13.253 0.3000000119
138078  -19.254  -48.036  -11.454 0.3000000119
34388  -17.221  -45.011  -10.445 0.3000000119
141265  -18.110  -44.284  -10.057 0.3000000119
34402  -17.202  -45.001  -10.473 0.3000000119
131705  -24.794  -50.179  -9.448 0.3000000119
132730  -23.852  -50.009  -9.545 0.4000000060
35410  -17.729  -43.702  -12.889 0.3000000119
30489  -21.936  -49.574  -10.100 0.4000000060
147850  -22.824  -49.765  -9.728 0.4000000060
135919  -17.285  -45.506  -13.844 0.3000000119
33446  -17.814  -46.280  -13.733 0.3000000119
31418  -20.272  -48.761  -11.045 0.3000000119
32422  -18.792  -47.620  -11.834 0.3000000119
36366  -18.347  -43.032  -12.483 0.3000000119
35420  -18.191  -44.308  -13.279 0.3000000119
31382  -23.081  -48.698  -9.679 0.3000000119
31383  -23.857  -48.561  -9.407 0.3000000119
34430  -18.209  -45.317  -13.463 0.3000000119
31403  -20.974  -48.777  -10.637 0.3000000119
32432  -18.451  -47.071  -12.702 0.3000000119
149601  -19.973  -48.012  -11.233 0.3000000119
36367  -18.994  -42.764  -12.684 0.3000000119
37342  -19.346  -41.972  -12.273 0.3000000119
139949  -19.037  -44.715  -13.121 0.3000000119
32396  -22.598  -47.976  -9.926 0.3000000119
35412  -19.509  -43.822  -12.758 0.3000000119
37329  -20.160  -41.958  -11.985 0.3000000119
31441  -17.761  -48.571  -13.160 0.4000000060
32449  -15.891  -47.573  -14.642 0.3000000119
33453  -16.888  -47.077  -14.520 0.3000000119
9851  -22.324  -70.978  -30.311 0.6000000238
9844  -23.743  -71.344  -29.313 0.5000000000
133620  -23.928  -72.723  -28.647 0.5000000000
8334  -23.515  -73.683  -28.247 0.5000000000
9831  -24.163  -71.929  -28.980 0.5000000000
9856  -20.121  -71.544  -30.987 0.6999999881
9869  -20.756  -70.951  -33.225 0.6999999881
144011  -18.873  -71.975  -30.292 0.6999999881
9841  -20.306  -71.924  -29.791 0.6999999881
9846  -26.134  -71.600  -29.792 0.4000000060
126987  -19.778  -72.183  -29.285 0.6999999881
10634  -24.386  -70.573  -31.359 0.5000000000
13058  -32.875  -67.166  -30.435 0.3000000119
137405  -25.310  -70.293  -32.853 0.5000000000
11486  -24.412  -69.767  -33.647 0.3000000119
126869  -17.909  -68.946  -35.232 0.6000000238
143987  -16.995  -70.589  -33.891 0.6000000238
143988  -16.962  -68.205  -35.096 0.5000000000
126533  -17.308  -67.296  -30.531 0.6000000238
144069  -17.993  -71.323  -31.247 0.6999999881
12247  -35.473  -68.008  -27.975 0.3000000119
125447  -17.866  -69.324  -29.793 0.6000000238
146731  -17.907  -70.184  -30.413 0.6000000238
126285  -18.518  -71.554  -30.498 0.6999999881
10640  -22.771  -70.668  -32.840 0.5000000000
10620  -24.252  -70.754  -29.761 0.5000000000
126414  -18.892  -71.252  -29.315 0.6000000238
144101  -20.279  -72.466  -28.178 0.6999999881
125427  -19.423  -69.453  -27.566 0.5000000000
9813  -21.463  -71.991  -26.486 0.5000000000
13057  -32.039  -67.239  -31.000 0.3000000119
143952  -19.264  -67.372  -26.304 0.6000000238
9806  -21.564  -71.673  -25.671 0.5000000000
125483  -28.512  -68.124  -33.119 0.3000000119
10650  -21.093  -70.461  -33.831 0.5000000000
9801  -21.309  -71.744  -24.877 0.5000000000
145196  -19.934  -66.653  -35.167 0.4000000060
14849  -36.674  -66.067  -28.625 0.3000000119
16808  -18.103  -62.698  -29.817 0.6000000238
17814  -17.228  -61.646  -27.960 0.6999999881
19897  -18.201  -60.080  -29.629 0.6000000238
20906  -20.932  -59.803  -28.086 0.6000000238
16798  -19.987  -63.547  -28.460 0.6000000238
14833  -22.776  -65.317  -27.445 0.5000000000
14898  -21.706  -65.144  -33.931 0.4000000060
16767  -22.008  -63.257  -26.750 0.6000000238
16768  -22.671  -63.535  -26.265 0.5000000000
18812  -22.659  -61.934  -26.604 0.6000000238
17735  -26.899  -61.783  -22.028 0.4000000060
19851  -18.380  -59.183  -26.253 0.6000000238
21883  -18.289  -57.966  -26.976 0.6999999881
22820  -19.298  -56.947  -19.252 0.6000000238
13877  -22.874  -65.931  -28.814 0.4000000060
16751  -25.131  -63.907  -25.041 0.4000000060
19835  -27.347  -59.724  -25.623 0.4000000060
141605  -19.283  -60.586  -24.459 0.6000000238
21758  -18.990  -58.051  -17.876 0.6000000238
22821  -20.440  -57.740  -19.885 0.6000000238
15815  -24.848  -64.813  -30.132 0.5000000000
24806  -20.055  -55.005  -22.810 0.5000000000
20759  -22.597  -59.887  -18.616 0.6000000238
24831  -19.679  -54.914  -23.370 0.4000000060
22925  -21.244  -57.170  -26.450 0.5000000000
16727  -27.357  -63.037  -23.981 0.5000000000
22883  -21.816  -57.766  -24.038 0.6000000238
22914  -21.280  -56.819  -25.785 0.5000000000
125562  -11.995  -59.072  -13.625 0.6000000238
26904  -11.281  -53.992  -13.570 0.5000000000
19626  -18.434  -60.633  -11.105 0.5000000000
127704  -15.644  -59.464  -12.307 0.6000000238
21679  -17.224  -58.961  -11.565 0.6000000238
20636  -18.482  -59.948  -10.766 0.6000000238
22736  -14.340  -57.448  -12.324 0.6000000238
27912  -10.253  -52.483  -14.802 0.5000000000
144932  -20.965  -58.854  -9.729 0.5000000000
25801  -17.466  -54.419  -12.351 0.6000000238
134686  -12.566  -51.971  -14.555 0.5000000000
134001  -17.465  -52.880  -12.945 0.6000000238
29594  -14.821  -50.293  -10.077 0.3000000119
25775  -20.045  -54.837  -10.508 0.5000000000
139612  -15.082  -50.238  -14.483 0.3000000119
26851  -21.867  -53.827  -9.723 0.4000000060
146319  -21.405  -53.316  -10.000 0.4000000060
30543  -16.082  -49.343  -14.889 0.4000000060
31439  -15.211  -48.169  -13.985 0.3000000119
29633  -18.819  -50.183  -11.648 0.5000000000
133416  -23.117  -52.319  -9.530 0.4000000060
29560  -18.260  -50.186  -6.302 0.3000000119
34418  -15.263  -45.336  -12.427 0.3000000119
29619  -20.797  -50.392  -10.615 0.4000000060
134280  -18.183  -48.876  -12.470 0.3000000119
35408  -16.492  -44.468  -12.386 0.3000000119
31417  -19.508  -48.721  -11.325 0.4000000060
31323  -19.150  -49.049  -5.967 0.3000000119
35409  -17.022  -43.922  -12.792 0.3000000119
31404  -21.689  -48.816  -10.320 0.4000000060
35411  -18.593  -43.615  -13.016 0.3000000119
8269  -18.770  -73.802  -21.780 0.5000000000
132785  -19.001  -73.325  -22.573 0.5000000000
8283  -19.163  -73.350  -23.327 0.5000000000
8284  -19.842  -72.922  -23.708 0.4000000060
8245  -19.167  -73.429  -20.180 0.5000000000
8258  -19.267  -73.349  -21.116 0.5000000000
8270  -19.249  -73.189  -21.957 0.5000000000
8271  -19.398  -72.764  -22.747 0.5000000000
9049  -20.582  -72.202  -24.111 0.4000000060
145056  -19.452  -72.928  -19.746 0.4000000060
9015  -19.700  -72.701  -20.581 0.5000000000
9035  -19.750  -72.127  -22.428 0.5000000000
9800  -20.845  -71.185  -24.342 0.4000000060
9777  -20.207  -71.260  -20.697 0.5000000000
137744  -20.127  -71.018  -21.530 0.5000000000
9026  -19.633  -72.722  -21.682 0.5000000000
131723  -20.183  -70.365  -21.609 0.5000000000
9786  -19.914  -71.379  -22.284 0.5000000000
10571  -20.044  -70.612  -22.267 0.5000000000
10578  -20.164  -70.081  -23.071 0.5000000000
126400  -20.460  -69.430  -24.561 0.4000000060
10560  -20.298  -70.507  -20.897 0.5000000000
125476  -20.319  -69.219  -22.714 0.5000000000
125474  -20.421  -69.320  -23.662 0.5000000000
150940  -20.327  -68.870  -24.803 0.5000000000
126478  -20.679  -66.440  -20.198 0.5000000000
11379  -20.391  -69.889  -20.223 0.5000000000
126296  -20.448  -68.159  -21.364 0.5000000000
127094  -20.389  -68.349  -22.410 0.5000000000
125473  -20.487  -67.385  -22.150 0.5000000000
125477  -20.410  -67.748  -23.136 0.5000000000
126303  -20.412  -67.989  -24.018 0.5000000000
144195  -20.159  -68.235  -24.961 0.5000000000
143910  -20.762  -66.529  -21.359 0.5000000000
14765  -21.006  -65.688  -21.478 0.5000000000
142340  -20.879  -64.130  -22.441 0.5000000000
125420  -20.581  -66.540  -22.540 0.5000000000
15713  -20.599  -64.810  -23.105 0.5000000000
16704  -20.292  -63.912  -23.334 0.5000000000
125478  -20.379  -66.550  -23.461 0.5000000000
125479  -20.209  -65.944  -23.954 0.5000000000
128142  -20.310  -65.299  -23.666 0.5000000000
125433  -20.124  -66.746  -24.410 0.5000000000
125475  -19.738  -65.963  -24.765 0.5000000000
144156  -20.231  -67.516  -24.459 0.5000000000
144251  -19.705  -67.822  -25.750 0.5000000000
18768  -19.629  -61.408  -22.834 0.5000000000
18780  -19.451  -61.566  -23.769 0.6000000238
151075  -19.835  -63.479  -23.686 0.5000000000
15728  -20.059  -64.637  -23.850 0.5000000000
129889  -19.104  -62.879  -24.804 0.5000000000
15757  -19.081  -64.294  -25.185 0.5000000000
126990  -19.311  -65.933  -25.588 0.5000000000
15769  -18.847  -65.267  -25.927 0.5000000000
126421  -19.602  -67.182  -25.689 0.5000000000
143043  -19.354  -59.810  -22.899 0.5000000000
19814  -19.384  -60.669  -23.396 0.5000000000
17780  -18.932  -62.069  -25.258 0.6000000238
26937  -15.981  -53.218  -19.062 0.5000000000
25859  -16.912  -53.960  -19.050 0.6000000238
26936  -15.044  -53.334  -18.917 0.5000000000
25848  -15.929  -54.458  -18.205 0.5000000000
24756  -16.795  -55.667  -18.102 0.6000000238
24755  -16.227  -55.209  -18.037 0.6000000238
25847  -14.983  -54.523  -17.903 0.5000000000
24754  -15.450  -55.456  -17.713 0.6000000238
139231  -15.558  -56.337  -17.365 0.5000000000
23787  -16.824  -56.562  -17.546 0.6000000238
23778  -16.119  -56.814  -17.223 0.6000000238
130224  -15.206  -57.040  -16.796 0.5000000000
133418  -15.939  -57.537  -16.810 0.6000000238
21728  -16.603  -59.082  -16.234 0.6000000238
149850  -14.595  -57.549  -16.247 0.5000000000
22780  -15.264  -58.015  -16.187 0.5000000000
147961  -13.702  -58.258  -15.758 0.5000000000
125564  -13.366  -59.191  -15.234 0.6000000238
21724  -10.722  -58.917  -15.643 0.6000000238
20682  -11.855  -59.388  -14.932 0.5000000000
21726  -14.192  -59.128  -15.301 0.6000000238
22765  -14.881  -58.982  -15.621 0.5000000000
126221  -12.687  -59.354  -14.349 0.5000000000
22744  -10.180  -57.462  -13.707 0.6000000238
21700  -10.827  -58.187  -13.544 0.6000000238
22735  -11.311  -57.097  -12.641 0.6000000238
13064  -31.373  -67.351  -31.428 0.3000000119
14881  -32.227  -66.156  -31.467 0.3000000119
13068  -30.396  -67.464  -32.401 0.3000000119
130676  -32.520  -65.281  -31.546 0.3000000119
13067  -29.742  -67.503  -32.902 0.3000000119
135785  -30.271  -67.540  -31.566 0.3000000119
13063  -30.772  -67.571  -31.633 0.3000000119
10588  -20.705  -70.305  -24.648 0.4000000060
125472  -19.344  -65.135  -25.158 0.5000000000
24775  -17.584  -54.480  -19.594 0.5000000000
142907  -20.197  -71.439  -23.565 0.4000000060
127037  -20.413  -70.658  -23.776 0.5000000000
125429  -20.361  -69.060  -21.721 0.5000000000
145747  -20.595  -67.076  -20.486 0.5000000000
126101  -20.568  -67.408  -21.113 0.5000000000
14752  -20.920  -65.720  -20.655 0.5000000000
14776  -20.930  -65.093  -22.098 0.5000000000
126963  -20.561  -65.743  -23.014 0.5000000000
16723  -19.622  -63.884  -24.078 0.5000000000
13915  -31.472  -66.804  -31.740 0.3000000119
13925  -30.084  -67.115  -33.082 0.3000000119
14880  -31.685  -66.427  -31.801 0.3000000119
13069  -31.046  -67.145  -32.070 0.3000000119
13926  -30.799  -66.916  -32.699 0.3000000119
14892  -31.534  -66.065  -32.316 0.3000000119
30468  -24.494  -49.284  -9.369 0.3000000119
6151  -23.033  -76.044  -27.761 0.6000000238
6877  -21.053  -75.265  -25.661 0.5000000000
6878  -22.025  -75.104  -25.775 0.5000000000
6906  -23.212  -75.421  -27.397 0.6000000238
6934  -22.176  -75.678  -29.924 0.5000000000
6935  -23.477  -75.554  -29.668 0.6000000238
7606  -21.658  -74.042  -25.075 0.6000000238
7614  -22.649  -74.492  -26.055 0.5000000000
7634  -23.609  -74.569  -28.140 0.5000000000
8257  -18.693  -73.971  -20.662 0.5000000000
8282  -18.592  -73.747  -22.855 0.5000000000
9016  -20.034  -71.932  -20.429 0.5000000000
9027  -19.975  -71.915  -21.378 0.5000000000
9044  -19.786  -72.161  -23.304 0.5000000000
9062  -21.969  -72.729  -26.969 0.6000000238
9073  -20.896  -72.624  -27.613 0.6999999881
9074  -21.495  -73.164  -28.000 0.6000000238
9083  -24.674  -72.361  -29.029 0.5000000000
9084  -25.358  -72.738  -29.299 0.5000000000
9795  -19.929  -70.940  -23.024 0.5000000000
9829  -22.102  -72.233  -29.030 0.6000000238
9852  -26.257  -70.950  -30.211 0.5000000000
9868  -19.853  -71.173  -33.137 0.6999999881
10619  -23.275  -70.779  -29.779 0.6000000238
10628  -23.880  -70.544  -30.397 0.6000000238
10633  -23.427  -70.671  -31.342 0.5000000000
10642  -24.876  -70.510  -32.289 0.5000000000
10643  -25.818  -70.367  -32.274 0.5000000000
10649  -20.170  -70.691  -33.739 0.6999999881
10654  -25.429  -69.952  -33.407 0.4000000060
10655  -19.517  -70.387  -34.243 0.6000000238
10658  -21.953  -69.633  -34.256 0.4000000060
11392  -20.322  -69.781  -21.195 0.5000000000
11400  -20.221  -69.869  -22.097 0.5000000000
11467  -31.011  -69.311  -29.088 0.3000000119
11469  -32.806  -69.459  -28.996 0.3000000119
11476  -27.534  -69.491  -32.337 0.4000000060
11479  -27.400  -69.625  -32.606 0.4000000060
11485  -23.556  -69.571  -33.854 0.4000000060
11487  -25.932  -69.455  -33.572 0.3000000119
11496  -20.910  -68.836  -34.915 0.4000000060
12255  -34.880  -68.307  -28.267 0.3000000119
12257  -26.898  -68.113  -29.135 0.4000000060
12258  -28.725  -68.025  -28.615 0.3000000119
12265  -26.281  -68.360  -31.554 0.4000000060
12266  -31.129  -68.012  -30.943 0.3000000119
12267  -31.756  -68.031  -30.747 0.3000000119
12268  -32.454  -67.961  -30.352 0.3000000119
12269  -33.085  -67.866  -29.876 0.3000000119
12279  -22.575  -68.325  -34.605 0.3000000119
12282  -18.961  -68.383  -35.272 0.4000000060
13033  -36.273  -66.910  -28.188 0.3000000119
13036  -35.218  -67.903  -28.818 0.3000000119
13042  -27.167  -67.318  -29.176 0.4000000060
13044  -29.154  -67.392  -29.255 0.4000000060
13053  -27.440  -66.468  -30.953 0.4000000060
13054  -28.651  -66.894  -29.710 0.4000000060
13062  -29.408  -67.197  -31.695 0.3000000119
13065  -31.756  -66.833  -31.400 0.3000000119
13074  -26.152  -67.189  -34.024 0.3000000119
13083  -18.553  -67.453  -35.254 0.4000000060
13086  -21.508  -66.982  -35.128 0.4000000060
13871  -35.937  -67.142  -27.811 0.3000000119
13878  -36.543  -66.392  -28.653 0.3000000119
13884  -21.625  -66.283  -29.706 0.5000000000
13885  -22.501  -66.160  -29.654 0.5000000000
13898  -22.154  -66.319  -30.525 0.5000000000
13899  -26.470  -66.808  -31.335 0.4000000060
13901  -32.297  -66.683  -31.045 0.3000000119
13912  -22.752  -65.967  -31.384 0.5000000000
13913  -26.972  -67.082  -31.987 0.4000000060
13920  -17.569  -65.987  -32.465 0.5000000000
13922  -20.309  -66.164  -32.299 0.4000000060
13924  -21.992  -65.671  -32.469 0.5000000000
13927  -31.328  -66.682  -32.213 0.3000000119
13938  -17.850  -66.338  -34.556 0.4000000060
13940  -20.194  -65.535  -34.592 0.4000000060
13942  -22.603  -65.998  -34.809 0.4000000060
13944  -17.906  -66.727  -35.035 0.4000000060
13945  -19.070  -66.649  -35.124 0.4000000060
14838  -35.471  -65.475  -27.842 0.3000000119
14843  -20.778  -65.409  -28.715 0.6000000238
14850  -37.348  -65.548  -29.020 0.3000000119
14856  -20.329  -65.688  -29.398 0.5000000000
14866  -18.821  -65.603  -30.450 0.5000000000
14876  -16.957  -65.988  -32.137 0.5000000000
14885  -19.965  -65.703  -33.233 0.4000000060
14886  -20.728  -65.564  -33.037 0.4000000060
14890  -24.305  -65.011  -32.906 0.4000000060
14893  -31.946  -65.757  -31.895 0.3000000119
14895  -18.092  -65.955  -33.907 0.5000000000
14897  -20.662  -65.107  -33.844 0.4000000060
14899  -22.664  -65.067  -34.089 0.4000000060
14914  -24.025  -65.713  -34.808 0.4000000060
15758  -23.863  -64.041  -25.572 0.5000000000
15772  -23.609  -64.444  -26.344 0.5000000000
15773  -24.250  -64.514  -26.257 0.5000000000
15783  -22.154  -64.704  -27.316 0.5000000000
15784  -24.538  -64.879  -26.985 0.4000000060
15792  -16.292  -63.189  -30.177 0.6000000238
15795  -20.415  -64.619  -28.530 0.6000000238
15796  -21.227  -65.080  -28.117 0.6000000238
15810  -26.469  -63.600  -29.521 0.4000000060
16703  -19.451  -63.079  -24.034 0.5000000000
16747  -18.930  -63.508  -25.199 0.5000000000
16749  -23.599  -63.430  -25.107 0.5000000000
16750  -24.181  -63.714  -24.813 0.4000000060
16770  -26.037  -64.018  -25.971 0.4000000060
16785  -27.293  -63.397  -27.616 0.4000000060
16796  -16.140  -62.826  -29.455 0.6000000238
16806  -16.648  -62.404  -30.720 0.6000000238
16813  -16.604  -63.119  -30.692 0.6000000238
16814  -25.878  -63.336  -31.415 0.4000000060
17741  -26.340  -62.280  -22.519 0.5000000000
17751  -24.672  -62.957  -23.779 0.6000000238
17752  -25.183  -62.796  -23.398 0.5000000000
17753  -26.388  -62.838  -22.815 0.5000000000
17754  -27.142  -62.791  -22.992 0.5000000000
17781  -23.461  -62.854  -25.022 0.6000000238
17799  -23.065  -62.452  -25.797 0.6000000238
17824  -15.898  -62.126  -29.780 0.6000000238
17825  -19.713  -61.527  -29.138 0.6000000238
17826  -20.105  -62.443  -28.451 0.6000000238
17827  -20.839  -61.985  -28.171 0.6000000238
17832  -16.252  -62.536  -30.546 0.6000000238
18669  -19.655  -61.320  -11.715 0.5000000000
18762  -27.542  -61.260  -21.579 0.4000000060
18763  -28.309  -61.383  -21.469 0.4000000060
18769  -25.905  -62.084  -22.693 0.4000000060
18782  -25.423  -62.095  -23.265 0.6000000238
18793  -19.208  -61.421  -24.789 0.6000000238
18795  -25.136  -61.661  -24.193 0.6000000238
18805  -24.277  -61.690  -25.104 0.6000000238
18814  -24.355  -61.239  -26.028 0.6000000238
18820  -17.627  -60.673  -27.400 0.6999999881
18823  -22.959  -60.983  -26.964 0.5000000000
18836  -16.561  -61.221  -29.516 0.6000000238
18838  -17.953  -60.972  -29.821 0.6000000238
19615  -19.486  -60.853  -10.739 0.6000000238
19616  -20.591  -60.433  -10.794 0.5000000000
19627  -18.983  -61.255  -11.198 0.6000000238
19629  -21.183  -60.619  -11.505 0.5000000000
19630  -21.801  -59.976  -11.574 0.5000000000
19640  -16.196  -60.666  -13.026 0.6000000238
19641  -18.432  -60.462  -12.538 0.6000000238
19644  -21.065  -61.230  -12.123 0.5000000000
19655  -16.323  -60.862  -13.671 0.6999999881
19660  -21.788  -60.468  -13.077 0.5000000000
19669  -16.788  -60.669  -14.254 0.6999999881
19671  -18.846  -60.525  -14.154 0.6999999881
19674  -21.551  -60.568  -14.434 0.6000000238
19676  -23.036  -60.254  -15.229 0.5000000000
19706  -22.012  -60.354  -16.154 0.6999999881
19720  -22.219  -60.128  -16.927 0.6000000238
19731  -23.017  -60.169  -17.950 0.6000000238
19732  -23.498  -60.175  -18.474 0.6000000238
19748  -24.042  -60.305  -19.037 0.6000000238
19766  -28.661  -60.531  -20.433 0.4000000060
19767  -29.367  -60.516  -20.433 0.4000000060
19781  -27.540  -60.527  -21.414 0.4000000060
19797  -27.392  -59.944  -22.356 0.6000000238
19815  -25.871  -61.216  -24.087 0.6000000238
19833  -25.916  -60.938  -25.509 0.6000000238
19853  -26.005  -60.423  -26.237 0.5000000000
19854  -26.711  -60.178  -26.063 0.5000000000
19865  -23.995  -60.469  -26.453 0.5000000000
19874  -21.591  -60.414  -27.789 0.5000000000
19883  -16.732  -60.429  -29.021 0.6000000238
19884  -17.097  -59.681  -28.589 0.6999999881
19886  -20.016  -60.234  -28.943 0.6000000238
20637  -19.290  -60.115  -10.405 0.6000000238
20639  -21.009  -59.573  -10.164 0.5000000000
20648  -16.422  -59.202  -11.948 0.6000000238
20650  -17.943  -59.626  -11.508 0.6000000238
20661  -14.965  -59.559  -12.844 0.6000000238
20671  -14.848  -60.262  -13.536 0.6999999881
20684  -14.954  -60.593  -14.176 0.6999999881
20685  -17.353  -60.174  -14.798 0.6999999881
20687  -19.206  -60.126  -14.781 0.6999999881
20688  -22.786  -60.097  -14.434 0.5000000000
20702  -15.475  -60.343  -14.945 0.6999999881
20707  -20.202  -60.015  -15.836 0.6000000238
20721  -18.943  -59.147  -15.971 0.6000000238
20723  -20.478  -59.734  -16.612 0.6000000238
20757  -20.792  -59.137  -18.320 0.5000000000
20760  -24.506  -59.813  -18.713 0.6000000238
20775  -24.861  -59.481  -19.483 0.6000000238
20776  -28.835  -59.357  -19.563 0.4000000060
20778  -30.314  -59.615  -19.792 0.4000000060
20795  -28.374  -59.733  -20.171 0.4000000060
20806  -22.713  -59.237  -21.910 0.6000000238
20810  -27.887  -59.081  -20.913 0.4000000060
20820  -23.155  -59.321  -22.582 0.6000000238
20822  -24.334  -58.940  -22.974 0.6000000238
20849  -18.930  -58.589  -24.807 0.6000000238
20850  -22.744  -58.954  -24.358 0.6000000238
20868  -26.417  -59.727  -26.229 0.5000000000
20869  -27.065  -59.632  -26.023 0.5000000000
20879  -18.094  -58.559  -27.328 0.6999999881
20880  -22.910  -58.760  -27.140 0.6000000238
20891  -19.229  -58.864  -27.763 0.6999999881
20905  -19.798  -59.511  -28.588 0.6000000238
21701  -11.508  -58.442  -13.071 0.6000000238
21713  -11.221  -58.769  -14.145 0.6000000238
21714  -13.282  -59.438  -14.451 0.6000000238
21725  -13.806  -58.844  -15.393 0.5000000000
21729  -17.548  -58.911  -16.043 0.6999999881
21742  -16.256  -58.287  -16.573 0.6000000238
21757  -18.431  -58.157  -17.092 0.6999999881
21759  -20.177  -58.876  -17.983 0.6000000238
21771  -19.753  -58.269  -18.366 0.6000000238
21773  -21.099  -59.038  -18.992 0.5000000000
21802  -22.110  -58.971  -21.279 0.6000000238
21820  -24.862  -59.181  -21.954 0.6000000238
21821  -28.090  -58.333  -22.141 0.5000000000
21837  -25.015  -58.701  -22.545 0.5000000000
21886  -27.024  -59.224  -25.901 0.5000000000
21895  -18.491  -58.174  -27.313 0.6999999881
21896  -19.055  -57.567  -26.817 0.6000000238
21910  -21.367  -58.338  -27.313 0.6000000238
22709  -20.764  -57.378  -9.559 0.5000000000
22710  -21.642  -57.323  -9.485 0.5000000000
22737  -15.142  -57.875  -12.169 0.6000000238
22745  -10.988  -57.749  -12.904 0.6000000238
22779  -14.425  -58.281  -15.774 0.5000000000
22781  -16.832  -57.449  -17.024 0.6000000238
22804  -18.705  -57.314  -18.399 0.6000000238
22822  -20.931  -58.121  -20.260 0.6000000238
22824  -28.537  -57.594  -19.440 0.4000000060
22862  -19.067  -57.064  -23.375 0.4000000060
22864  -21.242  -57.336  -22.708 0.6999999881
22882  -21.345  -57.112  -23.518 0.6000000238
22899  -19.415  -56.348  -25.033 0.5000000000
22913  -20.619  -56.625  -25.717 0.5000000000
22923  -19.069  -57.274  -26.174 0.6000000238
22926  -21.829  -57.485  -26.599 0.6000000238
23720  -19.220  -56.871  -10.543 0.6999999881
23733  -13.574  -56.865  -12.461 0.6000000238
23735  -15.550  -56.999  -12.253 0.6000000238
23736  -16.375  -56.717  -12.121 0.6000000238
23777  -14.267  -56.871  -16.628 0.5000000000
23786  -16.190  -56.014  -17.676 0.6000000238
23788  -17.364  -56.425  -18.008 0.6999999881
23794  -17.394  -55.843  -18.473 0.6000000238
23806  -18.805  -55.901  -19.664 0.6000000238
23808  -20.009  -57.086  -19.948 0.6000000238
23831  -20.063  -55.711  -21.804 0.5000000000
23858  -19.614  -55.678  -24.419 0.5000000000
23859  -20.169  -54.938  -24.133 0.6000000238
23870  -20.252  -55.508  -24.573 0.6000000238
23876  -20.131  -56.092  -24.994 0.6000000238
23877  -20.678  -56.198  -25.144 0.6000000238
24690  -19.039  -56.184  -10.804 0.6999999881
24691  -19.600  -55.584  -10.586 0.5000000000
24692  -20.437  -55.592  -10.090 0.5000000000
24706  -13.719  -55.923  -12.567 0.6000000238
24708  -16.267  -55.374  -12.497 0.6000000238
24719  -12.792  -55.633  -14.066 0.5000000000
24720  -13.291  -55.439  -13.026 0.5000000000
24745  -14.752  -56.219  -17.187 0.5000000000
24762  -16.582  -54.558  -18.446 0.6000000238
24789  -19.067  -54.738  -21.451 0.5000000000
24805  -19.547  -55.069  -22.071 0.5000000000
24821  -19.107  -54.858  -22.442 0.5000000000
24822  -19.644  -54.901  -22.878 0.5000000000
24823  -19.977  -54.740  -23.761 0.4000000060
24833  -20.001  -54.845  -24.247 0.6000000238
25787  -19.310  -54.763  -10.920 0.5000000000
25800  -16.705  -54.575  -12.692 0.6999999881
25802  -18.042  -54.235  -11.917 0.6000000238
25819  -15.160  -54.204  -13.108 0.6000000238
25857  -15.543  -53.736  -18.498 0.5000000000
25858  -16.309  -53.720  -18.762 0.6000000238
25873  -17.218  -53.653  -19.845 0.5000000000
25891  -18.086  -53.969  -21.286 0.5000000000
25908  -18.535  -54.490  -21.740 0.5000000000
26864  -19.863  -53.571  -10.853 0.5000000000
26866  -21.110  -53.951  -10.047 0.4000000060
26903  -10.144  -54.023  -13.643 0.5000000000
26906  -13.346  -53.540  -13.589 0.4000000060
26950  -15.446  -53.145  -19.467 0.5000000000
27848  -22.951  -53.120  -9.439 0.4000000060
27849  -23.993  -52.364  -9.485 0.4000000060
27850  -24.778  -52.379  -9.759 0.4000000060
27907  -16.355  -52.271  -13.900 0.5000000000
27913  -11.013  -52.397  -15.299 0.5000000000
27914  -12.131  -52.663  -14.426 0.4000000060
27917  -15.592  -52.217  -14.111 0.5000000000
27918  -16.463  -51.474  -14.139 0.5000000000
27925  -10.667  -52.012  -15.541 0.5000000000
28751  -17.151  -51.428  -8.374 0.3000000119
28767  -22.063  -51.198  -9.895 0.4000000060
28771  -25.406  -51.703  -9.796 0.4000000060
28792  -20.784  -51.322  -10.549 0.4000000060
28838  -13.789  -51.068  -14.100 0.4000000060
28839  -15.123  -51.599  -14.327 0.5000000000
29563  -17.731  -50.935  -7.790 0.3000000119
29564  -18.283  -50.417  -7.328 0.3000000119
29578  -18.118  -50.429  -8.188 0.3000000119
29597  -16.827  -50.323  -9.345 0.3000000119
29599  -23.306  -50.715  -9.617 0.4000000060
29647  -17.568  -50.509  -13.095 0.5000000000
29656  -16.588  -50.675  -14.218 0.4000000060
29670  -16.098  -50.803  -14.553 0.4000000060
30467  -23.615  -49.260  -9.570 0.3000000119
30488  -21.235  -49.538  -10.457 0.4000000060
30505  -19.096  -49.410  -11.492 0.4000000060
30515  -17.261  -49.926  -13.571 0.4000000060
30531  -17.269  -49.081  -13.896 0.4000000060
31379  -15.692  -48.280  -10.111 0.4000000060
31381  -17.070  -48.215  -9.620 0.4000000060
31405  -22.360  -48.826  -9.973 0.3000000119
31416  -18.740  -48.600  -11.760 0.3000000119
31427  -18.295  -48.074  -12.505 0.3000000119
31448  -15.175  -48.967  -14.297 0.3000000119
31449  -15.813  -48.651  -14.823 0.3000000119
31451  -17.004  -48.480  -14.415 0.4000000060
32406  -12.243  -47.646  -10.989 0.3000000119
32407  -13.079  -47.472  -10.821 0.4000000060
32408  -14.071  -47.290  -10.900 0.4000000060
32421  -12.713  -47.216  -11.293 0.4000000060
32433  -18.911  -46.859  -11.922 0.3000000119
32443  -15.190  -47.216  -13.660 0.3000000119
32444  -17.519  -47.178  -14.065 0.3000000119
32450  -16.466  -47.475  -14.667 0.3000000119
32451  -17.017  -47.797  -14.515 0.3000000119
33395  -16.720  -46.395  -10.090 0.4000000060
33419  -12.609  -47.049  -11.752 0.4000000060
33420  -13.098  -46.935  -11.595 0.4000000060
33421  -14.123  -46.438  -11.746 0.4000000060
33422  -15.096  -46.125  -11.634 0.3000000119
33432  -14.057  -46.351  -12.079 0.4000000060
33441  -13.730  -46.808  -12.630 0.3000000119
33445  -17.053  -46.364  -14.274 0.3000000119
34389  -17.747  -44.968  -9.993 0.3000000119
34409  -15.307  -45.495  -11.924 0.3000000119
34410  -15.998  -45.123  -11.845 0.3000000119
34419  -15.859  -44.893  -12.747 0.3000000119
34420  -18.882  -45.615  -13.107 0.3000000119
34429  -16.083  -45.179  -13.390 0.3000000119
35383  -17.611  -44.546  -10.364 0.3000000119
35392  -17.106  -44.810  -10.849 0.3000000119
35393  -17.635  -44.318  -10.605 0.3000000119
35400  -16.715  -44.819  -11.433 0.3000000119
35419  -17.307  -44.459  -13.406 0.3000000119
36368  -20.039  -43.007  -12.343 0.3000000119
38315  -19.557  -41.257  -11.777 0.3000000119
38326  -19.039  -41.420  -12.001 0.3000000119
125426  -16.936  -70.220  -31.729 0.6000000238
125428  -19.272  -66.648  -25.997 0.6999999881
125441  -19.396  -72.107  -29.820 0.6999999881
125444  -16.652  -66.367  -33.422 0.5000000000
125449  -15.571  -68.075  -34.375 0.5000000000
125456  -19.185  -72.053  -29.649 0.6999999881
125457  -17.601  -70.633  -31.127 0.6000000238
125462  -18.864  -70.404  -28.881 0.6000000238
125470  -20.421  -68.939  -20.519 0.5000000000
125481  -27.331  -68.576  -31.903 0.4000000060
125485  -28.351  -68.860  -33.225 0.3000000119
125490  -28.495  -68.089  -32.561 0.4000000060
125563  -13.015  -58.636  -12.868 0.6000000238
125566  -12.544  -58.026  -12.629 0.6000000238
126121  -20.396  -67.137  -19.708 0.5000000000
126222  -19.763  -70.319  -27.615 0.5000000000
126230  -20.078  -72.382  -28.705 0.6999999881
126231  -19.339  -68.196  -26.571 0.6000000238
126252  -18.792  -67.594  -27.005 0.6999999881
126323  -18.181  -70.455  -29.796 0.6000000238
126399  -16.981  -65.427  -29.362 0.6999999881
126409  -12.196  -57.197  -12.526 0.5000000000
126438  -28.401  -67.612  -33.754 0.3000000119
126443  -18.885  -68.853  -27.718 0.6000000238
126462  -27.692  -69.325  -32.182 0.4000000060
126473  -18.372  -71.064  -33.314 0.6000000238
126475  -19.516  -64.545  -24.545 0.5000000000
126497  -20.837  -65.937  -22.132 0.5000000000
126499  -20.423  -68.727  -24.248 0.5000000000
126516  -19.865  -65.275  -24.322 0.5000000000
126546  -16.476  -66.711  -34.192 0.5000000000
126566  -20.360  -67.257  -23.765 0.5000000000
126572  -20.519  -69.741  -25.257 0.5000000000
126577  -19.942  -67.362  -25.095 0.5000000000
126617  -18.198  -67.861  -27.590 0.6000000238
126695  -16.784  -70.421  -32.611 0.6999999881
126703  -19.688  -66.644  -25.263 0.5000000000
126775  -28.166  -69.295  -32.763 0.3000000119
126811  -20.414  -68.546  -23.384 0.5000000000
126816  -20.199  -69.072  -25.417 0.5000000000
127299  -20.428  -67.080  -23.014 0.5000000000
127420  -23.193  -59.830  -20.232 0.6000000238
127427  -16.222  -69.299  -33.002 0.5000000000
127475  -18.841  -65.970  -26.312 0.6000000238
128187  -17.990  -58.365  -16.454 0.6999999881
129357  -18.867  -57.094  -25.705 0.5000000000
129654  -16.161  -66.850  -33.668 0.5000000000
129698  -21.129  -65.078  -21.100 0.5000000000
129829  -19.754  -71.592  -22.978 0.5000000000
129839  -19.241  -58.964  -16.575 0.6999999881
130442  -16.516  -45.740  -14.014 0.3000000119
131290  -19.356  -58.949  -22.739 0.6000000238
131462  -11.923  -52.064  -15.431 0.5000000000
131882  -18.773  -62.802  -25.419 0.5000000000
132198  -17.042  -60.275  -12.733 0.6000000238
132391  -21.528  -58.053  -22.221 0.6000000238
132477  -12.644  -54.353  -13.725 0.4000000060
132745  -22.963  -64.273  -26.504 0.5000000000
133782  -22.365  -58.581  -23.887 0.6000000238
133917  -15.790  -50.120  -14.734 0.4000000060
134081  -17.805  -56.296  -18.498 0.6000000238
134294  -21.487  -50.146  -10.271 0.4000000060
134427  -17.957  -67.120  -28.050 0.6000000238
136113  -18.909  -60.487  -25.586 0.6999999881
136362  -21.410  -74.648  -25.260 0.5000000000
136723  -18.151  -51.802  -12.147 0.5000000000
136737  -22.071  -48.181  -10.251 0.3000000119
138585  -17.884  -60.303  -12.901 0.6000000238
139111  -29.223  -68.687  -28.538 0.3000000119
139842  -25.171  -59.126  -20.222 0.6000000238
140036  -18.431  -56.070  -11.307 0.6000000238
140069  -23.472  -75.553  -28.094 0.5000000000
140680  -16.063  -59.871  -15.770 0.6999999881
140781  -20.402  -55.796  -22.383 0.5000000000
141683  -25.136  -69.344  -33.752 0.3000000119
142757  -19.197  -59.294  -10.355 0.6000000238
142771  -19.249  -63.947  -24.712 0.5000000000
142914  -21.575  -59.031  -27.609 0.6000000238
143031  -14.676  -50.969  -14.295 0.5000000000
143058  -18.932  -65.637  -34.112 0.4000000060
143478  -27.942  -59.401  -23.967 0.5000000000
143966  -19.370  -71.897  -29.101 0.6999999881
143974  -18.470  -71.221  -29.894 0.6000000238
144012  -17.867  -71.414  -32.021 0.6999999881
144020  -20.194  -71.805  -27.684 0.5000000000
144058  -19.519  -71.614  -31.713 0.6999999881
144081  -20.200  -70.819  -27.265 0.5000000000
144100  -19.286  -71.247  -28.624 0.6000000238
144103  -19.023  -71.817  -31.046 0.6999999881
144135  -17.104  -66.266  -30.579 0.6000000238
144208  -16.839  -69.421  -34.991 0.6000000238
144934  -20.362  -71.254  -32.693 0.6999999881
145297  -19.362  -52.388  -11.316 0.5000000000
145327  -23.399  -60.204  -16.737 0.5000000000
145406  -21.509  -69.286  -34.572 0.4000000060
145702  -19.243  -63.473  -24.561 0.5000000000
146058  -14.452  -59.037  -12.696 0.6000000238
146076  -10.551  -57.016  -12.970 0.6000000238
146250  -25.681  -70.666  -30.552 0.4000000060
146584  -20.394  -51.662  -10.820 0.4000000060
146703  -18.858  -64.647  -25.668 0.6000000238
146974  -20.438  -69.960  -23.941 0.5000000000
147129  -23.440  -65.825  -29.798 0.5000000000
147168  -23.511  -65.500  -31.849 0.4000000060
147210  -21.901  -71.063  -31.178 0.6000000238
147431  -25.375  -58.655  -20.850 0.6000000238
147508  -16.195  -67.061  -33.079 0.5000000000
147637  -20.998  -55.432  -9.771 0.5000000000
147930  -18.647  -47.002  -9.345 0.3000000119
148029  -19.439  -49.999  -11.343 0.5000000000
148229  -26.966  -67.944  -33.706 0.3000000119
148647  -24.049  -65.197  -32.193 0.4000000060
148896  -21.673  -72.235  -25.304 0.5000000000
148972  -18.210  -49.098  -9.013 0.4000000060
150018  -10.888  -55.609  -12.868 0.5000000000
150029  -17.125  -70.148  -34.573 0.6000000238
150061  -19.499  -68.846  -35.199 0.4000000060
150119  -21.203  -60.485  -14.921 0.6999999881
150425  -17.331  -59.949  -29.161 0.6000000238
150766  -25.974  -70.161  -32.905 0.4000000060
150817  -21.364  -60.810  -12.578 0.5000000000
151079  -20.015  -56.004  -10.247 0.5000000000
151824  -16.729  -63.670  -28.800 0.6000000238
151970  -18.747  -52.766  -11.539 0.5000000000
152292  -24.671  -71.850  -29.165 0.5000000000
152663  -22.591  -50.695  -9.746 0.4000000060
153058  -12.984  -59.298  -13.928 0.6999999881
153128  -36.202  -67.085  -29.012 0.3000000119
153233  -22.605  -52.650  -9.602 0.4000000060
153800  -11.582  -52.280  -15.328 0.5000000000
