#!ascii label  , from subject sub-v1s15x0050201_ses-1 vox2ras=TkReg
942
30879  41.548  -47.769  -25.683 0.3000000119
35272  38.591  -43.597  -26.671 0.6000000238
35286  36.852  -44.295  -27.996 0.6999999881
35287  36.111  -43.774  -27.101 0.6999999881
30870  41.886  -47.108  -25.125 0.4000000060
35236  40.372  -43.346  -22.882 0.4000000060
32045  43.001  -46.163  -25.375 0.5000000000
138947  43.495  -46.288  -26.283 0.5000000000
36310  39.251  -42.872  -26.789 0.6999999881
35285  38.394  -44.792  -27.756 0.6999999881
35284  39.014  -43.916  -28.044 0.5000000000
36311  37.718  -43.087  -27.989 0.6000000238
36316  37.597  -44.060  -28.500 0.6000000238
36312  36.927  -43.096  -27.403 0.6999999881
37321  35.962  -41.727  -25.794 0.6999999881
33140  41.978  -45.847  -24.135 0.5000000000
35248  41.264  -43.404  -23.288 0.4000000060
32046  42.363  -46.392  -24.861 0.6000000238
37289  39.707  -41.790  -23.764 0.4000000060
37306  39.423  -41.500  -24.618 0.5000000000
146568  43.296  -45.031  -24.712 0.6000000238
37290  38.997  -41.875  -23.913 0.6000000238
37320  39.166  -41.720  -25.640 0.6000000238
34225  44.060  -44.720  -25.409 0.6000000238
37329  39.869  -42.125  -26.906 0.6000000238
35291  38.678  -43.750  -28.490 0.6000000238
36315  38.448  -43.516  -28.521 0.6000000238
38422  37.561  -40.215  -26.693 0.6999999881
37330  37.376  -42.086  -27.228 0.6999999881
38423  37.044  -40.979  -26.622 0.6999999881
37331  36.588  -41.796  -26.555 0.6999999881
140028  35.529  -40.825  -25.246 0.6999999881
143370  36.770  -40.015  -26.233 0.6999999881
142648  36.240  -39.754  -25.658 0.6999999881
141918  35.675  -39.886  -25.258 0.6999999881
39502  36.533  -39.117  -25.934 0.6999999881
32039  41.205  -46.372  -23.981 0.5000000000
138692  41.654  -44.232  -23.308 0.5000000000
34193  40.990  -44.091  -22.978 0.5000000000
147462  40.375  -41.872  -23.634 0.4000000060
34214  42.967  -44.504  -24.156 0.5000000000
37305  40.289  -41.313  -24.455 0.5000000000
37319  39.856  -41.279  -25.540 0.6000000238
34212  44.184  -43.997  -25.143 0.6000000238
35259  43.787  -43.501  -24.505 0.5000000000
36285  44.389  -42.268  -24.652 0.5000000000
36309  39.513  -43.059  -27.800 0.6999999881
35283  39.066  -43.411  -28.360 0.6000000238
37335  38.863  -42.362  -28.246 0.6000000238
36314  38.927  -43.203  -28.474 0.6000000238
38421  38.219  -40.312  -27.196 0.6000000238
37336  38.113  -42.483  -27.852 0.6000000238
39509  38.098  -39.460  -26.829 0.6000000238
39510  37.227  -39.279  -26.471 0.6999999881
39496  35.404  -39.130  -24.772 0.6999999881
41782  37.706  -37.443  -26.583 0.6000000238
39503  35.887  -39.031  -25.325 0.6999999881
40613  35.530  -38.267  -24.938 0.6999999881
40623  36.953  -38.335  -26.297 0.6999999881
37288  41.098  -41.754  -23.806 0.4000000060
34203  42.386  -44.359  -23.693 0.5000000000
135670  42.130  -43.514  -23.496 0.4000000060
37304  41.352  -41.091  -24.692 0.5000000000
37318  40.614  -40.988  -25.537 0.6000000238
35247  43.043  -43.691  -23.882 0.4000000060
36287  42.856  -41.893  -23.999 0.4000000060
36286  43.604  -42.186  -24.137 0.4000000060
38406  43.973  -40.902  -24.753 0.4000000060
36313  39.369  -42.974  -28.271 0.6000000238
37339  39.385  -42.616  -28.374 0.6000000238
39508  38.776  -39.773  -27.594 0.6000000238
37334  39.559  -41.734  -28.350 0.6000000238
40603  35.148  -37.983  -24.459 0.6999999881
135651  35.895  -37.583  -25.431 0.6999999881
138657  36.661  -37.543  -25.958 0.6000000238
41773  36.280  -36.937  -25.831 0.6000000238
37287  42.031  -41.749  -23.867 0.4000000060
37303  42.405  -41.184  -24.555 0.4000000060
150559  40.341  -41.266  -26.399 0.6999999881
38407  43.012  -40.784  -25.348 0.4000000060
37327  41.153  -41.466  -28.306 0.8000000119
131797  44.762  -40.701  -25.257 0.5000000000
36308  40.005  -42.527  -28.031 0.6999999881
38433  40.323  -41.397  -28.651 0.6000000238
38427  39.677  -40.427  -28.237 0.5000000000
136577  35.130  -38.623  -24.359 0.6999999881
136261  38.735  -36.771  -26.710 0.6000000238
40622  37.963  -38.492  -26.684 0.6000000238
41774  35.420  -37.627  -24.861 0.8000000119
150719  35.172  -37.647  -24.530 0.8000000119
147024  37.908  -36.683  -26.602 0.6000000238
41783  37.097  -36.894  -26.173 0.6000000238
37316  41.948  -40.767  -25.449 0.5000000000
37317  41.268  -40.790  -25.678 0.6000000238
39506  45.174  -39.391  -26.916 0.6999999881
140021  44.042  -40.342  -25.513 0.4000000060
37332  41.170  -41.387  -28.979 0.6999999881
38432  41.075  -41.128  -29.184 0.6999999881
39515  39.525  -39.123  -27.760 0.6000000238
152905  40.581  -40.561  -28.815 0.6000000238
40631  39.532  -38.177  -27.407 0.6000000238
41767  34.836  -37.564  -24.193 0.6000000238
41781  38.946  -37.591  -27.024 0.6000000238
139027  35.695  -36.195  -25.539 0.6999999881
42846  35.234  -36.458  -24.807 0.6999999881
43954  38.141  -35.611  -26.554 0.6999999881
43955  36.974  -35.905  -26.076 0.6999999881
42858  36.150  -36.336  -25.877 0.6999999881
38418  43.555  -40.064  -28.357 0.5000000000
38419  42.588  -40.538  -27.886 0.6000000238
38420  41.801  -40.915  -27.540 0.6000000238
39512  44.807  -39.065  -28.398 0.6999999881
39507  44.382  -39.551  -27.997 0.6000000238
38426  41.953  -41.107  -28.990 0.6999999881
40625  45.820  -37.935  -27.812 0.6999999881
39505  46.256  -38.917  -26.680 0.6999999881
38431  41.851  -40.803  -29.335 0.6999999881
39521  41.334  -40.040  -29.275 0.6999999881
39514  40.388  -39.503  -28.340 0.5000000000
41759  33.799  -37.094  -23.257 0.5000000000
41786  39.970  -37.533  -27.143 0.6000000238
40630  40.246  -38.424  -27.697 0.6000000238
42848  34.241  -36.295  -23.800 0.6000000238
42851  39.309  -36.159  -26.441 0.6000000238
45006  35.783  -34.870  -25.450 0.6000000238
43948  34.914  -35.550  -24.522 0.5000000000
46029  34.197  -33.579  -24.327 0.5000000000
45007  39.384  -34.587  -26.393 0.6999999881
141459  38.577  -36.124  -26.649 0.6999999881
139474  38.777  -33.897  -26.497 0.6999999881
45005  36.475  -34.538  -25.747 0.6999999881
46032  36.583  -33.583  -25.530 0.5000000000
142470  39.688  -34.025  -26.560 0.6999999881
46031  37.399  -33.180  -25.790 0.6000000238
38425  42.644  -40.458  -29.077 0.6000000238
39513  44.113  -39.490  -28.965 0.6999999881
38424  43.331  -39.894  -29.201 0.6000000238
40626  45.227  -37.959  -28.302 0.6999999881
152076  42.204  -40.727  -29.253 0.6999999881
40635  41.842  -39.194  -29.022 0.6999999881
39520  42.233  -39.907  -29.442 0.6999999881
40629  41.086  -38.684  -28.347 0.6000000238
43942  33.370  -35.632  -23.684 0.4000000060
41780  40.605  -38.098  -27.433 0.5000000000
45001  33.632  -34.231  -23.976 0.4000000060
43950  39.325  -35.266  -26.439 0.6000000238
46033  35.681  -34.009  -25.126 0.5000000000
142718  34.921  -34.044  -24.593 0.5000000000
47050  35.882  -33.041  -24.987 0.4000000060
45002  39.507  -33.699  -26.488 0.6000000238
46035  39.068  -33.282  -26.456 0.6999999881
46036  38.389  -33.158  -26.312 0.6000000238
48040  38.883  -31.892  -26.344 0.5000000000
41787  44.469  -38.305  -28.593 0.6000000238
39518  43.947  -39.326  -29.137 0.6999999881
39519  43.102  -39.608  -29.318 0.6999999881
41778  44.565  -37.174  -26.620 0.6999999881
40616  43.723  -37.841  -27.421 0.6999999881
40634  42.595  -38.968  -29.135 0.6000000238
40628  41.920  -38.489  -28.385 0.6000000238
40620  40.353  -37.677  -27.075 0.6000000238
41771  39.526  -37.075  -26.590 0.6000000238
43951  39.468  -35.460  -26.297 0.6000000238
42852  39.388  -36.142  -26.376 0.6000000238
47044  35.342  -32.468  -24.374 0.5000000000
47045  34.569  -32.727  -24.149 0.4000000060
44996  39.941  -33.767  -26.333 0.6000000238
48033  35.557  -31.593  -24.184 0.4000000060
46034  39.877  -33.174  -26.520 0.6000000238
48039  39.986  -31.678  -26.588 0.5000000000
40627  43.937  -38.199  -28.384 0.6999999881
132654  42.922  -38.276  -28.259 0.6000000238
41779  43.527  -37.636  -26.193 0.6999999881
41769  44.324  -36.697  -25.452 0.6999999881
41772  39.616  -37.080  -25.993 0.6000000238
143896  39.982  -37.440  -26.568 0.6000000238
42844  39.310  -36.337  -25.665 0.6000000238
136442  39.461  -34.986  -25.783 0.5000000000
44997  39.495  -34.150  -25.607 0.6000000238
139804  40.257  -32.530  -26.162 0.6000000238
48035  40.189  -31.703  -26.414 0.5000000000
40607  42.733  -38.043  -25.788 0.6999999881
40608  41.992  -38.404  -25.942 0.6999999881
134001  41.516  -38.350  -26.618 0.6000000238
40611  39.685  -37.990  -25.678 0.5000000000
43946  38.050  -35.697  -24.149 0.6000000238
41765  38.655  -37.301  -24.867 0.6000000238
44998  38.667  -34.936  -24.774 0.6000000238
46023  39.302  -33.323  -24.888 0.6000000238
47041  40.356  -31.818  -26.088 0.5000000000
37326  46.658  -41.822  -26.797 0.5000000000
39500  46.643  -39.487  -26.028 0.5000000000
38416  47.312  -40.782  -25.837 0.5000000000
38410  46.912  -40.436  -26.063 0.5000000000
151829  46.951  -37.857  -25.649 0.6999999881
39504  46.808  -38.617  -26.189 0.5000000000
39498  46.896  -39.129  -25.350 0.5000000000
40624  46.366  -37.687  -27.215 0.6999999881
40614  46.805  -37.739  -26.687 0.6999999881
41777  45.503  -36.919  -26.906 0.6999999881
30887  41.939  -47.998  -26.588 0.3000000119
36301  36.207  -42.559  -26.551 0.6999999881
34238  38.230  -44.641  -28.525 0.6000000238
38415  36.257  -40.706  -25.850 0.6999999881
39497  35.103  -39.376  -24.274 0.6999999881
134501  44.955  -40.043  -25.843 0.6000000238
40621  38.756  -38.686  -27.321 0.6000000238
44999  35.254  -34.794  -24.808 0.6000000238
45004  37.616  -34.029  -26.167 0.6999999881
43949  34.192  -35.538  -24.079 0.5000000000
143583  33.635  -34.944  -24.000 0.5000000000
47048  37.793  -32.370  -25.942 0.5000000000
40619  41.175  -38.237  -27.531 0.5000000000
40617  42.772  -38.130  -26.775 0.6999999881
147558  40.938  -38.230  -26.709 0.5000000000
46027  40.039  -33.211  -25.931 0.6000000238
40618  42.074  -38.305  -27.263 0.6000000238
43945  38.862  -35.677  -25.200 0.6000000238
40609  41.152  -38.513  -25.731 0.5000000000
139588  45.596  -37.255  -23.643 0.6000000238
39474  43.382  -39.084  -21.272 0.6000000238
39469  42.168  -38.949  -20.367 0.4000000060
40579  45.024  -38.449  -22.799 0.5000000000
41761  46.431  -36.852  -25.327 0.6000000238
36274  37.128  -42.927  -24.126 0.5000000000
39461  42.029  -39.805  -19.694 0.4000000060
36300  38.602  -42.350  -25.484 0.5000000000
35260  37.253  -43.640  -25.203 0.5000000000
39482  44.564  -39.046  -22.314 0.5000000000
39462  41.497  -39.394  -19.078 0.4000000060
36289  37.875  -42.940  -25.111 0.5000000000
35274  37.117  -44.797  -25.886 0.5000000000
35273  37.877  -44.260  -26.361 0.5000000000
153071  45.254  -37.661  -23.148 0.5000000000
42841  46.105  -36.343  -25.748 0.6000000238
39437  40.205  -39.040  -16.861 0.4000000060
39446  40.167  -39.839  -16.876 0.4000000060
39475  42.863  -38.616  -20.791 0.4000000060
33141  35.369  -46.165  -25.940 0.5000000000
40567  44.028  -38.148  -21.768 0.5000000000
34227  36.797  -46.093  -26.722 0.5000000000
33150  35.758  -46.386  -26.935 0.5000000000
41752  45.307  -36.305  -24.111 0.6000000238
42834  44.941  -35.887  -24.606 0.6000000238
42855  45.813  -36.371  -26.109 0.6000000238
34247  37.566  -45.110  -28.635 0.5000000000
34241  35.704  -45.610  -27.999 0.5000000000
32052  35.377  -46.083  -27.009 0.4000000060
41741  44.101  -36.335  -22.871 0.5000000000
41742  43.808  -36.792  -22.075 0.5000000000
42828  43.802  -36.175  -23.248 0.6000000238
42843  44.358  -35.928  -24.076 0.6000000238
42849  45.417  -36.008  -25.341 0.6000000238
41762  43.986  -36.235  -24.443 0.6000000238
41768  45.223  -36.232  -25.812 0.6000000238
40545  41.054  -38.579  -18.697 0.4000000060
40535  40.391  -38.589  -17.614 0.4000000060
147726  35.629  -44.713  -27.468 0.5000000000
34242  35.220  -45.588  -27.042 0.5000000000
33161  34.156  -45.797  -26.598 0.4000000060
35294  36.216  -45.043  -28.248 0.6000000238
133242  35.136  -45.883  -26.795 0.4000000060
41731  42.690  -36.684  -21.344 0.6000000238
42830  42.495  -36.107  -22.023 0.6000000238
42836  43.064  -36.181  -22.719 0.6000000238
41755  42.748  -36.735  -23.287 0.6000000238
40515  39.155  -38.294  -15.813 0.4000000060
35275  35.215  -43.755  -26.480 0.5000000000
35289  34.071  -44.889  -26.747 0.4000000060
34244  32.718  -45.175  -26.593 0.4000000060
40560  41.531  -37.422  -20.232 0.6000000238
40555  41.208  -38.117  -19.436 0.4000000060
41716  41.079  -36.294  -20.637 0.6000000238
40559  42.405  -37.493  -20.726 0.6000000238
42824  42.634  -36.149  -21.869 0.5000000000
41744  41.799  -36.188  -21.902 0.6000000238
142936  41.460  -35.940  -21.151 0.5000000000
41763  43.076  -37.219  -24.195 0.6000000238
39425  39.362  -39.053  -15.784 0.4000000060
139527  40.580  -38.071  -18.346 0.4000000060
36303  34.739  -42.811  -25.475 0.6000000238
36304  33.956  -43.089  -25.225 0.5000000000
35277  32.780  -44.064  -25.780 0.5000000000
34230  32.245  -44.577  -26.177 0.5000000000
41684  40.209  -37.155  -18.756 0.4000000060
41672  40.058  -37.659  -17.969 0.4000000060
131313  40.346  -36.908  -19.494 0.5000000000
41718  39.687  -36.958  -20.024 0.5000000000
41734  39.771  -36.996  -20.779 0.5000000000
41743  42.463  -36.334  -22.485 0.6000000238
40580  41.091  -37.589  -22.710 0.6000000238
40598  42.429  -38.081  -24.994 0.6000000238
41650  38.145  -37.307  -15.112 0.4000000060
132614  38.632  -37.600  -15.648 0.4000000060
41649  38.799  -38.198  -14.993 0.4000000060
38408  35.241  -40.043  -24.670 0.6000000238
41663  38.068  -36.932  -16.024 0.4000000060
41661  39.398  -37.723  -16.696 0.4000000060
36290  34.177  -42.401  -24.629 0.6000000238
35264  32.544  -43.394  -25.047 0.5000000000
35278  31.892  -43.914  -25.505 0.4000000060
41685  39.528  -36.836  -18.452 0.4000000060
41717  40.410  -36.668  -20.330 0.5000000000
40570  40.002  -37.450  -21.557 0.5000000000
40581  40.201  -38.088  -22.507 0.6000000238
40589  41.254  -38.244  -23.855 0.6000000238
40599  41.530  -38.466  -24.897 0.6000000238
42745  37.175  -36.857  -14.103 0.4000000060
38396  34.695  -40.364  -23.910 0.6000000238
37309  34.490  -41.560  -24.169 0.6000000238
36291  33.293  -42.750  -24.595 0.5000000000
144076  30.845  -43.013  -24.958 0.5000000000
42777  38.123  -36.676  -16.851 0.4000000060
127423  38.816  -36.570  -18.122 0.4000000060
130632  38.893  -36.635  -18.921 0.5000000000
129827  38.899  -37.117  -19.729 0.5000000000
42733  37.175  -37.067  -13.299 0.4000000060
38397  34.085  -39.786  -23.432 0.6000000238
37292  33.405  -41.478  -23.354 0.5000000000
36277  31.861  -41.934  -23.807 0.5000000000
41735  38.823  -37.460  -20.693 0.4000000060
40572  38.160  -37.906  -21.816 0.4000000060
40591  39.403  -38.530  -23.422 0.4000000060
40602  39.011  -38.017  -24.900 0.4000000060
42721  36.407  -36.185  -12.498 0.4000000060
147074  37.480  -36.849  -14.831 0.4000000060
39492  34.743  -39.161  -23.907 0.6000000238
42755  37.338  -36.572  -15.607 0.4000000060
40604  34.687  -38.288  -23.941 0.5000000000
141013  33.816  -40.713  -23.304 0.5000000000
37293  32.698  -41.477  -23.178 0.5000000000
37294  31.183  -41.445  -23.505 0.4000000060
38385  33.004  -40.059  -22.474 0.4000000060
41686  37.269  -37.294  -19.068 0.5000000000
41699  37.294  -37.445  -19.943 0.5000000000
41720  37.316  -37.528  -20.840 0.6000000238
148515  37.894  -37.871  -22.609 0.4000000060
40583  38.491  -38.235  -23.201 0.4000000060
40592  38.358  -37.900  -24.104 0.4000000060
41736  36.710  -37.136  -21.305 0.5000000000
39493  34.113  -38.368  -23.096 0.5000000000
39483  33.643  -39.348  -22.807 0.6000000238
40594  33.538  -37.679  -22.915 0.4000000060
42831  37.081  -36.351  -22.746 0.5000000000
147136  36.140  -36.905  -20.926 0.5000000000
41747  36.872  -36.859  -22.073 0.5000000000
41746  37.377  -37.269  -22.929 0.5000000000
42746  36.541  -36.293  -14.232 0.4000000060
143219  38.302  -33.272  -23.975 0.5000000000
42845  38.313  -36.508  -24.542 0.4000000060
42837  37.621  -36.491  -23.573 0.5000000000
42825  36.180  -36.478  -21.522 0.5000000000
41760  32.720  -36.886  -23.090 0.4000000060
46024  37.648  -33.999  -23.528 0.4000000060
46020  36.984  -33.879  -22.784 0.4000000060
44993  37.831  -34.854  -23.836 0.5000000000
44988  37.163  -34.780  -23.057 0.5000000000
43938  36.787  -35.560  -22.583 0.5000000000
43941  37.396  -35.625  -23.288 0.5000000000
139926  36.566  -36.195  -22.172 0.5000000000
44984  35.951  -34.614  -21.772 0.5000000000
44989  36.512  -34.729  -22.399 0.4000000060
35293  37.118  -45.091  -28.659 0.5000000000
36302  35.595  -42.711  -26.027 0.6000000238
34226  37.597  -45.410  -27.219 0.6000000238
37322  35.285  -41.829  -25.281 0.6000000238
36288  38.372  -42.195  -24.322 0.5000000000
41758  34.360  -36.988  -23.666 0.5000000000
40600  40.632  -38.654  -24.793 0.6000000238
40601  39.588  -38.546  -24.691 0.4000000060
34228  36.047  -46.432  -26.335 0.5000000000
34240  37.006  -46.080  -27.898 0.5000000000
34248  36.366  -45.806  -28.464 0.5000000000
148136  34.248  -45.299  -26.938 0.4000000060
34243  33.624  -45.305  -26.725 0.4000000060
41715  41.841  -36.126  -20.835 0.6000000238
35276  34.209  -43.844  -26.164 0.6000000238
148916  33.493  -44.193  -26.212 0.4000000060
41673  39.440  -37.239  -17.609 0.4000000060
37323  34.751  -41.923  -24.852 0.6000000238
34231  31.277  -44.452  -25.967 0.5000000000
34245  31.742  -45.108  -26.403 0.5000000000
35265  31.621  -43.219  -24.937 0.5000000000
37291  34.080  -41.284  -23.664 0.5000000000
36292  32.246  -42.665  -24.415 0.5000000000
36276  32.919  -42.103  -23.776 0.5000000000
152679  38.470  -37.757  -21.321 0.5000000000
36293  31.283  -42.564  -24.443 0.5000000000
42792  37.155  -36.940  -18.219 0.5000000000
148695  34.308  -38.954  -23.502 0.6000000238
40584  37.949  -37.723  -23.361 0.3000000119
150730  38.159  -61.673  -26.248 0.3000000119
130645  38.873  -59.920  -27.208 0.3000000119
17381  38.756  -60.407  -26.594 0.3000000119
146587  39.970  -58.239  -27.802 0.3000000119
18510  39.222  -59.374  -27.825 0.3000000119
19701  40.092  -58.221  -27.052 0.3000000119
20908  40.577  -57.486  -29.013 0.3000000119
20898  40.454  -57.635  -27.643 0.3000000119
20844  39.838  -57.274  -24.483 0.3000000119
19690  40.130  -58.182  -26.176 0.3000000119
152727  40.697  -57.096  -27.244 0.3000000119
20897  40.903  -56.963  -27.914 0.3000000119
20874  40.302  -57.410  -25.835 0.3000000119
23105  40.291  -56.042  -24.802 0.3000000119
22018  40.483  -56.567  -25.936 0.3000000119
140222  40.664  -56.253  -26.765 0.4000000060
22032  40.882  -56.369  -27.491 0.4000000060
24158  41.646  -54.898  -27.811 0.4000000060
23138  42.295  -55.122  -28.938 0.3000000119
128201  40.540  -54.355  -24.820 0.3000000119
25104  40.631  -54.567  -25.612 0.4000000060
25124  40.953  -54.376  -26.917 0.4000000060
24159  40.943  -55.027  -27.107 0.4000000060
25090  40.579  -54.112  -23.793 0.3000000119
24164  42.186  -54.415  -28.243 0.4000000060
25954  41.799  -52.642  -22.818 0.4000000060
25089  41.111  -53.220  -23.276 0.4000000060
24166  42.335  -54.414  -28.673 0.4000000060
25130  42.421  -53.904  -28.987 0.3000000119
25103  40.712  -53.334  -24.368 0.4000000060
25978  40.677  -53.613  -25.610 0.3000000119
25116  40.929  -53.588  -26.713 0.4000000060
25964  41.441  -52.439  -23.768 0.4000000060
25998  41.508  -52.933  -27.238 0.5000000000
25123  41.491  -53.786  -27.434 0.4000000060
33148  43.693  -45.577  -25.655 0.5000000000
25953  42.983  -53.140  -22.910 0.4000000060
25128  42.158  -53.346  -27.848 0.4000000060
30886  42.681  -47.530  -27.220 0.3000000119
32060  44.023  -46.460  -27.547 0.4000000060
136016  42.431  -50.342  -29.275 0.3000000119
36264  37.920  -42.635  -22.834 0.4000000060
35250  37.113  -42.641  -23.027 0.4000000060
37315  44.679  -41.441  -24.878 0.4000000060
37313  46.644  -40.880  -26.236 0.4000000060
146736  45.309  -42.266  -25.555 0.4000000060
25977  41.004  -52.511  -25.020 0.4000000060
25990  41.032  -52.654  -26.266 0.5000000000
153863  45.972  -41.941  -26.357 0.4000000060
34224  44.989  -44.185  -26.133 0.4000000060
25963  42.111  -52.063  -23.224 0.4000000060
32061  43.110  -46.902  -26.821 0.4000000060
25997  42.125  -52.494  -27.624 0.4000000060
33156  45.089  -45.370  -27.625 0.5000000000
26005  42.361  -52.652  -28.404 0.5000000000
32070  44.368  -46.744  -27.964 0.4000000060
130946  42.928  -47.732  -28.136 0.4000000060
27776  42.637  -50.988  -28.640 0.3000000119
30896  43.374  -47.890  -28.428 0.4000000060
35251  36.467  -43.086  -23.381 0.4000000060
39501  45.760  -39.614  -26.048 0.4000000060
26821  41.707  -51.765  -24.414 0.4000000060
26843  41.582  -51.795  -25.601 0.4000000060
36299  46.180  -42.557  -26.839 0.4000000060
34223  45.831  -44.017  -27.039 0.5000000000
26832  42.253  -51.091  -24.884 0.4000000060
26852  41.720  -52.046  -26.772 0.4000000060
34237  45.478  -44.750  -27.215 0.5000000000
27743  42.977  -50.571  -24.265 0.4000000060
26842  42.270  -51.275  -26.055 0.4000000060
27759  42.727  -50.802  -26.492 0.5000000000
27768  42.630  -51.186  -27.463 0.5000000000
151584  46.730  -43.007  -27.117 0.4000000060
34236  46.017  -44.293  -27.141 0.5000000000
27732  43.834  -50.341  -23.857 0.4000000060
131289  42.593  -51.467  -28.038 0.5000000000
151300  45.266  -45.651  -27.742 0.4000000060
27767  43.015  -50.490  -27.992 0.4000000060
29770  44.014  -48.552  -28.057 0.4000000060
29776  43.981  -47.727  -28.341 0.4000000060
30894  44.420  -47.010  -28.013 0.4000000060
37324  47.579  -41.358  -26.142 0.4000000060
136894  47.558  -41.027  -25.245 0.3000000119
27751  42.941  -50.464  -25.334 0.4000000060
27750  43.323  -50.163  -25.924 0.4000000060
140094  46.573  -43.423  -26.925 0.4000000060
33163  32.288  -45.819  -26.600 0.4000000060
28714  44.862  -49.501  -23.420 0.4000000060
27741  44.019  -49.799  -24.168 0.4000000060
28743  43.692  -49.683  -26.332 0.5000000000
28751  43.572  -49.598  -27.485 0.5000000000
34210  47.266  -43.618  -25.432 0.5000000000
33154  46.206  -45.093  -27.039 0.4000000060
28725  45.196  -49.142  -23.944 0.4000000060
28758  43.263  -49.336  -28.380 0.4000000060
32058  45.818  -45.741  -27.303 0.4000000060
29769  44.468  -47.608  -27.817 0.4000000060
151037  45.596  -46.391  -27.203 0.4000000060
39494  46.979  -39.649  -24.798 0.4000000060
36305  47.626  -41.918  -26.257 0.3000000119
28727  43.961  -49.608  -24.666 0.4000000060
28734  44.395  -49.268  -24.820 0.4000000060
139396  47.637  -41.530  -24.953 0.3000000119
29751  44.928  -49.095  -24.445 0.4000000060
29758  44.945  -48.705  -25.050 0.4000000060
28742  44.248  -49.141  -25.670 0.4000000060
29763  44.689  -48.486  -26.150 0.5000000000
29733  45.247  -48.128  -23.172 0.4000000060
30862  45.653  -47.544  -23.834 0.4000000060
30877  45.831  -47.262  -25.345 0.4000000060
30884  45.530  -47.111  -26.454 0.4000000060
33146  46.614  -45.230  -25.794 0.4000000060
40596  46.857  -37.733  -25.274 0.4000000060
129479  45.535  -48.023  -24.842 0.4000000060
143972  39.703  -55.000  -30.817 0.3000000119
21987  39.955  -56.601  -24.211 0.3000000119
132639  40.515  -54.861  -23.341 0.3000000119
25077  40.918  -53.851  -22.793 0.4000000060
26810  42.981  -51.711  -22.931 0.4000000060
26820  42.404  -51.381  -23.776 0.4000000060
26809  43.980  -51.425  -22.740 0.4000000060
27722  44.459  -49.974  -22.887 0.4000000060
37299  47.610  -41.220  -24.988 0.3000000119
29734  44.769  -48.586  -22.652 0.4000000060
38405  47.009  -40.013  -24.618 0.4000000060
37285  47.086  -40.901  -24.538 0.4000000060
35257  47.211  -43.022  -24.656 0.4000000060
30854  45.148  -47.270  -23.084 0.4000000060
149779  45.846  -47.361  -24.589 0.4000000060
30861  46.128  -46.680  -24.241 0.4000000060
32044  46.447  -46.278  -24.676 0.4000000060
140944  46.803  -44.912  -24.935 0.3000000119
34222  46.922  -44.338  -25.605 0.4000000060
32028  45.628  -46.676  -23.531 0.4000000060
33147  44.650  -45.016  -26.652 0.4000000060
39495  46.788  -38.792  -24.655 0.4000000060
17392  38.607  -59.941  -28.026 0.3000000119
143835  39.357  -59.429  -27.150 0.3000000119
19708  40.133  -58.011  -28.539 0.3000000119
22044  39.211  -56.030  -30.560 0.3000000119
23144  40.059  -54.832  -31.604 0.3000000119
20888  40.434  -57.570  -26.724 0.3000000119
154190  40.081  -56.738  -24.836 0.3000000119
22033  40.591  -56.890  -26.626 0.4000000060
23133  41.508  -55.625  -28.010 0.4000000060
23116  40.498  -55.907  -25.631 0.3000000119
24141  40.525  -55.233  -25.228 0.3000000119
23128  40.662  -55.763  -26.482 0.4000000060
143767  41.412  -54.439  -27.480 0.4000000060
24113  40.823  -54.518  -22.376 0.3000000119
150693  43.072  -53.753  -22.700 0.4000000060
26851  42.271  -51.643  -27.123 0.4000000060
27775  42.747  -49.952  -28.816 0.3000000119
26860  42.318  -52.098  -27.937 0.5000000000
26818  44.216  -50.706  -22.940 0.4000000060
29762  44.983  -47.721  -26.864 0.4000000060
32049  46.519  -46.115  -25.382 0.4000000060
38383  44.575  -40.063  -22.346 0.4000000060
39481  45.268  -39.440  -22.872 0.4000000060
151335  42.896  -40.476  -20.761 0.4000000060
39468  42.861  -39.642  -20.796 0.3000000119
39473  43.990  -39.563  -21.795 0.5000000000
39491  46.041  -38.497  -23.508 0.4000000060
33078  39.306  -45.488  -19.118 0.3000000119
34159  39.621  -44.642  -19.054 0.3000000119
36229  39.241  -42.083  -17.820 0.3000000119
134522  40.935  -41.500  -18.155 0.3000000119
38351  40.525  -40.249  -17.479 0.3000000119
39453  41.171  -39.436  -18.420 0.3000000119
35211  39.197  -43.922  -18.508 0.3000000119
36240  39.013  -42.958  -18.089 0.3000000119
31996  38.773  -46.071  -18.979 0.3000000119
146438  38.325  -44.967  -18.326 0.3000000119
131153  39.877  -40.570  -17.192 0.3000000119
39438  39.746  -39.410  -16.364 0.3000000119
150031  38.494  -43.635  -18.068 0.3000000119
37249  37.855  -41.778  -17.185 0.3000000119
38352  39.064  -40.837  -17.021 0.3000000119
36232  36.949  -42.843  -17.010 0.3000000119
36231  37.627  -42.544  -17.335 0.3000000119
38330  37.043  -40.709  -16.172 0.3000000119
37239  36.636  -41.523  -16.391 0.3000000119
128497  36.837  -40.314  -15.421 0.3000000119
35205  36.973  -43.652  -17.174 0.3000000119
38343  38.563  -40.357  -16.495 0.3000000119
39426  38.841  -39.279  -15.333 0.3000000119
40516  38.998  -38.847  -15.074 0.3000000119
36219  36.417  -42.357  -16.527 0.3000000119
140019  37.737  -40.606  -16.491 0.3000000119
153198  38.689  -39.039  -14.104 0.3000000119
37227  36.309  -41.099  -15.711 0.3000000119
39409  37.123  -39.615  -14.110 0.3000000119
38316  37.487  -39.718  -14.909 0.3000000119
39378  37.886  -39.051  -12.477 0.3000000119
41627  37.917  -37.580  -13.600 0.3000000119
41640  38.435  -38.317  -13.540 0.3000000119
41626  38.131  -37.961  -12.951 0.3000000119
42710  36.744  -36.493  -11.858 0.3000000119
42734  36.571  -36.437  -13.389 0.3000000119
42701  36.781  -36.066  -11.174 0.3000000119
43829  36.413  -35.779  -11.786 0.3000000119
145297  36.091  -35.590  -12.334 0.3000000119
38372  42.535  -40.128  -20.259 0.3000000119
38379  43.366  -40.276  -21.342 0.4000000060
38350  40.923  -39.854  -17.948 0.3000000119
37274  44.405  -41.026  -22.255 0.5000000000
131639  38.884  -44.809  -18.673 0.3000000119
37248  38.696  -41.570  -17.368 0.3000000119
37256  40.087  -41.814  -17.970 0.3000000119
37255  40.998  -40.644  -17.988 0.3000000119
38358  41.424  -40.158  -18.414 0.3000000119
36230  38.409  -42.342  -17.604 0.3000000119
35204  37.750  -43.884  -17.727 0.3000000119
39439  39.050  -39.663  -16.054 0.3000000119
148746  37.367  -41.245  -16.726 0.3000000119
152783  36.659  -40.054  -14.712 0.3000000119
138109  37.324  -39.473  -12.648 0.3000000119
39427  38.364  -39.449  -14.925 0.3000000119
37228  35.651  -41.604  -15.233 0.3000000119
39408  38.313  -39.282  -14.156 0.3000000119
36267  46.705  -42.741  -24.285 0.3000000119
35244  46.615  -43.822  -24.255 0.4000000060
34192  44.643  -44.086  -22.416 0.4000000060
35234  45.347  -43.823  -22.986 0.4000000060
139476  46.804  -41.699  -24.423 0.3000000119
35223  44.055  -43.554  -22.070 0.4000000060
150798  44.058  -44.211  -21.863 0.3000000119
36268  45.938  -42.229  -23.689 0.4000000060
36261  44.675  -42.488  -22.634 0.4000000060
36255  43.651  -42.934  -21.756 0.3000000119
37278  45.477  -41.406  -23.370 0.3000000119
138854  45.185  -42.140  -23.097 0.4000000060
137466  44.106  -42.876  -22.303 0.4000000060
38382  45.162  -40.580  -22.985 0.3000000119
37279  44.771  -41.620  -22.759 0.4000000060
37275  43.736  -41.228  -21.607 0.4000000060
37286  46.241  -41.200  -24.067 0.3000000119
38395  45.998  -39.821  -23.494 0.3000000119
39490  46.585  -39.494  -24.149 0.3000000119
38394  46.599  -40.362  -24.221 0.3000000119
36254  43.994  -42.065  -22.156 0.4000000060
35245  45.958  -43.355  -23.677 0.4000000060
24112  41.454  -53.502  -22.006 0.3000000119
33129  46.416  -45.914  -24.190 0.3000000119
23047  42.250  -55.248  -19.388 0.3000000119
23065  41.497  -55.419  -20.247 0.3000000119
24091  42.304  -53.541  -20.904 0.3000000119
25076  41.975  -52.902  -22.142 0.3000000119
34202  46.017  -44.417  -23.640 0.3000000119
32038  46.106  -46.146  -23.786 0.3000000119
24069  43.885  -54.329  -18.680 0.3000000119
24090  43.397  -53.958  -20.295 0.3000000119
25075  43.047  -53.311  -22.150 0.3000000119
25952  43.925  -52.128  -22.363 0.3000000119
34191  45.255  -44.864  -23.002 0.3000000119
24999  44.769  -53.722  -17.254 0.3000000119
24079  44.258  -53.734  -19.443 0.3000000119
24068  44.665  -54.018  -18.387 0.3000000119
25046  43.369  -53.531  -20.962 0.3000000119
25045  44.385  -53.383  -20.419 0.3000000119
25073  44.828  -52.526  -21.207 0.3000000119
25905  43.942  -52.843  -18.282 0.3000000119
25921  44.672  -52.591  -19.604 0.3000000119
25059  45.082  -52.527  -20.560 0.3000000119
25044  44.881  -52.824  -19.874 0.3000000119
26808  44.503  -51.472  -21.927 0.3000000119
28688  44.179  -49.925  -22.432 0.3000000119
29735  43.800  -48.496  -22.285 0.3000000119
25017  44.162  -53.267  -17.558 0.3000000119
26796  45.238  -51.800  -21.085 0.3000000119
26783  45.498  -51.967  -20.620 0.3000000119
27711  44.092  -50.833  -21.782 0.3000000119
142638  45.517  -45.872  -23.286 0.3000000119
25906  43.279  -52.634  -18.687 0.3000000119
25887  43.278  -52.910  -17.875 0.3000000119
25923  43.552  -52.222  -19.512 0.3000000119
26764  45.024  -52.049  -19.940 0.3000000119
26798  43.763  -51.182  -21.266 0.3000000119
28689  43.668  -49.215  -22.079 0.3000000119
30855  44.413  -47.040  -22.632 0.3000000119
33120  44.626  -45.588  -22.655 0.3000000119
33111  44.334  -44.802  -22.228 0.3000000119
34201  46.558  -44.949  -24.275 0.3000000119
26765  42.683  -51.631  -19.862 0.3000000119
28690  43.032  -49.388  -21.575 0.3000000119
30856  44.057  -47.737  -22.437 0.3000000119
25061  41.848  -53.275  -21.554 0.3000000119
24080  43.173  -54.430  -19.473 0.3000000119
23064  42.333  -54.458  -20.157 0.3000000119
16271  38.461  -61.155  -26.243 0.3000000119
18509  39.671  -58.829  -27.460 0.3000000119
19709  39.634  -58.728  -28.270 0.3000000119
20858  39.972  -57.637  -25.020 0.3000000119
22003  40.295  -56.501  -25.285 0.3000000119
22038  41.289  -56.243  -28.282 0.4000000060
23127  40.937  -55.639  -27.348 0.4000000060
23135  42.095  -55.031  -28.335 0.4000000060
24127  40.468  -55.129  -24.320 0.3000000119
24151  40.704  -55.066  -26.162 0.4000000060
25030  44.698  -53.488  -18.074 0.3000000119
25039  44.462  -53.205  -18.941 0.3000000119
25060  44.185  -53.270  -21.282 0.3000000119
25074  43.830  -52.913  -22.018 0.3000000119
25117  40.758  -54.288  -26.217 0.3000000119
25127  42.317  -53.763  -28.425 0.4000000060
25904  44.552  -53.378  -17.960 0.3000000119
25922  44.320  -52.702  -19.141 0.3000000119
25930  45.329  -52.071  -20.308 0.3000000119
25931  44.728  -51.692  -20.609 0.3000000119
25941  45.472  -51.958  -20.747 0.3000000119
25951  44.929  -52.035  -21.488 0.3000000119
26003  42.345  -52.970  -28.216 0.4000000060
26797  44.904  -51.632  -21.098 0.3000000119
26819  43.484  -51.004  -23.410 0.4000000060
26874  42.287  -51.241  -29.304 0.3000000119
27710  44.205  -50.806  -22.230 0.4000000060
27731  44.380  -49.957  -23.549 0.4000000060
27742  43.592  -50.074  -24.593 0.4000000060
27758  43.148  -50.356  -26.942 0.5000000000
28700  45.212  -48.965  -23.264 0.4000000060
28701  44.790  -49.387  -22.824 0.4000000060
28702  44.328  -49.159  -22.493 0.3000000119
28726  44.590  -49.494  -24.145 0.4000000060
28735  43.825  -49.601  -25.346 0.4000000060
28750  44.191  -49.012  -26.876 0.5000000000
29743  45.438  -48.477  -23.858 0.4000000060
29750  45.317  -48.641  -24.409 0.4000000060
29757  45.331  -47.933  -25.703 0.4000000060
29777  43.355  -48.477  -28.490 0.4000000060
30876  46.312  -46.749  -25.001 0.4000000060
30878  42.307  -47.363  -26.120 0.3000000119
30885  43.562  -47.193  -27.951 0.4000000060
30893  45.064  -46.836  -27.716 0.4000000060
30895  44.007  -47.279  -28.243 0.4000000060
32029  44.916  -46.437  -22.912 0.4000000060
32050  46.122  -46.471  -26.119 0.4000000060
32051  42.691  -46.725  -25.685 0.3000000119
32057  46.365  -45.772  -26.375 0.4000000060
32059  44.823  -46.007  -27.945 0.4000000060
32062  34.567  -45.926  -26.519 0.4000000060
32068  45.184  -46.058  -27.860 0.4000000060
32069  44.768  -46.444  -27.923 0.4000000060
33079  38.546  -45.477  -18.636 0.3000000119
33130  46.110  -45.422  -23.678 0.3000000119
33131  41.868  -45.024  -23.556 0.5000000000
33138  46.638  -45.653  -24.781 0.4000000060
33139  42.814  -45.710  -24.757 0.6000000238
33149  36.276  -46.481  -27.461 0.5000000000
33155  45.573  -45.200  -27.373 0.4000000060
33157  44.375  -45.751  -27.145 0.4000000060
33158  36.972  -45.647  -28.505 0.5000000000
33159  36.423  -46.211  -28.256 0.5000000000
33160  35.782  -46.305  -27.846 0.5000000000
33162  33.232  -45.839  -26.631 0.4000000060
34149  37.820  -44.730  -17.923 0.3000000119
34160  38.401  -44.319  -18.218 0.3000000119
34204  41.162  -44.858  -23.091 0.5000000000
34211  47.064  -44.033  -24.764 0.4000000060
34213  43.556  -44.273  -24.589 0.5000000000
34221  47.092  -43.562  -26.338 0.5000000000
34229  33.149  -44.702  -26.470 0.4000000060
34235  46.521  -44.327  -26.562 0.5000000000
34239  37.705  -45.424  -28.345 0.6000000238
35212  38.110  -43.089  -17.747 0.3000000119
35235  44.716  -43.297  -22.530 0.4000000060
35246  43.375  -42.894  -24.019 0.4000000060
35249  40.797  -42.562  -23.389 0.4000000060
35256  47.438  -43.152  -24.948 0.4000000060
35258  44.608  -43.217  -25.208 0.6000000238
35261  36.625  -43.853  -24.656 0.5000000000
35263  33.361  -43.543  -25.466 0.5000000000
35269  47.489  -42.717  -25.783 0.3000000119
35270  46.346  -43.328  -27.047 0.4000000060
35271  45.615  -43.297  -26.429 0.4000000060
35282  47.158  -42.711  -26.906 0.4000000060
35288  35.069  -44.892  -26.900 0.5000000000
35290  39.014  -43.303  -28.439 0.6000000238
35292  37.988  -44.482  -28.694 0.6000000238
36205  35.949  -41.898  -16.007 0.3000000119
36218  37.085  -42.021  -16.928 0.3000000119
36260  45.298  -42.901  -23.051 0.4000000060
36269  42.634  -42.662  -23.705 0.4000000060
36270  41.661  -42.588  -23.525 0.4000000060
36271  39.255  -42.330  -23.202 0.4000000060
36272  38.526  -42.346  -23.370 0.4000000060
36273  37.809  -42.526  -23.733 0.5000000000
36275  33.776  -42.006  -23.917 0.5000000000
36283  47.569  -42.267  -24.948 0.3000000119
36284  47.360  -42.028  -24.761 0.4000000060
36298  47.699  -41.716  -25.303 0.3000000119
36306  47.260  -41.949  -26.843 0.4000000060
36307  46.820  -42.630  -27.083 0.4000000060
36317  39.864  -42.353  -28.306 0.6000000238
36318  39.323  -42.861  -28.324 0.6000000238
37246  40.337  -41.018  -17.716 0.3000000119
37247  39.543  -41.322  -17.529 0.3000000119
37254  41.552  -41.017  -18.476 0.3000000119
37280  33.180  -40.875  -22.809 0.5000000000
37300  47.460  -41.151  -24.778 0.3000000119
37301  43.996  -41.561  -24.440 0.4000000060
37302  43.291  -41.399  -24.446 0.4000000060
37307  38.837  -41.780  -24.740 0.6000000238
37308  35.039  -41.046  -24.665 0.6000000238
37312  47.664  -41.419  -25.478 0.3000000119
37314  45.624  -41.200  -25.632 0.4000000060
37325  47.166  -41.295  -26.427 0.5000000000
37328  40.524  -41.800  -27.623 0.8000000119
37333  40.480  -41.832  -28.412 0.6999999881
37337  40.548  -41.710  -28.579 0.6999999881
37338  39.895  -42.208  -28.408 0.6000000238
38329  37.928  -39.960  -15.791 0.3000000119
38342  39.507  -40.135  -16.581 0.3000000119
38378  44.034  -40.475  -21.859 0.4000000060
38384  33.503  -40.209  -22.879 0.5000000000
38398  32.425  -40.803  -22.818 0.5000000000
38399  31.461  -40.792  -23.034 0.4000000060
38404  47.227  -40.686  -24.714 0.3000000119
38409  47.287  -40.251  -25.131 0.5000000000
38411  45.856  -40.217  -25.732 0.5000000000
38412  43.278  -40.309  -26.584 0.5000000000
38413  42.343  -40.580  -26.421 0.5000000000
38414  41.036  -41.026  -26.722 0.6999999881
38417  44.230  -39.893  -26.712 0.6000000238
38428  38.859  -40.976  -27.790 0.6000000238
38429  37.986  -41.308  -27.342 0.6000000238
38430  42.533  -40.308  -29.288 0.6999999881
39390  38.429  -38.903  -13.531 0.3000000119
39391  37.821  -39.297  -13.322 0.3000000119
39407  38.773  -39.115  -14.562 0.3000000119
39445  40.536  -39.464  -17.435 0.4000000060
39454  40.771  -39.033  -18.085 0.4000000060
39470  41.607  -38.841  -19.856 0.4000000060
39499  46.824  -39.838  -25.651 0.5000000000
39511  45.655  -38.545  -27.620 0.6999999881
39516  45.006  -38.450  -28.459 0.6999999881
39517  44.508  -39.036  -28.958 0.6999999881
40493  38.142  -38.440  -12.795 0.3000000119
40501  38.722  -38.731  -14.260 0.3000000119
40526  39.946  -38.156  -17.136 0.4000000060
40527  39.707  -38.662  -16.387 0.4000000060
40556  40.774  -37.543  -19.041 0.4000000060
40568  43.430  -37.181  -21.594 0.6000000238
40569  43.211  -37.877  -21.155 0.6000000238
40571  38.980  -37.756  -21.538 0.5000000000
40573  37.405  -37.579  -21.843 0.5000000000
40582  39.273  -38.220  -22.375 0.5000000000
40590  40.314  -38.481  -23.671 0.4000000060
40593  34.334  -37.635  -23.500 0.5000000000
40595  46.920  -38.533  -25.241 0.5000000000
40597  46.234  -37.291  -24.441 0.6000000238
40605  46.991  -38.086  -25.900 0.5000000000
40606  46.780  -37.218  -26.066 0.6999999881
40610  40.376  -38.277  -25.978 0.5000000000
40612  36.241  -38.289  -25.589 0.6999999881
40615  46.486  -38.103  -27.185 0.6999999881
40632  44.522  -38.692  -28.851 0.6000000238
40633  43.694  -38.747  -29.092 0.6999999881
41614  37.537  -37.487  -12.746 0.3000000119
41641  37.860  -37.315  -14.393 0.4000000060
41662  38.729  -37.332  -16.358 0.4000000060
41674  38.811  -36.899  -17.219 0.4000000060
41697  40.859  -37.063  -19.869 0.5000000000
41698  39.679  -36.646  -19.211 0.5000000000
41719  38.072  -37.657  -20.252 0.4000000060
41721  36.602  -37.219  -20.514 0.5000000000
41730  43.180  -36.496  -21.833 0.5000000000
41732  42.061  -35.912  -21.461 0.5000000000
41733  40.675  -36.314  -20.929 0.5000000000
41745  40.914  -36.570  -21.632 0.5000000000
41753  44.882  -36.721  -23.328 0.5000000000
41754  43.613  -36.222  -23.549 0.6000000238
41756  41.968  -37.275  -22.996 0.6000000238
41757  37.948  -37.258  -23.899 0.4000000060
41764  42.147  -37.820  -24.050 0.6000000238
41766  35.204  -37.259  -24.660 0.8000000119
41770  43.334  -37.490  -25.146 0.6999999881
41775  46.449  -37.225  -26.771 0.6999999881
41776  46.085  -36.849  -26.698 0.6000000238
41784  45.911  -37.450  -27.385 0.6999999881
41785  44.752  -37.629  -27.865 0.6999999881
42720  36.889  -36.846  -12.621 0.3000000119
42826  35.670  -36.463  -20.819 0.5000000000
42829  43.195  -36.250  -22.386 0.6000000238
42835  44.506  -36.051  -23.767 0.6000000238
42838  33.549  -36.477  -23.448 0.5000000000
42842  45.748  -36.132  -24.978 0.6000000238
42847  34.782  -36.869  -24.243 0.6000000238
42850  44.817  -35.909  -24.871 0.6000000238
42853  35.633  -36.948  -25.373 0.6999999881
42854  46.294  -36.703  -26.314 0.6000000238
42856  37.543  -36.285  -26.403 0.6000000238
42857  36.739  -36.480  -26.018 0.6000000238
43819  36.588  -35.300  -11.129 0.3000000119
43842  35.988  -35.801  -13.022 0.3000000119
43853  36.067  -35.830  -13.889 0.4000000060
43939  36.113  -35.581  -21.900 0.5000000000
43947  35.493  -35.566  -25.206 0.6000000238
43952  36.175  -35.511  -25.871 0.6999999881
43953  39.192  -35.419  -26.556 0.6999999881
44992  38.519  -34.093  -24.371 0.5000000000
45000  34.318  -34.628  -24.377 0.5000000000
45003  39.465  -34.509  -26.365 0.6000000238
45008  38.752  -34.725  -26.578 0.6999999881
45009  37.318  -35.067  -26.206 0.6999999881
46026  39.980  -32.943  -26.511 0.6000000238
46028  35.095  -33.316  -24.552 0.5000000000
47047  40.186  -32.280  -26.449 0.6000000238
47051  40.079  -32.424  -26.542 0.6000000238
47052  39.455  -32.625  -26.476 0.6999999881
128936  38.002  -37.824  -21.128 0.5000000000
129100  41.246  -47.591  -24.995 0.4000000060
131340  44.872  -53.841  -17.735 0.3000000119
131446  42.008  -54.103  -27.897 0.4000000060
131772  44.553  -51.503  -21.472 0.3000000119
132068  38.077  -36.832  -18.553 0.5000000000
134386  39.383  -36.982  -26.616 0.6000000238
134776  40.150  -45.205  -19.414 0.3000000119
135807  36.853  -36.406  -14.887 0.4000000060
136337  43.970  -42.842  -24.428 0.5000000000
136826  44.457  -53.155  -18.628 0.3000000119
137789  45.861  -40.674  -23.661 0.3000000119
137794  37.472  -43.203  -17.411 0.3000000119
138007  44.511  -48.291  -27.209 0.4000000060
138133  43.553  -49.937  -25.150 0.4000000060
138235  34.687  -36.175  -24.255 0.6000000238
139194  44.558  -37.422  -22.549 0.5000000000
139477  47.253  -40.569  -24.649 0.3000000119
139480  43.315  -43.057  -20.984 0.3000000119
140435  40.015  -42.418  -23.184 0.4000000060
140806  42.552  -45.095  -24.122 0.5000000000
141014  36.050  -34.990  -11.779 0.3000000119
141028  40.152  -57.041  -25.228 0.3000000119
141329  38.805  -38.420  -24.146 0.3000000119
141454  31.912  -41.298  -23.285 0.5000000000
143130  42.396  -53.263  -28.667 0.5000000000
143185  43.701  -49.902  -21.851 0.3000000119
143390  40.641  -57.393  -28.345 0.3000000119
143562  45.565  -48.022  -24.344 0.4000000060
143782  38.503  -37.925  -14.263 0.4000000060
146097  44.832  -47.804  -22.711 0.3000000119
147160  38.153  -41.020  -16.956 0.3000000119
148939  38.089  -37.275  -19.390 0.5000000000
148989  41.500  -53.147  -22.476 0.4000000060
149590  36.571  -37.175  -18.855 0.5000000000
150286  41.644  -40.722  -26.272 0.6000000238
150589  44.544  -38.321  -22.346 0.5000000000
151401  38.513  -38.081  -22.313 0.4000000060
152715  45.436  -37.509  -27.684 0.6999999881
152746  43.110  -42.407  -23.918 0.4000000060
152944  41.892  -51.859  -23.709 0.4000000060
153449  38.586  -32.528  -26.302 0.5000000000
