#!ascii label  , from subject sub-v1s15x0050201_ses-1 vox2ras=TkReg
1709
42805  35.201  -36.585  -19.242 0.6000000238
42793  36.227  -36.920  -18.319 0.5000000000
43910  34.501  -35.671  -18.656 0.6999999881
44965  34.446  -34.621  -18.740 0.6000000238
43932  34.964  -35.081  -20.030 0.6000000238
46005  34.865  -33.757  -19.281 0.6000000238
143459  34.556  -36.011  -18.028 0.6999999881
42821  34.920  -35.802  -19.883 0.5000000000
43931  35.299  -35.734  -20.598 0.5000000000
151978  35.675  -35.960  -21.283 0.5000000000
143193  35.316  -34.726  -20.655 0.6000000238
46004  35.307  -33.184  -19.807 0.6000000238
145792  34.976  -36.447  -17.848 0.5000000000
148307  35.450  -36.686  -18.486 0.5000000000
41722  35.876  -36.912  -20.308 0.6000000238
46011  35.496  -33.663  -20.698 0.6000000238
132068  38.077  -36.832  -18.553 0.5000000000
42791  38.083  -36.566  -17.731 0.5000000000
46981  34.082  -31.958  -16.992 0.6000000238
47000  34.491  -32.300  -17.719 0.6999999881
44940  33.827  -34.385  -16.512 0.6000000238
44953  33.832  -33.844  -17.133 0.6999999881
45988  34.382  -33.176  -17.793 0.6000000238
47009  34.766  -32.586  -18.421 0.6000000238
47016  35.050  -32.854  -19.094 0.6000000238
132542  34.211  -35.256  -16.751 0.6000000238
43896  34.267  -35.263  -17.768 0.6999999881
47015  35.445  -32.324  -19.607 0.6000000238
42780  35.175  -36.409  -17.012 0.5000000000
43883  34.522  -35.425  -16.083 0.5000000000
47022  35.642  -32.605  -20.395 0.6000000238
42779  36.609  -36.715  -17.563 0.5000000000
47021  36.082  -32.019  -20.914 0.6000000238
42765  36.260  -36.451  -16.722 0.5000000000
49004  36.673  -30.603  -21.284 0.6999999881
48015  36.545  -31.478  -21.477 0.6000000238
48014  37.052  -30.943  -22.042 0.6999999881
48020  37.618  -31.309  -22.728 0.6000000238
49028  38.308  -30.759  -23.367 0.6000000238
50067  37.534  -28.919  -25.217 0.5000000000
51105  35.941  -28.853  -24.428 0.6999999881
50068  36.592  -29.326  -24.717 0.6000000238
50058  35.625  -29.462  -23.821 0.8000000119
49029  35.463  -30.332  -23.636 0.6999999881
47969  34.171  -31.062  -16.809 0.6000000238
47984  34.551  -31.499  -17.637 0.6999999881
45973  33.647  -33.504  -16.318 0.6999999881
46982  33.630  -32.512  -16.245 0.6000000238
47994  34.869  -31.821  -18.325 0.6999999881
131169  34.919  -31.102  -18.250 0.6999999881
44939  34.125  -34.832  -15.949 0.6000000238
45952  33.680  -33.064  -14.382 0.6000000238
152736  35.278  -30.787  -18.704 0.8000000119
44913  34.751  -34.046  -13.502 0.5000000000
44931  34.265  -34.531  -15.149 0.5000000000
48979  35.570  -30.861  -19.243 0.8000000119
48002  35.529  -31.565  -19.434 0.6000000238
133274  35.351  -35.483  -15.115 0.5000000000
146246  34.672  -35.184  -15.464 0.5000000000
48978  35.871  -30.250  -19.691 0.8000000119
48001  35.851  -30.974  -19.956 0.6000000238
153917  36.879  -36.329  -16.129 0.5000000000
48993  36.326  -30.259  -20.473 0.8000000119
50043  36.831  -29.731  -21.145 0.8000000119
48008  36.220  -31.179  -20.694 0.6999999881
50042  37.335  -29.169  -21.749 0.6999999881
50049  38.443  -28.961  -23.284 0.6999999881
51089  37.895  -28.606  -22.502 0.6999999881
49016  37.696  -30.421  -22.582 0.6999999881
51096  39.067  -28.343  -24.335 0.6000000238
49015  38.379  -29.875  -23.257 0.6000000238
50050  37.786  -29.527  -22.495 0.6000000238
52174  39.387  -27.681  -25.188 0.6999999881
51102  39.551  -28.683  -25.143 0.6999999881
50057  38.982  -29.257  -24.232 0.6000000238
51103  37.767  -27.988  -25.250 0.6999999881
51110  39.384  -28.496  -25.386 0.6000000238
51104  36.590  -28.384  -24.901 0.8000000119
51111  38.691  -28.606  -25.488 0.6000000238
52166  35.738  -27.634  -24.041 0.8999999762
49017  35.289  -30.047  -23.205 0.6999999881
51090  35.501  -28.172  -23.136 0.8000000119
48943  33.926  -30.303  -16.206 0.6000000238
128956  34.303  -30.293  -16.915 0.6999999881
49998  34.186  -29.580  -16.465 0.6999999881
47970  33.706  -31.620  -16.173 0.6000000238
50009  34.608  -29.721  -17.433 0.6000000238
47940  33.983  -31.556  -13.560 0.4000000060
46967  33.522  -32.452  -14.694 0.6000000238
46976  33.483  -32.085  -15.370 0.6000000238
48967  34.990  -30.340  -18.231 0.6999999881
46958  34.211  -32.414  -13.308 0.6000000238
45939  35.101  -33.793  -12.709 0.4000000060
45940  34.513  -33.219  -13.161 0.5000000000
44924  33.846  -33.806  -14.782 0.6000000238
48966  35.490  -30.111  -18.938 0.8000000119
44912  35.288  -34.568  -13.073 0.5000000000
149303  35.823  -29.647  -19.459 0.8000000119
43865  35.535  -35.368  -14.328 0.4000000060
50032  36.547  -29.454  -20.583 0.8000000119
42747  36.102  -35.880  -14.819 0.5000000000
51075  37.423  -28.251  -21.750 0.8000000119
53163  38.157  -26.570  -22.967 0.8000000119
51076  36.883  -28.828  -21.019 0.8000000119
137236  39.369  -26.419  -24.837 0.8000000119
52154  38.012  -27.634  -22.672 0.6999999881
53174  39.300  -25.764  -25.090 0.8999999762
133947  39.324  -26.882  -25.099 0.8999999762
52153  38.834  -26.933  -23.820 0.6999999881
53177  39.186  -26.714  -25.216 0.8999999762
52175  39.472  -27.846  -25.158 0.6999999881
52183  39.011  -27.674  -25.407 0.6000000238
52165  36.350  -27.124  -24.685 0.8999999762
52177  36.877  -27.488  -25.073 0.8999999762
50044  34.575  -29.227  -21.671 0.8000000119
49005  34.485  -30.128  -21.926 0.8000000119
50052  35.036  -29.673  -22.514 0.8000000119
49018  34.765  -30.508  -22.732 0.8000000119
50051  35.454  -29.136  -23.182 0.6999999881
51033  34.456  -28.736  -16.845 0.6000000238
48929  33.670  -30.421  -15.425 0.6000000238
48928  33.888  -29.655  -15.598 0.5000000000
50008  34.774  -28.934  -17.702 0.6999999881
48906  34.290  -30.680  -13.549 0.4000000060
48907  33.764  -30.923  -14.044 0.5000000000
48920  33.625  -30.683  -14.678 0.6000000238
50017  35.088  -29.508  -18.291 0.6999999881
47932  34.565  -31.829  -12.862 0.5000000000
50026  35.539  -29.219  -18.971 0.6999999881
47923  36.345  -31.743  -11.239 0.5000000000
46951  34.719  -32.530  -12.670 0.6000000238
46942  36.504  -32.531  -10.893 0.4000000060
46943  35.834  -32.596  -11.373 0.4000000060
52132  36.334  -27.232  -20.587 0.8000000119
51053  36.059  -28.352  -19.831 0.8000000119
45923  36.381  -33.463  -10.949 0.4000000060
52141  36.854  -27.867  -21.074 0.8000000119
152901  36.637  -28.406  -20.693 0.8000000119
136373  36.188  -29.585  -20.017 0.8000000119
43843  35.712  -35.127  -12.634 0.3000000119
54163  38.263  -25.484  -23.079 0.8000000119
53152  37.415  -26.310  -22.081 0.8000000119
52140  37.439  -27.283  -21.914 0.8000000119
55196  39.022  -24.402  -24.852 0.8999999762
53171  39.217  -25.646  -24.381 0.8999999762
54186  38.379  -25.016  -25.186 0.8999999762
53175  38.718  -25.833  -25.338 0.8999999762
54183  37.069  -25.211  -24.771 0.8999999762
139819  37.635  -25.731  -25.162 0.8999999762
53172  36.680  -26.209  -24.715 0.8999999762
50045  34.022  -29.691  -21.035 0.8000000119
49006  33.956  -30.574  -21.306 0.8000000119
53173  35.955  -26.728  -24.018 0.8999999762
51091  35.121  -28.717  -22.345 0.8000000119
52155  35.477  -27.223  -23.199 0.8000000119
129275  34.077  -29.072  -14.960 0.6000000238
51024  34.181  -28.885  -15.844 0.6000000238
131875  34.452  -28.116  -16.075 0.6000000238
49979  34.252  -29.389  -14.216 0.6000000238
49956  35.841  -29.931  -12.550 0.4000000060
48905  35.036  -30.417  -12.931 0.4000000060
48919  33.988  -30.212  -14.137 0.4000000060
49980  33.818  -29.871  -14.810 0.5000000000
51032  34.784  -28.102  -17.607 0.6999999881
146877  35.619  -30.611  -12.336 0.4000000060
139223  35.172  -27.939  -18.401 0.6999999881
48885  36.675  -30.873  -11.518 0.5000000000
48886  35.864  -31.096  -11.815 0.4000000060
51054  35.581  -28.300  -19.125 0.6999999881
132821  37.096  -31.293  -11.027 0.5000000000
53146  35.740  -26.604  -20.182 0.8000000119
52124  35.795  -27.523  -19.785 0.8000000119
54164  37.250  -25.325  -22.072 0.8000000119
54174  38.120  -24.620  -23.050 0.8000000119
139935  38.173  -23.851  -24.379 0.8999999762
54182  38.901  -24.529  -24.273 0.8999999762
151776  37.375  -23.812  -24.534 0.8999999762
54184  36.428  -25.057  -24.205 0.8999999762
140775  36.207  -25.834  -24.060 1.0000000000
51078  33.855  -28.765  -20.948 0.8000000119
53164  35.444  -26.252  -23.212 1.0000000000
51077  34.426  -28.277  -21.541 0.8000000119
53165  34.943  -26.826  -22.603 1.0000000000
52156  34.908  -27.652  -22.305 0.8000000119
143664  34.151  -27.502  -21.551 0.8000000119
52085  34.662  -27.376  -16.319 0.6000000238
51005  34.519  -28.558  -14.319 0.6000000238
53098  34.784  -26.609  -16.657 0.6999999881
49968  35.337  -29.462  -13.118 0.4000000060
50994  34.814  -28.909  -13.630 0.4000000060
131874  36.273  -30.368  -12.044 0.4000000060
52101  34.904  -27.281  -18.042 0.6999999881
137202  39.018  -30.292  -11.674 0.5000000000
48893  38.480  -29.966  -12.382 0.4000000060
52114  35.261  -27.366  -18.896 0.8000000119
53145  36.313  -26.378  -20.855 0.8000000119
130000  35.238  -25.980  -19.831 0.8000000119
55173  36.602  -24.807  -21.580 0.8000000119
139263  36.823  -26.123  -21.473 0.8000000119
56184  37.684  -23.234  -23.317 0.8000000119
55193  38.567  -24.092  -24.390 0.8999999762
55194  36.906  -24.359  -24.600 0.8999999762
56191  37.458  -23.081  -24.248 0.8999999762
55195  36.305  -24.447  -23.821 1.0000000000
54176  35.798  -25.328  -23.490 1.0000000000
54177  34.982  -25.464  -22.768 1.0000000000
53154  34.599  -26.166  -22.333 1.0000000000
53155  33.619  -26.179  -21.668 0.8000000119
52142  34.325  -26.863  -21.892 0.8000000119
52053  35.342  -27.246  -14.036 0.6000000238
51012  34.414  -28.303  -15.171 0.6000000238
52067  34.690  -27.548  -15.447 0.6000000238
53115  34.738  -26.538  -17.556 0.6999999881
54121  34.865  -25.842  -16.931 0.6999999881
49967  36.200  -29.210  -12.890 0.4000000060
128032  35.638  -28.450  -13.217 0.5000000000
53128  34.833  -26.460  -18.545 0.8000000119
54134  34.633  -25.723  -17.813 0.8000000119
49955  36.870  -29.822  -12.573 0.4000000060
49953  39.672  -29.620  -13.286 0.4000000060
49954  38.715  -29.603  -13.293 0.4000000060
54157  35.685  -25.725  -20.477 0.8000000119
153972  35.212  -25.517  -20.039 0.8000000119
55174  35.887  -24.888  -20.914 0.8000000119
54175  37.358  -24.160  -22.440 0.8000000119
56188  38.054  -23.211  -24.067 0.8999999762
57132  37.611  -22.456  -23.870 0.8000000119
56190  36.308  -23.636  -23.641 1.0000000000
135069  36.473  -22.653  -23.630 1.0000000000
55188  35.409  -24.535  -23.057 1.0000000000
54166  33.299  -25.332  -21.611 1.0000000000
52143  33.424  -27.022  -21.444 0.8999999762
50033  33.191  -29.198  -20.433 0.8000000119
51065  32.115  -27.998  -20.780 0.8999999762
53156  32.652  -26.532  -21.393 1.0000000000
52144  32.258  -27.225  -21.171 1.0000000000
55180  33.035  -24.512  -21.520 1.0000000000
56180  31.635  -23.265  -21.501 1.0000000000
55181  31.781  -24.200  -21.518 1.0000000000
55182  30.684  -24.752  -21.508 1.0000000000
130572  30.628  -22.855  -21.499 1.0000000000
56181  30.439  -23.744  -21.466 1.0000000000
53079  35.391  -26.176  -15.051 0.6999999881
53097  35.094  -25.971  -16.047 0.6999999881
54106  35.468  -25.331  -15.414 0.6999999881
53053  35.806  -26.615  -13.734 0.6000000238
150277  35.488  -26.606  -14.337 0.6000000238
151606  36.087  -27.839  -13.053 0.6000000238
50992  37.599  -28.686  -13.524 0.5000000000
55152  34.616  -24.864  -17.994 0.8000000119
49964  39.153  -29.341  -14.042 0.4000000060
54143  34.640  -25.512  -18.686 0.8000000119
129293  35.226  -25.005  -20.229 0.8000000119
128226  35.425  -24.157  -20.495 0.8000000119
55178  36.309  -23.941  -21.469 0.8000000119
57125  37.354  -22.458  -23.009 0.6999999881
56176  37.017  -23.355  -22.384 0.8000000119
57136  37.484  -22.358  -23.981 0.8999999762
57133  37.393  -21.487  -23.728 0.8000000119
57137  37.236  -22.026  -24.085 0.8999999762
58047  37.187  -21.073  -24.161 1.0000000000
57138  36.759  -21.532  -23.975 1.0000000000
56185  35.461  -23.471  -22.992 1.0000000000
57134  35.555  -22.329  -23.066 1.0000000000
58046  35.330  -20.655  -22.715 1.0000000000
56186  34.601  -23.274  -22.352 1.0000000000
58040  34.320  -21.074  -21.948 1.0000000000
135123  34.527  -22.515  -22.239 1.0000000000
57128  32.825  -22.749  -21.382 1.0000000000
56179  32.909  -23.631  -21.447 1.0000000000
140204  31.144  -26.967  -21.357 1.0000000000
52145  30.894  -27.738  -21.227 1.0000000000
57129  31.528  -22.400  -21.432 1.0000000000
53157  31.669  -26.164  -21.400 1.0000000000
54168  30.813  -25.545  -21.447 1.0000000000
55175  29.859  -24.773  -21.115 1.0000000000
56182  29.941  -22.824  -21.268 1.0000000000
131001  29.823  -23.833  -21.141 1.0000000000
54089  35.741  -25.477  -14.665 0.6999999881
54120  35.152  -25.175  -16.265 0.6999999881
53051  37.106  -26.641  -13.303 0.5000000000
53063  35.780  -25.982  -14.190 0.6999999881
54133  34.852  -25.025  -17.116 0.6999999881
52045  35.812  -27.429  -13.367 0.6000000238
147282  37.287  -27.864  -13.334 0.5000000000
55159  34.712  -24.146  -18.207 0.8000000119
128950  34.723  -23.818  -18.941 0.8000000119
55166  34.851  -24.410  -19.690 0.6999999881
56177  36.555  -22.801  -21.862 0.8000000119
56174  35.654  -23.132  -20.806 0.8000000119
57126  37.025  -21.668  -22.537 0.6999999881
141210  36.899  -20.427  -23.560 0.8999999762
136390  36.547  -20.134  -22.663 0.8000000119
59862  36.359  -19.013  -22.399 0.8000000119
60798  36.233  -18.539  -22.057 0.8000000119
58932  36.981  -20.583  -24.002 0.8999999762
58929  36.368  -19.783  -22.744 0.8000000119
60803  35.849  -18.655  -22.591 0.8000000119
58045  36.237  -21.079  -23.551 1.0000000000
58930  36.284  -19.965  -23.022 0.8999999762
59867  35.661  -18.950  -22.821 0.8999999762
149950  35.561  -18.246  -22.335 0.8000000119
58931  35.408  -19.602  -22.759 0.8999999762
58925  34.555  -20.120  -22.363 1.0000000000
129393  33.823  -22.076  -21.660 1.0000000000
57127  33.768  -23.057  -21.673 1.0000000000
132634  32.640  -21.868  -21.337 1.0000000000
150313  30.247  -25.511  -20.644 1.0000000000
152992  31.955  -20.832  -20.851 1.0000000000
57131  30.060  -22.102  -21.204 1.0000000000
141187  29.773  -23.970  -21.003 1.0000000000
58042  30.413  -21.703  -21.151 1.0000000000
58035  30.444  -21.786  -20.393 1.0000000000
56168  30.866  -23.179  -19.644 1.0000000000
151648  36.594  -25.525  -13.693 0.6999999881
54088  36.250  -25.250  -14.067 0.6999999881
55114  35.948  -24.760  -14.765 0.6999999881
55131  35.580  -24.492  -15.569 0.6999999881
55143  35.231  -24.351  -16.422 0.6999999881
54073  37.765  -25.642  -13.564 0.6000000238
130551  35.370  -23.614  -16.530 0.6999999881
52043  37.431  -27.221  -13.320 0.5000000000
55151  34.922  -24.059  -17.310 0.6999999881
52042  38.099  -27.753  -13.567 0.5000000000
56163  34.862  -23.243  -17.998 0.8000000119
57120  35.171  -22.226  -19.969 0.6999999881
56167  34.956  -23.457  -19.841 0.6999999881
57123  36.002  -21.975  -21.235 0.6999999881
58039  37.208  -20.739  -23.334 0.6999999881
149353  36.482  -19.437  -22.223 0.8000000119
58922  36.627  -19.307  -20.775 0.8000000119
131112  36.694  -18.854  -20.795 0.8000000119
59859  36.656  -18.920  -21.593 0.8000000119
60795  36.401  -18.585  -21.234 0.8000000119
60796  35.659  -18.129  -20.805 0.8000000119
59868  34.958  -18.608  -22.731 1.0000000000
60804  35.059  -18.121  -22.602 0.8999999762
61716  34.995  -17.659  -21.437 0.8000000119
59869  34.246  -18.000  -22.353 1.0000000000
61720  34.086  -17.176  -21.602 0.8000000119
58926  33.596  -20.315  -21.629 1.0000000000
59863  34.212  -19.100  -22.286 1.0000000000
150023  33.432  -21.305  -21.505 1.0000000000
58927  32.541  -20.045  -21.225 1.0000000000
58923  31.339  -20.179  -20.388 1.0000000000
55168  30.193  -24.529  -20.532 1.0000000000
138671  30.856  -21.007  -20.517 1.0000000000
142371  31.245  -21.816  -19.321 1.0000000000
57121  30.724  -22.393  -19.759 1.0000000000
55167  31.037  -24.161  -19.532 1.0000000000
57118  31.886  -22.055  -18.416 1.0000000000
55112  37.297  -24.271  -14.147 0.6999999881
56122  36.898  -23.707  -14.697 0.6999999881
56136  35.752  -23.669  -15.791 0.6000000238
56147  35.819  -22.952  -16.264 0.6000000238
56156  35.284  -23.055  -17.014 0.6000000238
57115  35.307  -22.306  -17.532 0.6999999881
130334  35.110  -21.925  -18.898 0.6999999881
57117  35.033  -22.411  -18.261 0.6999999881
58034  35.611  -21.061  -20.636 0.6999999881
58924  36.264  -19.984  -21.410 0.8000000119
60791  36.492  -18.710  -20.246 0.8000000119
60792  35.348  -18.099  -19.796 0.8000000119
61717  34.467  -17.444  -20.630 0.8000000119
60801  33.444  -17.463  -21.703 0.8000000119
61718  33.373  -16.895  -20.966 0.8000000119
59865  32.419  -18.931  -21.177 1.0000000000
60802  32.624  -17.815  -21.359 1.0000000000
61719  32.807  -17.000  -20.923 0.6999999881
59860  32.163  -18.317  -21.015 1.0000000000
60794  32.422  -17.708  -20.377 0.8999999762
59858  31.528  -19.481  -19.997 1.0000000000
58921  31.124  -20.329  -19.984 1.0000000000
58917  31.463  -20.275  -19.318 1.0000000000
53138  30.914  -26.187  -19.557 1.0000000000
58033  31.052  -20.995  -19.736 1.0000000000
58032  31.632  -21.089  -18.662 1.0000000000
56165  31.752  -23.612  -18.728 1.0000000000
132189  31.046  -25.178  -19.515 1.0000000000
57119  31.528  -22.671  -18.986 1.0000000000
55130  36.223  -23.935  -14.991 0.6999999881
137532  35.421  -21.637  -18.159 0.6000000238
149053  35.354  -21.196  -19.608 0.6999999881
151294  35.450  -21.155  -18.831 0.6999999881
58920  35.868  -20.315  -20.293 0.6999999881
59856  36.893  -19.020  -20.130 0.6999999881
59855  37.031  -19.076  -19.467 0.6999999881
60788  34.888  -17.999  -18.884 0.6999999881
60793  34.273  -17.450  -19.660 0.6999999881
129129  33.611  -17.144  -20.211 0.6999999881
61715  32.812  -17.274  -20.149 0.8000000119
61714  33.091  -17.102  -20.135 0.6999999881
130730  32.115  -18.624  -19.754 0.8999999762
132922  31.970  -19.516  -19.108 1.0000000000
139679  32.341  -19.421  -18.297 1.0000000000
54144  31.539  -25.764  -18.535 1.0000000000
58916  31.960  -20.260  -18.443 1.0000000000
56158  32.282  -23.842  -17.833 1.0000000000
56164  32.187  -22.968  -18.156 1.0000000000
56135  36.508  -23.191  -15.553 0.6000000238
58018  36.496  -22.389  -16.478 0.6000000238
57106  35.817  -22.279  -16.856 0.6000000238
58017  36.942  -21.572  -17.455 0.6000000238
58029  36.079  -21.519  -17.617 0.6000000238
58031  36.132  -20.774  -18.642 0.6000000238
58915  35.932  -20.399  -19.468 0.6000000238
58914  37.445  -19.766  -19.359 0.6999999881
60787  35.995  -18.618  -19.084 0.6999999881
60784  35.486  -18.468  -17.978 0.6999999881
60789  33.867  -17.139  -19.040 0.6999999881
62615  37.496  -16.422  -11.263 0.3000000119
61711  33.217  -16.717  -18.744 0.6999999881
61713  33.376  -17.076  -19.614 0.6999999881
64492  39.497  -14.830  -10.797 0.3000000119
61710  32.885  -17.010  -18.772 0.8000000119
50010  29.115  -29.550  -17.976 0.8999999762
149264  32.375  -18.764  -18.969 1.0000000000
51034  30.063  -28.509  -18.113 1.0000000000
53116  31.445  -26.364  -17.714 1.0000000000
53117  31.033  -27.161  -18.117 1.0000000000
58912  32.475  -20.184  -17.677 1.0000000000
57116  32.331  -22.311  -17.583 1.0000000000
141894  32.164  -21.575  -17.912 1.0000000000
55161  31.861  -24.696  -18.424 1.0000000000
56157  32.405  -23.149  -17.274 1.0000000000
57093  37.068  -22.651  -15.933 0.6000000238
57105  37.526  -21.974  -16.820 0.6000000238
58027  38.896  -19.946  -19.409 0.6000000238
58911  38.502  -19.731  -19.419 0.6999999881
58028  37.575  -20.469  -18.854 0.6000000238
58913  38.389  -19.579  -19.354 0.6999999881
57996  39.442  -21.326  -15.377 0.3000000119
152262  38.808  -21.012  -15.234 0.3000000119
58918  37.328  -19.461  -19.292 0.6999999881
59852  36.643  -18.973  -18.479 0.6999999881
61660  37.064  -17.134  -11.582 0.3000000119
63554  37.907  -15.647  -10.950 0.4000000060
63555  37.009  -15.540  -11.475 0.4000000060
50011  28.531  -29.825  -17.722 0.6999999881
50012  27.838  -29.703  -17.214 0.6999999881
67109  39.163  -11.869  -10.796 0.3000000119
64493  38.462  -14.823  -10.812 0.3000000119
61709  32.916  -15.929  -18.205 0.6999999881
51035  29.289  -28.907  -17.725 0.8999999762
67130  39.798  -11.590  -10.998 0.3000000119
64494  37.432  -14.728  -11.180 0.3000000119
51025  29.846  -28.235  -17.158 0.8999999762
65373  38.592  -13.363  -10.721 0.3000000119
65382  37.911  -13.887  -10.898 0.3000000119
59854  32.611  -18.216  -18.363 0.8000000119
59849  32.775  -19.346  -17.498 1.0000000000
58019  33.021  -21.039  -16.537 1.0000000000
55153  32.247  -24.612  -17.294 1.0000000000
54136  31.879  -25.488  -17.535 1.0000000000
58020  32.575  -21.581  -17.130 1.0000000000
146652  32.419  -23.887  -17.025 1.0000000000
57095  32.762  -22.789  -15.887 1.0000000000
56148  32.548  -23.393  -16.467 1.0000000000
56137  32.626  -23.663  -15.673 1.0000000000
58026  39.645  -19.915  -19.211 0.6999999881
58910  39.048  -19.741  -19.274 0.6999999881
58004  40.435  -20.546  -16.855 0.3000000119
145409  38.631  -19.505  -19.084 0.6999999881
59851  37.745  -19.392  -18.933 0.6999999881
58883  38.144  -20.836  -14.957 0.4000000060
145669  36.102  -18.998  -17.506 0.6999999881
58889  38.210  -20.111  -16.273 0.5000000000
133012  35.635  -18.645  -16.932 0.6999999881
58872  37.462  -20.633  -13.921 0.5000000000
128673  35.127  -17.760  -17.366 0.6999999881
60754  36.421  -18.848  -12.921 0.4000000060
60755  35.971  -18.279  -13.730 0.6000000238
144976  36.221  -17.328  -12.720 0.5000000000
60785  34.568  -17.476  -18.316 0.6999999881
60748  36.765  -18.483  -12.105 0.3000000119
61708  33.675  -16.206  -18.535 0.6999999881
66246  35.853  -12.159  -11.680 0.4000000060
62628  36.247  -16.116  -12.524 0.4000000060
62669  33.208  -15.319  -18.347 0.6999999881
49999  27.238  -29.761  -16.727 0.6999999881
66222  36.522  -11.759  -11.037 0.4000000060
62616  36.712  -16.288  -11.793 0.4000000060
63565  36.428  -15.419  -12.283 0.4000000060
48945  27.455  -30.521  -16.757 0.6000000238
143007  38.437  -11.635  -10.713 0.3000000119
65374  37.801  -12.905  -10.859 0.3000000119
66221  37.615  -11.946  -10.797 0.4000000060
62664  32.793  -14.996  -17.958 0.6999999881
51036  28.411  -29.139  -17.365 0.6999999881
65384  36.127  -12.679  -11.929 0.4000000060
135101  36.609  -14.455  -12.020 0.4000000060
141981  36.163  -14.577  -12.829 0.4000000060
60786  32.755  -17.024  -18.009 0.8000000119
149182  37.021  -13.943  -11.471 0.3000000119
64495  36.405  -13.380  -12.091 0.4000000060
59853  33.039  -18.402  -17.272 0.8000000119
133862  31.079  -27.048  -17.051 1.0000000000
131476  33.345  -18.748  -16.230 0.8999999762
58905  33.026  -20.241  -16.952 1.0000000000
55144  32.422  -24.374  -16.318 1.0000000000
58006  32.939  -21.908  -16.196 1.0000000000
55132  32.458  -24.479  -15.370 1.0000000000
54122  32.193  -25.179  -15.740 1.0000000000
129390  32.657  -23.899  -14.959 1.0000000000
55115  32.466  -24.517  -14.530 1.0000000000
58909  40.036  -19.807  -18.697 0.6000000238
59845  39.046  -19.475  -18.581 0.6000000238
132916  40.482  -19.876  -17.783 0.5000000000
58901  39.348  -19.680  -17.665 0.6000000238
59846  38.085  -19.460  -18.165 0.6999999881
58888  39.231  -20.442  -16.399 0.5000000000
59847  36.962  -19.324  -17.644 0.6999999881
59834  36.571  -19.502  -16.507 0.6999999881
58884  37.265  -20.357  -14.994 0.6000000238
59848  36.139  -19.183  -16.861 0.6999999881
58873  36.795  -20.091  -13.986 0.6000000238
60766  36.264  -19.235  -14.018 0.6000000238
60781  35.465  -18.039  -16.368 0.6999999881
61679  35.851  -17.386  -13.544 0.6000000238
61690  35.650  -17.532  -14.665 0.6000000238
61702  35.233  -16.796  -16.960 0.6000000238
66264  34.890  -12.413  -12.851 0.4000000060
141636  36.428  -16.879  -12.242 0.4000000060
61694  35.494  -17.196  -15.872 0.6000000238
61707  34.509  -16.522  -17.881 0.6999999881
66247  35.187  -12.110  -12.143 0.4000000060
62639  35.646  -16.500  -14.304 0.5000000000
62668  33.972  -15.151  -18.342 0.6999999881
66263  35.127  -12.418  -13.035 0.5000000000
63566  35.876  -15.363  -13.186 0.4000000060
51026  28.889  -28.491  -17.008 0.8999999762
65383  36.990  -13.207  -11.362 0.4000000060
141531  35.702  -14.181  -13.546 0.4000000060
60782  33.174  -17.475  -16.924 0.6999999881
61703  32.775  -16.004  -17.673 0.6999999881
64503  35.980  -13.429  -13.009 0.4000000060
52086  30.356  -27.577  -16.473 0.8999999762
136794  33.250  -19.507  -16.612 0.8999999762
53100  30.972  -26.964  -16.066 0.8999999762
54135  32.094  -25.283  -16.591 1.0000000000
53099  31.541  -26.190  -16.629 1.0000000000
152301  31.788  -25.761  -15.967 1.0000000000
57094  33.148  -22.205  -15.331 1.0000000000
54108  31.731  -25.803  -15.202 1.0000000000
134615  31.361  -26.388  -15.605 1.0000000000
57083  33.277  -22.451  -14.618 1.0000000000
56080  32.282  -23.241  -11.788 0.8999999762
56097  32.994  -23.443  -12.699 1.0000000000
56124  32.869  -23.823  -14.115 1.0000000000
54090  32.064  -25.115  -13.975 1.0000000000
54107  32.156  -25.191  -14.860 1.0000000000
56111  32.722  -24.125  -13.099 1.0000000000
55080  32.091  -24.443  -12.638 1.0000000000
55100  31.638  -24.999  -12.830 0.8999999762
56099  31.810  -23.931  -12.116 1.0000000000
55081  31.412  -24.592  -12.443 0.8999999762
58902  38.293  -19.639  -17.356 0.6999999881
58903  37.397  -19.600  -17.116 0.6999999881
58890  37.137  -19.907  -16.083 0.6999999881
59829  36.528  -19.834  -14.945 0.6000000238
145713  36.356  -19.538  -15.675 0.6000000238
59835  35.832  -19.024  -16.048 0.6999999881
59830  35.938  -19.183  -15.066 0.6999999881
60771  35.648  -18.308  -15.380 0.6000000238
65385  34.691  -12.454  -11.884 0.3000000119
60767  35.817  -18.540  -14.548 0.6000000238
62655  35.410  -15.918  -16.585 0.6000000238
129041  34.475  -13.076  -12.172 0.4000000060
64496  34.402  -14.148  -11.504 0.4000000060
62649  35.581  -16.321  -15.458 0.6000000238
130875  35.579  -15.379  -15.190 0.5000000000
62663  34.805  -15.458  -17.584 0.6000000238
63611  34.241  -14.573  -17.921 0.6000000238
132182  34.778  -12.722  -13.626 0.5000000000
64516  35.381  -13.560  -14.501 0.4000000060
63578  35.574  -14.705  -13.983 0.4000000060
63612  33.338  -14.459  -18.057 0.6000000238
66272  34.979  -12.585  -13.900 0.5000000000
64504  35.466  -13.233  -13.817 0.4000000060
62656  32.801  -15.179  -17.357 0.6000000238
65402  35.111  -12.761  -14.385 0.4000000060
143672  35.081  -12.968  -15.029 0.4000000060
52087  29.379  -27.891  -16.464 0.8999999762
52069  29.779  -27.520  -15.692 0.8999999762
52068  30.429  -27.298  -15.631 0.8999999762
52055  30.202  -27.282  -14.944 0.8999999762
53082  30.821  -26.956  -15.165 0.8999999762
58005  33.323  -21.224  -15.562 1.0000000000
56123  33.262  -22.984  -14.083 1.0000000000
54091  31.633  -25.800  -14.275 1.0000000000
54075  31.466  -25.555  -13.340 0.8999999762
56082  30.621  -23.331  -11.631 1.0000000000
56100  30.201  -23.907  -12.099 1.0000000000
55082  30.672  -24.642  -12.413 0.8999999762
129135  29.761  -23.084  -11.926 1.0000000000
128377  34.786  -12.245  -10.959 0.3000000119
65375  34.489  -13.338  -10.969 0.3000000119
136754  34.358  -14.857  -12.869 0.5000000000
134550  34.391  -14.905  -11.902 0.4000000060
138688  35.436  -15.268  -16.152 0.5000000000
63590  35.478  -14.416  -14.938 0.5000000000
63595  35.180  -14.295  -16.094 0.5000000000
63604  34.037  -14.196  -17.533 0.5000000000
127297  34.406  -13.543  -13.529 0.5000000000
64529  35.132  -13.405  -15.503 0.5000000000
64541  34.256  -14.258  -16.781 0.5000000000
64517  34.169  -14.367  -13.897 0.5000000000
127527  34.742  -13.829  -15.878 0.5000000000
149160  32.900  -14.553  -17.673 0.6000000238
145406  34.405  -13.551  -14.277 0.5000000000
65412  35.018  -12.848  -14.742 0.5000000000
61695  33.221  -16.603  -16.523 0.6999999881
149616  33.880  -15.629  -14.423 0.5000000000
63580  34.067  -14.793  -14.529 0.5000000000
60772  33.465  -18.063  -15.653 0.6000000238
144939  33.536  -19.069  -15.450 0.8999999762
58891  33.583  -20.806  -14.695 0.8999999762
58904  33.326  -20.371  -16.126 0.8999999762
57998  33.721  -21.356  -13.733 0.8999999762
57061  32.988  -22.928  -12.051 0.8999999762
57060  33.321  -22.860  -12.752 0.8999999762
143244  33.620  -22.196  -13.102 0.8999999762
133721  33.434  -21.719  -14.656 1.0000000000
53054  31.133  -26.340  -13.832 0.8999999762
53081  31.246  -26.453  -14.675 0.8999999762
54076  30.858  -25.930  -13.254 0.8999999762
56081  31.464  -23.378  -11.610 0.8000000119
57045  30.237  -22.514  -11.463 0.6999999881
148823  30.167  -25.899  -13.389 0.8999999762
55083  29.794  -24.456  -12.584 0.8999999762
54063  30.266  -25.292  -12.909 0.8999999762
127406  35.060  -11.576  -10.420 0.3000000119
64475  34.199  -13.956  -9.896 0.4000000060
148453  34.073  -13.608  -9.239 0.3000000119
63546  34.318  -15.109  -10.836 0.3000000119
63539  34.089  -14.859  -9.853 0.4000000060
150790  34.416  -15.604  -11.440 0.4000000060
63603  34.873  -14.711  -17.068 0.6000000238
133267  34.395  -15.982  -12.573 0.5000000000
63596  34.026  -14.427  -16.463 0.5000000000
63605  33.365  -14.276  -17.460 0.5000000000
63579  34.120  -15.539  -13.589 0.5000000000
63591  34.333  -14.191  -15.333 0.5000000000
140040  33.134  -14.681  -17.006 0.5000000000
62650  33.419  -15.823  -16.077 0.5000000000
62640  33.876  -16.458  -13.904 0.5000000000
62641  33.735  -16.276  -14.880 0.5000000000
61681  33.764  -17.295  -14.252 0.5000000000
60757  34.009  -18.244  -13.759 0.6000000238
60768  33.718  -18.157  -14.613 0.6000000238
59819  34.232  -19.095  -13.196 0.6999999881
59820  33.891  -19.212  -14.104 0.6999999881
59831  33.665  -19.780  -14.889 0.6999999881
58874  34.111  -19.857  -13.373 0.6999999881
139275  34.036  -20.646  -13.054 0.8000000119
58885  33.867  -20.296  -13.985 0.8000000119
53055  30.458  -26.430  -13.780 0.8999999762
141619  33.461  -22.247  -12.209 0.8999999762
57043  31.915  -22.726  -11.285 0.6999999881
55101  29.351  -24.857  -13.112 0.8999999762
153128  29.054  -24.164  -12.909 0.8999999762
57062  29.477  -22.166  -11.930 1.0000000000
64476  33.856  -14.457  -9.097 0.3000000119
63540  33.745  -15.534  -9.204 0.4000000060
151400  33.449  -14.307  -8.690 0.3000000119
62605  34.322  -16.168  -10.620 0.4000000060
62617  34.467  -16.881  -12.079 0.4000000060
132773  34.188  -17.140  -10.040 0.4000000060
62606  33.928  -16.373  -9.610 0.4000000060
62629  34.340  -16.658  -13.032 0.4000000060
131487  34.488  -17.030  -11.025 0.4000000060
61649  34.291  -17.927  -10.474 0.4000000060
61673  34.422  -17.583  -12.525 0.4000000060
61662  34.496  -17.775  -11.479 0.4000000060
60756  34.346  -18.308  -12.918 0.5000000000
61680  34.170  -17.423  -13.425 0.5000000000
58866  33.912  -20.799  -12.060 0.6000000238
57987  33.780  -21.489  -12.632 0.8000000119
57041  33.182  -22.170  -11.433 0.6999999881
57035  30.742  -22.005  -11.012 0.6999999881
55084  29.348  -23.627  -12.500 0.8999999762
138477  28.387  -23.354  -13.161 0.8999999762
57980  28.810  -21.660  -12.514 0.8999999762
57988  28.242  -21.112  -13.043 0.8000000119
57072  28.267  -22.103  -13.039 0.8000000119
58868  28.278  -20.334  -13.111 0.6999999881
59821  28.030  -19.678  -13.524 0.8000000119
64466  32.839  -14.498  -8.480 0.3000000119
63529  33.329  -15.767  -8.767 0.3000000119
62589  33.487  -16.419  -8.985 0.3000000119
62590  32.909  -16.347  -8.645 0.4000000060
61650  33.814  -17.912  -9.762 0.4000000060
61643  33.286  -17.876  -9.238 0.4000000060
60720  33.423  -18.466  -9.616 0.5000000000
60738  34.369  -18.673  -10.950 0.5000000000
59779  34.023  -19.350  -10.708 0.5000000000
59766  33.245  -19.150  -9.775 0.5000000000
59797  34.257  -19.438  -11.489 0.5000000000
59780  33.541  -19.663  -10.332 0.5000000000
58849  34.037  -20.242  -11.546 0.5000000000
58850  33.735  -20.842  -11.144 0.6000000238
57978  33.582  -21.550  -11.654 0.6999999881
148975  32.797  -21.681  -10.763 0.6999999881
57034  31.583  -22.144  -10.921 0.6999999881
153945  30.554  -21.336  -10.907 0.6999999881
57961  29.951  -21.561  -11.402 0.6999999881
58851  30.135  -20.718  -11.098 0.6999999881
57979  29.320  -21.346  -12.041 0.8000000119
59812  29.242  -19.827  -12.262 0.6999999881
65344  33.117  -13.753  -8.412 0.3000000119
131052  32.228  -13.821  -8.224 0.3000000119
64467  31.849  -14.609  -8.363 0.4000000060
63530  32.600  -15.402  -8.555 0.3000000119
62591  32.017  -16.166  -8.564 0.4000000060
61633  32.352  -17.022  -8.684 0.4000000060
60721  32.936  -18.542  -9.347 0.4000000060
60722  32.188  -18.518  -9.268 0.3000000119
59767  32.597  -19.260  -9.626 0.5000000000
59781  33.000  -19.984  -10.024 0.6000000238
59782  32.118  -20.068  -9.956 0.5000000000
59769  30.997  -19.013  -9.769 0.4000000060
58832  33.412  -20.543  -10.563 0.6999999881
58833  32.732  -20.924  -10.413 0.6999999881
57949  32.126  -21.564  -10.672 0.6999999881
57033  32.382  -22.149  -10.967 0.6999999881
130291  31.275  -20.306  -10.253 0.6999999881
59798  30.418  -19.980  -10.597 0.6000000238
63531  31.491  -15.388  -8.493 0.3000000119
61634  31.408  -16.733  -8.759 0.3000000119
61645  31.623  -17.685  -8.969 0.3000000119
62592  31.181  -16.011  -8.661 0.3000000119
62601  30.472  -16.262  -9.141 0.3000000119
62602  29.806  -16.143  -9.696 0.3000000119
61646  30.620  -17.763  -9.493 0.3000000119
62607  29.986  -16.954  -9.712 0.4000000060
59783  31.147  -19.653  -9.995 0.5000000000
60727  30.466  -18.463  -9.880 0.5000000000
61651  29.946  -17.754  -10.140 0.5000000000
136306  30.444  -19.137  -10.273 0.6000000238
59784  29.922  -19.159  -11.044 0.6000000238
66176  31.718  -12.299  -7.754 0.4000000060
66177  31.012  -12.362  -8.114 0.3000000119
129816  31.169  -13.888  -8.078 0.3000000119
141544  30.502  -13.905  -8.653 0.3000000119
63532  30.654  -15.422  -8.771 0.3000000119
64477  30.262  -14.684  -9.075 0.3000000119
64478  29.712  -14.729  -9.849 0.3000000119
63542  29.598  -15.551  -10.165 0.3000000119
62608  29.621  -16.390  -10.403 0.4000000060
63556  29.430  -15.771  -11.119 0.4000000060
61652  29.717  -17.643  -11.044 0.6000000238
134593  29.715  -17.105  -10.522 0.4000000060
62618  29.486  -16.767  -11.335 0.5000000000
60739  29.623  -18.348  -11.499 0.6000000238
141683  28.032  -18.904  -13.632 0.6999999881
58876  27.385  -20.068  -14.078 0.8000000119
68054  31.063  -10.975  -8.211 0.4000000060
67081  30.697  -11.662  -8.528 0.3000000119
65361  30.216  -13.097  -9.228 0.3000000119
134344  29.961  -13.896  -9.554 0.3000000119
146902  29.576  -13.987  -10.378 0.3000000119
64487  29.427  -14.764  -10.816 0.4000000060
64497  29.138  -14.173  -11.381 0.4000000060
63557  29.054  -15.079  -11.815 0.4000000060
62630  29.181  -16.870  -12.214 0.4000000060
61663  29.414  -17.574  -11.864 0.5000000000
63569  28.796  -15.661  -12.545 0.4000000060
60750  29.274  -18.310  -12.287 0.6000000238
61674  29.039  -17.593  -12.580 0.4000000060
141676  28.501  -18.989  -13.189 0.6999999881
141983  28.574  -17.591  -13.160 0.4000000060
62642  28.277  -16.823  -13.412 0.4000000060
61682  27.983  -17.576  -13.661 0.6000000238
62643  27.655  -16.790  -13.989 0.5000000000
60759  27.722  -18.345  -13.907 0.6000000238
59822  27.487  -19.162  -14.099 0.6999999881
60769  27.065  -18.451  -14.475 0.6999999881
68055  30.437  -10.932  -8.950 0.3000000119
66201  30.017  -12.323  -9.704 0.3000000119
132623  29.714  -13.077  -10.190 0.3000000119
65376  29.332  -13.498  -10.974 0.3000000119
65386  28.948  -13.488  -11.683 0.3000000119
65394  28.635  -13.318  -12.556 0.3000000119
64498  28.789  -14.191  -12.183 0.3000000119
64506  28.529  -14.150  -13.001 0.3000000119
137768  28.561  -16.174  -13.072 0.4000000060
139997  28.663  -14.877  -12.678 0.3000000119
148198  28.411  -14.734  -13.302 0.3000000119
63581  28.450  -15.393  -13.217 0.3000000119
63592  28.092  -14.981  -13.834 0.3000000119
63582  27.979  -15.912  -13.762 0.3000000119
63593  27.650  -15.253  -14.514 0.4000000060
131445  27.421  -16.069  -14.544 0.5000000000
61683  27.390  -17.605  -14.237 0.5000000000
61692  26.741  -17.596  -14.786 0.5000000000
69034  30.426  -9.364  -9.012 0.3000000119
135299  30.180  -10.166  -9.424 0.3000000119
67097  29.863  -11.656  -9.983 0.3000000119
66223  29.653  -12.147  -10.465 0.3000000119
66249  29.364  -12.719  -10.984 0.3000000119
66265  28.656  -12.407  -12.625 0.3000000119
65404  28.388  -13.491  -13.463 0.3000000119
65413  28.058  -13.623  -14.228 0.3000000119
64531  27.823  -14.417  -14.438 0.3000000119
63597  27.230  -15.478  -15.241 0.4000000060
62651  27.099  -16.836  -14.623 0.5000000000
147213  26.397  -16.240  -15.511 0.5000000000
61696  26.068  -17.529  -15.300 0.5000000000
70001  30.428  -8.611  -9.480 0.3000000119
68072  29.716  -10.274  -10.251 0.3000000119
67115  29.565  -11.210  -10.608 0.3000000119
67132  29.305  -11.942  -11.237 0.3000000119
133765  29.212  -11.126  -11.559 0.3000000119
67133  28.902  -11.815  -12.062 0.3000000119
66273  28.521  -12.125  -13.376 0.3000000119
127291  28.289  -12.764  -13.954 0.3000000119
64532  27.454  -14.736  -15.245 0.4000000060
64537  27.038  -15.020  -15.896 0.4000000060
63599  25.923  -15.915  -15.902 0.4000000060
63606  26.277  -15.123  -16.297 0.4000000060
62658  25.875  -16.731  -15.615 0.5000000000
62665  25.075  -16.493  -16.041 0.4000000060
70956  31.461  -7.724  -8.242 0.3000000119
69980  30.685  -8.726  -8.727 0.3000000119
68089  29.426  -10.370  -11.081 0.3000000119
67151  28.814  -11.066  -12.441 0.3000000119
147155  28.665  -11.711  -12.799 0.3000000119
127525  28.415  -11.875  -14.109 0.3000000119
66280  27.901  -13.057  -14.635 0.3000000119
66295  27.659  -12.848  -15.373 0.3000000119
65414  27.610  -13.778  -15.135 0.3000000119
134969  27.258  -14.347  -15.987 0.4000000060
146536  26.842  -14.619  -16.395 0.3000000119
69057  29.997  -9.341  -10.020 0.3000000119
70023  30.169  -8.441  -10.381 0.3000000119
69075  29.601  -9.687  -10.726 0.3000000119
69087  29.366  -9.599  -11.448 0.3000000119
133703  29.024  -9.495  -12.339 0.3000000119
68109  28.776  -10.286  -12.854 0.3000000119
67160  28.606  -11.143  -13.468 0.3000000119
152471  28.709  -10.270  -13.614 0.3000000119
66279  28.090  -12.348  -14.697 0.3000000119
137810  30.527  -7.865  -9.894 0.3000000119
70024  29.667  -8.983  -10.895 0.3000000119
70035  29.906  -8.223  -11.226 0.3000000119
70036  29.439  -8.810  -11.764 0.3000000119
68123  28.618  -10.545  -14.224 0.3000000119
67165  28.281  -11.577  -14.819 0.3000000119
66294  27.869  -11.984  -15.437 0.3000000119
70992  30.324  -7.694  -10.726 0.3000000119
71955  30.516  -6.903  -10.988 0.3000000119
71007  29.720  -8.040  -12.143 0.3000000119
71006  30.233  -7.508  -11.603 0.4000000060
70045  29.214  -8.654  -12.731 0.3000000119
69107  28.876  -9.452  -13.396 0.3000000119
69108  28.773  -9.883  -14.115 0.3000000119
71020  29.492  -7.850  -13.049 0.4000000060
71019  30.041  -7.327  -12.512 0.4000000060
70055  29.228  -8.465  -13.770 0.4000000060
71969  30.453  -6.776  -11.976 0.3000000119
71982  30.248  -6.584  -12.920 0.4000000060
55179  33.954  -24.723  -21.865 1.0000000000
56178  33.826  -23.917  -21.782 1.0000000000
58867  28.844  -20.649  -12.545 0.8000000119
59813  28.617  -19.735  -12.871 0.8000000119
140982  29.040  -19.027  -12.636 0.6999999881
127568  34.247  -34.191  -17.846 0.6000000238
45998  34.622  -33.481  -18.540 0.6000000238
47993  35.259  -31.385  -18.815 0.6000000238
42766  35.480  -36.129  -16.217 0.5000000000
42757  35.680  -35.853  -15.538 0.5000000000
52176  38.223  -26.982  -25.366 0.8999999762
47951  33.560  -31.600  -14.489 0.5000000000
45924  35.522  -33.442  -11.847 0.4000000060
46950  35.239  -32.583  -12.058 0.5000000000
44904  35.569  -34.357  -12.240 0.4000000060
50025  35.983  -29.001  -19.606 0.6999999881
148189  34.570  -27.924  -16.804 0.6999999881
47924  35.494  -31.868  -11.789 0.5000000000
47914  37.194  -32.043  -10.685 0.5000000000
53137  35.272  -26.664  -19.423 0.8000000119
44894  35.935  -34.158  -11.521 0.4000000060
53153  36.838  -26.891  -21.316 0.8000000119
48895  37.002  -30.276  -11.875 0.4000000060
56183  38.175  -23.313  -24.042 0.8000000119
138062  33.393  -27.848  -21.044 0.8000000119
52054  34.802  -27.768  -14.547 0.6000000238
134973  37.842  -29.742  -12.976 0.4000000060
48892  39.359  -29.934  -12.447 0.4000000060
54150  34.853  -25.300  -19.543 0.8000000119
147551  34.610  -24.882  -22.424 1.0000000000
49965  38.083  -29.323  -13.507 0.5000000000
50993  36.638  -28.423  -13.160 0.5000000000
54167  32.007  -25.201  -21.492 1.0000000000
53062  36.255  -25.963  -13.690 0.6999999881
56175  29.764  -23.179  -21.033 1.0000000000
57122  30.135  -22.701  -20.501 1.0000000000
58036  36.546  -20.848  -21.930 0.8000000119
58928  31.860  -20.023  -20.636 1.0000000000
59864  33.327  -18.366  -21.785 1.0000000000
58919  36.635  -19.439  -20.013 0.6999999881
60790  32.575  -17.757  -19.475 0.8000000119
58030  32.240  -20.916  -17.826 1.0000000000
59810  36.985  -19.204  -12.283 0.4000000060
52103  30.541  -27.730  -17.549 1.0000000000
61661  36.617  -17.695  -12.033 0.4000000060
57084  32.948  -23.109  -14.974 1.0000000000
59817  37.160  -20.188  -13.180 0.4000000060
61678  36.287  -18.030  -12.787 0.5000000000
59818  36.734  -19.620  -13.064 0.5000000000
65391  35.667  -12.661  -12.755 0.4000000060
149894  32.477  -24.527  -13.769 1.0000000000
139674  35.614  -15.554  -14.054 0.5000000000
57063  28.974  -22.685  -12.473 0.8000000119
134711  33.864  -15.094  -15.526 0.5000000000
59811  34.344  -19.068  -12.393 0.5000000000
58865  34.211  -19.904  -12.443 0.5000000000
60726  33.824  -18.755  -10.186 0.5000000000
58852  29.516  -20.679  -11.777 0.6999999881
59799  29.754  -19.915  -11.429 0.6999999881
66250  28.944  -12.667  -11.745 0.3000000119
49027  39.003  -30.143  -24.242 0.5000000000
50066  39.649  -29.527  -25.184 0.5000000000
51101  39.435  -28.407  -25.302 0.5000000000
47042  39.905  -32.408  -25.368 0.5000000000
49036  39.849  -30.390  -25.328 0.5000000000
47038  38.206  -32.469  -23.699 0.5000000000
47037  39.041  -31.929  -24.409 0.5000000000
48031  40.011  -31.350  -25.343 0.5000000000
46019  37.529  -33.104  -23.214 0.5000000000
46020  36.984  -33.879  -22.784 0.4000000060
48021  36.943  -31.847  -22.227 0.5000000000
46015  36.342  -33.845  -22.138 0.4000000060
47035  36.821  -32.890  -22.407 0.5000000000
44985  35.599  -34.411  -21.213 0.5000000000
143384  36.255  -33.122  -21.790 0.5000000000
47985  30.751  -31.436  -17.876 0.6999999881
47002  30.631  -32.457  -17.349 0.6999999881
48981  31.419  -30.271  -18.908 0.8000000119
50034  32.296  -29.522  -19.893 0.8000000119
48980  32.117  -30.229  -19.251 0.8000000119
129501  32.095  -28.715  -20.422 0.8999999762
47986  29.867  -31.756  -17.559 0.6999999881
50027  31.102  -29.498  -19.497 0.8999999762
48982  30.466  -30.039  -18.911 0.8999999762
50035  30.944  -28.873  -20.394 0.8999999762
51079  30.101  -28.098  -21.240 0.8999999762
145393  29.320  -31.241  -17.686 0.6000000238
47996  29.815  -30.991  -18.054 0.8000000119
50036  30.234  -28.791  -20.212 0.8999999762
51067  29.961  -28.425  -20.925 0.8999999762
53147  30.217  -27.097  -21.037 0.8999999762
54158  30.117  -25.883  -21.092 0.8999999762
56132  39.340  -23.465  -16.195 0.5000000000
56133  38.250  -23.290  -15.627 0.5000000000
57092  37.888  -22.620  -16.178 0.5000000000
55111  38.138  -24.398  -14.349 0.6000000238
56121  37.657  -23.776  -14.779 0.5000000000
56134  37.283  -23.197  -15.356 0.5000000000
55097  37.701  -24.819  -13.850 0.6000000238
48959  28.639  -31.055  -17.499 0.6000000238
48969  29.678  -30.219  -18.523 0.8999999762
50028  30.252  -29.225  -19.477 0.8999999762
146550  30.324  -30.677  -18.383 0.8999999762
147269  29.895  -28.315  -20.915 0.8999999762
52125  29.968  -27.706  -20.859 0.8999999762
53139  30.329  -26.632  -20.709 0.8999999762
57103  40.031  -21.736  -17.889 0.5000000000
57114  39.922  -20.596  -18.643 0.5000000000
56146  39.057  -22.581  -16.587 0.5000000000
57104  38.767  -21.740  -17.333 0.5000000000
56145  40.357  -22.807  -17.423 0.5000000000
50018  29.574  -29.702  -18.557 0.8999999762
48970  29.056  -30.025  -18.207 0.6999999881
51055  30.120  -29.278  -19.134 0.8999999762
134923  30.260  -28.212  -19.973 0.8999999762
57113  40.996  -20.883  -18.583 0.5000000000
58016  38.555  -20.793  -18.506 0.5000000000
51045  30.156  -28.799  -19.206 0.8999999762
52115  30.586  -27.976  -18.668 0.8999999762
53130  30.763  -27.258  -19.446 0.8999999762
58908  41.077  -19.917  -18.234 0.5000000000
58025  40.548  -20.097  -18.584 0.5000000000
58024  41.420  -20.467  -18.290 0.5000000000
58015  41.249  -20.022  -17.895 0.4000000060
127557  27.407  -28.994  -16.848 0.6000000238
130433  26.903  -28.189  -16.613 0.6000000238
134850  27.858  -28.440  -16.809 0.8000000119
52089  27.303  -27.737  -16.508 0.6999999881
52090  26.330  -27.369  -16.761 0.6999999881
52104  25.919  -26.776  -17.081 0.6999999881
53118  25.804  -26.201  -17.151 0.6999999881
52071  27.889  -27.251  -16.096 0.8000000119
52088  28.336  -27.900  -16.528 0.8000000119
53101  26.994  -27.012  -16.365 0.6999999881
54123  26.900  -26.242  -16.241 0.6999999881
54124  26.247  -25.878  -16.917 0.6999999881
54110  26.759  -25.381  -16.074 0.6999999881
55145  25.997  -24.972  -16.845 0.6999999881
53066  28.928  -26.582  -14.507 0.8000000119
53067  28.045  -26.243  -14.814 0.8000000119
53083  29.379  -27.189  -15.036 0.8000000119
55134  26.571  -24.410  -15.808 0.6999999881
54109  27.374  -25.824  -15.354 0.6999999881
54094  27.734  -25.434  -14.549 0.8000000119
53065  29.886  -26.850  -14.355 0.8000000119
55117  27.448  -24.581  -14.392 0.6999999881
57086  26.317  -23.122  -14.951 0.6000000238
54092  29.461  -26.133  -13.788 0.8000000119
54078  28.881  -25.314  -13.561 0.8000000119
57085  26.932  -22.648  -14.183 0.6000000238
131302  26.131  -22.221  -14.820 0.6000000238
58000  26.160  -21.279  -14.648 0.6000000238
55103  27.805  -24.072  -13.775 0.8000000119
130680  27.269  -21.877  -13.912 0.6000000238
55102  28.565  -24.451  -13.384 0.8000000119
58892  25.844  -20.604  -14.842 0.6000000238
57073  27.690  -22.442  -13.589 0.6999999881
57999  27.168  -21.055  -14.098 0.6000000238
59832  26.881  -19.573  -14.466 0.6999999881
142628  25.988  -19.769  -14.850 0.6000000238
58886  26.604  -20.386  -14.487 0.6000000238
143157  26.534  -19.014  -14.711 0.6000000238
57989  27.757  -21.506  -13.566 0.6999999881
58875  27.822  -20.603  -13.596 0.6999999881
43935  35.608  -35.217  -21.274 0.4000000060
46016  35.862  -33.760  -21.503 0.5000000000
47030  35.910  -32.880  -21.183 0.5000000000
47034  37.543  -32.206  -22.929 0.5000000000
48026  38.247  -31.629  -23.527 0.5000000000
129083  30.413  -26.352  -21.213 0.8999999762
58014  41.634  -20.537  -18.055 0.3000000119
52070  28.861  -27.448  -15.873 0.8000000119
152210  38.906  -32.679  -24.421 0.5000000000
48968  31.154  -30.779  -18.448 0.8000000119
55129  38.646  -24.026  -15.220 0.5000000000
53084  28.446  -26.901  -15.290 0.8000000119
53085  27.617  -26.568  -15.683 0.6999999881
54093  28.468  -25.832  -14.113 0.8000000119
56126  26.589  -23.832  -15.114 0.6999999881
56125  27.055  -23.711  -14.377 0.6999999881
147801  38.653  -29.283  -13.855 0.4000000060
138979  40.350  -29.228  -15.189 0.4000000060
51003  38.869  -28.268  -14.154 0.4000000060
50990  38.943  -29.098  -14.343 0.4000000060
52041  38.914  -27.034  -13.839 0.5000000000
153264  40.252  -29.058  -15.981 0.4000000060
49987  40.603  -29.233  -16.200 0.4000000060
54072  38.791  -26.027  -13.785 0.5000000000
54087  38.521  -25.142  -14.045 0.5000000000
52052  39.534  -27.578  -14.534 0.5000000000
51011  39.959  -28.114  -15.265 0.4000000060
49997  40.901  -29.232  -17.068 0.4000000060
51023  40.461  -28.976  -16.800 0.4000000060
51002  39.446  -28.721  -14.757 0.4000000060
50006  42.176  -29.294  -18.603 0.4000000060
53061  39.543  -26.467  -14.427 0.5000000000
51022  40.953  -28.879  -17.578 0.4000000060
52152  43.847  -27.828  -22.132 0.4000000060
50024  43.113  -28.713  -20.277 0.4000000060
50007  41.443  -29.179  -17.939 0.4000000060
51086  44.614  -28.449  -22.864 0.4000000060
142378  43.417  -29.034  -21.046 0.4000000060
54086  39.373  -25.560  -14.572 0.5000000000
52051  40.161  -26.911  -15.111 0.4000000060
51058  47.929  -27.981  -21.118 0.3000000119
52065  40.470  -27.363  -15.893 0.4000000060
51070  48.234  -28.002  -22.039 0.3000000119
51031  41.434  -28.597  -18.201 0.4000000060
51069  48.936  -27.825  -22.445 0.3000000119
51083  47.535  -28.129  -22.728 0.3000000119
52149  45.663  -27.676  -23.386 0.3000000119
52150  45.014  -27.902  -23.018 0.3000000119
52138  43.987  -27.290  -21.787 0.4000000060
51062  43.449  -27.841  -21.026 0.4000000060
51042  41.941  -28.490  -18.812 0.4000000060
51094  46.692  -27.804  -23.539 0.3000000119
52162  45.261  -27.539  -24.106 0.3000000119
52151  44.486  -27.794  -22.322 0.4000000060
54105  39.903  -25.086  -15.709 0.4000000060
54085  40.081  -25.987  -15.336 0.4000000060
53078  40.630  -26.325  -16.245 0.4000000060
51048  47.617  -28.031  -20.268 0.3000000119
51050  46.170  -28.231  -19.728 0.3000000119
51071  47.189  -28.175  -21.787 0.3000000119
51072  46.121  -28.175  -21.672 0.3000000119
51073  45.057  -27.750  -21.698 0.3000000119
52130  43.964  -27.052  -21.349 0.4000000060
52131  43.916  -26.980  -20.907 0.4000000060
51052  42.909  -27.971  -20.034 0.4000000060
51084  46.425  -28.053  -22.546 0.3000000119
51085  45.447  -27.878  -22.426 0.3000000119
52137  44.281  -27.342  -21.744 0.3000000119
55110  39.076  -24.737  -14.857 0.4000000060
52099  43.565  -26.242  -18.567 0.3000000119
53113  42.947  -25.558  -18.579 0.3000000119
53114  42.257  -26.133  -18.355 0.4000000060
53095  42.065  -25.631  -18.186 0.4000000060
151667  45.196  -27.821  -18.702 0.3000000119
130468  43.909  -26.522  -18.780 0.3000000119
53126  43.242  -25.850  -18.848 0.3000000119
52112  43.498  -26.290  -19.220 0.4000000060
53127  42.364  -26.581  -18.614 0.4000000060
127869  41.141  -26.623  -16.980 0.4000000060
142975  45.051  -28.058  -20.050 0.3000000119
141477  43.939  -26.675  -19.362 0.3000000119
52121  43.646  -26.906  -20.017 0.4000000060
52113  42.504  -27.030  -19.027 0.4000000060
52100  41.459  -27.701  -18.070 0.4000000060
51060  45.779  -28.180  -20.782 0.3000000119
52120  44.079  -26.961  -20.506 0.3000000119
51043  41.816  -27.757  -18.585 0.4000000060
56144  41.374  -23.293  -17.782 0.4000000060
55141  41.745  -23.966  -17.824 0.4000000060
55142  40.467  -23.763  -17.143 0.4000000060
55128  39.665  -24.271  -15.936 0.4000000060
54118  42.385  -24.830  -18.042 0.3000000119
54119  41.764  -24.596  -17.913 0.4000000060
55127  40.699  -24.544  -17.173 0.4000000060
54132  42.768  -25.392  -18.161 0.4000000060
53096  41.601  -25.367  -17.728 0.4000000060
54104  40.687  -25.333  -16.887 0.4000000060
56149  25.862  -24.019  -16.603 0.6000000238
55146  25.471  -24.348  -17.216 0.6000000238
56138  26.138  -23.528  -15.871 0.5000000000
58007  25.485  -21.761  -15.533 0.5000000000
138808  25.454  -21.081  -15.163 0.5000000000
59837  25.795  -18.941  -15.096 0.5000000000
60774  25.549  -18.200  -15.337 0.4000000060
68142  28.544  -10.411  -15.763 0.3000000119
68152  28.354  -10.542  -16.809 0.3000000119
68159  28.253  -10.962  -17.926 0.3000000119
69118  28.984  -9.212  -14.365 0.3000000119
69129  29.046  -9.094  -15.238 0.3000000119
69130  28.843  -9.634  -15.702 0.3000000119
69144  28.735  -9.795  -16.534 0.3000000119
69152  28.618  -10.108  -17.627 0.3000000119
69161  28.704  -10.568  -18.821 0.3000000119
143977  29.157  -10.037  -19.479 0.3000000119
151410  29.358  -7.999  -14.254 0.3000000119
70067  29.263  -8.383  -14.722 0.3000000119
69143  29.164  -9.010  -16.223 0.3000000119
69151  29.000  -9.307  -17.315 0.3000000119
143942  29.344  -8.646  -17.066 0.3000000119
69160  29.040  -9.750  -18.467 0.3000000119
69166  28.311  -9.942  -19.945 0.3000000119
71992  30.027  -6.574  -13.763 0.3000000119
145030  29.541  -7.495  -14.693 0.3000000119
70079  29.336  -8.381  -15.566 0.3000000119
71060  29.607  -7.601  -15.697 0.3000000119
70090  29.481  -8.190  -16.399 0.3000000119
71077  29.664  -7.986  -17.452 0.3000000119
70099  29.399  -8.888  -18.179 0.3000000119
150044  29.495  -9.556  -19.219 0.3000000119
69168  29.435  -9.194  -20.348 0.3000000119
72005  30.245  -6.067  -15.078 0.3000000119
72024  29.877  -6.789  -15.349 0.3000000119
72034  29.911  -6.897  -16.226 0.3000000119
71067  29.884  -7.072  -17.195 0.3000000119
71076  30.026  -7.415  -18.499 0.3000000119
72052  30.262  -6.596  -19.067 0.3000000119
133139  30.256  -5.982  -14.260 0.3000000119
72998  30.548  -5.456  -15.616 0.3000000119
72023  30.239  -6.170  -15.910 0.3000000119
73006  30.511  -5.487  -16.483 0.3000000119
72041  30.184  -6.475  -17.855 0.3000000119
73915  30.733  -4.704  -14.588 0.3000000119
73930  30.972  -4.219  -16.166 0.3000000119
73931  30.723  -4.726  -16.664 0.3000000119
73925  30.825  -4.680  -15.387 0.3000000119
73924  31.105  -3.994  -15.540 0.3000000119
74833  31.278  -3.464  -15.253 0.3000000119
50023  43.051  -29.324  -19.787 0.4000000060
49963  39.972  -29.410  -14.169 0.4000000060
49986  41.094  -29.398  -15.459 0.4000000060
50015  42.898  -29.405  -19.085 0.4000000060
49996  41.789  -29.396  -16.995 0.4000000060
51095  44.776  -28.257  -23.966 0.4000000060
50041  43.660  -29.485  -21.788 0.4000000060
131610  43.563  -29.533  -20.340 0.4000000060
52135  49.397  -27.388  -22.378 0.3000000119
51082  48.515  -27.934  -23.088 0.3000000119
51093  47.812  -27.930  -23.784 0.3000000119
52160  46.953  -27.647  -24.581 0.3000000119
52161  45.825  -27.343  -24.417 0.3000000119
52163  44.875  -27.912  -23.501 0.3000000119
52136  48.902  -27.783  -21.513 0.3000000119
147289  46.766  -28.232  -20.237 0.3000000119
52111  44.681  -27.396  -18.499 0.3000000119
56154  41.893  -22.480  -18.352 0.4000000060
55150  42.395  -23.183  -18.196 0.4000000060
54117  42.767  -25.083  -17.907 0.3000000119
53094  43.022  -25.361  -18.058 0.3000000119
57112  41.802  -21.459  -18.358 0.4000000060
54137  25.656  -25.617  -17.175 0.6000000238
72940  30.509  -5.526  -12.983 0.3000000119
72962  30.521  -5.211  -13.871 0.3000000119
74834  30.805  -4.155  -13.913 0.3000000119
143607  31.147  -3.422  -14.489 0.3000000119
141115  31.325  -2.676  -14.239 0.3000000119
52129  48.523  -27.717  -20.499 0.3000000119
50991  38.365  -28.845  -13.870 0.4000000060
53050  37.966  -26.626  -13.442 0.5000000000
139006  40.825  -28.359  -17.358 0.4000000060
51059  46.909  -28.233  -20.952 0.3000000119
72006  29.906  -6.637  -14.526 0.3000000119
70110  29.740  -8.946  -19.377 0.3000000119
72033  30.194  -6.294  -16.807 0.3000000119
73013  30.398  -5.707  -17.396 0.3000000119
75728  31.475  -2.266  -14.859 0.3000000119
49977  41.277  -29.435  -14.735 0.3000000119
48022  34.324  -31.188  -22.973 0.6000000238
48023  33.844  -31.650  -22.493 0.6999999881
47031  33.566  -32.251  -21.773 0.6999999881
129052  41.669  -29.395  -16.036 0.3000000119
131783  37.412  -33.521  -10.344 0.3000000119
46932  37.728  -32.658  -10.350 0.3000000119
46006  32.694  -33.153  -19.593 0.6999999881
48904  40.649  -29.727  -13.286 0.3000000119
46012  32.829  -33.371  -20.483 0.6999999881
47032  33.299  -32.862  -21.088 0.6999999881
48918  41.844  -29.669  -14.160 0.3000000119
49976  41.942  -29.465  -14.958 0.3000000119
48016  33.794  -31.391  -21.550 0.6999999881
48927  42.621  -29.719  -15.359 0.3000000119
128517  43.876  -29.607  -18.367 0.3000000119
50005  43.759  -29.656  -17.415 0.3000000119
49995  42.696  -29.508  -16.286 0.3000000119
48992  44.568  -30.272  -21.279 0.3000000119
50022  43.923  -29.649  -19.438 0.3000000119
47913  37.959  -31.996  -10.452 0.3000000119
47920  39.437  -30.772  -11.230 0.4000000060
47017  32.755  -32.460  -19.464 0.6999999881
48890  41.129  -30.387  -12.684 0.3000000119
48882  39.861  -30.453  -11.776 0.3000000119
47024  33.097  -32.634  -20.170 0.6999999881
47023  33.470  -31.893  -20.700 0.6999999881
48917  42.494  -30.016  -14.510 0.3000000119
48926  43.346  -30.072  -15.714 0.3000000119
48965  44.855  -29.816  -18.508 0.3000000119
136066  42.591  -29.471  -17.441 0.3000000119
49001  45.487  -30.220  -21.494 0.3000000119
47911  39.388  -31.329  -10.760 0.4000000060
45999  32.474  -32.787  -18.874 0.6999999881
47929  41.485  -31.224  -12.320 0.3000000119
47930  40.671  -30.858  -12.006 0.3000000119
127265  43.778  -30.881  -15.291 0.3000000119
47939  41.940  -30.717  -12.968 0.3000000119
48010  33.244  -31.068  -20.057 0.6999999881
48941  44.382  -30.273  -16.714 0.3000000119
150331  33.624  -31.022  -20.765 0.6999999881
50031  43.866  -29.948  -21.077 0.3000000119
49013  45.358  -30.012  -22.926 0.3000000119
146169  44.057  -30.179  -21.765 0.3000000119
48003  32.665  -31.038  -19.355 0.6999999881
47938  42.574  -31.184  -13.404 0.3000000119
48995  32.816  -30.385  -19.714 0.6999999881
47968  44.746  -31.100  -16.124 0.3000000119
150848  44.329  -31.255  -15.588 0.3000000119
48994  33.410  -30.189  -20.357 0.6999999881
50055  44.997  -29.526  -23.373 0.3000000119
47948  44.155  -31.683  -14.992 0.3000000119
50048  44.509  -29.309  -22.827 0.3000000119
56143  42.282  -22.815  -18.251 0.3000000119
48027  35.203  -31.145  -23.610 0.5000000000
47036  33.547  -32.486  -22.700 0.6999999881
48029  33.906  -31.883  -23.216 0.6000000238
47040  33.699  -32.698  -23.424 0.6000000238
49030  34.990  -30.823  -23.217 0.6000000238
44975  32.463  -33.920  -19.726 0.6999999881
44966  32.387  -33.623  -18.834 0.6999999881
46930  39.333  -32.045  -10.347 0.3000000119
146577  32.132  -33.142  -18.297 0.6999999881
47910  39.969  -31.812  -10.629 0.4000000060
47010  31.968  -32.395  -18.274 0.6999999881
47918  41.040  -31.691  -11.646 0.4000000060
47919  40.178  -31.253  -11.231 0.4000000060
47995  31.623  -31.546  -18.282 0.6999999881
47928  42.236  -31.574  -12.685 0.3000000119
46957  42.861  -32.065  -13.161 0.3000000119
46956  43.455  -32.539  -13.664 0.3000000119
49962  40.989  -29.484  -14.099 0.3000000119
48004  31.977  -30.898  -18.751 0.6999999881
46966  43.787  -32.158  -14.335 0.3000000119
46949  41.837  -32.031  -12.015 0.3000000119
48030  40.227  -30.793  -26.115 0.5000000000
50076  37.417  -29.833  -25.333 0.5000000000
48037  38.009  -31.311  -26.063 0.5000000000
49040  39.939  -30.024  -26.009 0.4000000060
40585  33.135  -38.619  -22.533 0.4000000060
38386  31.936  -40.062  -22.633 0.5000000000
49042  38.310  -30.352  -26.035 0.4000000060
49041  39.441  -30.125  -26.139 0.5000000000
49037  36.527  -30.277  -24.631 0.5000000000
36278  30.847  -42.028  -23.966 0.4000000060
36294  30.283  -42.579  -24.590 0.4000000060
39484  32.493  -39.320  -22.381 0.5000000000
49038  35.756  -30.694  -24.098 0.4000000060
36295  29.221  -42.475  -24.310 0.4000000060
35267  29.479  -43.211  -24.912 0.4000000060
38400  30.627  -40.914  -23.334 0.4000000060
38387  30.823  -40.155  -22.721 0.4000000060
41748  32.463  -37.804  -22.542 0.5000000000
42839  32.576  -36.029  -23.398 0.4000000060
47039  34.226  -32.232  -23.687 0.5000000000
143065  33.204  -33.991  -23.452 0.4000000060
44994  33.017  -34.733  -23.542 0.4000000060
47046  33.960  -32.891  -23.985 0.4000000060
35268  28.352  -43.362  -24.738 0.4000000060
36265  24.566  -43.120  -22.575 0.4000000060
144030  30.086  -40.495  -23.242 0.4000000060
37282  25.532  -41.375  -22.623 0.4000000060
39485  31.415  -39.223  -22.365 0.5000000000
38391  26.349  -40.508  -22.562 0.4000000060
40586  31.309  -38.113  -22.408 0.5000000000
40576  27.243  -38.572  -21.487 0.4000000060
39478  26.634  -39.133  -21.924 0.4000000060
41749  31.536  -37.080  -22.754 0.5000000000
43940  31.348  -35.857  -22.690 0.5000000000
40562  26.846  -38.103  -20.899 0.4000000060
41726  26.485  -37.577  -20.234 0.4000000060
42840  31.793  -36.321  -23.043 0.5000000000
43944  31.960  -35.600  -23.196 0.6000000238
44995  32.242  -34.869  -23.148 0.6000000238
46025  32.632  -34.146  -23.030 0.5000000000
36281  25.892  -43.041  -23.457 0.4000000060
37298  25.770  -42.123  -23.109 0.4000000060
37311  28.598  -42.006  -23.897 0.4000000060
37281  26.574  -41.203  -23.080 0.4000000060
39486  30.396  -39.359  -22.535 0.5000000000
38388  29.851  -39.914  -22.851 0.4000000060
38390  27.309  -40.469  -22.877 0.4000000060
143753  30.428  -38.178  -22.362 0.5000000000
39477  27.669  -39.180  -21.970 0.4000000060
39488  27.038  -39.787  -22.369 0.4000000060
42832  30.973  -36.557  -22.660 0.5000000000
41704  27.291  -37.287  -19.621 0.4000000060
44990  32.157  -34.442  -22.513 0.6000000238
46022  32.660  -33.796  -22.345 0.6000000238
37297  26.871  -42.003  -23.612 0.4000000060
38401  29.317  -40.549  -23.203 0.4000000060
38403  27.422  -41.111  -23.327 0.4000000060
39476  28.699  -39.091  -22.208 0.4000000060
42833  30.421  -36.716  -22.313 0.5000000000
40575  28.237  -38.552  -21.569 0.4000000060
40561  27.836  -38.069  -21.007 0.4000000060
43937  30.688  -36.138  -22.231 0.5000000000
41725  27.502  -37.717  -20.289 0.4000000060
46017  33.213  -33.100  -22.062 0.6000000238
44986  32.258  -34.150  -21.780 0.6000000238
44987  31.788  -34.789  -21.808 0.6000000238
36296  28.287  -42.635  -24.321 0.4000000060
37296  27.965  -41.513  -23.647 0.4000000060
38402  28.268  -40.604  -23.205 0.4000000060
128591  28.001  -39.815  -22.581 0.4000000060
41751  29.857  -38.052  -22.155 0.5000000000
40588  29.437  -38.696  -22.228 0.5000000000
40574  29.095  -38.364  -21.791 0.5000000000
41738  29.526  -37.756  -21.502 0.5000000000
41739  28.760  -37.995  -21.163 0.5000000000
42827  30.283  -36.570  -21.751 0.5000000000
41737  30.049  -37.246  -22.022 0.5000000000
42823  29.957  -37.197  -21.100 0.5000000000
41724  28.448  -37.703  -20.449 0.4000000060
43936  31.214  -35.509  -22.028 0.6000000238
41702  29.078  -37.380  -19.816 0.5000000000
41703  28.187  -37.401  -19.666 0.4000000060
46018  32.781  -33.568  -21.467 0.6000000238
44981  32.337  -34.098  -20.839 0.6000000238
43934  30.701  -35.930  -21.431 0.6000000238
42822  30.375  -36.544  -20.687 0.5000000000
41723  29.312  -37.539  -20.690 0.5000000000
43933  31.366  -35.337  -21.120 0.6000000238
43924  31.027  -35.865  -20.207 0.6000000238
42808  29.824  -37.023  -20.169 0.5000000000
44976  32.027  -34.645  -19.975 0.6000000238
140372  29.846  -34.371  -16.790 0.5000000000
44955  30.644  -34.668  -17.250 0.6000000238
43898  30.257  -35.467  -17.522 0.5000000000
44954  31.482  -34.635  -17.857 0.6000000238
43897  30.955  -35.241  -17.774 0.6000000238
42782  29.871  -36.171  -17.845 0.5000000000
141582  29.360  -36.662  -18.382 0.5000000000
133784  31.570  -35.180  -20.315 0.6000000238
42807  30.421  -36.512  -19.625 0.5000000000
42795  29.645  -36.888  -19.240 0.5000000000
41688  28.800  -37.096  -19.010 0.5000000000
42796  28.448  -36.683  -18.286 0.5000000000
142178  30.849  -33.282  -17.161 0.5000000000
45974  29.795  -33.718  -16.686 0.5000000000
140127  31.525  -33.018  -17.649 0.6000000238
45989  31.253  -33.907  -17.365 0.6000000238
43912  30.675  -35.846  -18.157 0.6000000238
145086  30.239  -36.428  -18.650 0.5000000000
44967  32.042  -34.529  -18.820 0.6000000238
43911  31.339  -35.295  -18.458 0.6000000238
48032  36.354  -31.208  -24.650 0.4000000060
48034  34.920  -31.948  -23.796 0.4000000060
50069  35.902  -29.764  -24.173 0.5000000000
43923  31.533  -35.275  -19.439 0.6000000238
48036  39.286  -30.955  -26.364 0.5000000000
47049  36.748  -32.692  -25.372 0.5000000000
48038  36.998  -31.762  -25.363 0.5000000000
135716  32.212  -38.587  -22.309 0.5000000000
37310  30.016  -41.910  -24.019 0.4000000060
149976  29.338  -41.792  -23.805 0.4000000060
39489  26.003  -39.811  -22.182 0.4000000060
40577  26.199  -38.558  -21.484 0.4000000060
37295  28.911  -41.307  -23.495 0.4000000060
38389  28.939  -39.835  -22.808 0.4000000060
133855  31.016  -36.017  -19.027 0.6000000238
37283  24.644  -42.384  -22.550 0.3000000119
130223  25.578  -39.116  -21.883 0.3000000119
38393  24.323  -41.593  -22.206 0.3000000119
40563  25.842  -37.986  -21.028 0.3000000119
39479  24.895  -39.888  -22.023 0.3000000119
40564  25.059  -38.446  -21.595 0.3000000119
40578  23.952  -39.078  -21.451 0.3000000119
36279  27.668  -42.368  -24.040 0.4000000060
36282  25.103  -42.984  -22.930 0.4000000060
38392  25.244  -40.621  -22.292 0.4000000060
39487  29.534  -39.249  -22.521 0.5000000000
40587  30.023  -38.697  -22.401 0.5000000000
41687  35.886  -36.971  -19.054 0.5000000000
41700  36.423  -37.194  -19.644 0.6000000238
41701  35.682  -36.864  -19.671 0.6000000238
41750  30.562  -37.364  -22.452 0.5000000000
42756  36.398  -36.175  -15.692 0.5000000000
42764  37.325  -36.505  -16.518 0.5000000000
42767  34.755  -35.927  -16.489 0.5000000000
42778  37.387  -36.593  -17.336 0.5000000000
42781  34.566  -36.000  -17.280 0.5000000000
42794  34.798  -36.313  -18.633 0.6999999881
42806  34.755  -36.072  -19.337 0.6000000238
42820  35.264  -36.413  -20.002 0.5000000000
43854  35.596  -35.263  -13.476 0.3000000119
43866  34.928  -34.931  -14.719 0.5000000000
43875  35.012  -35.743  -15.795 0.5000000000
43922  34.632  -35.347  -19.384 0.6000000238
43943  32.587  -35.373  -23.433 0.4000000060
44922  35.125  -34.736  -13.917 0.5000000000
44923  34.476  -34.288  -14.320 0.5000000000
44932  33.733  -34.062  -15.676 0.6000000238
44973  35.170  -34.158  -19.976 0.6000000238
44974  34.751  -34.597  -19.503 0.6000000238
44982  31.867  -34.748  -20.904 0.6000000238
44991  31.741  -35.153  -22.614 0.6000000238
45931  35.000  -33.114  -12.473 0.5000000000
45941  33.966  -32.944  -13.726 0.6000000238
45951  34.141  -33.581  -13.950 0.6000000238
45963  33.517  -33.103  -15.335 0.6999999881
45972  33.953  -32.865  -17.071 0.6000000238
46000  31.946  -33.861  -18.036 0.6999999881
46021  33.203  -33.391  -22.960 0.5000000000
46030  33.613  -33.459  -23.736 0.4000000060
46931  38.533  -32.367  -10.237 0.3000000119
46933  37.018  -32.847  -10.594 0.4000000060
46959  33.701  -32.352  -13.985 0.6000000238
46983  30.148  -33.163  -16.874 0.6999999881
47001  31.356  -32.130  -17.776 0.6999999881
47008  35.199  -32.083  -18.934 0.6999999881
47029  36.410  -32.349  -21.672 0.5000000000
47043  36.134  -32.142  -24.780 0.4000000060
47912  38.600  -31.624  -10.541 0.4000000060
47921  38.599  -30.816  -11.028 0.5000000000
47922  37.822  -31.357  -10.750 0.5000000000
47931  35.145  -31.290  -12.429 0.5000000000
47937  43.230  -31.647  -13.839 0.3000000119
47949  43.532  -31.269  -14.564 0.3000000119
47950  42.893  -30.807  -14.144 0.3000000119
47958  44.807  -32.033  -15.541 0.3000000119
47959  44.032  -30.568  -16.004 0.3000000119
47960  33.524  -31.211  -15.346 0.6000000238
48009  35.767  -31.761  -20.166 0.6000000238
48011  33.023  -31.841  -19.745 0.6999999881
48025  39.068  -31.031  -24.333 0.5000000000
48028  34.553  -31.501  -23.384 0.6000000238
48883  38.274  -30.331  -11.684 0.5000000000
48884  37.585  -30.667  -11.370 0.5000000000
48891  40.269  -30.067  -12.501 0.3000000119
48894  37.673  -30.086  -12.132 0.4000000060
48896  34.588  -31.158  -13.058 0.4000000060
48902  42.276  -30.320  -13.705 0.3000000119
48903  41.546  -29.961  -13.402 0.3000000119
48916  43.146  -30.439  -14.915 0.3000000119
48942  43.541  -29.794  -16.547 0.3000000119
48944  33.748  -30.931  -16.024 0.6000000238
48957  44.776  -30.040  -17.558 0.3000000119
48958  34.599  -30.692  -17.574 0.6999999881
48960  28.701  -30.333  -17.800 0.6999999881
48983  29.984  -29.685  -18.931 0.8999999762
48991  45.410  -30.132  -20.632 0.3000000119
49002  44.723  -30.219  -22.121 0.3000000119
49003  37.195  -30.062  -21.870 0.6999999881
49014  44.708  -29.850  -22.651 0.3000000119
49019  34.236  -30.923  -22.209 0.6999999881
49035  39.964  -29.937  -25.816 0.5000000000
49043  37.232  -30.773  -25.398 0.5000000000
49044  40.021  -30.854  -26.362 0.5000000000
49966  37.233  -29.332  -13.213 0.4000000060
49969  34.577  -29.832  -13.581 0.4000000060
49978  39.592  -29.112  -14.680 0.4000000060
50016  42.542  -28.847  -19.491 0.4000000060
50030  44.528  -29.955  -20.292 0.3000000119
50040  44.080  -29.845  -22.290 0.3000000119
50065  39.546  -29.231  -25.527 0.5000000000
50074  39.414  -29.343  -25.671 0.5000000000
50075  38.499  -29.494  -25.741 0.4000000060
51004  35.102  -28.042  -13.777 0.6000000238
51010  39.917  -28.960  -15.386 0.4000000060
51040  45.659  -28.068  -18.989 0.3000000119
51041  44.751  -27.637  -19.328 0.3000000119
51044  35.154  -28.665  -18.362 0.6999999881
51046  29.667  -29.215  -18.484 0.8999999762
51051  43.329  -27.580  -20.470 0.4000000060
51061  44.574  -27.503  -21.139 0.3000000119
51063  36.408  -28.824  -20.300 0.8000000119
51064  33.000  -28.465  -20.616 0.8000000119
51066  30.697  -28.359  -20.991 0.8999999762
51074  43.494  -28.286  -21.831 0.4000000060
51087  43.884  -28.892  -22.341 0.4000000060
51088  38.547  -27.995  -23.479 0.6999999881
51097  35.670  -28.553  -24.019 0.8000000119
52044  36.638  -27.390  -13.194 0.5000000000
52066  35.133  -27.033  -14.870 0.6000000238
52083  41.401  -27.055  -17.538 0.4000000060
52084  40.580  -28.035  -16.788 0.4000000060
52098  44.286  -27.015  -17.895 0.3000000119
52102  34.689  -27.304  -17.170 0.6999999881
52122  42.727  -27.579  -19.542 0.4000000060
52123  36.364  -28.047  -20.378 0.8000000119
52133  29.942  -28.000  -21.120 0.8999999762
52139  43.841  -27.294  -21.602 0.4000000060
52164  39.242  -27.360  -24.605 0.6999999881
52178  36.022  -28.000  -24.659 0.8999999762
53052  36.394  -26.636  -13.373 0.5000000000
53064  30.683  -26.822  -14.407 0.8999999762
53080  34.924  -26.777  -15.744 0.6000000238
53102  26.302  -26.635  -16.914 0.6999999881
53112  43.221  -25.806  -18.247 0.3000000119
53129  31.270  -26.569  -18.621 1.0000000000
53158  30.277  -27.481  -21.209 0.8999999762
53176  37.370  -26.547  -25.165 0.8999999762
54062  31.090  -25.279  -12.767 0.8999999762
54074  36.916  -25.927  -13.447 0.6000000238
54077  29.615  -25.504  -13.337 0.8999999762
54142  34.883  -25.994  -19.232 0.8000000119
54156  36.398  -25.570  -21.214 0.8000000119
54165  34.210  -25.460  -22.018 1.0000000000
54169  30.122  -25.280  -21.249 1.0000000000
54181  39.214  -24.733  -25.017 0.8999999762
54185  39.231  -25.015  -25.095 0.8999999762
55068  31.044  -24.025  -11.968 1.0000000000
55098  37.006  -25.026  -13.727 0.6999999881
55099  32.124  -24.871  -13.191 1.0000000000
55113  36.634  -24.402  -14.298 0.6999999881
55116  28.108  -24.959  -13.917 0.8000000119
55118  26.951  -24.308  -14.909 0.6999999881
55133  27.162  -24.980  -15.148 0.6999999881
55160  34.633  -24.681  -18.860 0.8000000119
55183  30.003  -24.490  -21.298 1.0000000000
55187  38.295  -23.879  -23.655 0.8000000119
55189  34.624  -24.161  -22.393 1.0000000000
55197  37.858  -24.417  -24.708 0.8999999762
56098  32.504  -23.698  -12.408 0.8999999762
56110  33.176  -23.386  -13.326 1.0000000000
56112  27.550  -23.275  -13.773 0.8000000119
56153  42.431  -22.574  -18.252 0.4000000060
56155  41.034  -21.889  -18.198 0.5000000000
56169  30.158  -23.602  -20.483 1.0000000000
56189  36.904  -23.654  -24.413 1.0000000000
57042  32.670  -22.559  -11.402 0.6999999881
57044  31.080  -22.740  -11.227 0.6999999881
57071  33.480  -22.246  -13.951 0.8999999762
57107  32.583  -22.518  -16.730 1.0000000000
57124  29.918  -22.318  -21.086 1.0000000000
57130  30.458  -22.195  -21.368 1.0000000000
57135  34.967  -21.644  -22.515 1.0000000000
57948  33.273  -21.474  -10.889 0.6999999881
57950  31.270  -21.485  -10.695 0.6999999881
57960  32.954  -22.039  -11.015 0.6999999881
58037  30.972  -21.010  -20.848 1.0000000000
58038  30.273  -21.641  -21.037 1.0000000000
58041  31.379  -21.562  -21.223 1.0000000000
58043  37.349  -21.512  -24.012 0.8999999762
58044  37.259  -20.864  -24.018 0.8000000119
58831  33.908  -20.070  -10.873 0.5000000000
58834  31.781  -20.867  -10.423 0.6999999881
58835  30.861  -20.810  -10.582 0.6999999881
58893  25.148  -20.471  -15.363 0.5000000000
58900  41.361  -20.113  -18.104 0.3000000119
59768  31.761  -19.187  -9.623 0.4000000060
59836  33.460  -19.674  -15.753 0.8999999762
59857  32.080  -18.483  -20.549 1.0000000000
59861  31.879  -19.216  -20.604 1.0000000000
59866  36.083  -19.275  -22.771 0.8000000119
60723  31.289  -18.461  -9.449 0.3000000119
60728  29.972  -18.420  -10.641 0.6000000238
60749  34.424  -18.479  -11.956 0.5000000000
60751  28.824  -18.303  -12.912 0.6000000238
60758  28.301  -18.294  -13.418 0.6000000238
60773  26.318  -18.299  -14.966 0.4000000060
60797  32.404  -17.554  -21.016 1.0000000000
60799  34.881  -17.703  -22.142 0.8000000119
60800  34.188  -17.409  -22.083 0.8000000119
61632  33.141  -17.150  -8.841 0.4000000060
61644  32.651  -17.841  -8.933 0.4000000060
61672  35.882  -16.492  -13.190 0.4000000060
61691  33.564  -17.105  -15.284 0.5000000000
61712  32.983  -17.075  -19.591 0.8000000119
61721  33.386  -17.038  -21.458 0.8000000119
62631  28.769  -16.906  -12.838 0.4000000060
62652  26.521  -16.842  -15.170 0.5000000000
62657  26.926  -16.159  -15.169 0.4000000060
63541  29.989  -15.472  -9.398 0.3000000119
63567  34.420  -15.546  -12.106 0.4000000060
63568  29.176  -16.079  -11.946 0.4000000060
63598  26.663  -15.621  -15.684 0.4000000060
64465  33.403  -15.020  -8.755 0.3000000119
64468  30.889  -14.669  -8.376 0.3000000119
64486  34.317  -14.320  -10.585 0.3000000119
64505  34.396  -13.937  -12.508 0.5000000000
64518  34.270  -13.986  -14.596 0.5000000000
64519  28.252  -14.236  -13.727 0.3000000119
64530  34.748  -13.251  -15.003 0.5000000000
64536  34.807  -13.815  -16.021 0.5000000000
64540  34.553  -14.246  -16.733 0.5000000000
65346  30.721  -13.124  -8.286 0.3000000119
65392  35.289  -12.666  -13.568 0.4000000060
65393  34.544  -12.999  -13.020 0.4000000060
65403  34.752  -12.892  -14.276 0.5000000000
65425  34.991  -13.139  -15.380 0.5000000000
66200  30.435  -12.360  -8.852 0.3000000119
66220  38.712  -12.520  -10.738 0.3000000119
66245  36.814  -12.416  -11.219 0.4000000060
66262  35.458  -12.336  -12.387 0.4000000060
67080  31.354  -11.719  -7.929 0.4000000060
67096  30.231  -11.648  -9.326 0.3000000119
68071  29.925  -10.971  -9.746 0.3000000119
68096  29.053  -10.318  -11.928 0.3000000119
68131  28.489  -10.811  -14.906 0.3000000119
68166  28.241  -11.359  -18.921 0.3000000119
69164  29.510  -9.491  -19.883 0.3000000119
69165  29.074  -9.823  -20.084 0.3000000119
69979  31.223  -8.503  -8.251 0.3000000119
71030  29.807  -7.169  -13.353 0.3000000119
71031  29.492  -7.659  -13.848 0.4000000060
71068  29.701  -7.538  -16.562 0.3000000119
71086  30.073  -8.178  -19.656 0.3000000119
71993  29.691  -7.059  -14.027 0.3000000119
72979  30.539  -5.363  -14.807 0.3000000119
73914  31.025  -4.085  -14.884 0.3000000119
129863  40.221  -28.607  -16.035 0.4000000060
130855  33.977  -34.641  -17.186 0.6999999881
131149  30.766  -17.086  -9.168 0.3000000119
131182  33.428  -13.009  -8.365 0.3000000119
131678  32.685  -20.808  -17.216 1.0000000000
132804  36.219  -20.338  -23.264 1.0000000000
132966  29.411  -7.958  -15.166 0.3000000119
133289  29.202  -30.593  -17.962 0.6999999881
133510  35.718  -18.120  -21.723 0.8000000119
133548  36.967  -22.931  -24.190 0.8999999762
133941  29.489  -19.082  -11.914 0.6000000238
134260  36.909  -36.522  -17.028 0.5000000000
135370  24.648  -39.248  -21.779 0.3000000119
136687  26.738  -21.816  -14.279 0.6000000238
136908  33.647  -17.162  -9.371 0.4000000060
137016  32.706  -25.884  -21.471 1.0000000000
137031  34.883  -22.883  -18.973 0.6999999881
137109  30.329  -6.018  -13.468 0.3000000119
138037  29.843  -41.159  -23.616 0.4000000060
140772  30.579  -5.104  -17.138 0.3000000119
141016  35.747  -36.659  -17.670 0.5000000000
141147  30.695  -38.724  -22.387 0.5000000000
141396  29.798  -8.274  -18.604 0.3000000119
141716  33.192  -19.342  -21.624 1.0000000000
142237  33.676  -18.892  -14.918 0.6999999881
142247  34.453  -16.215  -11.659 0.4000000060
142854  32.588  -21.013  -21.252 1.0000000000
142870  44.739  -27.679  -22.199 0.3000000119
145142  33.491  -20.390  -15.387 0.8999999762
145199  34.116  -15.631  -9.933 0.4000000060
145934  32.843  -17.197  -21.297 0.8000000119
146041  29.846  -35.022  -17.061 0.5000000000
146689  28.488  -12.823  -13.210 0.3000000119
146730  29.140  -13.077  -11.327 0.3000000119
146805  42.963  -29.514  -18.217 0.3000000119
146904  32.408  -31.844  -18.929 0.6999999881
146957  30.761  -4.921  -16.048 0.3000000119
147135  28.899  -16.340  -12.526 0.4000000060
147277  30.495  -41.503  -23.703 0.4000000060
147410  34.973  -32.013  -12.308 0.5000000000
147627  32.061  -34.422  -21.373 0.6000000238
147764  28.487  -11.203  -14.310 0.3000000119
148428  30.176  -28.712  -20.215 0.8999999762
148437  30.488  -33.849  -16.916 0.5000000000
148533  31.394  -2.935  -14.913 0.3000000119
149176  33.403  -22.746  -13.440 0.8999999762
149286  45.094  -29.249  -24.167 0.3000000119
149709  30.581  -7.268  -10.273 0.3000000119
150475  36.220  -21.940  -16.982 0.6000000238
151007  29.374  -14.084  -10.887 0.4000000060
151105  31.974  -26.713  -21.330 1.0000000000
151148  37.426  -26.206  -13.407 0.6000000238
151604  39.099  -24.422  -24.754 0.8999999762
152346  30.410  -6.059  -12.935 0.4000000060
153042  27.025  -19.056  -14.454 0.6999999881
153451  36.952  -20.943  -24.183 1.0000000000
154117  33.103  -39.387  -22.446 0.4000000060
