#!ascii label  , from subject sub-v1s15x0050201_ses-1 vox2ras=TkReg
264
85955  25.417  8.796  -17.823 0.0000000000
77598  21.283  -0.698  -15.935 0.0000000000
91180  24.015  14.314  -19.490 0.0000000000
99241  23.992  24.409  -20.743 0.0000000000
127902  19.917  -1.643  -14.833 0.0000000000
92822  26.537  16.490  -17.356 0.0000000000
95311  26.502  19.483  -17.556 0.0000000000
84152  22.901  6.319  -19.852 0.0000000000
81443  22.991  3.147  -18.244 0.0000000000
83235  24.507  5.756  -17.291 0.0000000000
87815  27.406  10.491  -16.815 0.0000000000
84985  27.931  7.489  -16.408 0.0000000000
88696  25.208  11.425  -18.679 0.0000000000
90340  27.960  13.450  -16.531 0.0000000000
96874  24.087  21.789  -20.241 0.0000000000
97669  25.790  22.338  -18.061 0.0000000000
78671  22.952  0.737  -16.463 0.0000000000
141677  25.197  18.070  -18.743 0.0000000000
95328  25.276  19.442  -19.279 0.0000000000
85023  23.574  7.297  -18.727 0.0000000000
84137  23.617  6.452  -18.283 0.0000000000
85004  25.452  7.496  -17.346 0.0000000000
133545  20.739  -1.220  -15.286 0.0000000000
89539  24.147  12.720  -19.142 0.0000000000
89526  26.098  12.118  -17.773 0.0000000000
90356  26.091  13.888  -17.485 0.0000000000
139251  27.801  17.211  -16.949 0.0000000000
91996  29.158  15.644  -16.628 0.0000000000
99235  22.347  24.796  -20.249 0.0000000000
96864  22.500  21.666  -19.724 0.0000000000
97698  23.631  22.955  -20.310 0.0000000000
100713  26.339  26.329  -21.286 0.0000000000
99915  26.554  25.376  -19.277 0.0000000000
99203  25.695  24.145  -18.321 0.0000000000
151476  27.521  24.173  -18.438 0.0000000000
97654  27.810  22.211  -17.666 0.0000000000
81435  23.688  3.369  -16.951 0.0000000000
80496  22.950  2.119  -17.095 0.0000000000
75733  18.208  -2.200  -13.950 0.0000000000
91169  25.629  14.795  -18.076 0.0000000000
92836  25.083  16.432  -18.599 0.0000000000
93643  26.498  17.934  -17.421 0.0000000000
95310  27.753  19.348  -17.239 0.0000000000
81454  21.740  3.504  -18.849 0.0000000000
82366  23.311  4.552  -19.105 0.0000000000
82338  23.997  4.856  -17.427 0.0000000000
149845  25.022  4.575  -16.476 0.0000000000
86903  26.541  9.465  -17.347 0.0000000000
85931  26.537  8.233  -16.958 0.0000000000
86888  28.523  9.401  -16.465 0.0000000000
86911  23.801  9.228  -18.919 0.0000000000
87839  23.359  10.414  -19.834 0.0000000000
87832  24.998  10.366  -18.705 0.0000000000
87830  25.954  10.795  -17.966 0.0000000000
89513  27.753  12.466  -16.615 0.0000000000
89512  29.089  12.920  -16.480 0.0000000000
91150  27.527  14.953  -16.710 0.0000000000
90339  29.111  14.043  -16.474 0.0000000000
133405  23.617  20.361  -19.735 0.0000000000
99233  24.782  24.041  -20.772 0.0000000000
98504  25.418  23.184  -20.181 0.0000000000
96861  25.494  21.722  -19.796 0.0000000000
96085  25.431  21.019  -19.556 0.0000000000
96073  26.464  21.012  -17.750 0.0000000000
96072  27.558  20.829  -17.489 0.0000000000
150927  20.955  0.216  -16.671 0.0000000000
80506  21.981  2.271  -17.765 0.0000000000
153276  26.667  6.920  -16.610 0.0000000000
83225  26.223  5.708  -16.400 0.0000000000
94494  24.411  18.314  -19.453 0.0000000000
95338  24.716  19.202  -19.555 0.0000000000
85970  24.479  8.631  -18.345 0.0000000000
85022  24.061  7.894  -18.281 0.0000000000
85956  24.866  7.921  -17.762 0.0000000000
74826  18.577  -3.459  -13.086 0.0000000000
75723  18.035  -2.796  -13.543 0.0000000000
90365  24.523  13.555  -19.002 0.0000000000
89538  25.059  12.805  -18.685 0.0000000000
90357  25.363  13.701  -18.405 0.0000000000
93641  28.564  17.741  -17.030 0.0000000000
92819  29.561  17.144  -17.102 0.0000000000
148836  23.092  24.367  -20.409 0.0000000000
98519  22.383  23.880  -19.961 0.0000000000
98517  24.230  23.445  -20.571 0.0000000000
99217  27.633  24.811  -18.896 0.0000000000
99201  28.387  24.156  -18.686 0.0000000000
81434  24.242  3.252  -16.372 0.0000000000
80495  23.618  2.562  -16.557 0.0000000000
77600  19.723  -0.671  -15.932 0.0000000000
92027  24.643  15.719  -18.839 0.0000000000
140870  24.674  16.939  -19.027 0.0000000000
94486  25.425  18.730  -18.594 0.0000000000
141679  25.666  18.017  -17.934 0.0000000000
94485  26.022  18.740  -17.703 0.0000000000
94470  27.016  18.630  -17.266 0.0000000000
99928  22.444  25.713  -20.783 0.0000000000
82382  22.562  4.639  -19.361 0.0000000000
83255  23.186  5.732  -19.427 0.0000000000
84127  24.208  6.460  -17.642 0.0000000000
83236  23.706  5.666  -17.860 0.0000000000
138271  24.456  4.377  -16.840 0.0000000000
130905  24.790  5.112  -16.835 0.0000000000
75732  19.051  -1.896  -14.289 0.0000000000
75722  19.037  -2.656  -13.621 0.0000000000
134779  26.799  10.013  -17.224 0.0000000000
86889  27.384  9.604  -16.789 0.0000000000
87800  28.289  10.214  -16.530 0.0000000000
150743  23.293  8.071  -20.219 0.0000000000
137795  23.688  11.879  -19.220 0.0000000000
87838  24.017  10.570  -18.936 0.0000000000
149598  24.937  10.928  -18.777 0.0000000000
88695  25.740  11.431  -18.251 0.0000000000
90341  26.704  12.971  -17.067 0.0000000000
89514  26.806  12.070  -17.121 0.0000000000
92015  26.049  15.754  -17.570 0.0000000000
91151  26.520  14.896  -17.244 0.0000000000
91998  27.025  15.748  -17.098 0.0000000000
91149  28.597  14.920  -16.547 0.0000000000
137264  30.096  14.294  -16.715 0.0000000000
96863  23.431  21.337  -19.829 0.0000000000
96109  24.387  21.158  -20.076 0.0000000000
99926  26.032  25.901  -20.317 0.0000000000
99935  25.586  26.058  -21.298 0.0000000000
99232  25.148  24.637  -20.821 0.0000000000
99219  25.404  24.263  -19.370 0.0000000000
98490  25.709  23.125  -18.145 0.0000000000
98491  25.355  23.257  -19.062 0.0000000000
97670  25.473  22.345  -19.069 0.0000000000
96849  25.556  21.685  -18.893 0.0000000000
96084  25.639  21.060  -18.491 0.0000000000
96848  26.037  21.716  -17.906 0.0000000000
97653  28.714  22.006  -17.633 0.0000000000
96835  28.185  21.417  -17.502 0.0000000000
96834  29.056  21.234  -17.475 0.0000000000
96071  28.529  20.623  -17.383 0.0000000000
78680  20.375  0.479  -16.917 0.0000000000
81453  22.698  3.538  -18.841 0.0000000000
80516  22.294  2.961  -18.346 0.0000000000
79646  22.564  1.448  -16.928 0.0000000000
79647  22.146  0.876  -16.834 0.0000000000
77606  22.143  0.219  -16.509 0.0000000000
130766  27.368  8.253  -16.625 0.0000000000
84987  26.136  7.432  -16.911 0.0000000000
84986  26.972  7.539  -16.625 0.0000000000
93663  24.633  17.694  -19.217 0.0000000000
94493  25.002  18.593  -19.259 0.0000000000
95327  25.614  19.549  -18.240 0.0000000000
133241  23.351  6.936  -19.619 0.0000000000
84151  23.403  6.330  -19.214 0.0000000000
85005  24.053  7.230  -17.936 0.0000000000
84126  24.889  6.438  -17.233 0.0000000000
129997  20.076  -2.346  -14.124 0.0000000000
76704  20.776  -1.752  -14.473 0.0000000000
76688  21.568  -1.819  -13.902 0.0000000000
88681  28.358  11.015  -16.549 0.0000000000
88666  29.052  10.647  -16.459 0.0000000000
89528  24.753  12.011  -18.839 0.0000000000
89527  25.488  12.073  -18.478 0.0000000000
138186  25.762  12.896  -17.988 0.0000000000
92821  27.599  16.489  -16.896 0.0000000000
92820  28.595  16.855  -16.828 0.0000000000
136145  29.494  16.354  -16.818 0.0000000000
97685  23.294  22.242  -19.911 0.0000000000
97697  24.342  22.539  -20.427 0.0000000000
99925  27.228  26.044  -20.281 0.0000000000
99218  25.770  24.911  -18.731 0.0000000000
99202  26.583  24.571  -18.541 0.0000000000
139892  26.501  22.876  -17.861 0.0000000000
97655  26.800  22.299  -17.765 0.0000000000
97668  27.404  22.935  -17.853 0.0000000000
97667  28.348  22.796  -17.903 0.0000000000
80504  23.188  2.827  -17.423 0.0000000000
80505  22.668  2.490  -17.768 0.0000000000
79645  23.303  1.664  -16.540 0.0000000000
76705  18.132  -1.603  -14.598 0.0000000000
76718  19.025  -1.264  -14.955 0.0000000000
150021  19.779  -1.071  -15.500 0.0000000000
77599  20.333  -0.720  -15.978 0.0000000000
142291  24.336  15.034  -19.264 0.0000000000
91170  24.817  14.406  -18.775 0.0000000000
142844  25.007  15.126  -18.643 0.0000000000
92016  25.420  15.744  -18.279 0.0000000000
92835  25.708  16.526  -17.858 0.0000000000
93656  25.323  17.278  -18.425 0.0000000000
93655  26.053  17.242  -17.614 0.0000000000
140619  26.966  17.182  -17.212 0.0000000000
93642  27.455  17.846  -17.110 0.0000000000
94469  27.941  18.459  -17.105 0.0000000000
141043  28.915  18.783  -17.238 0.0000000000
99234  23.233  25.175  -20.705 0.0000000000
81464  22.352  3.938  -19.199 0.0000000000
81452  23.241  3.875  -18.666 0.0000000000
83245  23.503  5.438  -18.982 0.0000000000
132753  23.440  4.801  -18.202 0.0000000000
82353  23.484  4.228  -17.800 0.0000000000
82339  23.867  4.028  -17.261 0.0000000000
153956  24.223  3.793  -16.746 0.0000000000
81433  24.825  3.894  -16.281 0.0000000000
86904  25.843  9.523  -17.790 0.0000000000
85954  26.217  8.854  -17.403 0.0000000000
85953  26.884  8.889  -16.969 0.0000000000
141528  28.454  8.387  -16.418 0.0000000000
87799  29.075  10.092  -16.432 0.0000000000
86887  29.415  8.888  -16.495 0.0000000000
85929  29.421  8.170  -16.449 0.0000000000
145261  23.451  7.687  -19.662 0.0000000000
85971  23.655  8.267  -18.826 0.0000000000
86919  23.563  9.877  -19.353 0.0000000000
86918  24.291  9.939  -18.866 0.0000000000
86910  25.008  9.546  -18.436 0.0000000000
87817  25.615  10.220  -18.231 0.0000000000
87816  26.221  10.109  -17.674 0.0000000000
137359  26.637  10.692  -17.329 0.0000000000
88683  26.361  11.408  -17.536 0.0000000000
88682  27.359  11.432  -16.824 0.0000000000
129080  28.617  11.896  -16.513 0.0000000000
139835  29.666  12.206  -16.570 0.0000000000
133780  27.081  14.068  -16.788 0.0000000000
91997  28.062  15.685  -16.677 0.0000000000
147947  28.058  14.275  -16.551 0.0000000000
133104  24.497  19.931  -19.721 0.0000000000
99937  23.838  25.354  -21.221 0.0000000000
99240  24.600  24.885  -21.051 0.0000000000
98516  24.964  23.227  -20.602 0.0000000000
97696  25.157  22.481  -20.398 0.0000000000
97684  25.523  22.400  -19.958 0.0000000000
96873  24.799  21.823  -20.325 0.0000000000
96862  25.203  21.173  -20.088 0.0000000000
96097  24.750  20.560  -19.940 0.0000000000
141349  25.505  20.278  -19.086 0.0000000000
141689  25.909  20.348  -17.874 0.0000000000
96836  27.149  21.605  -17.656 0.0000000000
140618  27.017  20.201  -17.500 0.0000000000
95309  28.730  19.798  -17.307 0.0000000000
77608  20.692  -0.174  -16.412 0.0000000000
80507  21.172  2.145  -17.602 0.0000000000
146455  22.387  1.909  -17.399 0.0000000000
79656  21.772  1.456  -17.300 0.0000000000
78672  21.359  0.621  -16.884 0.0000000000
77607  21.421  -0.064  -16.434 0.0000000000
85003  25.804  8.148  -17.375 0.0000000000
84125  25.493  6.847  -17.068 0.0000000000
84109  27.391  6.797  -16.431 0.0000000000
84111  26.104  6.539  -16.661 0.0000000000
84112  25.360  5.955  -16.788 0.0000000000
130774  25.573  5.098  -16.415 0.0000000000
81442  23.348  3.566  -17.702 0.0000000000
82367  22.981  4.045  -19.121 0.0000000000
82381  23.155  5.141  -19.331 0.0000000000
84110  26.823  6.266  -16.436 0.0000000000
85930  27.678  8.901  -16.626 0.0000000000
85980  23.531  8.550  -19.783 0.0000000000
87831  25.448  10.885  -18.504 0.0000000000
88697  24.365  11.309  -18.879 0.0000000000
92847  24.367  16.311  -19.303 0.0000000000
96096  25.173  20.243  -19.721 0.0000000000
96872  25.376  21.903  -20.167 0.0000000000
98488  27.944  23.536  -18.198 0.0000000000
98489  26.771  23.667  -18.072 0.0000000000
139250  27.955  20.142  -17.342 0.0000000000
140849  23.572  9.245  -19.936 0.0000000000
141259  28.566  16.209  -16.700 0.0000000000
141511  24.810  7.087  -17.477 0.0000000000
153422  25.408  24.381  -20.371 0.0000000000
