#!ascii label  , from subject sub-v1s15x0050192_ses-1 vox2ras=TkReg
619
23667  -33.681  -53.359  -27.259 0.5000000000
24391  -33.651  -52.403  -27.752 0.4000000060
25108  -34.105  -51.583  -27.638 0.6000000238
24371  -34.560  -52.296  -26.823 0.6000000238
25094  -34.756  -51.486  -26.758 0.6000000238
93269  -34.310  -50.878  -29.398 0.6999999881
25107  -33.909  -51.717  -29.816 0.6999999881
25899  -34.369  -50.705  -27.468 0.6999999881
25103  -29.513  -51.961  -28.979 0.5000000000
25910  -34.432  -49.700  -29.413 0.6999999881
26660  -34.562  -48.853  -28.758 0.6999999881
98432  -34.998  -50.707  -26.684 0.6000000238
89930  -31.947  -48.825  -33.299 0.6999999881
26670  -33.063  -47.630  -34.192 0.6999999881
98800  -34.600  -50.195  -31.659 0.6999999881
25897  -29.861  -50.911  -26.580 0.6000000238
24370  -29.291  -52.358  -27.091 0.4000000060
26661  -34.846  -49.214  -27.135 0.6999999881
93662  -35.456  -50.016  -26.587 0.6000000238
26669  -30.221  -47.193  -33.007 0.6999999881
27403  -31.472  -46.031  -33.187 0.6999999881
25892  -30.078  -50.331  -26.093 0.6000000238
26671  -34.548  -48.209  -32.511 0.6999999881
89558  -34.342  -49.279  -32.980 0.6999999881
85828  -29.538  -51.613  -26.861 0.5000000000
91934  -34.536  -49.925  -27.347 0.6999999881
102200  -33.659  -46.862  -33.381 0.6999999881
27405  -34.545  -47.052  -31.354 0.6999999881
27404  -33.538  -45.265  -33.194 0.6999999881
28124  -31.531  -44.400  -32.396 0.6999999881
27397  -34.730  -48.264  -28.155 0.6999999881
88729  -36.355  -48.629  -26.389 0.5000000000
90204  -36.552  -50.123  -26.359 0.5000000000
25900  -36.992  -50.796  -26.427 0.4000000060
28123  -30.402  -45.695  -31.065 0.6999999881
26654  -30.419  -49.436  -25.632 0.6000000238
28126  -34.525  -45.313  -31.533 0.6999999881
27399  -35.602  -47.728  -26.757 0.6999999881
26662  -35.921  -49.334  -26.519 0.6999999881
87527  -35.256  -48.487  -27.013 0.6999999881
27394  -31.528  -47.968  -26.812 0.6999999881
28112  -31.715  -47.151  -26.273 0.8000000119
28118  -31.530  -46.742  -28.101 0.8000000119
28111  -30.916  -47.759  -25.317 0.6000000238
27393  -30.747  -48.550  -25.501 0.6000000238
28119  -31.081  -44.618  -30.446 0.6999999881
28125  -33.370  -43.945  -32.319 0.6999999881
28127  -34.457  -45.875  -29.123 0.6999999881
26663  -36.952  -49.413  -26.196 0.5000000000
92204  -37.354  -50.079  -26.394 0.5000000000
102045  -37.869  -50.042  -26.586 0.4000000060
28102  -31.092  -47.178  -25.038 0.6000000238
28872  -31.737  -46.581  -25.400 0.8000000119
28884  -32.115  -45.844  -27.274 0.8000000119
28101  -30.052  -47.218  -24.661 0.6000000238
27383  -29.680  -47.875  -24.819 0.6000000238
25891  -28.659  -49.986  -25.897 0.6000000238
27392  -29.277  -48.589  -25.095 0.6000000238
28890  -31.747  -43.034  -31.681 0.6999999881
28885  -31.802  -43.413  -29.826 0.6999999881
25896  -28.249  -50.588  -26.239 0.5000000000
28120  -35.015  -46.645  -27.374 0.8000000119
27398  -34.701  -47.145  -28.446 0.8000000119
29626  -31.111  -45.995  -24.449 0.6999999881
29637  -32.230  -45.691  -25.568 0.8000000119
28871  -30.493  -46.598  -24.567 0.6999999881
26653  -28.966  -49.322  -25.407 0.6000000238
28881  -32.508  -44.597  -27.096 0.6999999881
25092  -27.711  -51.257  -26.660 0.4000000060
28891  -33.151  -43.080  -31.504 0.6999999881
28892  -34.351  -43.998  -31.176 0.6999999881
28121  -36.069  -47.098  -26.449 0.8000000119
87336  -36.736  -47.945  -26.204 0.6999999881
26664  -37.890  -49.431  -26.416 0.5000000000
89248  -37.371  -48.686  -26.135 0.5000000000
86793  -30.318  -45.191  -23.904 0.6000000238
86807  -31.798  -45.179  -24.415 0.8000000119
28870  -29.455  -46.572  -24.317 0.6000000238
100548  -32.461  -44.675  -24.790 0.8000000119
28100  -28.928  -47.022  -24.436 0.6000000238
96315  -32.541  -44.805  -25.497 0.8000000119
27382  -28.506  -47.563  -24.791 0.6000000238
29643  -32.327  -42.426  -29.177 0.8000000119
29644  -32.729  -41.810  -29.732 0.8000000119
29650  -32.271  -42.042  -30.832 0.6999999881
26658  -27.638  -49.661  -26.142 0.4000000060
28888  -35.348  -45.930  -26.732 0.8000000119
28893  -34.529  -45.029  -28.534 0.8000000119
29625  -29.505  -45.784  -24.043 0.6000000238
30429  -30.825  -44.471  -23.711 0.6999999881
101320  -29.728  -44.399  -23.625 0.6000000238
30430  -32.096  -44.256  -24.126 0.6999999881
27391  -28.063  -48.098  -25.216 0.3000000119
91817  -32.704  -43.544  -26.956 0.8000000119
28887  -34.704  -44.132  -27.923 0.8000000119
94582  -37.604  -48.004  -26.002 0.6000000238
26665  -38.834  -49.280  -26.742 0.3000000119
31229  -30.986  -43.648  -23.540 0.6999999881
28866  -27.194  -44.017  -24.346 0.5000000000
30428  -28.998  -44.692  -23.656 0.6000000238
28869  -28.218  -45.794  -23.957 0.5000000000
28099  -27.652  -46.226  -24.399 0.3000000119
31231  -32.879  -43.488  -24.311 0.8000000119
29627  -32.795  -44.033  -25.285 0.8000000119
30453  -32.655  -41.886  -28.770 0.8999999762
31245  -33.069  -43.212  -25.637 0.8999999762
30446  -32.901  -42.793  -27.112 0.8999999762
28886  -33.774  -42.656  -30.342 0.8000000119
95752  -36.454  -46.530  -26.204 0.6999999881
95267  -37.169  -47.200  -25.958 0.6000000238
83129  -38.218  -47.511  -25.888 0.6000000238
27400  -38.344  -48.492  -26.251 0.6000000238
31228  -29.721  -43.527  -23.541 0.6000000238
97762  -30.117  -43.011  -23.499 0.6999999881
30420  -28.530  -43.525  -23.580 0.6000000238
31218  -31.064  -42.909  -23.456 0.8000000119
29624  -28.115  -44.801  -23.750 0.5000000000
31230  -31.894  -43.437  -23.742 0.8000000119
85677  -32.825  -41.412  -29.223 0.8999999762
30447  -33.086  -41.848  -28.172 0.8000000119
29645  -33.871  -42.016  -29.232 0.8000000119
93493  -35.362  -45.061  -26.613 0.8000000119
82906  -37.839  -46.724  -25.729 0.6999999881
99516  -38.459  -46.859  -25.738 0.6000000238
82677  -39.022  -47.189  -25.911 0.6000000238
91102  -28.664  -42.767  -23.523 0.6000000238
32127  -30.213  -42.235  -23.450 0.8000000119
30418  -27.566  -43.033  -23.156 0.5000000000
30427  -27.712  -43.490  -23.689 0.5000000000
30419  -27.489  -43.254  -23.514 0.5000000000
32139  -31.098  -42.274  -23.421 0.8000000119
29619  -27.071  -43.244  -23.891 0.5000000000
32140  -32.118  -42.893  -23.689 0.8000000119
31246  -33.125  -42.341  -27.107 0.8000000119
32151  -33.243  -42.785  -25.285 0.8000000119
29646  -34.920  -43.632  -27.462 0.8000000119
95797  -36.261  -45.747  -26.186 0.8000000119
83162  -37.145  -46.302  -25.889 0.6999999881
80596  -37.107  -45.391  -25.797 0.6999999881
95428  -37.785  -46.014  -25.669 0.6999999881
95046  -38.285  -46.364  -25.656 0.6999999881
33022  -29.787  -41.555  -23.202 0.8000000119
31217  -29.277  -42.568  -23.505 0.6000000238
32126  -29.140  -41.832  -23.392 0.6000000238
31200  -30.309  -43.727  -22.719 0.6000000238
85405  -28.179  -43.105  -22.762 0.5000000000
32125  -28.968  -42.476  -23.443 0.6000000238
80452  -30.690  -44.413  -22.761 0.6000000238
84431  -29.622  -43.191  -22.719 0.6000000238
80474  -28.343  -42.503  -22.785 0.5000000000
31216  -28.260  -42.916  -23.497 0.5000000000
97026  -32.840  -45.357  -22.915 0.5000000000
29607  -32.375  -44.946  -22.796 0.5000000000
31202  -32.068  -44.057  -22.729 0.6000000238
31210  -28.077  -42.449  -23.298 0.5000000000
99874  -31.877  -42.327  -23.568 0.8000000119
94565  -33.593  -46.603  -22.785 0.4000000060
32141  -33.102  -42.722  -24.135 0.8000000119
33041  -32.483  -42.062  -23.701 0.6999999881
32142  -33.365  -42.133  -25.124 0.8000000119
83161  -35.964  -44.658  -26.289 0.8999999762
30454  -33.576  -42.178  -27.838 0.8000000119
33021  -29.243  -41.639  -23.265 0.8000000119
33932  -30.045  -40.899  -22.757 0.8000000119
31201  -31.118  -43.967  -22.720 0.6000000238
32119  -29.085  -42.033  -23.378 0.6000000238
33028  -30.164  -41.560  -23.412 0.8000000119
32108  -30.322  -42.708  -22.702 0.6000000238
33020  -28.919  -42.134  -22.746 0.6000000238
33933  -30.664  -40.504  -23.296 0.8000000119
80463  -29.526  -42.500  -22.719 0.6000000238
32118  -28.605  -42.326  -23.349 0.6000000238
29614  -33.275  -45.760  -22.862 0.4000000060
30409  -33.207  -44.868  -22.648 0.4000000060
31211  -33.032  -44.089  -22.664 0.4000000060
33029  -31.368  -41.489  -23.395 0.6999999881
30410  -33.932  -45.029  -22.606 0.4000000060
87321  -33.858  -44.205  -22.654 0.4000000060
32109  -31.263  -42.262  -22.627 0.4000000060
90395  -32.832  -43.120  -22.581 0.5000000000
88395  -34.525  -44.421  -22.398 0.3000000119
31203  -33.697  -43.224  -22.709 0.5000000000
33042  -33.246  -41.849  -24.219 0.8000000119
100320  -35.360  -43.935  -26.702 0.8000000119
31252  -33.674  -41.703  -28.010 0.8000000119
32153  -33.158  -41.565  -28.200 0.8000000119
32152  -33.338  -42.019  -26.761 0.8000000119
30455  -34.816  -42.917  -28.084 1.0000000000
80620  -34.308  -41.673  -29.126 0.8000000119
80590  -37.874  -45.446  -25.601 0.6999999881
80575  -38.487  -45.739  -25.624 0.6999999881
80761  -38.886  -46.446  -25.753 0.6000000238
80765  -39.232  -45.817  -25.834 0.6999999881
80773  -38.350  -45.144  -25.568 0.6999999881
83472  -39.640  -46.606  -26.122 0.6000000238
33924  -29.960  -41.105  -22.661 0.8000000119
89794  -30.281  -40.346  -22.692 0.8000000119
100197  -30.852  -43.131  -22.667 0.5000000000
33009  -29.918  -42.081  -22.696 0.8000000119
33913  -30.041  -41.105  -22.686 0.8000000119
33912  -29.406  -41.649  -22.739 0.8000000119
92018  -31.642  -43.167  -22.621 0.5000000000
97489  -30.919  -42.214  -22.690 0.6999999881
34812  -30.664  -40.175  -22.709 0.6999999881
33934  -31.510  -40.264  -23.381 0.6999999881
33943  -32.175  -41.090  -23.584 0.6999999881
31212  -34.677  -43.454  -22.535 0.4000000060
33944  -32.923  -41.093  -23.803 0.6999999881
33048  -33.642  -41.299  -26.618 0.8000000119
33043  -33.542  -41.416  -25.040 0.6999999881
100134  -33.188  -41.422  -28.487 0.8000000119
84608  -35.811  -43.814  -26.402 0.8999999762
32161  -33.587  -41.097  -29.398 0.8000000119
80600  -36.809  -44.366  -25.819 0.8999999762
97330  -38.948  -47.895  -26.167 0.4000000060
84457  -37.729  -44.820  -25.594 0.8000000119
80738  -39.812  -45.703  -26.243 0.5000000000
33011  -31.420  -41.488  -22.643 0.6999999881
34791  -30.333  -40.283  -22.644 0.6999999881
99181  -32.018  -41.718  -22.507 0.6000000238
87211  -31.110  -41.198  -22.615 0.6999999881
34813  -31.010  -39.755  -23.220 0.6999999881
32111  -33.470  -42.336  -22.731 0.5000000000
32120  -34.391  -42.480  -22.670 0.4000000060
31213  -35.436  -43.053  -22.225 0.3000000119
33023  -34.184  -41.727  -22.860 0.5000000000
33935  -32.424  -40.401  -23.591 0.6999999881
33945  -33.406  -40.936  -24.378 0.6999999881
86291  -35.460  -42.801  -27.109 0.8000000119
80605  -36.508  -43.392  -26.008 0.8000000119
80614  -36.168  -42.522  -26.486 0.8000000119
80604  -37.650  -43.802  -25.562 0.8000000119
100001  -39.438  -45.204  -25.981 0.6999999881
30448  -38.507  -44.647  -25.580 0.6999999881
80585  -38.679  -45.037  -25.599 0.6999999881
31247  -38.699  -43.701  -25.608 0.6999999881
33915  -32.240  -41.087  -22.597 0.6000000238
33914  -31.486  -40.956  -22.612 0.6000000238
94370  -31.180  -40.353  -22.701 0.6999999881
34790  -30.656  -39.858  -22.690 0.6999999881
32110  -32.401  -42.170  -22.637 0.5000000000
35652  -31.027  -39.877  -22.762 0.6999999881
97748  -30.910  -39.732  -22.795 0.6999999881
33012  -32.603  -41.486  -22.646 0.6000000238
31204  -35.245  -43.902  -21.957 0.3000000119
33013  -33.297  -41.642  -22.722 0.5000000000
33024  -35.146  -41.829  -22.712 0.4000000060
92902  -34.001  -41.250  -22.872 0.6000000238
97528  -31.809  -39.762  -23.423 0.6999999881
34815  -33.076  -40.380  -23.729 0.6999999881
84384  -36.023  -42.027  -21.851 0.3000000119
33049  -33.696  -40.732  -28.620 0.8000000119
33949  -33.909  -40.739  -25.566 0.6999999881
85539  -34.358  -41.095  -29.651 0.8000000119
80627  -34.478  -40.475  -28.953 0.8000000119
80621  -35.578  -40.681  -27.889 0.8000000119
84951  -35.001  -40.295  -29.333 0.8000000119
84587  -35.273  -39.320  -28.554 0.8000000119
80628  -35.680  -37.988  -28.686 0.8000000119
93734  -38.113  -42.839  -25.526 0.6999999881
31248  -39.082  -42.800  -25.649 0.6000000238
89378  -39.377  -43.625  -25.872 0.6000000238
34793  -32.221  -40.378  -22.597 0.6000000238
33916  -33.224  -41.108  -22.731 0.6000000238
36505  -31.373  -39.408  -22.699 0.6999999881
35664  -31.085  -39.200  -22.805 0.6999999881
93203  -33.089  -40.593  -22.735 0.5000000000
97379  -31.662  -39.227  -23.337 0.6999999881
84413  -36.033  -41.325  -22.275 0.3000000119
33925  -34.929  -41.238  -22.872 0.4000000060
34814  -32.664  -39.744  -23.512 0.6999999881
34823  -33.356  -40.589  -24.049 0.6999999881
34816  -33.687  -39.800  -24.057 0.6999999881
80657  -34.012  -40.103  -24.706 0.6999999881
80779  -35.144  -41.596  -28.285 0.8000000119
80650  -34.571  -40.108  -26.015 0.6999999881
80764  -34.278  -39.091  -24.223 0.6999999881
80634  -34.628  -39.477  -28.345 0.8000000119
84584  -34.298  -40.351  -27.169 0.8000000119
80635  -35.282  -38.239  -28.542 0.8000000119
93143  -35.127  -39.488  -25.659 0.8000000119
80619  -36.435  -41.638  -26.559 0.8000000119
86070  -35.416  -38.493  -27.787 0.8000000119
32154  -37.058  -42.717  -25.769 0.8000000119
86630  -39.881  -44.867  -26.354 0.5000000000
30449  -39.281  -44.453  -25.864 0.6000000238
87564  -37.563  -41.954  -25.704 0.8000000119
30450  -39.891  -43.977  -26.304 0.6000000238
34792  -31.664  -40.389  -22.609 0.6999999881
35654  -32.407  -39.669  -22.654 0.6999999881
36506  -31.835  -38.995  -22.709 0.6999999881
36514  -31.927  -38.736  -22.767 0.6999999881
34794  -33.049  -39.853  -22.749 0.5000000000
36507  -32.453  -39.061  -22.719 0.6999999881
33918  -35.846  -41.019  -22.550 0.4000000060
33917  -34.367  -40.774  -22.869 0.5000000000
35665  -31.919  -38.447  -22.850 0.6999999881
35673  -32.041  -38.366  -23.232 0.6999999881
80704  -36.911  -40.812  -21.652 0.3000000119
34795  -34.082  -40.116  -22.881 0.5000000000
98142  -32.741  -38.289  -23.061 0.6999999881
80708  -37.199  -41.603  -21.288 0.3000000119
84917  -36.798  -40.368  -22.046 0.3000000119
35674  -33.146  -38.745  -23.378 0.6999999881
35675  -33.939  -38.967  -23.848 0.6999999881
80665  -33.993  -38.542  -24.052 0.6999999881
96201  -35.161  -38.797  -24.686 0.8000000119
80643  -35.756  -39.132  -25.926 0.8000000119
85134  -35.586  -39.167  -28.674 0.8000000119
80636  -35.670  -37.825  -28.446 0.8000000119
84690  -36.454  -38.923  -27.185 0.8000000119
33050  -37.164  -41.012  -26.116 0.8000000119
97349  -36.186  -38.002  -27.986 0.8000000119
35682  -36.098  -38.821  -24.988 0.8000000119
93070  -33.072  -38.974  -22.788 0.6999999881
92957  -32.424  -38.403  -22.830 0.6999999881
35655  -33.337  -39.335  -22.855 0.6000000238
37419  -32.525  -38.576  -22.797 0.6999999881
34796  -35.483  -40.462  -22.867 0.3000000119
36508  -33.193  -38.640  -22.919 0.6999999881
80698  -37.373  -40.517  -21.190 0.3000000119
80683  -37.393  -39.851  -21.107 0.3000000119
95352  -36.912  -39.706  -20.076 0.3000000119
95434  -36.948  -39.441  -20.096 0.3000000119
80690  -37.348  -40.167  -21.266 0.3000000119
82758  -36.534  -39.031  -19.068 0.3000000119
33058  -36.260  -40.300  -27.111 0.8000000119
34835  -36.255  -38.605  -28.041 0.8000000119
32155  -38.483  -41.963  -25.545 0.6999999881
36509  -34.225  -39.518  -23.155 0.6000000238
84591  -36.639  -40.052  -22.498 0.4000000060
84107  -35.945  -39.981  -22.860 0.4000000060
80776  -34.441  -39.113  -23.675 0.6999999881
80684  -37.552  -39.397  -21.125 0.3000000119
80781  -36.720  -39.840  -22.534 0.4000000060
80674  -35.228  -38.934  -23.781 0.6999999881
36520  -33.957  -38.822  -23.853 0.6999999881
80658  -34.028  -38.238  -23.940 0.6999999881
87205  -34.504  -37.554  -24.196 0.8000000119
35683  -36.759  -38.328  -25.326 0.8000000119
33955  -36.758  -39.913  -26.469 0.8000000119
34827  -36.717  -38.765  -26.278 0.8000000119
91312  -36.886  -38.884  -26.437 0.8000000119
33051  -37.959  -41.280  -25.609 0.8000000119
32156  -39.223  -41.912  -25.583 0.6000000238
33052  -38.875  -40.881  -25.540 0.6999999881
88250  -37.173  -39.981  -21.977 0.3000000119
80680  -35.135  -39.665  -23.408 0.5000000000
85011  -36.977  -38.845  -20.014 0.3000000119
84074  -36.794  -39.433  -22.781 0.4000000060
80692  -36.677  -37.842  -18.864 0.3000000119
84517  -34.395  -38.294  -23.864 0.6000000238
80675  -35.607  -38.645  -23.790 0.6000000238
80659  -33.968  -37.927  -24.065 0.8000000119
98533  -33.922  -37.773  -23.961 0.6999999881
80666  -34.547  -37.686  -23.823 0.6999999881
36521  -34.146  -37.134  -24.079 0.8000000119
36526  -34.559  -36.665  -24.258 0.8000000119
37428  -34.585  -36.729  -23.793 0.6999999881
36530  -35.635  -37.442  -24.342 0.8000000119
35684  -37.485  -37.960  -25.183 0.8000000119
33950  -37.639  -40.309  -25.766 0.8000000119
84841  -39.774  -42.355  -25.807 0.6000000238
80772  -35.998  -39.588  -23.230 0.5000000000
80685  -36.877  -39.698  -22.503 0.4000000060
83813  -37.412  -39.590  -22.077 0.3000000119
80681  -36.195  -39.414  -23.397 0.5000000000
83580  -37.727  -38.805  -20.968 0.3000000119
80682  -36.136  -39.108  -23.684 0.6000000238
84383  -37.229  -38.032  -19.947 0.3000000119
95844  -37.844  -39.281  -21.953 0.3000000119
36531  -36.644  -37.220  -24.580 0.8000000119
36527  -34.877  -36.055  -24.353 0.6999999881
37434  -34.543  -36.087  -24.168 0.6999999881
87248  -37.473  -38.642  -25.673 0.6999999881
32157  -40.428  -42.014  -25.897 0.6000000238
34828  -38.253  -39.453  -25.512 0.6999999881
85744  -39.836  -41.509  -25.613 0.6999999881
35686  -39.838  -38.900  -25.493 0.5000000000
80686  -36.614  -39.229  -23.246 0.6000000238
86900  -36.438  -38.718  -23.728 0.6000000238
38376  -35.879  -38.032  -23.842 0.6999999881
83169  -36.043  -36.195  -17.932 0.3000000119
35685  -38.309  -38.414  -25.474 0.6999999881
34829  -39.444  -39.782  -25.456 0.6999999881
84810  -37.249  -39.304  -22.578 0.4000000060
80693  -36.929  -38.802  -23.119 0.5000000000
84847  -36.783  -37.961  -23.560 0.6000000238
82818  -36.508  -36.176  -18.496 0.3000000119
93708  -35.868  -36.963  -23.850 0.6999999881
37429  -34.763  -35.561  -23.836 0.6000000238
37435  -34.877  -34.967  -24.332 0.6000000238
92977  -37.462  -37.006  -24.940 0.6000000238
37440  -36.518  -36.013  -24.523 0.6000000238
92451  -38.143  -37.403  -25.384 0.6999999881
99847  -39.036  -38.957  -25.511 0.6999999881
33951  -40.046  -40.590  -25.459 0.6999999881
33053  -40.652  -41.207  -25.684 0.5000000000
33952  -41.005  -40.368  -25.591 0.5000000000
34830  -40.424  -39.670  -25.481 0.5000000000
35687  -40.733  -38.727  -25.683 0.5000000000
92917  -40.078  -37.980  -25.578 0.5000000000
80700  -38.122  -38.648  -22.293 0.4000000060
83599  -37.668  -38.639  -22.832 0.4000000060
80699  -37.781  -37.942  -20.468 0.4000000060
82804  -36.873  -35.569  -18.608 0.3000000119
80709  -37.743  -37.029  -20.203 0.3000000119
39138  -37.435  -34.757  -18.563 0.3000000119
92253  -37.816  -36.405  -25.195 0.6000000238
87371  -38.044  -38.573  -21.508 0.4000000060
37420  -38.306  -37.806  -21.771 0.4000000060
84594  -37.926  -38.062  -22.515 0.4000000060
80734  -37.656  -35.845  -19.566 0.3000000119
39139  -38.145  -34.745  -19.433 0.3000000119
38355  -38.167  -36.557  -20.588 0.4000000060
38377  -36.329  -35.829  -23.756 0.6000000238
38378  -35.217  -34.409  -24.174 0.5000000000
37436  -36.058  -34.858  -24.454 0.6000000238
37441  -37.442  -35.573  -24.762 0.6000000238
92918  -39.141  -37.991  -25.399 0.5000000000
36533  -39.590  -37.064  -25.457 0.5000000000
80705  -38.226  -38.266  -21.863 0.4000000060
38371  -37.495  -37.100  -22.986 0.4000000060
37424  -38.232  -37.917  -22.196 0.4000000060
38382  -35.583  -34.183  -24.385 0.5000000000
39166  -35.915  -33.654  -24.313 0.4000000060
38383  -36.984  -34.785  -24.568 0.5000000000
36532  -38.706  -36.811  -25.374 0.6000000238
37442  -38.395  -35.875  -25.249 0.6000000238
36534  -41.032  -37.828  -26.017 0.5000000000
93116  -37.781  -33.063  -19.055 0.3000000119
40562  -38.678  -32.984  -19.725 0.4000000060
40563  -39.204  -32.734  -20.580 0.4000000060
40545  -38.073  -32.250  -19.086 0.4000000060
39177  -37.630  -34.710  -24.554 0.5000000000
90304  -36.453  -33.395  -24.431 0.5000000000
38393  -38.876  -35.509  -24.884 0.5000000000
39178  -38.505  -35.077  -24.256 0.5000000000
37443  -39.206  -36.081  -25.333 0.5000000000
93702  -40.497  -37.092  -25.776 0.5000000000
37444  -40.020  -36.260  -25.361 0.5000000000
92878  -40.885  -36.276  -25.459 0.4000000060
40546  -38.745  -32.117  -19.789 0.4000000060
40579  -39.350  -33.208  -21.167 0.4000000060
39179  -39.237  -35.362  -23.938 0.5000000000
38394  -39.662  -35.615  -24.829 0.5000000000
86480  -39.279  -32.116  -21.066 0.4000000060
41284  -38.862  -31.371  -19.957 0.4000000060
39872  -37.474  -34.100  -24.382 0.4000000060
38395  -40.508  -35.663  -24.988 0.5000000000
39168  -38.706  -34.711  -23.804 0.4000000060
38384  -40.134  -35.510  -23.946 0.5000000000
38385  -41.010  -35.570  -24.066 0.4000000060
38386  -41.968  -35.555  -24.390 0.4000000060
39170  -40.801  -35.039  -23.691 0.4000000060
39169  -39.779  -34.690  -23.592 0.4000000060
39171  -41.582  -35.156  -23.798 0.4000000060
38379  -42.396  -34.839  -23.714 0.4000000060
100286  -39.970  -33.684  -23.409 0.4000000060
39864  -39.123  -33.801  -23.615 0.4000000060
39865  -40.698  -33.985  -23.486 0.3000000119
39162  -41.645  -34.263  -23.580 0.4000000060
39858  -41.400  -33.263  -23.406 0.4000000060
39857  -40.565  -33.050  -23.335 0.4000000060
31209  -27.701  -42.851  -22.872 0.5000000000
35656  -34.920  -40.060  -23.105 0.6000000238
38372  -38.027  -37.154  -22.443 0.4000000060
23645  -34.468  -53.181  -26.791 0.5000000000
100621  -35.691  -51.386  -26.543 0.5000000000
25093  -29.891  -51.067  -28.667 0.5000000000
27402  -29.847  -46.664  -31.510 0.6999999881
28095  -26.938  -44.215  -24.775 0.3000000119
80465  -27.457  -43.392  -22.617 0.5000000000
80462  -29.019  -43.390  -22.695 0.5000000000
83571  -28.780  -42.589  -22.743 0.6000000238
30400  -31.452  -44.732  -22.795 0.6000000238
33008  -29.120  -42.100  -22.738 0.6000000238
29638  -38.910  -45.176  -25.679 0.6999999881
33010  -31.080  -41.512  -22.692 0.6999999881
32121  -35.243  -42.549  -22.505 0.3000000119
35653  -31.783  -39.989  -22.591 0.6999999881
35672  -31.028  -39.109  -23.201 0.6999999881
92936  -33.439  -39.860  -23.791 0.6999999881
80642  -34.902  -39.128  -27.630 0.8000000119
95195  -36.965  -39.142  -20.035 0.3000000119
84072  -37.203  -38.749  -20.270 0.3000000119
85328  -37.208  -39.596  -22.297 0.3000000119
87883  -37.960  -39.148  -22.130 0.4000000060
95197  -37.080  -36.797  -19.435 0.3000000119
90095  -38.440  -35.424  -20.286 0.4000000060
39161  -35.929  -33.909  -23.913 0.4000000060
38392  -38.120  -35.184  -25.016 0.5000000000
39163  -42.347  -34.037  -23.611 0.3000000119
23680  -31.715  -53.885  -31.561 0.5000000000
23665  -32.029  -54.083  -28.825 0.5000000000
23679  -30.452  -53.995  -33.568 0.4000000060
24402  -31.000  -53.473  -33.996 0.5000000000
24403  -32.620  -53.042  -32.759 0.6000000238
24388  -29.644  -52.174  -33.462 0.5000000000
25105  -31.997  -52.387  -34.232 0.5000000000
25113  -33.349  -51.991  -32.732 0.6000000238
24390  -33.235  -52.565  -29.872 0.6000000238
25909  -34.076  -50.564  -32.548 0.6000000238
88033  -29.974  -50.576  -33.119 0.5000000000
25106  -32.205  -50.630  -33.901 0.6000000238
25907  -29.257  -49.717  -31.039 0.5000000000
25104  -29.021  -51.102  -31.445 0.5000000000
101379  -29.479  -49.121  -30.875 0.5000000000
25908  -29.732  -49.098  -32.695 0.5000000000
25898  -30.495  -50.065  -28.151 0.5000000000
90886  -29.832  -48.279  -31.845 0.5000000000
26667  -30.697  -49.228  -28.670 0.5000000000
26668  -29.885  -47.649  -30.480 0.5000000000
25893  -30.953  -49.661  -27.166 0.6000000238
27396  -30.963  -47.485  -28.798 0.6000000238
26659  -31.266  -48.916  -27.355 0.6000000238
39859  -42.039  -33.471  -23.526 0.4000000060
39866  -42.531  -33.322  -23.847 0.3000000119
90111  -42.516  -32.357  -24.123 0.3000000119
22914  -30.767  -54.202  -33.216 0.5000000000
22915  -31.500  -54.437  -31.266 0.5000000000
24389  -32.503  -53.339  -29.276 0.5000000000
24401  -28.983  -53.011  -33.589 0.4000000060
24387  -28.791  -52.503  -31.908 0.5000000000
31249  -39.817  -43.139  -26.079 0.5000000000
40589  -41.972  -32.588  -23.526 0.3000000119
99005  -33.053  -52.970  -28.106 0.4000000060
100902  -26.940  -43.422  -21.943 0.4000000060
30408  -27.173  -43.440  -22.544 0.3000000119
97442  -28.049  -43.910  -22.608 0.4000000060
98934  -27.749  -43.419  -22.688 0.4000000060
84201  -30.717  -45.403  -22.848 0.4000000060
82750  -30.141  -44.505  -22.733 0.4000000060
96144  -28.705  -44.002  -22.703 0.4000000060
84846  -31.249  -46.532  -23.091 0.3000000119
28861  -32.043  -46.921  -23.227 0.4000000060
80451  -31.700  -45.734  -22.897 0.4000000060
29613  -32.508  -45.965  -22.924 0.4000000060
83644  -38.204  -37.740  -21.098 0.3000000119
39167  -36.585  -34.080  -24.478 0.3000000119
37425  -38.293  -37.389  -21.917 0.3000000119
89202  -38.296  -37.060  -21.390 0.3000000119
38367  -38.221  -36.362  -21.664 0.3000000119
39157  -37.895  -35.889  -22.637 0.3000000119
38360  -38.441  -35.929  -21.018 0.3000000119
39148  -38.702  -34.553  -20.185 0.3000000119
39156  -37.456  -35.099  -23.251 0.3000000119
39861  -36.310  -33.373  -24.363 0.3000000119
98762  -39.085  -31.931  -20.464 0.3000000119
41283  -38.296  -31.480  -19.231 0.3000000119
39158  -38.075  -36.194  -22.156 0.3000000119
38361  -38.587  -35.282  -21.207 0.3000000119
88997  -38.101  -35.160  -22.170 0.3000000119
39149  -38.924  -34.876  -20.821 0.3000000119
39153  -38.347  -35.213  -21.683 0.3000000119
39828  -38.477  -33.867  -19.586 0.3000000119
39855  -36.959  -33.647  -23.665 0.3000000119
39842  -39.212  -33.839  -20.598 0.3000000119
41294  -39.301  -31.351  -20.672 0.3000000119
39862  -36.734  -33.245  -24.449 0.3000000119
39852  -38.054  -34.464  -22.524 0.3000000119
39848  -39.044  -34.273  -21.226 0.3000000119
39853  -38.529  -34.308  -21.915 0.3000000119
39856  -36.617  -32.832  -24.262 0.3000000119
41313  -39.300  -31.312  -21.075 0.3000000119
41312  -38.925  -31.579  -21.577 0.3000000119
39863  -37.842  -33.441  -24.292 0.3000000119
40578  -38.836  -33.455  -21.741 0.3000000119
88469  -38.507  -33.647  -22.261 0.3000000119
39851  -37.710  -34.002  -23.006 0.3000000119
40582  -38.005  -33.380  -22.710 0.3000000119
88157  -38.883  -32.501  -21.703 0.3000000119
41324  -38.478  -31.843  -22.450 0.3000000119
86915  -36.940  -32.749  -24.467 0.3000000119
40583  -38.560  -32.883  -22.339 0.3000000119
40581  -37.575  -33.390  -23.360 0.3000000119
40586  -36.436  -32.739  -23.930 0.3000000119
42078  -38.756  -30.879  -22.060 0.3000000119
42079  -39.221  -30.783  -21.276 0.3000000119
101145  -37.913  -30.866  -22.821 0.3000000119
40587  -36.835  -32.119  -24.245 0.3000000119
41322  -37.552  -32.874  -23.363 0.3000000119
41323  -37.749  -32.430  -22.964 0.3000000119
41326  -36.861  -32.085  -23.792 0.3000000119
42093  -37.509  -31.428  -23.309 0.3000000119
40593  -37.244  -32.235  -24.572 0.3000000119
40594  -38.553  -32.678  -23.990 0.3000000119
40595  -39.664  -32.912  -23.463 0.3000000119
42785  -38.502  -30.087  -22.553 0.3000000119
42100  -37.251  -30.297  -23.639 0.3000000119
41327  -36.898  -31.108  -24.112 0.3000000119
41334  -37.206  -31.227  -24.151 0.3000000119
41335  -37.830  -31.496  -24.338 0.3000000119
41336  -39.260  -31.916  -23.631 0.3000000119
41328  -40.337  -32.178  -23.451 0.3000000119
42796  -37.929  -29.418  -23.340 0.3000000119
42107  -37.261  -30.242  -24.008 0.3000000119
42109  -38.797  -30.854  -23.710 0.3000000119
42108  -37.866  -29.668  -23.665 0.3000000119
96302  -37.625  -30.420  -24.089 0.3000000119
40588  -41.200  -32.399  -23.425 0.3000000119
42802  -38.362  -29.233  -23.164 0.3000000119
95446  -29.545  -44.091  -22.733 0.4000000060
38373  -38.222  -37.129  -22.138 0.3000000119
95558  -29.938  -45.776  -22.831 0.4000000060
95320  -29.166  -45.546  -22.819 0.4000000060
94806  -29.012  -44.803  -22.780 0.4000000060
86601  -38.583  -29.916  -23.598 0.3000000119
24369  -27.737  -52.323  -27.013 0.3000000119
28862  -32.976  -47.040  -23.247 0.3000000119
94864  -28.151  -44.512  -22.581 0.3000000119
82999  -29.797  -45.043  -22.768 0.3000000119
80471  -27.662  -43.780  -22.489 0.3000000119
96160  -28.392  -45.162  -22.630 0.3000000119
80576  -38.630  -45.296  -25.596 0.6999999881
80577  -38.734  -45.180  -25.604 0.6999999881
80581  -38.599  -45.143  -25.578 0.6999999881
80595  -38.470  -44.945  -25.565 0.6999999881
96819  -38.530  -44.993  -25.572 0.6999999881
