#!ascii label  , from subject sub-v1s15x0050192_ses-1 vox2ras=TkReg
192
14941  -32.438  -63.115  -29.230 0.6999999881
15855  -32.889  -62.788  -28.825 0.6000000238
98377  -32.895  -63.457  -29.027 0.6000000238
14034  -33.896  -64.162  -28.947 0.4000000060
19622  -31.904  -58.363  -31.122 0.6999999881
20584  -31.765  -57.138  -31.597 0.6999999881
18664  -31.690  -59.336  -31.258 0.6999999881
19614  -31.783  -58.279  -29.875 0.6000000238
18656  -31.517  -59.273  -29.858 0.6000000238
93232  -31.241  -60.931  -30.408 0.6000000238
18638  -31.771  -59.019  -28.913 0.5000000000
102203  -31.522  -60.857  -29.372 0.5000000000
86315  -31.626  -60.172  -28.945 0.5000000000
17712  -31.927  -61.201  -28.860 0.6000000238
16801  -32.119  -61.952  -28.981 0.6000000238
17713  -32.489  -60.781  -28.557 0.6000000238
16802  -32.711  -61.839  -28.669 0.6000000238
94443  -31.989  -56.641  -30.106 0.6000000238
20575  -31.992  -57.281  -30.118 0.6000000238
20561  -32.100  -57.246  -29.211 0.6000000238
19598  -31.935  -58.040  -29.090 0.6000000238
18639  -32.520  -59.881  -28.455 0.6000000238
15856  -33.419  -62.479  -28.635 0.5000000000
14922  -33.487  -63.340  -28.809 0.5000000000
88486  -31.400  -56.041  -31.272 0.6000000238
21408  -31.623  -55.835  -30.613 0.6000000238
21396  -32.059  -56.493  -29.439 0.6000000238
20562  -32.432  -57.792  -28.411 0.6000000238
19599  -32.410  -58.461  -28.447 0.6999999881
87285  -33.352  -61.152  -28.439 0.6000000238
99332  -33.928  -62.837  -28.642 0.4000000060
21418  -30.987  -55.066  -32.538 0.6000000238
22152  -31.764  -55.666  -29.866 0.6000000238
21397  -32.298  -56.236  -28.583 0.6000000238
92615  -32.404  -57.039  -28.427 0.6999999881
19576  -33.137  -58.309  -27.854 0.6000000238
19600  -32.828  -59.099  -28.214 0.6000000238
17714  -33.188  -60.443  -28.337 0.6000000238
16803  -33.534  -61.824  -28.518 0.6000000238
15857  -34.055  -62.191  -28.563 0.5000000000
97170  -30.467  -54.450  -33.188 0.5000000000
22166  -31.206  -55.061  -31.621 0.6000000238
86795  -31.460  -54.875  -30.902 0.6000000238
22901  -32.378  -54.975  -28.140 0.6000000238
21373  -32.909  -56.766  -27.708 0.6999999881
20541  -33.537  -57.552  -27.558 0.6000000238
18640  -33.499  -59.810  -28.159 0.6000000238
16804  -34.123  -61.436  -28.448 0.5000000000
22924  -30.972  -54.437  -32.946 0.6000000238
22914  -30.767  -54.202  -33.216 0.6000000238
93746  -31.811  -54.682  -29.229 0.5000000000
22153  -31.951  -55.367  -28.870 0.6000000238
22134  -32.609  -55.837  -27.875 0.5000000000
22902  -32.958  -54.525  -27.567 0.5000000000
22135  -33.199  -55.419  -27.473 0.4000000060
21374  -33.299  -56.135  -27.504 0.4000000060
88022  -33.793  -56.747  -27.414 0.5000000000
19577  -34.104  -58.294  -27.509 0.6000000238
18620  -33.799  -59.066  -27.820 0.6000000238
18641  -34.394  -59.727  -28.004 0.6000000238
17715  -34.061  -60.557  -28.267 0.6000000238
22915  -31.500  -54.437  -31.266 0.5000000000
23680  -31.715  -53.885  -31.561 0.4000000060
23665  -32.029  -54.083  -28.825 0.4000000060
22903  -33.831  -54.251  -27.135 0.4000000060
22136  -33.972  -55.126  -27.138 0.4000000060
21375  -33.991  -55.951  -27.287 0.5000000000
20542  -34.414  -57.455  -27.356 0.5000000000
17716  -34.832  -60.285  -28.197 0.5000000000
99005  -33.053  -52.970  -28.106 0.5000000000
23666  -32.850  -53.581  -27.843 0.5000000000
85530  -34.628  -56.582  -27.170 0.5000000000
18621  -34.678  -58.945  -27.702 0.5000000000
21363  -34.709  -55.711  -26.943 0.5000000000
23667  -33.681  -53.359  -27.259 0.4000000060
87024  -34.474  -53.955  -26.828 0.4000000060
22883  -34.796  -54.782  -26.784 0.5000000000
18622  -35.439  -58.667  -27.848 0.4000000060
18642  -35.266  -59.597  -28.130 0.4000000060
19578  -34.945  -58.120  -27.456 0.5000000000
20543  -35.193  -57.237  -27.290 0.5000000000
23645  -34.468  -53.181  -26.791 0.4000000060
19579  -35.680  -57.841  -27.655 0.4000000060
21376  -35.412  -56.261  -27.045 0.5000000000
22124  -35.309  -55.452  -26.806 0.5000000000
20544  -35.934  -56.960  -27.527 0.3000000119
22884  -35.342  -53.954  -26.646 0.4000000060
23646  -35.351  -53.066  -26.630 0.4000000060
21377  -36.241  -56.148  -27.276 0.3000000119
22137  -35.853  -55.620  -26.914 0.4000000060
22125  -35.789  -54.832  -26.730 0.4000000060
100621  -35.691  -51.386  -26.543 0.5000000000
22138  -36.493  -55.347  -27.044 0.4000000060
21378  -37.018  -55.908  -27.562 0.4000000060
22886  -36.604  -54.376  -26.914 0.4000000060
23647  -36.170  -53.481  -26.680 0.5000000000
22885  -36.000  -54.176  -26.658 0.5000000000
24372  -35.887  -52.318  -26.593 0.5000000000
23648  -37.011  -53.518  -27.041 0.4000000060
22904  -37.429  -54.154  -27.441 0.3000000119
89590  -36.705  -52.875  -26.809 0.4000000060
22139  -37.209  -55.038  -27.425 0.3000000119
24373  -37.385  -52.823  -27.102 0.4000000060
89120  -36.107  -50.793  -26.455 0.5000000000
25095  -36.545  -51.516  -26.550 0.5000000000
86948  -36.966  -52.203  -26.754 0.5000000000
26662  -35.921  -49.334  -26.519 0.5000000000
25900  -36.992  -50.796  -26.427 0.5000000000
24392  -38.088  -52.779  -27.457 0.3000000119
23668  -37.731  -53.415  -27.440 0.3000000119
90204  -36.552  -50.123  -26.359 0.5000000000
15854  -32.419  -62.472  -28.969 0.6000000238
17728  -31.396  -60.135  -30.138 0.6000000238
20540  -32.866  -57.525  -27.845 0.6999999881
13276  -28.434  -65.789  -31.886 0.5000000000
11641  -28.843  -67.075  -31.174 0.5000000000
12474  -28.565  -66.712  -31.836 0.5000000000
90076  -30.641  -67.901  -30.286 0.5000000000
10778  -29.660  -68.142  -30.650 0.5000000000
11661  -28.964  -67.804  -31.266 0.4000000060
13277  -28.880  -65.441  -31.144 0.5000000000
12456  -29.380  -66.702  -30.651 0.6000000238
13253  -28.832  -66.276  -31.115 0.6000000238
11642  -30.049  -67.221  -30.410 0.5000000000
96652  -29.304  -67.413  -30.771 0.5000000000
10780  -32.361  -68.119  -30.723 0.4000000060
14962  -29.483  -62.638  -31.680 0.6999999881
93876  -28.746  -63.374  -31.796 0.6999999881
91112  -29.672  -65.032  -30.743 0.6999999881
13254  -29.565  -65.884  -30.647 0.5000000000
11643  -31.091  -66.984  -30.392 0.5000000000
12457  -30.287  -66.424  -30.405 0.5000000000
89837  -32.054  -67.159  -30.673 0.5000000000
97169  -31.546  -67.708  -30.413 0.5000000000
16838  -31.070  -61.264  -35.280 0.5000000000
15893  -29.858  -62.238  -33.643 0.6999999881
89871  -30.257  -61.852  -32.512 0.6999999881
14977  -28.924  -62.937  -32.702 0.6999999881
14062  -29.579  -64.001  -30.999 0.6000000238
13255  -30.492  -65.562  -30.297 0.6999999881
14063  -30.372  -64.547  -30.342 0.6000000238
12458  -31.720  -66.530  -30.300 0.5000000000
91035  -30.991  -66.287  -30.259 0.6000000238
11644  -32.866  -67.242  -30.998 0.5000000000
16830  -31.301  -61.129  -33.164 0.6999999881
102060  -30.099  -62.206  -31.510 0.6999999881
14963  -30.176  -63.578  -30.618 0.6999999881
14064  -31.235  -64.895  -29.993 0.6000000238
13256  -31.433  -65.776  -30.033 0.6999999881
12459  -32.529  -66.598  -30.539 0.6000000238
12450  -33.002  -66.053  -30.190 0.6000000238
16839  -31.704  -60.541  -34.624 0.5000000000
100280  -32.029  -59.872  -34.123 0.6000000238
15885  -30.550  -61.714  -31.328 0.6999999881
16823  -31.180  -60.995  -31.598 0.6000000238
90553  -30.372  -62.699  -30.785 0.6999999881
13240  -32.025  -65.232  -29.683 0.6999999881
13257  -32.250  -65.983  -30.024 0.6999999881
17745  -32.012  -60.294  -33.251 0.6000000238
15886  -31.172  -62.710  -30.208 0.5000000000
14964  -31.091  -63.803  -30.144 0.6999999881
14940  -31.868  -63.439  -29.669 0.6999999881
14044  -31.885  -64.343  -29.646 0.6999999881
13241  -32.806  -65.454  -29.661 0.6999999881
99377  -33.430  -65.614  -29.813 0.5000000000
18680  -31.258  -58.847  -34.212 0.5000000000
18673  -32.168  -58.550  -32.357 0.6000000238
17746  -32.337  -59.382  -33.053 0.6000000238
17737  -31.529  -60.200  -31.540 0.6000000238
15871  -31.891  -62.530  -29.532 0.6000000238
16824  -31.170  -61.760  -30.347 0.5000000000
90807  -32.483  -63.869  -29.326 0.6000000238
14033  -33.158  -64.092  -29.090 0.5000000000
18672  -31.532  -58.157  -33.244 0.5000000000
16815  -31.653  -61.629  -29.465 0.5000000000
18671  -29.601  -57.109  -34.195 0.5000000000
19632  -31.739  -57.689  -32.316 0.6000000238
19631  -30.292  -56.854  -32.896 0.5000000000
20593  -30.817  -56.704  -32.235 0.6000000238
19630  -28.289  -56.011  -33.432 0.5000000000
20592  -28.754  -55.246  -33.045 0.5000000000
20583  -30.051  -55.795  -33.151 0.6000000238
20582  -28.578  -54.645  -33.148 0.5000000000
100992  -28.657  -54.149  -33.413 0.5000000000
21417  -29.537  -54.994  -32.938 0.5000000000
21416  -28.678  -54.692  -32.662 0.5000000000
22180  -29.364  -54.161  -33.645 0.5000000000
22179  -28.602  -54.100  -32.892 0.5000000000
22934  -29.794  -54.535  -33.228 0.4000000060
22923  -29.850  -53.835  -33.474 0.4000000060
14046  -33.495  -64.941  -29.322 0.4000000060
14045  -32.640  -64.677  -29.381 0.6000000238
