#!ascii label  , from subject sub-v1s15x0050192_ses-1 vox2ras=TkReg
651
96260  -18.531  -70.199  -34.187 0.5000000000
8340  -18.110  -70.953  -37.579 0.5000000000
8341  -19.267  -69.722  -38.628 0.5000000000
92383  -19.677  -69.735  -39.727 0.5000000000
9985  -18.500  -69.737  -33.394 0.5000000000
9139  -19.519  -69.419  -34.148 0.5000000000
92785  -20.552  -68.461  -34.290 0.6000000238
8315  -18.512  -70.553  -35.126 0.5000000000
8353  -19.104  -70.370  -40.443 0.5000000000
8326  -18.554  -70.681  -36.433 0.5000000000
101151  -19.345  -70.454  -40.208 0.5000000000
9173  -19.768  -69.438  -37.688 0.6000000238
9162  -20.194  -69.162  -36.505 0.6000000238
8342  -20.210  -69.199  -39.069 0.6000000238
8343  -21.017  -69.404  -38.854 0.6999999881
92760  -20.643  -69.277  -36.973 0.6999999881
9164  -21.110  -69.289  -36.422 0.6999999881
9175  -21.164  -69.538  -37.949 0.6999999881
9970  -19.470  -68.912  -33.208 0.5000000000
9971  -20.555  -68.179  -33.448 0.6000000238
99630  -20.662  -67.882  -32.987 0.6000000238
10821  -21.261  -67.870  -33.367 0.6000000238
9151  -19.434  -69.840  -35.119 0.5000000000
8354  -19.620  -69.740  -38.847 0.5000000000
7520  -19.114  -71.509  -39.954 0.5000000000
7522  -21.021  -71.681  -37.612 0.6999999881
8355  -21.203  -70.072  -38.587 0.6999999881
9161  -19.302  -70.148  -36.041 0.6000000238
8344  -21.484  -69.957  -38.177 0.6999999881
9163  -20.817  -68.690  -35.951 0.6999999881
100407  -21.077  -68.508  -35.506 0.6999999881
96849  -21.525  -69.913  -37.347 0.6999999881
9140  -21.672  -69.073  -34.092 0.6999999881
8327  -21.632  -70.413  -35.961 0.6999999881
9152  -21.518  -69.446  -35.045 0.6999999881
8303  -22.001  -70.344  -33.684 0.6999999881
10808  -21.191  -67.619  -33.004 0.6000000238
11674  -21.460  -67.463  -32.894 0.6000000238
93607  -22.555  -67.849  -32.960 0.6000000238
10809  -22.137  -67.997  -33.094 0.6000000238
9993  -20.439  -68.825  -35.228 0.6999999881
7523  -21.492  -71.095  -37.578 0.6999999881
6757  -21.852  -72.588  -37.601 0.6999999881
9986  -21.053  -68.107  -34.231 0.6999999881
7514  -22.380  -72.718  -36.978 0.6999999881
9994  -21.059  -68.262  -35.129 0.6999999881
9987  -21.550  -68.414  -33.504 0.6999999881
85166  -21.823  -70.965  -37.012 0.6999999881
7513  -21.997  -71.830  -37.316 0.6999999881
87625  -22.143  -72.009  -36.467 0.6999999881
9995  -21.164  -68.330  -34.766 0.6999999881
8316  -22.065  -70.894  -34.667 0.6999999881
7504  -22.111  -71.669  -35.525 0.6999999881
9125  -22.147  -69.841  -33.123 0.6999999881
9126  -23.200  -70.424  -32.610 0.6999999881
10807  -19.911  -68.163  -32.808 0.5000000000
11675  -22.620  -67.268  -33.146 0.6000000238
11658  -21.676  -67.147  -32.823 0.5000000000
12486  -22.779  -66.235  -33.676 0.6000000238
11657  -20.828  -66.988  -32.490 0.5000000000
11673  -20.455  -67.576  -32.680 0.5000000000
11676  -23.821  -66.820  -32.589 0.6000000238
12494  -23.060  -65.983  -34.173 0.6000000238
87851  -23.796  -67.715  -32.418 0.6999999881
10810  -23.307  -68.458  -32.478 0.6999999881
7505  -22.293  -72.655  -35.678 0.6999999881
6750  -22.438  -73.594  -35.885 0.6999999881
10811  -24.459  -68.340  -31.641 0.6999999881
91142  -22.377  -72.445  -34.900 0.6999999881
6746  -22.448  -73.237  -34.859 0.6999999881
9953  -24.948  -69.259  -31.250 0.6000000238
7500  -22.365  -71.880  -34.503 0.6999999881
6041  -22.467  -74.235  -34.765 0.6999999881
8304  -22.484  -71.586  -33.477 0.6999999881
85685  -22.682  -72.606  -34.134 0.6999999881
9114  -24.894  -70.289  -31.439 0.6000000238
8293  -22.439  -70.854  -32.983 0.6999999881
9127  -24.275  -70.894  -31.790 0.6999999881
8294  -23.500  -71.557  -32.549 0.6000000238
8295  -24.534  -71.620  -31.879 0.6000000238
8286  -24.843  -70.958  -31.564 0.6000000238
9115  -25.068  -70.496  -31.509 0.6000000238
12485  -22.266  -66.499  -33.220 0.6000000238
13293  -22.924  -65.130  -34.602 0.6999999881
12473  -21.822  -66.428  -32.700 0.6000000238
13286  -22.320  -65.912  -33.240 0.6000000238
11656  -19.938  -67.071  -32.295 0.6000000238
13294  -23.209  -65.246  -35.091 0.4000000060
12472  -21.199  -66.311  -32.343 0.6000000238
12495  -23.558  -66.133  -34.387 0.5000000000
11684  -24.227  -66.544  -33.342 0.6000000238
88374  -23.956  -69.108  -32.148 0.6000000238
83370  -25.187  -67.934  -31.216 0.6000000238
9973  -24.024  -69.917  -32.020 0.6000000238
7488  -23.295  -72.576  -33.132 0.6000000238
6740  -22.804  -73.557  -33.740 0.6999999881
99322  -25.113  -69.740  -31.354 0.6000000238
92713  -22.664  -74.632  -35.657 0.6999999881
9128  -25.305  -70.195  -31.895 0.6000000238
8296  -24.930  -71.470  -31.837 0.4000000060
7490  -24.772  -72.296  -31.899 0.4000000060
7489  -24.082  -72.441  -32.187 0.5000000000
9142  -25.353  -70.557  -33.071 0.5000000000
8297  -25.237  -71.222  -32.232 0.5000000000
13287  -22.651  -65.268  -33.797 0.6000000238
14098  -23.367  -64.152  -35.266 0.6000000238
90983  -22.109  -66.202  -32.875 0.6000000238
13274  -22.456  -65.015  -32.757 0.6000000238
13273  -22.101  -65.591  -32.225 0.6000000238
14076  -22.455  -64.672  -31.731 0.6000000238
12501  -23.302  -65.458  -35.666 0.5000000000
12471  -20.378  -66.316  -32.138 0.6000000238
13272  -21.598  -65.545  -31.950 0.6999999881
12502  -23.633  -66.316  -34.679 0.5000000000
11685  -24.431  -66.703  -33.717 0.6000000238
13271  -20.825  -65.572  -31.810 0.6000000238
11659  -24.897  -67.543  -31.385 0.6000000238
93311  -25.080  -67.163  -32.112 0.6000000238
89684  -25.075  -67.345  -32.881 0.6000000238
11677  -25.349  -67.842  -31.851 0.6000000238
10813  -25.355  -68.273  -31.500 0.6000000238
99890  -25.272  -68.637  -32.628 0.6000000238
9996  -24.674  -69.725  -34.845 0.6000000238
100569  -25.232  -69.704  -31.442 0.6000000238
99918  -24.506  -69.935  -35.889 0.6000000238
9141  -25.318  -69.880  -33.956 0.6000000238
6732  -23.521  -73.350  -32.434 0.6000000238
9154  -25.413  -70.772  -34.166 0.5000000000
8318  -25.356  -71.439  -34.450 0.5000000000
8305  -25.445  -71.474  -33.482 0.5000000000
6031  -22.686  -74.216  -32.940 0.6000000238
98412  -24.956  -72.779  -31.887 0.4000000060
7478  -24.417  -73.029  -31.798 0.6000000238
14091  -23.231  -64.308  -34.080 0.6000000238
14099  -23.980  -63.653  -34.641 0.6000000238
13288  -23.332  -64.095  -33.388 0.6000000238
14106  -23.620  -63.879  -36.385 0.5000000000
13275  -22.924  -64.407  -33.168 0.5000000000
14077  -22.911  -64.209  -32.166 0.5000000000
13307  -23.311  -64.506  -36.100 0.6000000238
13252  -21.964  -64.849  -31.458 0.6999999881
13251  -21.251  -64.881  -31.311 0.5000000000
11691  -24.528  -66.980  -33.852 0.5000000000
10829  -24.183  -67.851  -34.567 0.5000000000
10812  -25.371  -68.111  -32.188 0.6000000238
101559  -24.388  -69.268  -35.322 0.6000000238
86372  -24.653  -68.936  -34.361 0.5000000000
9165  -24.624  -70.996  -35.962 0.5000000000
91735  -23.784  -73.553  -31.618 0.6000000238
14092  -23.813  -63.795  -33.640 0.6000000238
14107  -24.294  -63.343  -35.953 0.5000000000
14078  -23.641  -63.869  -32.680 0.6000000238
13308  -23.767  -64.054  -37.154 0.6000000238
14060  -22.411  -64.231  -30.957 0.6000000238
89834  -22.972  -63.998  -31.232 0.6000000238
13250  -20.373  -64.888  -31.252 0.5000000000
10822  -24.900  -68.111  -33.352 0.5000000000
10832  -24.068  -68.488  -35.438 0.6000000238
10001  -23.837  -69.690  -36.925 0.5000000000
7479  -25.186  -73.107  -31.981 0.6000000238
6726  -24.900  -73.183  -31.453 0.6000000238
14991  -24.558  -63.368  -34.035 0.6000000238
14998  -24.882  -62.977  -35.025 0.5000000000
14986  -24.806  -63.554  -33.125 0.6999999881
14976  -24.762  -63.519  -31.993 0.6999999881
14112  -24.929  -62.988  -37.177 0.5000000000
14111  -24.163  -63.486  -37.010 0.5000000000
97840  -23.410  -63.686  -30.897 0.6999999881
12505  -23.488  -65.106  -36.729 0.6000000238
14059  -21.723  -64.329  -30.781 0.6999999881
100528  -23.730  -67.006  -34.851 0.5000000000
90809  -23.428  -66.370  -35.882 0.5000000000
10828  -23.682  -67.482  -35.647 0.5000000000
14058  -20.819  -64.231  -30.524 0.5000000000
14075  -19.379  -64.786  -31.279 0.6000000238
10835  -24.127  -69.063  -36.302 0.6000000238
9184  -23.645  -69.728  -38.607 0.5000000000
14992  -25.351  -62.851  -34.131 0.6999999881
90440  -25.667  -62.943  -32.816 0.8000000119
14108  -25.651  -62.533  -36.555 0.5000000000
14960  -24.593  -63.199  -30.985 0.6999999881
14061  -23.739  -63.705  -31.441 0.6999999881
14113  -26.260  -62.848  -37.571 0.5000000000
86130  -23.784  -63.314  -30.654 0.6999999881
13309  -24.997  -63.446  -37.871 0.6000000238
14959  -23.015  -63.620  -30.508 0.6000000238
94072  -24.449  -64.699  -37.771 0.6000000238
14958  -22.190  -63.763  -30.351 0.6999999881
12509  -23.874  -66.110  -37.148 0.6000000238
98780  -21.493  -63.850  -30.254 0.6000000238
11694  -23.631  -67.069  -36.555 0.6000000238
10834  -23.772  -68.059  -36.722 0.6000000238
14057  -19.805  -64.140  -30.636 0.6000000238
10000  -23.552  -68.995  -37.554 0.6000000238
10003  -23.516  -69.039  -38.732 0.5000000000
100047  -26.104  -62.383  -33.234 0.5000000000
15898  -25.994  -62.172  -34.429 0.5000000000
15000  -26.805  -62.099  -36.977 0.5000000000
14961  -25.437  -62.901  -31.511 0.8000000119
15003  -27.323  -62.481  -37.405 0.5000000000
14955  -18.435  -62.230  -31.020 0.6000000238
15881  -19.945  -62.622  -29.956 0.6000000238
14937  -22.616  -63.161  -29.868 0.6999999881
14938  -23.497  -62.913  -30.016 0.8000000119
14956  -19.351  -63.085  -30.406 0.6000000238
12515  -24.390  -66.744  -37.829 0.6000000238
14957  -20.168  -63.584  -30.143 0.6000000238
11697  -23.879  -67.296  -37.367 0.6000000238
11701  -24.548  -67.519  -38.330 0.6000000238
10837  -23.872  -68.409  -38.699 0.5000000000
10841  -23.932  -68.903  -39.312 0.5000000000
10842  -24.950  -68.922  -39.219 0.5000000000
15892  -26.181  -62.310  -32.360 0.6000000238
15882  -25.174  -62.562  -30.622 0.8000000119
16820  -19.075  -61.515  -30.547 0.6000000238
14939  -24.343  -62.686  -30.293 0.8000000119
13310  -26.860  -63.481  -37.839 0.5000000000
15866  -20.243  -61.823  -29.869 0.6999999881
12506  -25.970  -63.997  -38.215 0.6000000238
15867  -21.262  -61.998  -29.551 0.6000000238
12516  -25.293  -66.302  -38.210 0.6000000238
12510  -24.633  -65.730  -37.911 0.6000000238
12511  -25.570  -65.015  -38.105 0.6000000238
14936  -21.739  -63.306  -29.862 0.6000000238
14043  -20.869  -63.446  -29.919 0.6000000238
10838  -24.547  -68.276  -38.792 0.6000000238
11702  -25.304  -67.404  -38.442 0.6000000238
91352  -25.440  -68.122  -38.696 0.5000000000
10843  -26.565  -68.324  -38.769 0.5000000000
93584  -26.191  -69.087  -39.138 0.5000000000
15883  -25.866  -62.306  -31.193 0.6999999881
16810  -19.181  -60.879  -30.637 0.6000000238
90234  -27.717  -62.910  -37.539 0.5000000000
16811  -20.627  -61.059  -29.905 0.6000000238
15870  -24.971  -62.044  -29.994 0.8000000119
13311  -28.061  -63.619  -37.761 0.5000000000
15869  -24.055  -62.115  -29.691 0.8000000119
15868  -22.998  -62.422  -29.498 0.6999999881
12512  -26.810  -64.620  -38.010 0.6000000238
94616  -22.023  -62.613  -29.553 0.6999999881
94217  -27.885  -64.721  -38.262 0.6000000238
12517  -26.908  -65.533  -38.048 0.5000000000
11707  -27.321  -67.257  -38.530 0.5000000000
15884  -26.331  -61.642  -31.530 0.5000000000
17721  -17.225  -60.147  -32.158 0.6000000238
16821  -25.717  -61.870  -30.526 0.6000000238
17722  -19.464  -60.158  -30.919 0.6000000238
92419  -21.064  -60.268  -30.068 0.8000000119
94026  -24.827  -61.452  -29.586 0.6000000238
99852  -24.136  -61.401  -29.439 0.6999999881
16812  -22.027  -61.551  -29.445 0.6999999881
16813  -23.298  -61.557  -29.336 0.6000000238
18648  -17.739  -59.123  -33.085 0.6000000238
93006  -20.055  -59.441  -31.245 0.6999999881
17726  -25.453  -60.682  -29.490 0.6000000238
17725  -24.496  -60.734  -29.301 0.6000000238
90301  -22.324  -60.445  -29.511 0.6000000238
18652  -24.888  -59.867  -29.122 0.6000000238
97883  -23.507  -60.654  -29.278 0.6000000238
19608  -18.207  -57.811  -33.089 0.6000000238
18649  -20.090  -58.206  -32.850 0.6999999881
17723  -21.399  -59.346  -30.600 0.6999999881
18653  -25.991  -59.866  -29.314 0.5000000000
18635  -25.218  -59.002  -28.956 0.5000000000
18634  -23.947  -58.808  -29.040 0.6000000238
19592  -18.600  -56.948  -32.439 0.6000000238
19609  -20.063  -57.235  -33.479 0.6999999881
18650  -21.765  -58.371  -31.099 0.5000000000
19611  -22.255  -57.359  -31.147 0.6000000238
18651  -22.862  -58.606  -29.740 0.6000000238
91621  -23.718  -59.766  -29.174 0.6000000238
19594  -24.204  -57.919  -28.950 0.5000000000
20539  -16.590  -55.506  -28.968 0.6999999881
21387  -17.053  -54.789  -29.183 0.6999999881
20553  -18.487  -55.933  -30.799 0.6999999881
21371  -17.675  -54.470  -28.559 0.6999999881
22131  -18.993  -53.688  -28.360 0.6999999881
21388  -19.893  -55.434  -30.927 0.6999999881
19610  -20.902  -56.858  -32.992 0.6999999881
20572  -22.705  -56.447  -31.110 0.6000000238
19593  -23.194  -57.701  -29.697 0.5000000000
20556  -23.519  -56.828  -29.635 0.6000000238
21391  -23.951  -56.037  -29.597 0.6000000238
21370  -17.152  -54.753  -27.779 0.6999999881
22893  -18.914  -52.541  -27.473 0.6000000238
22894  -20.721  -52.432  -28.565 0.4000000060
21372  -20.418  -54.302  -30.312 0.6000000238
22132  -20.791  -53.222  -29.687 0.5000000000
22882  -20.367  -51.411  -27.685 0.5000000000
20554  -20.870  -56.614  -33.046 0.8000000119
22895  -21.837  -52.065  -29.351 0.4000000060
23658  -21.614  -51.228  -28.243 0.4000000060
98565  -21.624  -55.713  -32.705 0.8000000119
21389  -21.966  -54.893  -32.014 0.8000000119
22146  -21.866  -53.733  -31.304 0.6000000238
22133  -21.819  -52.919  -30.446 0.4000000060
20571  -21.590  -55.994  -32.746 0.6999999881
20555  -22.064  -55.445  -32.228 0.5000000000
21390  -23.008  -55.661  -30.958 0.5000000000
22130  -17.318  -54.118  -26.838 0.5000000000
22123  -18.004  -53.382  -26.473 0.5000000000
22881  -19.064  -51.754  -26.747 0.5000000000
23642  -19.588  -49.851  -26.764 0.5000000000
24366  -21.053  -48.976  -27.189 0.5000000000
22164  -22.295  -54.702  -31.628 0.5000000000
23643  -21.035  -50.026  -27.592 0.5000000000
22147  -22.382  -53.827  -30.938 0.5000000000
22909  -22.840  -53.237  -29.820 0.4000000060
22896  -23.005  -52.444  -29.044 0.5000000000
23644  -22.562  -50.383  -28.239 0.5000000000
21406  -23.273  -54.973  -30.470 0.5000000000
94021  -23.644  -54.422  -29.761 0.6000000238
22880  -18.474  -52.635  -26.576 0.4000000060
22122  -18.174  -53.858  -26.575 0.5000000000
24365  -19.845  -49.439  -26.425 0.4000000060
24357  -21.207  -48.365  -27.039 0.4000000060
22875  -19.161  -52.979  -26.267 0.4000000060
23636  -19.097  -51.910  -26.651 0.4000000060
23641  -19.487  -50.688  -26.336 0.5000000000
23638  -19.772  -49.899  -26.321 0.4000000060
25086  -20.931  -47.384  -26.444 0.4000000060
24350  -20.678  -51.108  -25.673 0.4000000060
23637  -19.678  -51.204  -26.158 0.4000000060
24355  -20.077  -49.738  -25.915 0.4000000060
24356  -20.428  -49.153  -26.211 0.5000000000
25082  -21.449  -48.655  -25.837 0.4000000060
25083  -21.929  -48.086  -25.074 0.4000000060
23632  -21.208  -52.635  -25.551 0.4000000060
24351  -21.801  -51.322  -25.323 0.4000000060
91774  -22.005  -50.465  -25.313 0.4000000060
24352  -23.130  -50.355  -24.829 0.5000000000
86386  -22.041  -47.020  -24.689 0.3000000119
92344  -24.247  -50.324  -24.532 0.5000000000
25079  -24.296  -49.286  -24.260 0.4000000060
25886  -23.516  -47.311  -24.080 0.3000000119
23633  -22.275  -52.608  -24.986 0.4000000060
23634  -23.209  -52.460  -24.694 0.4000000060
24344  -25.233  -51.754  -24.368 0.4000000060
89507  -25.828  -51.180  -23.977 0.5000000000
25887  -25.328  -49.194  -23.569 0.4000000060
25080  -26.358  -50.529  -23.499 0.3000000119
23619  -24.423  -52.401  -24.545 0.3000000119
24345  -26.576  -52.427  -23.713 0.3000000119
8352  -18.164  -71.124  -39.060 0.5000000000
9174  -20.554  -69.163  -38.084 0.6999999881
9972  -22.863  -69.216  -32.753 0.6999999881
100003  -25.170  -68.851  -31.232 0.6000000238
9974  -25.394  -69.088  -31.821 0.6000000238
96657  -25.290  -69.789  -32.742 0.5000000000
8317  -25.104  -71.102  -34.946 0.5000000000
9988  -25.098  -69.101  -33.132 0.5000000000
9153  -24.883  -70.426  -34.913 0.5000000000
94478  -23.676  -68.284  -38.019 0.6000000238
88535  -21.047  -62.700  -29.644 0.6000000238
12520  -26.410  -66.706  -38.235 0.6000000238
12507  -27.697  -64.177  -38.045 0.6000000238
17724  -22.562  -59.513  -29.662 0.6000000238
90433  -16.298  -55.858  -30.820 0.6999999881
22879  -18.335  -53.190  -26.458 0.5000000000
23631  -20.013  -52.721  -25.898 0.4000000060
4179  -23.151  -77.483  -35.560 0.5000000000
4177  -23.070  -77.717  -34.540 0.5000000000
3634  -23.170  -78.594  -34.369 0.5000000000
3626  -22.508  -77.936  -33.673 0.5000000000
98528  -22.301  -77.276  -33.255 0.5000000000
4175  -21.954  -77.587  -32.926 0.6000000238
4782  -23.064  -76.809  -34.924 0.5000000000
85170  -22.708  -77.118  -33.965 0.5000000000
92068  -21.431  -76.630  -32.159 0.6000000238
4770  -21.999  -76.837  -32.612 0.6000000238
93635  -23.468  -77.319  -37.120 0.4000000060
5401  -22.403  -74.963  -38.264 0.4000000060
5402  -23.086  -75.356  -38.667 0.4000000060
4801  -23.431  -76.208  -38.638 0.5000000000
4184  -23.783  -76.729  -38.310 0.5000000000
4802  -23.660  -76.084  -38.101 0.5000000000
5389  -23.512  -75.605  -37.151 0.5000000000
4790  -23.594  -76.410  -37.472 0.5000000000
4759  -21.046  -76.211  -31.644 0.6000000238
5350  -21.179  -75.450  -30.482 0.6000000238
4783  -23.244  -76.559  -36.257 0.5000000000
5388  -23.017  -75.726  -35.576 0.5000000000
5359  -21.251  -75.559  -31.318 0.6000000238
4776  -22.691  -76.238  -34.289 0.5000000000
5367  -22.169  -75.967  -32.804 0.6000000238
4760  -21.654  -75.940  -32.105 0.6000000238
6008  -21.739  -74.975  -31.713 0.6000000238
91238  -21.599  -74.959  -31.039 0.6000000238
6000  -21.885  -74.841  -30.421 0.6999999881
6001  -22.907  -74.618  -30.431 0.6000000238
86720  -23.427  -74.695  -29.660 0.6999999881
87266  -22.199  -74.028  -38.017 0.6000000238
6770  -22.427  -73.821  -37.922 0.6000000238
6758  -22.524  -73.438  -37.558 0.6000000238
6061  -22.922  -74.424  -38.269 0.5000000000
6062  -22.913  -74.111  -38.080 0.6000000238
5403  -23.329  -75.406  -38.270 0.5000000000
6053  -23.274  -74.697  -37.661 0.5000000000
5391  -23.235  -74.890  -36.578 0.5000000000
5339  -20.864  -75.896  -29.814 0.6999999881
5340  -21.604  -75.402  -29.734 0.6000000238
5332  -22.208  -75.694  -29.051 0.8000000119
5373  -22.451  -75.693  -33.615 0.5000000000
6018  -22.013  -75.146  -32.451 0.6000000238
5992  -22.462  -74.977  -29.655 0.6999999881
5341  -23.091  -75.196  -29.078 0.6999999881
88508  -22.186  -74.536  -31.167 0.6000000238
6002  -23.847  -74.203  -30.342 0.6999999881
5342  -24.788  -74.824  -29.242 0.6000000238
100910  -20.920  -73.723  -37.476 0.5000000000
100897  -22.566  -73.425  -36.828 0.6000000238
6052  -22.919  -74.016  -36.953 0.6000000238
5380  -22.574  -75.258  -34.591 0.6000000238
6030  -22.475  -74.731  -33.807 0.5000000000
5333  -22.962  -75.810  -28.742 0.5000000000
4721  -23.448  -76.491  -28.553 0.6000000238
6019  -22.332  -75.085  -33.063 0.5000000000
92138  -23.689  -75.533  -28.749 0.6000000238
6009  -22.422  -74.509  -31.954 0.5000000000
5987  -23.931  -74.889  -29.131 0.6000000238
5993  -24.306  -74.433  -29.733 0.5000000000
5351  -25.728  -74.676  -30.312 0.5000000000
5352  -26.280  -75.359  -30.509 0.5000000000
6768  -20.213  -72.634  -37.650 0.6000000238
6769  -21.815  -72.992  -37.806 0.6000000238
4722  -24.397  -75.990  -28.560 0.5000000000
98829  -22.442  -74.593  -32.552 0.5000000000
97993  -24.394  -75.282  -28.845 0.5000000000
6725  -24.316  -73.588  -31.062 0.5000000000
5334  -25.140  -75.518  -28.856 0.5000000000
6010  -23.317  -74.199  -31.233 0.6000000238
6720  -24.931  -73.526  -30.945 0.6000000238
5343  -25.674  -75.145  -29.581 0.5000000000
87042  -25.397  -74.096  -30.782 0.6000000238
7521  -19.967  -71.218  -38.533 0.4000000060
6020  -23.134  -74.148  -32.129 0.5000000000
4723  -25.218  -76.401  -28.605 0.5000000000
4737  -25.905  -76.003  -29.103 0.5000000000
4738  -26.570  -76.788  -29.668 0.5000000000
4137  -27.031  -77.773  -29.770 0.5000000000
3595  -27.845  -77.992  -30.710 0.5000000000
5344  -26.325  -75.879  -29.851 0.5000000000
6011  -25.954  -74.315  -31.810 0.6000000238
4761  -26.969  -76.102  -31.274 0.5000000000
91516  -26.423  -74.776  -32.302 0.5000000000
6733  -25.710  -73.705  -32.500 0.5000000000
4150  -27.195  -77.167  -30.586 0.5000000000
4138  -27.532  -77.849  -30.495 0.5000000000
4151  -27.461  -77.357  -30.600 0.5000000000
4152  -27.922  -77.462  -30.710 0.5000000000
89386  -26.810  -76.319  -30.798 0.5000000000
4748  -27.118  -76.691  -30.859 0.5000000000
4749  -27.410  -76.855  -30.738 0.5000000000
4153  -29.132  -77.362  -30.368 0.4000000060
15880  -18.868  -61.898  -30.666 0.5000000000
17734  -17.766  -60.735  -31.469 0.5000000000
4771  -22.385  -76.588  -33.356 0.6000000238
5994  -25.140  -74.399  -29.912 0.6000000238
6003  -24.668  -73.965  -30.408 0.6000000238
6727  -25.339  -73.600  -31.508 0.5000000000
4750  -28.192  -76.359  -30.690 0.4000000060
2965  -24.774  -79.223  -28.965 0.5000000000
3563  -24.638  -78.295  -28.605 0.6000000238
3564  -25.569  -78.462  -28.742 0.6000000238
86073  -23.986  -77.924  -28.511 0.4000000060
3565  -26.615  -78.555  -29.109 0.4000000060
4126  -26.287  -77.623  -28.955 0.4000000060
4125  -25.241  -77.453  -28.556 0.5000000000
98324  -24.549  -77.673  -28.479 0.6000000238
4123  -23.533  -77.396  -28.513 0.5000000000
4124  -24.348  -77.036  -28.432 0.5000000000
4736  -21.331  -76.083  -29.286 0.6000000238
5349  -20.575  -75.998  -30.336 0.6000000238
5358  -20.687  -75.917  -30.958 0.6000000238
91513  -20.184  -76.266  -31.425 0.6000000238
4769  -20.784  -76.730  -31.982 0.5000000000
4169  -21.382  -77.169  -32.455 0.5000000000
3635  -23.332  -78.196  -34.976 0.4000000060
13316  -28.511  -64.565  -37.917 0.4000000060
12513  -28.627  -64.993  -38.388 0.5000000000
21392  -24.974  -56.183  -28.801 0.5000000000
102035  -24.176  -55.395  -29.477 0.4000000060
22149  -25.695  -55.592  -28.612 0.4000000060
22910  -24.288  -53.755  -29.236 0.4000000060
22897  -24.142  -52.728  -28.827 0.4000000060
23676  -25.408  -53.600  -28.589 0.4000000060
23661  -25.866  -52.678  -27.984 0.4000000060
23659  -22.914  -51.532  -28.530 0.4000000060
23660  -24.313  -52.069  -28.417 0.4000000060
25089  -22.334  -48.194  -27.947 0.3000000119
93419  -25.355  -54.651  -28.794 0.4000000060
22148  -24.756  -55.071  -29.120 0.4000000060
2027  -29.778  -83.189  -30.511 0.3000000119
2028  -30.587  -82.486  -31.006 0.3000000119
1612  -28.661  -83.394  -30.378 0.3000000119
96591  -29.161  -82.023  -30.361 0.4000000060
1610  -26.418  -83.263  -30.734 0.3000000119
2026  -27.956  -82.512  -30.486 0.3000000119
101520  -27.029  -82.636  -30.676 0.3000000119
2005  -27.329  -81.657  -30.295 0.3000000119
2004  -26.134  -82.080  -30.787 0.3000000119
2457  -26.726  -80.919  -29.928 0.3000000119
2003  -25.120  -82.037  -30.819 0.3000000119
2456  -25.539  -81.182  -30.271 0.3000000119
2454  -23.780  -81.547  -30.232 0.3000000119
2455  -24.414  -81.416  -30.423 0.3000000119
2977  -24.885  -80.285  -29.687 0.3000000119
98696  -23.721  -80.718  -30.066 0.4000000060
1613  -29.049  -83.924  -30.146 0.4000000060
1611  -27.444  -83.753  -30.551 0.3000000119
2006  -28.236  -81.360  -30.196 0.4000000060
1609  -25.702  -82.665  -30.812 0.3000000119
88732  -26.188  -80.213  -29.496 0.4000000060
2002  -24.380  -82.059  -30.496 0.3000000119
2976  -23.884  -79.820  -29.625 0.3000000119
2001  -23.710  -82.163  -29.897 0.3000000119
89583  -30.287  -82.077  -31.136 0.3000000119
2043  -30.960  -82.135  -31.917 0.3000000119
2474  -29.704  -80.800  -30.608 0.3000000119
1227  -28.970  -84.354  -29.656 0.4000000060
2459  -28.726  -80.511  -30.190 0.3000000119
1226  -28.292  -84.283  -29.987 0.4000000060
2458  -27.806  -80.418  -29.790 0.3000000119
1208  -26.144  -84.595  -29.706 0.3000000119
94031  -27.108  -80.030  -29.540 0.4000000060
1595  -25.184  -82.757  -30.503 0.3000000119
1194  -25.303  -83.933  -29.719 0.3000000119
2966  -25.825  -79.408  -29.055 0.4000000060
2978  -26.854  -79.375  -29.328 0.5000000000
1987  -23.217  -82.361  -29.107 0.3000000119
2475  -30.606  -81.114  -31.838 0.3000000119
2487  -31.430  -81.644  -32.491 0.3000000119
1210  -27.679  -84.596  -29.549 0.4000000060
2980  -28.290  -79.407  -30.194 0.4000000060
2979  -27.624  -79.363  -29.744 0.4000000060
99196  -27.311  -84.675  -30.149 0.4000000060
3580  -27.370  -78.560  -29.786 0.5000000000
98256  -25.513  -84.571  -29.129 0.3000000119
1594  -24.524  -82.979  -29.776 0.3000000119
1577  -23.929  -83.055  -29.151 0.3000000119
1209  -26.831  -84.878  -29.781 0.4000000060
3581  -27.880  -78.525  -30.397 0.5000000000
1195  -26.123  -84.679  -29.201 0.4000000060
1579  -25.278  -84.449  -28.589 0.3000000119
1578  -24.642  -84.157  -28.818 0.3000000119
1974  -23.051  -82.429  -28.181 0.3000000119
2988  -29.091  -79.523  -30.524 0.3000000119
1566  -24.605  -84.144  -27.890 0.3000000119
1565  -23.817  -83.378  -28.208 0.3000000119
90376  -24.729  -83.663  -27.024 0.3000000119
1554  -23.655  -82.984  -26.588 0.3000000119
86370  -24.059  -83.534  -27.178 0.3000000119
1564  -23.389  -82.846  -27.310 0.3000000119
3596  -28.400  -78.611  -30.605 0.3000000119
1960  -22.777  -81.635  -26.182 0.3000000119
3598  -30.270  -79.069  -30.574 0.3000000119
3597  -29.120  -78.938  -30.714 0.3000000119
86007  -28.440  -78.198  -30.692 0.3000000119
87996  -29.210  -78.527  -30.619 0.3000000119
24367  -22.398  -49.126  -28.248 0.5000000000
4720  -22.494  -76.493  -28.747 0.6000000238
4724  -25.918  -76.793  -28.852 0.4000000060
1225  -26.676  -84.448  -30.306 0.3000000119
1224  -25.921  -83.676  -30.387 0.3000000119
1553  -23.155  -82.465  -26.559 0.3000000119
4168  -20.467  -77.271  -32.426 0.5000000000
4173  -20.206  -77.929  -32.774 0.5000000000
4768  -19.814  -76.746  -31.931 0.5000000000
4747  -20.116  -76.254  -29.934 0.5000000000
94308  -21.781  -76.464  -28.937 0.4000000060
85094  -23.684  -78.908  -28.973 0.3000000119
1196  -27.120  -84.674  -29.265 0.3000000119
99240  -29.323  -83.915  -29.904 0.3000000119
1581  -27.539  -84.046  -28.741 0.3000000119
1197  -28.140  -84.449  -28.915 0.3000000119
1211  -28.626  -84.499  -29.173 0.3000000119
1212  -29.178  -84.419  -29.046 0.3000000119
1199  -29.554  -83.964  -28.225 0.3000000119
1582  -28.642  -84.097  -28.347 0.3000000119
1198  -28.946  -84.355  -28.504 0.3000000119
1596  -29.626  -83.880  -29.306 0.3000000119
2007  -30.111  -83.178  -30.316 0.3000000119
1583  -29.367  -83.841  -27.879 0.3000000119
1991  -30.190  -83.420  -28.986 0.3000000119
4122  -22.760  -77.332  -28.636 0.5000000000
98941  -19.986  -76.214  -30.666 0.5000000000
24382  -24.092  -50.951  -28.284 0.3000000119
3625  -21.679  -78.228  -33.324 0.4000000060
3624  -20.589  -78.417  -33.273 0.4000000060
3003  -17.743  -79.339  -30.794 0.4000000060
3017  -18.453  -78.961  -32.365 0.4000000060
4161  -18.347  -77.832  -31.166 0.4000000060
91769  -18.886  -77.101  -30.863 0.4000000060
4735  -20.540  -76.420  -29.398 0.4000000060
3613  -19.492  -78.223  -32.720 0.4000000060
4162  -19.096  -77.234  -31.638 0.4000000060
4733  -19.364  -76.726  -30.257 0.4000000060
102221  -17.581  -79.951  -29.764 0.3000000119
3594  -17.656  -78.679  -30.233 0.4000000060
4160  -17.955  -78.137  -30.445 0.4000000060
98888  -19.975  -78.371  -32.972 0.4000000060
3004  -18.065  -79.380  -31.725 0.4000000060
3622  -18.951  -78.673  -32.734 0.4000000060
2485  -17.759  -79.994  -30.447 0.3000000119
3607  -17.886  -78.636  -31.034 0.4000000060
4166  -18.811  -78.111  -32.149 0.4000000060
4149  -18.509  -77.567  -30.185 0.4000000060
4734  -19.815  -76.743  -29.485 0.4000000060
2975  -17.566  -79.445  -29.068 0.3000000119
2987  -17.527  -79.333  -29.966 0.3000000119
4135  -17.931  -78.245  -29.730 0.3000000119
87128  -17.655  -78.797  -29.529 0.3000000119
4120  -20.779  -77.573  -28.747 0.3000000119
4121  -21.774  -77.295  -28.793 0.3000000119
4136  -19.156  -77.347  -29.551 0.3000000119
3561  -22.186  -78.185  -28.745 0.3000000119
3562  -23.109  -78.157  -28.651 0.3000000119
4718  -20.324  -77.046  -28.980 0.3000000119
4719  -21.068  -76.777  -28.956 0.3000000119
2350  -23.348  -80.951  -22.326 0.3000000119
91285  -24.283  -81.304  -22.328 0.3000000119
1568  -25.997  -83.633  -28.070 0.3000000119
93907  -25.724  -81.619  -23.865 0.3000000119
86887  -25.297  -82.136  -24.025 0.3000000119
2395  -26.322  -81.403  -25.420 0.3000000119
1947  -25.663  -82.295  -25.729 0.3000000119
1961  -26.401  -81.808  -26.691 0.3000000119
1556  -25.557  -83.063  -27.030 0.3000000119
1975  -26.588  -82.256  -27.760 0.3000000119
1931  -25.741  -81.891  -24.679 0.3000000119
2404  -26.950  -80.803  -26.236 0.3000000119
4119  -19.707  -77.432  -29.024 0.3000000119
1916  -24.812  -81.768  -23.103 0.3000000119
1946  -25.268  -82.468  -24.975 0.3000000119
1917  -25.271  -81.731  -23.037 0.3000000119
2920  -27.147  -79.792  -26.136 0.3000000119
2486  -18.033  -80.100  -31.216 0.3000000119
3579  -18.536  -77.967  -29.316 0.3000000119
3608  -18.223  -78.587  -31.717 0.4000000060
3651  -23.140  -78.206  -36.068 0.5000000000
4167  -19.592  -77.498  -32.344 0.4000000060
4174  -21.076  -77.757  -32.886 0.5000000000
4758  -19.450  -76.557  -31.167 0.5000000000
10004  -23.542  -69.767  -37.861 0.5000000000
10006  -23.793  -69.318  -39.217 0.5000000000
10789  -25.156  -68.256  -31.213 0.6000000238
11700  -23.990  -67.692  -38.064 0.6000000238
11706  -26.153  -67.568  -38.463 0.6000000238
84518  -25.214  -67.657  -31.447 0.6000000238
98148  -23.015  -74.708  -38.365 0.4000000060
98559  -18.818  -70.087  -39.351 0.5000000000
