#!ascii label  , from subject sub-v1s15x0050192_ses-1 vox2ras=TkReg
363
19308  43.120  -59.950  -9.775 0.0000000000
19463  52.921  -59.039  -20.062 0.0000000000
17399  50.507  -61.362  -13.314 0.0000000000
20259  50.884  -58.300  -12.642 0.0000000000
102542  51.150  -64.749  -18.542 0.0000000000
16410  50.361  -61.904  -17.805 0.0000000000
11162  49.296  -67.528  -17.717 0.0000000000
22135  53.668  -56.725  -14.447 0.0000000000
22118  47.205  -56.754  -13.922 0.0000000000
17355  48.680  -61.407  -11.023 0.0000000000
18360  53.486  -60.534  -10.619 0.0000000000
19405  51.688  -58.663  -15.974 0.0000000000
113342  51.532  -62.102  -19.692 0.0000000000
14393  50.381  -64.964  -21.611 0.0000000000
21129  41.911  -57.693  -6.655 0.0000000000
17326  44.520  -62.001  -9.886 0.0000000000
14216  50.089  -64.429  -11.444 0.0000000000
112337  43.977  -57.594  -12.558 0.0000000000
14316  48.804  -64.615  -17.345 0.0000000000
21263  52.823  -57.515  -16.756 0.0000000000
104498  50.501  -56.567  -14.501 0.0000000000
16292  53.068  -62.887  -10.417 0.0000000000
17377  52.889  -61.417  -11.835 0.0000000000
15341  51.003  -64.258  -17.004 0.0000000000
18482  50.883  -60.175  -17.735 0.0000000000
103738  51.148  -62.839  -17.989 0.0000000000
18481  51.335  -59.491  -18.167 0.0000000000
15375  51.725  -63.807  -19.746 0.0000000000
108609  50.445  -63.705  -20.986 0.0000000000
16279  44.905  -62.761  -9.841 0.0000000000
16298  46.646  -62.788  -10.349 0.0000000000
95960  48.838  -64.626  -10.535 0.0000000000
19345  49.267  -59.409  -12.251 0.0000000000
20281  47.522  -58.502  -12.933 0.0000000000
22142  45.575  -55.942  -14.246 0.0000000000
22121  44.409  -56.477  -13.658 0.0000000000
18448  49.492  -59.427  -15.453 0.0000000000
19407  50.191  -59.161  -15.623 0.0000000000
16411  49.236  -61.797  -17.778 0.0000000000
14315  50.356  -64.396  -17.058 0.0000000000
12206  50.294  -66.163  -17.753 0.0000000000
21212  52.105  -57.228  -13.393 0.0000000000
21215  48.741  -57.529  -13.609 0.0000000000
22115  50.135  -56.798  -13.977 0.0000000000
22140  47.679  -56.428  -14.516 0.0000000000
19471  51.735  -59.227  -20.442 0.0000000000
18346  45.785  -60.977  -10.657 0.0000000000
106789  50.580  -60.083  -11.480 0.0000000000
19343  52.008  -59.047  -11.938 0.0000000000
18405  51.953  -59.946  -13.244 0.0000000000
18404  52.768  -59.440  -13.050 0.0000000000
20256  53.075  -58.411  -12.852 0.0000000000
20291  53.603  -57.426  -14.386 0.0000000000
20343  52.139  -58.788  -17.937 0.0000000000
96108  52.133  -59.629  -19.553 0.0000000000
11210  50.904  -65.910  -20.960 0.0000000000
14390  52.040  -64.072  -21.327 0.0000000000
98592  51.295  -62.294  -20.726 0.0000000000
18513  51.555  -60.835  -20.463 0.0000000000
21145  41.319  -57.389  -7.210 0.0000000000
20210  41.435  -58.664  -7.534 0.0000000000
19289  42.002  -60.119  -7.567 0.0000000000
18334  44.210  -61.202  -10.038 0.0000000000
17340  46.908  -61.953  -10.553 0.0000000000
16295  49.810  -63.457  -10.458 0.0000000000
15275  51.685  -63.824  -11.955 0.0000000000
100751  49.266  -62.427  -13.250 0.0000000000
17400  49.879  -61.979  -13.268 0.0000000000
21217  45.606  -57.187  -13.435 0.0000000000
19309  42.229  -59.420  -9.261 0.0000000000
19310  41.561  -58.538  -9.204 0.0000000000
19319  42.823  -59.200  -10.141 0.0000000000
20354  52.831  -58.130  -18.375 0.0000000000
104788  52.125  -56.970  -15.988 0.0000000000
16311  53.107  -62.660  -10.860 0.0000000000
16291  54.029  -61.886  -10.454 0.0000000000
17378  52.120  -61.923  -12.238 0.0000000000
14327  51.161  -64.216  -17.900 0.0000000000
15352  51.044  -63.429  -17.304 0.0000000000
14341  51.150  -64.103  -18.578 0.0000000000
15376  51.367  -63.557  -19.172 0.0000000000
14353  51.231  -64.272  -19.411 0.0000000000
15388  48.293  -63.362  -20.519 0.0000000000
15243  46.342  -63.607  -10.278 0.0000000000
99022  49.995  -58.701  -12.589 0.0000000000
20261  48.072  -58.872  -12.779 0.0000000000
20260  48.856  -58.788  -12.719 0.0000000000
23084  43.854  -55.906  -13.970 0.0000000000
97848  49.277  -59.680  -17.662 0.0000000000
101273  48.656  -62.606  -17.576 0.0000000000
102705  49.462  -66.757  -17.526 0.0000000000
110236  49.662  -64.238  -17.235 0.0000000000
103178  49.926  -65.752  -17.265 0.0000000000
12193  50.339  -65.846  -17.373 0.0000000000
11175  49.702  -66.990  -17.754 0.0000000000
21211  52.937  -56.999  -13.526 0.0000000000
21213  50.890  -57.177  -13.553 0.0000000000
22114  51.617  -56.811  -13.844 0.0000000000
22138  49.533  -56.594  -14.488 0.0000000000
112001  48.280  -56.374  -14.978 0.0000000000
22157  46.980  -55.968  -14.879 0.0000000000
17356  47.845  -61.272  -11.100 0.0000000000
18366  46.461  -60.565  -11.253 0.0000000000
98423  51.580  -59.707  -11.510 0.0000000000
19327  52.578  -59.901  -11.317 0.0000000000
18483  50.254  -59.913  -17.654 0.0000000000
18427  51.222  -59.983  -13.936 0.0000000000
19431  50.398  -59.068  -16.386 0.0000000000
19430  51.264  -59.095  -16.566 0.0000000000
94645  51.591  -59.030  -15.182 0.0000000000
19386  52.197  -58.846  -14.540 0.0000000000
110498  53.195  -58.891  -12.992 0.0000000000
108588  53.023  -58.810  -14.096 0.0000000000
20255  53.938  -57.552  -13.278 0.0000000000
19385  52.891  -58.247  -14.756 0.0000000000
17481  51.291  -61.398  -19.213 0.0000000000
96851  51.427  -60.284  -18.931 0.0000000000
113194  52.008  -59.461  -18.715 0.0000000000
17495  51.954  -61.302  -19.948 0.0000000000
12299  48.535  -66.818  -23.115 0.0000000000
13321  49.831  -65.490  -21.835 0.0000000000
12297  49.900  -66.755  -22.967 0.0000000000
12295  50.331  -66.552  -22.445 0.0000000000
13319  50.923  -65.320  -21.583 0.0000000000
13303  51.297  -65.083  -21.285 0.0000000000
102195  51.245  -64.501  -21.449 0.0000000000
16451  49.633  -62.614  -20.557 0.0000000000
16468  50.681  -63.115  -20.801 0.0000000000
17523  50.835  -62.417  -20.677 0.0000000000
18525  51.976  -61.541  -20.563 0.0000000000
17506  50.159  -61.868  -20.541 0.0000000000
22039  41.719  -56.935  -6.911 0.0000000000
103834  41.463  -58.235  -7.042 0.0000000000
110663  43.566  -62.019  -8.828 0.0000000000
18321  42.363  -60.739  -7.288 0.0000000000
17317  43.283  -61.439  -8.821 0.0000000000
18328  42.917  -60.893  -8.747 0.0000000000
17342  45.115  -61.440  -10.257 0.0000000000
17341  45.987  -61.887  -10.337 0.0000000000
15240  49.246  -64.217  -10.423 0.0000000000
16296  48.774  -63.247  -10.374 0.0000000000
15238  50.937  -64.104  -11.039 0.0000000000
15237  52.073  -63.855  -10.890 0.0000000000
15258  51.199  -64.154  -11.416 0.0000000000
17419  48.225  -61.098  -14.191 0.0000000000
17401  48.693  -61.762  -13.761 0.0000000000
105766  49.282  -61.614  -13.719 0.0000000000
103316  47.617  -57.661  -13.505 0.0000000000
21216  46.561  -57.367  -13.510 0.0000000000
22123  42.949  -56.458  -13.355 0.0000000000
22150  53.002  -56.811  -15.233 0.0000000000
22137  51.648  -56.582  -14.439 0.0000000000
17336  51.788  -62.532  -10.317 0.0000000000
17353  50.989  -61.643  -10.667 0.0000000000
103614  52.828  -62.415  -10.147 0.0000000000
17376  53.450  -60.974  -11.171 0.0000000000
15353  50.977  -63.083  -17.206 0.0000000000
102797  50.391  -60.862  -18.007 0.0000000000
17469  50.872  -61.557  -17.929 0.0000000000
106951  50.703  -60.922  -18.110 0.0000000000
19444  51.128  -59.455  -17.468 0.0000000000
19429  51.955  -59.092  -16.980 0.0000000000
17482  51.084  -61.225  -18.599 0.0000000000
16423  51.203  -61.912  -18.890 0.0000000000
15374  52.100  -63.402  -19.977 0.0000000000
14373  50.483  -64.285  -21.312 0.0000000000
100816  49.778  -64.138  -20.936 0.0000000000
15387  49.224  -63.388  -20.612 0.0000000000
16299  45.733  -62.774  -10.166 0.0000000000
15241  48.410  -64.013  -10.349 0.0000000000
14217  49.284  -64.652  -10.926 0.0000000000
20262  46.263  -58.654  -12.659 0.0000000000
21194  45.945  -57.929  -12.959 0.0000000000
22119  46.223  -56.439  -13.905 0.0000000000
22120  45.241  -56.445  -13.792 0.0000000000
23070  42.906  -55.806  -13.939 0.0000000000
18407  50.549  -60.361  -14.012 0.0000000000
94184  49.645  -59.067  -16.248 0.0000000000
95462  49.710  -59.176  -17.061 0.0000000000
17470  49.576  -60.691  -17.928 0.0000000000
15354  49.752  -62.779  -17.487 0.0000000000
15342  50.938  -63.924  -16.919 0.0000000000
12192  50.916  -65.765  -17.489 0.0000000000
21192  51.340  -57.767  -12.976 0.0000000000
20279  49.331  -58.090  -13.132 0.0000000000
20278  50.353  -57.886  -13.077 0.0000000000
21214  49.776  -57.369  -13.589 0.0000000000
22117  48.177  -56.923  -13.998 0.0000000000
105724  50.942  -56.737  -14.037 0.0000000000
22116  49.174  -56.911  -14.021 0.0000000000
104009  46.886  -56.231  -14.263 0.0000000000
22141  46.289  -55.962  -14.487 0.0000000000
20365  52.998  -58.196  -19.533 0.0000000000
18347  44.898  -60.516  -10.543 0.0000000000
19317  44.369  -59.729  -10.769 0.0000000000
18367  45.652  -60.303  -11.070 0.0000000000
100427  50.334  -59.469  -11.976 0.0000000000
19344  51.113  -58.887  -12.159 0.0000000000
18385  52.618  -60.258  -12.162 0.0000000000
19406  50.910  -58.924  -15.797 0.0000000000
18426  51.717  -59.477  -14.286 0.0000000000
19326  52.944  -60.116  -11.261 0.0000000000
19342  52.463  -59.224  -12.066 0.0000000000
20258  51.680  -58.383  -12.531 0.0000000000
21191  52.165  -57.869  -12.902 0.0000000000
21210  53.862  -56.969  -13.523 0.0000000000
22111  54.065  -56.762  -13.877 0.0000000000
20308  52.553  -58.140  -15.751 0.0000000000
20307  53.125  -57.510  -15.230 0.0000000000
21229  53.585  -56.896  -14.832 0.0000000000
20342  52.727  -58.116  -17.231 0.0000000000
20355  52.237  -58.704  -19.126 0.0000000000
99586  49.729  -66.775  -18.962 0.0000000000
12298  49.367  -66.815  -23.077 0.0000000000
11211  50.529  -66.538  -21.018 0.0000000000
13294  51.015  -65.487  -20.330 0.0000000000
13281  51.205  -64.845  -20.408 0.0000000000
15385  52.104  -63.960  -20.264 0.0000000000
15384  52.150  -63.600  -20.446 0.0000000000
15403  50.947  -63.660  -21.190 0.0000000000
109513  51.886  -63.484  -21.275 0.0000000000
17520  52.127  -62.320  -20.334 0.0000000000
17505  52.166  -61.579  -20.158 0.0000000000
111305  51.781  -60.988  -19.874 0.0000000000
98980  51.402  -60.109  -20.444 0.0000000000
104346  40.900  -55.972  -7.557 0.0000000000
22056  41.231  -56.545  -7.320 0.0000000000
21146  40.877  -57.098  -7.682 0.0000000000
21159  41.109  -57.787  -7.790 0.0000000000
19301  41.613  -59.069  -8.330 0.0000000000
113470  42.336  -60.456  -6.748 0.0000000000
19277  41.713  -59.167  -6.871 0.0000000000
19290  41.680  -59.483  -7.497 0.0000000000
18336  42.650  -60.262  -8.978 0.0000000000
18348  43.908  -60.326  -10.215 0.0000000000
18345  46.458  -61.303  -10.729 0.0000000000
17339  48.262  -62.141  -10.710 0.0000000000
16297  47.686  -62.824  -10.449 0.0000000000
17338  49.223  -62.401  -10.604 0.0000000000
16294  51.089  -63.503  -10.578 0.0000000000
15236  52.465  -63.547  -10.773 0.0000000000
16328  51.799  -62.977  -12.317 0.0000000000
16353  50.055  -63.106  -12.743 0.0000000000
17417  49.750  -60.917  -13.995 0.0000000000
20280  48.344  -58.251  -13.131 0.0000000000
21195  44.890  -57.748  -12.764 0.0000000000
21218  44.847  -57.034  -13.388 0.0000000000
21219  44.174  -57.119  -13.122 0.0000000000
10192  49.344  -67.688  -17.846 0.0000000000
10205  49.583  -67.560  -17.971 0.0000000000
11186  49.958  -66.933  -18.124 0.0000000000
11253  49.150  -67.363  -23.710 0.0000000000
12241  50.462  -66.035  -20.301 0.0000000000
12256  50.939  -65.833  -21.495 0.0000000000
12272  50.659  -66.107  -22.003 0.0000000000
12296  50.016  -66.649  -22.761 0.0000000000
13244  50.879  -65.284  -17.100 0.0000000000
13245  49.204  -65.438  -17.309 0.0000000000
13255  51.097  -65.278  -17.661 0.0000000000
13269  51.101  -65.574  -18.621 0.0000000000
13282  51.075  -65.003  -19.575 0.0000000000
13293  51.350  -65.245  -21.015 0.0000000000
13304  50.025  -64.787  -21.451 0.0000000000
13320  50.613  -65.196  -21.663 0.0000000000
13338  50.428  -65.990  -22.115 0.0000000000
13339  50.174  -65.933  -22.236 0.0000000000
14219  48.101  -64.603  -10.555 0.0000000000
14313  51.053  -64.814  -17.025 0.0000000000
14314  50.879  -64.748  -16.887 0.0000000000
14352  51.420  -64.351  -20.076 0.0000000000
14361  52.000  -64.217  -20.890 0.0000000000
14362  51.495  -64.479  -20.666 0.0000000000
14372  51.605  -64.500  -21.293 0.0000000000
14391  51.811  -64.048  -21.438 0.0000000000
14392  50.887  -64.402  -21.473 0.0000000000
14405  51.999  -63.895  -21.433 0.0000000000
15239  50.093  -64.151  -10.794 0.0000000000
15256  52.226  -63.315  -11.477 0.0000000000
15257  51.814  -63.986  -11.272 0.0000000000
15276  51.167  -64.162  -11.784 0.0000000000
15343  50.126  -63.658  -17.225 0.0000000000
15367  51.262  -62.674  -18.842 0.0000000000
15368  51.272  -63.449  -18.199 0.0000000000
15386  50.034  -63.270  -20.699 0.0000000000
15401  52.020  -63.744  -20.931 0.0000000000
15402  51.553  -63.257  -21.109 0.0000000000
15416  52.067  -63.731  -21.224 0.0000000000
15417  51.467  -63.928  -21.413 0.0000000000
16281  43.809  -61.707  -9.438 0.0000000000
16293  52.282  -63.167  -10.392 0.0000000000
16327  52.720  -62.392  -11.692 0.0000000000
16329  51.045  -63.666  -12.331 0.0000000000
16352  50.729  -62.487  -12.753 0.0000000000
16409  50.969  -62.392  -17.658 0.0000000000
16424  51.179  -62.094  -18.193 0.0000000000
16435  51.821  -62.598  -19.767 0.0000000000
16436  51.407  -62.284  -19.472 0.0000000000
16449  52.136  -62.982  -19.993 0.0000000000
16450  50.280  -62.644  -20.626 0.0000000000
16465  52.161  -63.164  -20.686 0.0000000000
16466  51.883  -62.793  -21.001 0.0000000000
16467  51.022  -63.034  -20.844 0.0000000000
16479  52.103  -63.360  -21.054 0.0000000000
16480  52.051  -62.844  -21.022 0.0000000000
17318  42.804  -61.224  -8.103 0.0000000000
17325  45.245  -62.168  -10.116 0.0000000000
17337  50.416  -62.579  -10.508 0.0000000000
17351  53.732  -61.844  -11.061 0.0000000000
17354  49.713  -61.588  -10.890 0.0000000000
17357  47.102  -61.224  -10.968 0.0000000000
17398  51.346  -61.747  -12.742 0.0000000000
17468  51.029  -61.515  -18.134 0.0000000000
17494  51.991  -62.083  -19.919 0.0000000000
17521  52.040  -62.242  -20.713 0.0000000000
17522  51.100  -61.609  -20.553 0.0000000000
18329  42.426  -60.523  -8.161 0.0000000000
18335  43.424  -60.834  -9.459 0.0000000000
18359  53.866  -60.749  -10.564 0.0000000000
18428  49.990  -59.875  -14.759 0.0000000000
18507  52.051  -59.865  -20.110 0.0000000000
18512  52.023  -60.178  -20.329 0.0000000000
19300  42.006  -59.844  -8.301 0.0000000000
19341  52.597  -59.313  -12.351 0.0000000000
19368  53.185  -58.850  -13.500 0.0000000000
19369  52.479  -59.204  -13.750 0.0000000000
19387  50.831  -59.444  -14.801 0.0000000000
19432  49.060  -59.007  -16.644 0.0000000000
19445  50.655  -59.402  -17.078 0.0000000000
19470  52.417  -59.155  -20.169 0.0000000000
20257  52.481  -58.449  -12.612 0.0000000000
20276  54.142  -57.502  -13.680 0.0000000000
20277  53.679  -58.234  -13.304 0.0000000000
20290  54.226  -56.868  -14.156 0.0000000000
20326  52.672  -57.647  -16.159 0.0000000000
20327  52.239  -58.302  -16.456 0.0000000000
21190  53.110  -57.611  -13.130 0.0000000000
21193  46.814  -58.129  -12.996 0.0000000000
21209  54.270  -57.012  -13.642 0.0000000000
21241  52.714  -57.155  -15.716 0.0000000000
22112  53.552  -56.702  -13.925 0.0000000000
22113  52.514  -56.736  -13.908 0.0000000000
22122  43.668  -56.560  -13.447 0.0000000000
22136  52.863  -56.602  -14.514 0.0000000000
22139  48.624  -56.616  -14.478 0.0000000000
22143  44.765  -55.900  -14.131 0.0000000000
22169  52.583  -57.263  -16.333 0.0000000000
23082  45.732  -55.756  -14.818 0.0000000000
95897  52.138  -58.574  -15.290 0.0000000000
96213  53.509  -58.267  -13.891 0.0000000000
98152  51.835  -60.588  -19.736 0.0000000000
99763  47.836  -60.512  -14.617 0.0000000000
100058  41.877  -58.536  -6.618 0.0000000000
100235  51.082  -60.442  -18.094 0.0000000000
100419  51.478  -62.985  -19.559 0.0000000000
101179  51.664  -64.704  -21.079 0.0000000000
102056  46.905  -58.793  -12.703 0.0000000000
102064  47.364  -63.762  -10.381 0.0000000000
103286  49.895  -64.852  -17.161 0.0000000000
105074  47.555  -61.852  -10.744 0.0000000000
108593  52.109  -60.782  -20.152 0.0000000000
110893  50.559  -65.125  -17.074 0.0000000000
111760  52.226  -58.536  -17.104 0.0000000000
113081  43.343  -56.182  -13.689 0.0000000000
