#!ascii label  , from subject sub-v1s15x0050216_ses-1 vox2ras=TkReg
743
49898  -28.484  -15.372  4.517 0.4285714328
50761  -29.369  -14.375  3.680 0.2857142985
50745  -28.976  -15.114  3.972 0.4285714328
106063  -29.744  -14.877  4.281 0.4285714328
115412  -30.544  -14.489  4.595 0.4285714328
51669  -29.746  -13.476  3.359 0.2857142985
51670  -30.560  -12.875  3.678 0.4285714328
105810  -30.087  -12.962  1.943 0.4285714328
52564  -30.770  -12.765  2.722 0.4285714328
52576  -30.150  -12.296  1.419 0.4285714328
53480  -30.563  -11.758  1.995 0.4285714328
54438  -30.114  -10.630  -0.309 0.5714285970
54439  -30.342  -10.844  0.182 0.5714285970
54414  -30.736  -10.661  1.682 0.4285714328
54415  -31.625  -10.383  2.402 0.2857142985
54430  -30.994  -9.836  0.753 0.7142857313
55355  -31.584  -9.709  1.787 0.7142857313
55370  -32.708  -9.351  1.281 0.7142857313
104406  -33.004  -9.571  1.877 0.4285714328
104707  -31.745  -9.278  0.978 0.7142857313
56298  -33.508  -8.686  0.824 0.5714285970
55384  -32.122  -8.736  0.634 0.5714285970
56313  -32.606  -8.261  0.314 0.5714285970
56287  -33.905  -7.991  2.294 0.4285714328
57234  -34.180  -7.913  0.974 0.5714285970
58141  -34.396  -7.085  0.534 0.5714285970
57259  -32.214  -7.118  -0.416 0.7142857313
57246  -34.351  -7.033  0.625 0.7142857313
58128  -34.123  -6.446  1.885 0.5714285970
57260  -33.357  -7.055  -0.021 0.5714285970
58173  -32.003  -6.517  -0.919 0.5714285970
57261  -34.108  -6.392  -0.018 0.8571428657
109342  -34.395  -6.176  1.111 0.7142857313
59073  -34.592  -5.753  1.944 0.5714285970
58161  -33.068  -6.451  -0.899 0.7142857313
116435  -32.450  -6.132  -1.673 0.5714285970
59072  -34.706  -5.467  1.184 0.7142857313
111242  -34.744  -6.060  0.325 0.7142857313
115841  -35.211  -4.848  1.176 0.5714285970
58163  -34.680  -5.942  -0.123 0.7142857313
60060  -35.409  -5.163  1.788 0.5714285970
58162  -33.867  -5.871  -0.844 0.5714285970
59088  -34.441  -5.398  -0.810 0.7142857313
60074  -34.634  -5.081  0.449 0.7142857313
60075  -35.298  -4.286  0.712 0.7142857313
60082  -34.790  -4.792  -0.835 0.7142857313
60083  -34.704  -4.272  -0.148 0.7142857313
60937  -36.028  -3.576  0.882 0.7142857313
59105  -34.206  -5.350  -2.668 0.5714285970
61735  -36.703  -3.017  1.354 0.5714285970
60944  -35.247  -4.177  -1.145 0.8571428657
60088  -34.766  -4.915  -1.796 0.8571428657
61757  -36.244  -2.703  0.729 0.7142857313
61770  -35.988  -2.467  -0.171 0.7142857313
60953  -35.591  -3.526  -1.697 0.8571428657
60945  -35.526  -3.317  -0.616 0.7142857313
62602  -36.246  -1.700  -0.107 0.8571428657
62586  -36.312  -1.884  0.652 0.5714285970
61769  -35.723  -2.723  -1.216 0.8571428657
106649  -36.128  -1.051  -0.490 0.8571428657
115660  -36.213  -0.106  -0.410 0.8571428657
64110  -35.885  0.514  -0.956 0.8571428657
62601  -35.960  -1.909  -0.870 0.8571428657
63374  -35.717  -0.440  -1.303 0.8571428657
64133  -35.848  0.323  -2.906 1.0000000000
64125  -35.863  0.353  -1.902 1.0000000000
112147  -35.726  -1.333  -1.307 0.8571428657
116565  -35.663  -0.392  -2.347 1.0000000000
64850  -36.120  1.022  -2.441 1.0000000000
65579  -35.499  2.587  -4.013 0.7142857313
64836  -36.058  1.010  -1.560 1.0000000000
64862  -35.991  1.016  -3.537 1.0000000000
64863  -36.095  1.737  -2.902 1.0000000000
122199  -36.090  4.134  -1.986 1.0000000000
67017  -36.130  4.776  -3.418 0.8571428657
113807  -36.195  5.292  -1.231 0.8571428657
103338  -37.852  6.954  -0.163 0.8571428657
68463  -36.859  6.456  -0.830 0.8571428657
67764  -36.451  5.860  -0.850 1.0000000000
102130  -38.677  7.808  -0.528 0.8571428657
102428  -38.797  8.526  -0.986 0.7142857313
101717  -37.873  7.544  -0.668 0.5714285970
69891  -38.953  9.124  -1.493 0.7142857313
70520  -38.178  8.842  -1.889 0.5714285970
101719  -37.998  8.187  -1.316 0.5714285970
101723  -38.357  9.367  -2.192 0.4285714328
71167  -38.449  10.250  -2.549 0.4285714328
71165  -37.756  10.392  -2.315 0.2857142985
71854  -37.444  11.931  -1.615 0.2857142985
51668  -28.999  -13.783  3.193 0.2857142985
114485  -33.551  -7.793  0.518 0.5714285970
61758  -36.632  -2.125  1.285 0.5714285970
60936  -35.249  -3.646  0.138 0.7142857313
60946  -35.807  -3.120  0.213 0.7142857313
63358  -36.426  -1.165  0.406 0.8571428657
63375  -36.461  -0.533  0.147 0.8571428657
65572  -36.141  2.521  -2.294 0.8571428657
72670  -35.585  12.600  -0.405 0.1428571492
51679  -29.513  -13.279  2.589 0.2857142985
119829  -31.736  -12.857  2.901 0.4285714328
52575  -29.767  -12.388  1.334 0.2857142985
53494  -30.220  -11.617  0.818 0.4285714328
51680  -30.107  -12.998  2.798 0.4285714328
52566  -32.089  -12.142  2.743 0.4285714328
53498  -30.093  -11.431  0.054 0.5714285970
55356  -32.353  -9.837  2.327 0.4285714328
55393  -30.502  -9.597  -0.268 0.2857142985
55383  -31.342  -9.125  0.133 0.7142857313
56297  -33.074  -9.104  0.755 0.4285714328
56312  -31.592  -8.328  -0.476 0.5714285970
57226  -34.700  -7.723  3.021 0.4285714328
57258  -31.800  -8.209  -0.695 0.7142857313
57245  -31.879  -8.087  -0.577 0.7142857313
57225  -33.968  -7.297  1.778 0.5714285970
123806  -34.200  -7.532  2.412 0.4285714328
58151  -34.660  -6.352  0.400 0.7142857313
58174  -32.157  -6.477  -1.093 0.5714285970
60032  -36.194  -4.901  2.302 0.5714285970
59097  -32.835  -6.218  -2.003 0.5714285970
59056  -35.609  -5.572  2.396 0.5714285970
112168  -34.544  -5.046  -0.260 0.7142857313
59082  -34.746  -6.032  -0.097 0.7142857313
60061  -35.978  -4.387  1.527 0.5714285970
59099  -33.978  -5.507  -1.762 0.8571428657
124999  -35.155  -3.822  -0.415 0.7142857313
62615  -35.599  -2.090  -1.885 1.0000000000
63394  -35.539  -0.459  -3.335 1.0000000000
64865  -35.772  1.779  -4.129 0.8571428657
66289  -35.415  3.253  -4.360 0.7142857313
113739  -35.958  3.120  -2.688 1.0000000000
65559  -36.186  2.667  -1.375 1.0000000000
66275  -35.896  3.941  -2.755 0.7142857313
66262  -36.125  3.460  -1.873 1.0000000000
112679  -35.616  4.021  -3.869 0.7142857313
67003  -36.154  4.846  -2.194 0.8571428657
67754  -36.512  5.948  -0.056 1.0000000000
71160  -37.974  9.875  -2.546 0.7142857313
70524  -38.249  9.343  -2.492 0.7142857313
102356  -37.949  8.515  -1.576 0.4285714328
71166  -37.901  10.969  -2.446 0.2857142985
70525  -39.057  9.630  -1.927 0.4285714328
56324  -31.664  -8.423  -0.556 0.4285714328
50744  -28.042  -14.962  4.030 0.4285714328
51667  -28.098  -13.753  3.270 0.2857142985
50759  -27.579  -14.418  3.596 0.2857142985
50762  -30.104  -13.832  4.059 0.4285714328
51678  -28.633  -13.309  2.634 0.2857142985
104343  -30.524  -12.495  2.125 0.4285714328
53493  -30.063  -11.921  0.744 0.4285714328
55382  -30.585  -9.825  -0.093 0.2857142985
106926  -32.618  -7.612  0.028 0.5714285970
113219  -34.509  -7.023  2.532 0.5714285970
58160  -31.794  -7.641  -0.453 0.7142857313
59098  -33.367  -5.995  -1.727 0.5714285970
61777  -35.719  -2.966  -2.091 0.8571428657
116430  -36.585  11.139  -0.867 0.2857142985
71849  -36.873  12.899  -0.750 0.1428571492
52563  -29.231  -12.939  1.927 0.2857142985
56311  -31.115  -9.023  -0.380 0.2857142985
103623  -38.570  13.108  -3.138 0.2857142985
72688  -38.028  13.724  -3.598 0.1428571492
106924  -39.032  11.183  -2.467 0.2857142985
71862  -39.624  12.034  -2.517 0.2857142985
73488  -37.807  14.129  -3.148 0.1428571492
71860  -37.658  12.156  -2.390 0.1428571492
71861  -38.252  12.044  -2.585 0.2857142985
72679  -37.770  13.100  -2.914 0.1428571492
71863  -39.104  12.681  -3.221 0.2857142985
101731  -41.125  8.640  -3.544 0.2857142985
102276  -39.344  9.687  -3.814 0.2857142985
69892  -39.778  8.914  -1.769 0.2857142985
71168  -39.388  10.887  -2.605 0.2857142985
69177  -39.964  7.833  -0.177 0.1428571492
69901  -40.352  9.032  -2.929 0.2857142985
108979  -39.135  10.067  -3.274 0.2857142985
69171  -41.430  7.115  0.012 0.1428571492
69178  -40.800  7.362  -0.582 0.1428571492
69893  -41.002  8.402  -1.904 0.4285714328
68439  -39.500  6.363  1.325 0.2857142985
69881  -39.498  8.414  -0.904 0.2857142985
70533  -38.876  9.987  -2.513 0.2857142985
121879  -39.988  5.880  1.628 0.1428571492
68446  -40.123  7.436  1.145 0.2857142985
117022  -39.301  7.214  0.128 0.5714285970
69176  -39.439  7.832  -0.362 0.7142857313
124840  -38.953  5.104  1.920 0.1428571492
67735  -39.313  5.541  1.686 0.1428571492
68445  -39.054  6.661  0.577 0.4285714328
66969  -38.796  4.533  1.930 0.2857142985
66968  -38.084  4.582  1.366 0.7142857313
102378  -38.512  7.041  -0.044 0.7142857313
66995  -36.267  5.271  -0.384 0.8571428657
67733  -37.647  5.463  1.129 0.8571428657
101716  -37.925  6.789  0.922 0.5714285970
115819  -38.650  3.002  2.024 0.2857142985
66234  -38.311  3.676  1.599 0.2857142985
67744  -37.478  5.995  0.615 0.7142857313
68462  -36.572  6.567  -1.601 0.5714285970
66979  -37.387  4.593  0.780 0.7142857313
65527  -38.214  2.245  1.961 0.1428571492
64148  -34.110  0.070  -5.175 0.5714285970
103214  -35.695  1.029  -4.677 0.8571428657
107188  -35.365  0.940  -5.201 0.4285714328
64870  -35.782  1.701  -5.024 0.5714285970
65546  -36.367  2.719  -0.620 0.8571428657
66984  -36.261  4.205  -0.536 0.8571428657
65526  -37.640  2.296  1.574 0.2857142985
66246  -37.187  3.546  0.544 0.8571428657
66985  -36.776  4.433  0.080 0.8571428657
115820  -38.684  1.703  2.088 0.4285714328
65540  -37.258  2.520  0.821 0.7142857313
63412  -33.053  -0.153  -5.415 0.2857142985
107060  -35.239  0.033  -5.346 0.5714285970
64141  -34.977  0.251  -5.533 0.5714285970
107041  -36.207  2.108  -0.936 0.8571428657
66253  -36.167  3.471  -0.938 0.8571428657
64808  -37.328  1.668  1.078 0.4285714328
64824  -36.877  1.884  0.355 0.8571428657
65547  -36.834  2.682  0.049 0.8571428657
115856  -37.869  1.361  1.879 0.4285714328
60105  -33.975  -4.867  -4.056 0.7142857313
61792  -32.577  -2.850  -4.494 0.4285714328
61780  -35.277  -3.402  -3.803 0.8571428657
61786  -34.604  -3.028  -4.421 0.5714285970
107037  -33.828  -1.670  -4.502 0.5714285970
119409  -32.761  -0.925  -5.223 0.4285714328
62624  -35.250  -2.501  -4.122 0.8571428657
62629  -34.856  -1.504  -4.777 0.5714285970
63406  -35.236  -0.496  -4.910 0.5714285970
62618  -35.510  -1.818  -2.930 0.8571428657
111172  -35.336  -1.354  -3.746 0.7142857313
63407  -35.100  -0.867  -5.196 0.5714285970
63376  -36.617  0.154  0.354 0.7142857313
64823  -36.555  1.396  -0.065 0.7142857313
63338  -38.036  -0.243  1.972 0.2857142985
64083  -37.716  0.421  1.640 0.4285714328
114741  -37.396  0.957  1.241 0.5714285970
59103  -32.780  -5.880  -2.470 0.4285714328
60095  -33.414  -5.353  -3.277 0.4285714328
60962  -32.583  -3.679  -4.334 0.4285714328
60952  -35.328  -4.234  -2.298 0.7142857313
60956  -35.057  -4.070  -3.383 0.7142857313
60957  -35.490  -3.512  -2.711 0.7142857313
63359  -36.915  -0.550  0.797 0.7142857313
63337  -37.481  -0.344  1.453 0.2857142985
59102  -31.760  -5.425  -2.526 0.5714285970
60096  -34.063  -5.314  -3.563 0.5714285970
109725  -37.239  -0.977  1.355 0.4285714328
62547  -37.779  -1.036  1.921 0.4285714328
58159  -31.106  -7.121  -0.677 0.5714285970
58130  -36.048  -5.976  2.832 0.4285714328
60919  -37.340  -3.422  1.964 0.4285714328
60918  -36.585  -3.720  1.570 0.4285714328
61707  -37.974  -2.738  2.281 0.4285714328
61736  -37.343  -2.498  1.685 0.4285714328
53468  -32.761  -11.728  3.063 0.1428571492
60889  -36.782  -4.202  2.115 0.4285714328
107869  -37.464  -4.077  2.495 0.4285714328
53482  -32.440  -10.963  2.732 0.1428571492
54416  -33.133  -10.116  2.580 0.1428571492
56273  -34.493  -8.524  3.148 0.2857142985
58099  -36.935  -6.610  3.682 0.2857142985
109059  -38.325  -5.905  3.631 0.2857142985
59025  -37.444  -5.930  3.508 0.2857142985
57204  -35.339  -7.042  3.169 0.4285714328
60002  -37.856  -5.199  3.318 0.2857142985
59058  -37.081  -5.454  3.157 0.2857142985
58098  -36.083  -6.507  3.208 0.2857142985
60033  -37.112  -4.824  2.734 0.4285714328
53483  -33.141  -10.958  3.009 0.1428571492
118325  -34.269  -10.019  3.302 0.2857142985
55343  -34.402  -9.330  3.239 0.2857142985
56275  -36.577  -8.500  4.374 0.2857142985
106584  -36.891  -7.737  4.292 0.2857142985
57205  -36.225  -7.236  3.710 0.2857142985
125107  -36.870  -7.159  3.941 0.2857142985
54401  -33.701  -10.436  3.203 0.1428571492
55332  -35.636  -9.864  4.002 0.2857142985
54402  -34.481  -10.729  3.669 0.2857142985
55344  -35.170  -9.211  3.536 0.2857142985
54403  -34.979  -10.019  3.486 0.2857142985
55345  -35.889  -8.952  4.190 0.2857142985
51652  -30.901  -13.363  4.363 0.2857142985
52552  -32.349  -12.569  3.086 0.1428571492
52553  -32.860  -12.066  3.730 0.1428571492
49878  -28.750  -15.649  5.333 0.2857142985
49897  -27.479  -15.264  4.502 0.2857142985
51653  -31.781  -13.432  4.276 0.2857142985
114871  -29.936  -15.613  5.342 0.1428571492
49877  -27.861  -15.561  5.215 0.2857142985
49004  -27.389  -16.049  5.684 0.1428571492
57206  -37.492  -7.148  4.100 0.2857142985
114904  -35.942  -8.023  4.154 0.2857142985
58100  -37.882  -6.535  3.855 0.2857142985
58129  -35.172  -6.318  2.597 0.4285714328
59057  -36.474  -5.463  2.774 0.4285714328
119960  -38.470  -4.674  3.383 0.2857142985
61785  -33.572  -3.277  -4.122 0.7142857313
62630  -34.977  -1.633  -4.788 0.5714285970
62587  -36.704  -1.363  1.080 0.4285714328
63321  -38.381  -0.761  2.302 0.2857142985
67763  -36.365  5.851  -1.880 0.7142857313
64099  -36.842  1.030  0.571 0.7142857313
66994  -36.088  4.378  -1.232 0.8571428657
68464  -37.217  7.150  -0.899 0.5714285970
68453  -37.458  6.425  -0.136 0.7142857313
64084  -38.325  0.452  2.100 0.2857142985
69165  -39.814  7.231  1.049 0.4285714328
120352  -37.609  13.454  -2.489 0.1428571492
69882  -40.336  7.957  -1.129 0.2857142985
71174  -39.652  10.563  -4.105 0.2857142985
50747  -31.395  -14.244  4.733 0.1428571492
51672  -32.096  -13.063  3.445 0.1428571492
51671  -31.564  -12.963  3.507 0.2857142985
120541  -34.486  -11.569  4.243 0.1428571492
125056  -34.921  -11.055  4.099 0.1428571492
55358  -33.815  -8.825  2.665 0.2857142985
56274  -35.284  -8.350  3.605 0.2857142985
56276  -37.953  -7.913  4.333 0.2857142985
108877  -35.483  -7.657  3.575 0.2857142985
60961  -31.653  -4.082  -4.272 0.2857142985
59026  -38.796  -5.244  3.549 0.2857142985
60003  -39.119  -4.487  3.546 0.2857142985
60963  -33.508  -3.982  -4.055 0.7142857313
110316  -34.492  -4.548  -3.936 0.5714285970
62627  -32.178  -2.067  -4.565 0.4285714328
61793  -33.693  -2.632  -4.186 0.5714285970
60867  -37.932  -4.388  3.039 0.4285714328
64147  -32.297  0.640  -5.469 0.2857142985
63405  -33.804  -0.926  -4.990 0.5714285970
60890  -38.096  -3.516  2.817 0.2857142985
62623  -34.858  -2.464  -4.572 0.7142857313
110682  -33.356  0.776  -5.468 0.2857142985
120312  -38.504  -2.827  2.787 0.1428571492
61708  -38.506  -2.188  2.546 0.4285714328
61737  -37.921  -1.937  2.008 0.4285714328
64851  -36.231  1.758  -1.771 0.8571428657
62548  -38.454  -1.422  2.404 0.1428571492
64100  -37.230  0.282  0.954 0.5714285970
111078  -36.719  5.479  0.547 0.8571428657
64791  -39.467  1.625  2.257 0.2857142985
65508  -39.048  2.308  2.182 0.1428571492
115855  -38.048  2.870  1.688 0.4285714328
115293  -39.342  3.063  2.506 0.1428571492
67734  -38.497  5.358  1.520 0.5714285970
66217  -38.961  3.761  2.307 0.1428571492
68438  -38.700  6.157  1.244 0.5714285970
67728  -39.403  4.842  2.102 0.1428571492
68440  -40.264  6.653  1.422 0.1428571492
68447  -41.075  6.928  0.961 0.1428571492
69902  -41.534  8.398  -2.729 0.2857142985
69200  -41.654  7.778  -2.103 0.1428571492
69188  -41.284  7.545  -1.382 0.1428571492
49880  -31.577  -15.411  5.653 0.1428571492
53451  -33.598  -12.037  4.225 0.1428571492
111935  -38.695  -0.214  2.307 0.2857142985
69179  -41.713  7.193  -0.928 0.1428571492
50743  -27.053  -15.000  3.891 0.2857142985
49899  -29.404  -15.437  4.755 0.2857142985
50746  -30.201  -15.252  4.924 0.1428571492
50725  -31.039  -15.042  5.098 0.1428571492
53481  -31.388  -11.355  2.497 0.1428571492
55371  -33.307  -9.280  1.195 0.4285714328
55357  -33.307  -9.257  2.223 0.2857142985
56286  -33.583  -8.652  1.557 0.2857142985
59104  -33.522  -5.749  -2.672 0.4285714328
60097  -34.619  -4.705  -2.965 0.7142857313
61781  -35.529  -2.748  -2.953 0.7142857313
64111  -36.414  0.741  -0.231 0.7142857313
115179  -35.487  0.249  -3.992 0.8571428657
124480  -35.560  -1.029  -2.836 0.8571428657
64837  -36.189  1.374  -0.811 0.8571428657
105723  -31.709  -7.989  -0.603 0.5714285970
63399  -35.346  -0.689  -4.552 0.5714285970
70534  -39.311  9.670  -2.632 0.2857142985
69170  -40.418  7.520  0.519 0.1428571492
69169  -39.865  7.597  0.615 0.4285714328
67745  -37.930  6.217  1.287 0.5714285970
66233  -37.622  3.922  1.190 0.5714285970
115428  -37.566  3.150  1.336 0.5714285970
66254  -36.562  3.489  -0.266 0.8571428657
64869  -35.028  1.730  -5.157 0.4285714328
64149  -34.470  1.010  -5.466 0.4285714328
64838  -36.529  2.016  -0.355 0.8571428657
60104  -32.806  -4.467  -3.743 0.5714285970
121709  -34.916  -3.902  -4.180 0.7142857313
61787  -35.003  -3.303  -4.498 0.7142857313
62628  -33.259  -2.159  -4.480 0.4285714328
62622  -34.394  -2.276  -4.396 0.5714285970
63404  -32.962  -1.621  -5.042 0.4285714328
63403  -31.977  -1.243  -4.670 0.2857142985
60094  -32.413  -5.220  -3.209 0.5714285970
62569  -37.272  -1.650  1.540 0.4285714328
59024  -36.659  -5.955  3.242 0.2857142985
53469  -33.572  -11.346  3.566 0.1428571492
105312  -36.296  -9.705  4.398 0.2857142985
49879  -29.467  -15.690  5.512 0.1428571492
49005  -28.186  -15.895  5.754 0.1428571492
49856  -30.664  -15.589  5.673 0.1428571492
50726  -31.874  -14.806  5.232 0.1428571492
72674  -37.455  12.746  -2.046 0.1428571492
68474  -36.399  6.787  -2.631 0.5714285970
67786  -36.202  5.592  -4.115 0.4285714328
113295  -36.014  6.374  -4.930 0.4285714328
68487  -36.232  6.574  -3.773 0.5714285970
119350  -36.055  5.571  -4.905 0.4285714328
67772  -36.258  5.723  -2.979 0.5714285970
67027  -35.097  4.085  -5.317 0.4285714328
67029  -36.017  4.796  -4.631 0.4285714328
67042  -35.175  5.081  -5.441 0.4285714328
65585  -35.505  2.386  -4.889 0.5714285970
123732  -39.981  -6.533  3.524 0.1428571492
114053  -39.328  -6.034  3.596 0.1428571492
59027  -39.672  -5.155  3.441 0.1428571492
57227  -41.267  -7.539  1.925 0.1428571492
58132  -41.574  -6.363  1.705 0.1428571492
58131  -40.556  -6.711  2.754 0.1428571492
58142  -42.331  -5.944  0.520 0.1428571492
118077  -29.822  -11.139  -0.134 0.2857142985
57207  -38.519  -7.243  4.001 0.1428571492
57208  -39.414  -7.711  3.627 0.1428571492
58102  -39.980  -7.158  3.437 0.1428571492
56299  -41.973  -7.879  0.470 0.1428571492
57262  -43.322  -7.419  -0.478 0.1428571492
57247  -42.984  -6.916  -0.648 0.1428571492
53497  -28.857  -10.732  0.554 0.2857142985
55334  -37.756  -9.287  4.772 0.1428571492
56259  -38.325  -8.702  4.501 0.1428571492
56279  -40.347  -8.663  2.904 0.1428571492
56278  -39.609  -8.749  3.552 0.1428571492
56288  -41.058  -8.408  1.402 0.1428571492
56315  -42.248  -8.161  -0.596 0.1428571492
56325  -42.962  -8.391  -1.072 0.1428571492
112204  -29.473  -11.584  0.784 0.2857142985
54429  -28.122  -11.383  1.224 0.2857142985
54391  -38.078  -9.937  5.310 0.1428571492
55335  -38.682  -9.481  4.768 0.1428571492
56260  -39.016  -8.848  4.379 0.1428571492
55373  -41.022  -8.435  0.087 0.1428571492
55387  -40.935  -7.879  -1.583 0.1428571492
55388  -43.472  -9.293  0.453 0.1428571492
56316  -43.415  -8.373  -0.313 0.1428571492
54390  -36.039  -10.454  4.653 0.1428571492
55318  -36.988  -9.894  5.017 0.1428571492
54375  -37.507  -10.550  5.665 0.1428571492
54393  -39.212  -10.004  4.710 0.1428571492
54392  -38.820  -10.144  5.169 0.1428571492
54417  -40.454  -10.008  2.616 0.1428571492
54431  -40.403  -9.773  1.808 0.1428571492
55346  -39.775  -9.657  3.574 0.1428571492
55372  -40.614  -9.052  1.082 0.1428571492
55386  -40.784  -8.224  -1.413 0.1428571492
102863  -43.417  -9.212  -0.750 0.1428571492
54374  -36.671  -10.617  5.392 0.1428571492
54389  -35.262  -10.585  4.050 0.1428571492
53455  -40.001  -11.680  4.555 0.1428571492
53454  -39.429  -10.811  5.007 0.1428571492
54404  -39.602  -10.223  4.062 0.1428571492
109102  -39.878  -10.477  1.297 0.1428571492
107039  -40.524  -10.503  2.173 0.1428571492
112010  -40.016  -9.691  0.821 0.1428571492
55394  -40.709  -8.943  -1.278 0.1428571492
55396  -41.584  -8.358  -1.779 0.1428571492
52541  -40.354  -12.472  4.223 0.1428571492
53441  -38.992  -11.447  5.809 0.1428571492
103395  -40.529  -11.920  2.630 0.1428571492
53456  -40.386  -11.795  3.600 0.1428571492
53484  -40.595  -11.174  1.982 0.1428571492
55395  -40.655  -8.229  -2.106 0.1428571492
121819  -40.453  -9.690  -0.114 0.1428571492
53470  -40.077  -10.968  3.928 0.1428571492
54405  -40.238  -10.235  3.336 0.1428571492
55347  -40.330  -9.403  3.066 0.1428571492
56258  -37.432  -8.549  4.508 0.1428571492
56301  -43.389  -8.488  0.922 0.1428571492
56300  -42.331  -7.583  -0.311 0.1428571492
116826  -38.697  -6.540  3.712 0.1428571492
108019  -40.268  -5.864  3.275 0.1428571492
52574  -28.788  -12.261  1.495 0.2857142985
55397  -42.668  -9.279  -1.771 0.1428571492
55374  -43.419  -9.418  1.599 0.1428571492
66298  -35.292  3.370  -5.029 0.4285714328
115225  -43.577  -7.683  -0.006 0.1428571492
112009  -43.023  -6.144  -0.660 0.1428571492
57248  -43.743  -6.819  -0.087 0.1428571492
117114  -36.760  7.098  -1.397 0.4285714328
101728  -41.921  8.183  -3.693 0.1428571492
55333  -36.818  -9.173  4.528 0.1428571492
60868  -38.646  -3.979  3.390 0.1428571492
58101  -39.341  -6.901  3.649 0.1428571492
57235  -42.141  -6.940  0.987 0.1428571492
114438  -41.139  -5.633  2.393 0.1428571492
57236  -42.590  -6.654  -0.279 0.1428571492
56277  -38.858  -8.139  4.192 0.1428571492
57209  -40.311  -7.847  3.010 0.1428571492
56314  -41.369  -8.279  -0.826 0.1428571492
110813  -40.589  -8.271  2.278 0.1428571492
55336  -39.319  -9.481  4.223 0.1428571492
55359  -40.422  -9.035  2.183 0.1428571492
55385  -40.695  -9.031  -0.097 0.1428571492
53440  -37.951  -11.390  5.956 0.1428571492
54376  -38.505  -10.669  5.598 0.1428571492
53471  -40.489  -10.965  2.871 0.1428571492
54440  -39.979  -10.361  0.440 0.1428571492
55398  -40.501  -8.976  -2.133 0.1428571492
49875  -25.950  -15.790  4.972 0.1428571492
49876  -26.890  -15.557  5.184 0.1428571492
49895  -25.432  -15.486  4.187 0.1428571492
49896  -26.470  -15.337  4.408 0.1428571492
50742  -26.216  -15.060  3.884 0.1428571492
50758  -26.562  -14.465  3.485 0.1428571492
110461  -27.184  -13.836  3.138 0.1428571492
51666  -26.792  -13.248  2.741 0.1428571492
52561  -27.223  -12.712  2.259 0.1428571492
51677  -27.680  -13.252  2.722 0.1428571492
52562  -28.211  -12.767  2.144 0.1428571492
52551  -25.992  -13.140  3.033 0.1428571492
52560  -26.315  -12.597  2.453 0.1428571492
53479  -26.780  -12.070  1.983 0.1428571492
52573  -27.716  -12.130  1.799 0.1428571492
54427  -26.195  -10.662  1.490 0.1428571492
54428  -27.055  -10.940  1.333 0.1428571492
54437  -27.675  -10.483  0.775 0.1428571492
55380  -28.233  -9.881  0.213 0.2857142985
55381  -29.366  -10.207  -0.041 0.1428571492
55392  -29.876  -9.702  -0.340 0.1428571492
55390  -27.637  -9.121  -0.217 0.2857142985
112691  -30.831  -8.801  -0.428 0.2857142985
59095  -30.596  -5.988  -2.034 0.4285714328
110512  -35.530  2.203  -5.101 0.2857142985
66313  -34.067  3.399  -5.544 0.2857142985
65584  -35.302  2.759  -5.109 0.2857142985
69245  -35.059  7.730  -5.627 0.2857142985
68516  -36.003  7.016  -5.787 0.2857142985
68503  -36.061  7.450  -4.607 0.4285714328
55391  -28.773  -8.987  -0.084 0.2857142985
113831  -30.178  -8.880  -0.372 0.1428571492
53491  -26.454  -11.370  1.747 0.1428571492
54436  -26.667  -10.221  0.957 0.1428571492
55379  -27.220  -9.629  0.447 0.1428571492
56321  -27.919  -8.533  -0.826 0.2857142985
112672  -29.496  -8.570  -0.327 0.2857142985
56322  -28.949  -8.303  -0.687 0.2857142985
57257  -30.603  -7.393  -0.763 0.4285714328
57269  -30.212  -7.426  -1.733 0.4285714328
59094  -29.728  -5.811  -2.418 0.2857142985
64879  -34.074  1.945  -5.483 0.2857142985
65593  -33.562  2.733  -5.633 0.2857142985
65594  -34.669  2.591  -5.283 0.2857142985
67039  -32.645  4.017  -5.137 0.2857142985
67040  -33.779  4.020  -5.555 0.2857142985
67028  -35.457  4.604  -5.130 0.2857142985
68513  -34.408  6.365  -5.379 0.2857142985
69243  -32.370  7.325  -4.493 0.2857142985
68515  -35.973  6.650  -6.149 0.2857142985
56323  -29.862  -8.008  -0.519 0.2857142985
66312  -32.864  3.381  -5.589 0.2857142985
65592  -32.497  2.791  -5.679 0.2857142985
67809  -32.507  4.840  -4.870 0.2857142985
113226  -32.395  5.641  -4.698 0.2857142985
112105  -33.566  4.667  -5.248 0.2857142985
105799  -34.479  4.840  -5.484 0.2857142985
68512  -32.916  6.348  -4.603 0.2857142985
67799  -35.816  5.454  -5.455 0.2857142985
112807  -31.911  4.430  -5.433 0.2857142985
117244  -31.594  5.464  -5.646 0.2857142985
58172  -30.859  -6.554  -1.316 0.4285714328
115718  -30.709  -7.781  -0.542 0.4285714328
67813  -36.053  6.147  -5.962 0.2857142985
67811  -34.924  5.860  -5.723 0.2857142985
119941  -26.471  -13.712  3.179 0.1428571492
53478  -25.866  -11.872  2.137 0.1428571492
112566  -27.098  -8.558  -0.709 0.2857142985
58171  -29.941  -6.955  -2.266 0.4285714328
68514  -35.574  6.650  -6.046 0.2857142985
57268  -29.549  -7.827  -2.099 0.4285714328
67820  -31.056  6.585  -5.756 0.2857142985
60093  -30.976  -5.036  -2.850 0.2857142985
116808  -31.064  -5.461  -2.194 0.2857142985
60103  -31.864  -4.764  -3.817 0.2857142985
71875  -40.802  11.750  -6.560 0.1428571492
71877  -40.100  11.219  -7.376 0.1428571492
102260  -40.281  11.031  -5.878 0.1428571492
102180  -40.222  9.939  -4.851 0.1428571492
117115  -40.397  9.103  -4.177 0.1428571492
106742  -41.059  11.798  -6.359 0.1428571492
112643  -39.789  13.204  -4.266 0.1428571492
115972  -31.614  -5.021  -3.272 0.2857142985
60960  -30.739  -3.823  -4.009 0.2857142985
117069  -40.666  9.115  -5.338 0.1428571492
107915  -39.791  10.894  -7.734 0.1428571492
117092  -40.284  10.005  -6.198 0.1428571492
71869  -40.540  11.619  -4.997 0.1428571492
72681  -40.982  12.640  -4.563 0.1428571492
72680  -40.164  12.725  -3.308 0.1428571492
116223  -38.521  13.822  -3.987 0.1428571492
59096  -31.646  -5.911  -1.667 0.2857142985
72689  -41.003  11.894  -5.358 0.1428571492
71185  -39.880  10.776  -7.349 0.1428571492
101735  -40.631  12.927  -4.713 0.1428571492
67052  -30.491  4.223  -6.570 0.1428571492
67038  -31.680  3.674  -5.788 0.1428571492
67037  -31.316  4.433  -6.286 0.1428571492
68511  -31.888  6.364  -4.707 0.1428571492
70567  -30.178  9.817  -6.032 0.1428571492
69928  -31.590  8.221  -4.714 0.1428571492
64878  -33.075  2.156  -5.706 0.1428571492
69242  -31.354  7.289  -5.055 0.1428571492
113975  -32.455  8.803  -4.487 0.1428571492
69930  -33.173  8.519  -4.459 0.1428571492
69918  -33.914  8.988  -4.580 0.2857142985
62634  -31.330  -1.918  -5.276 0.1428571492
117960  -31.601  1.317  -5.693 0.1428571492
64877  -32.474  1.535  -5.561 0.1428571492
65591  -31.521  2.654  -5.872 0.1428571492
64790  -38.908  1.041  2.156 0.1428571492
67808  -30.694  5.160  -6.432 0.1428571492
108318  -33.700  7.280  -4.631 0.1428571492
69231  -35.387  8.475  -5.360 0.1428571492
69230  -34.942  8.801  -5.322 0.1428571492
69919  -35.122  9.154  -5.145 0.2857142985
69199  -36.463  8.545  -3.251 0.2857142985
101722  -36.592  8.660  -0.915 0.2857142985
114510  -36.334  7.651  -3.520 0.2857142985
69921  -36.103  8.984  -4.496 0.2857142985
102278  -36.787  7.853  -1.693 0.2857142985
102384  -36.597  8.793  -2.335 0.2857142985
101718  -37.374  7.811  -1.130 0.2857142985
101726  -36.762  9.371  -0.882 0.2857142985
71850  -37.304  12.678  -0.801 0.1428571492
102474  -36.260  9.171  -1.362 0.1428571492
70552  -34.522  9.012  -4.519 0.2857142985
71155  -36.922  10.167  -1.097 0.1428571492
71874  -32.181  10.427  -4.556 0.2857142985
116865  -37.531  9.462  0.113 0.1428571492
71151  -37.104  10.578  0.153 0.1428571492
117020  -37.525  9.982  -0.122 0.1428571492
71172  -30.727  10.257  -4.256 0.1428571492
63322  -39.179  -0.895  2.455 0.1428571492
66310  -30.533  2.393  -6.775 0.1428571492
66322  -30.955  2.993  -7.137 0.1428571492
115446  -29.576  5.591  -7.068 0.1428571492
68526  -29.444  6.677  -7.670 0.1428571492
119439  -30.700  5.980  -6.148 0.1428571492
69932  -29.602  8.551  -6.097 0.1428571492
70561  -31.216  9.991  -4.835 0.1428571492
69244  -34.113  8.236  -4.710 0.1428571492
70551  -33.299  10.147  -4.486 0.2857142985
69910  -36.374  9.079  -3.756 0.1428571492
69900  -36.473  9.030  -2.895 0.2857142985
70532  -36.306  9.191  -2.785 0.1428571492
102290  -37.380  8.758  0.060 0.2857142985
64069  -39.148  0.340  2.344 0.1428571492
115906  -36.613  7.441  -2.074 0.2857142985
105426  -31.940  -0.312  -5.243 0.1428571492
124360  -33.535  1.489  -5.551 0.1428571492
69246  -35.720  7.376  -5.734 0.1428571492
69232  -35.775  8.230  -5.114 0.1428571492
66323  -31.073  3.556  -6.614 0.1428571492
111808  -29.752  5.709  -6.355 0.1428571492
68523  -29.753  6.549  -5.754 0.1428571492
67819  -29.717  4.705  -6.890 0.1428571492
67051  -29.794  3.798  -6.804 0.1428571492
69253  -30.020  7.173  -4.992 0.1428571492
69934  -30.858  7.989  -5.325 0.1428571492
109187  -31.940  8.733  -4.588 0.1428571492
69929  -32.392  8.217  -4.484 0.1428571492
107714  -32.108  2.276  -5.586 0.1428571492
70563  -32.931  9.306  -4.489 0.1428571492
108140  -31.422  1.969  -5.955 0.1428571492
70553  -35.457  9.206  -4.583 0.2857142985
113512  -36.494  7.809  -2.748 0.2857142985
69214  -36.309  8.504  -4.201 0.2857142985
71846  -35.669  11.508  -0.030 0.1428571492
69187  -36.603  8.402  -2.432 0.2857142985
70554  -36.003  9.248  -4.188 0.1428571492
57254  -25.941  -7.426  -0.587 0.1428571492
119527  -27.377  -8.248  -1.295 0.1428571492
57255  -28.199  -8.047  -1.515 0.1428571492
58158  -25.271  -6.662  -0.933 0.1428571492
58168  -26.150  -6.624  -1.484 0.1428571492
59091  -26.380  -5.742  -1.654 0.1428571492
110639  -26.955  -7.227  -1.834 0.1428571492
59092  -27.245  -5.779  -2.023 0.1428571492
58169  -27.591  -6.757  -2.029 0.1428571492
120816  -28.779  -8.006  -2.093 0.1428571492
60090  -27.666  -5.152  -2.411 0.1428571492
59093  -28.183  -6.007  -2.185 0.1428571492
59100  -28.728  -5.257  -2.524 0.1428571492
116788  -29.073  -6.164  -2.168 0.1428571492
60087  -26.858  -4.786  -1.935 0.1428571492
104427  -27.930  -4.535  -2.987 0.1428571492
116809  -29.576  -5.060  -2.701 0.1428571492
60092  -30.119  -4.676  -3.084 0.1428571492
60966  -30.918  -3.401  -4.423 0.1428571492
60967  -31.728  -3.303  -4.618 0.1428571492
57267  -27.897  -7.566  -1.849 0.1428571492
115538  -29.825  -7.791  -1.584 0.1428571492
56309  -26.347  -8.111  -0.228 0.1428571492
59101  -30.326  -5.321  -2.528 0.1428571492
56320  -26.645  -8.060  -1.166 0.1428571492
57256  -29.277  -8.117  -1.811 0.1428571492
57265  -26.337  -7.351  -1.356 0.1428571492
57266  -27.191  -7.841  -1.626 0.1428571492
58167  -25.318  -6.021  -1.384 0.1428571492
117884  -26.839  -6.487  -1.845 0.1428571492
58170  -28.732  -7.064  -2.094 0.1428571492
116652  -27.087  -4.538  -2.912 0.1428571492
60086  -26.394  -4.072  -1.878 0.1428571492
57244  -25.574  -7.727  0.091 0.1428571492
50760  -28.531  -14.437  3.629 0.4285714328
52565  -31.160  -12.295  2.554 0.4285714328
53452  -35.375  -11.298  4.643 0.1428571492
53492  -27.219  -11.570  1.636 0.1428571492
60102  -30.978  -4.400  -3.532 0.2857142985
60955  -34.469  -3.877  -4.206 0.7142857313
63391  -35.546  -1.173  -2.043 0.8571428657
64146  -31.400  0.694  -5.661 0.1428571492
64876  -30.865  1.636  -6.352 0.1428571492
65580  -35.827  2.468  -3.224 0.7142857313
66297  -34.886  3.391  -5.356 0.2857142985
66299  -35.417  4.017  -4.692 0.7142857313
66311  -31.233  3.109  -6.642 0.1428571492
67041  -34.596  4.131  -5.522 0.2857142985
67810  -33.302  5.457  -4.791 0.2857142985
67812  -35.754  6.047  -6.040 0.2857142985
68522  -29.614  6.478  -6.294 0.1428571492
69252  -29.660  7.350  -5.710 0.1428571492
69920  -35.654  9.031  -4.895 0.2857142985
69933  -29.794  8.111  -5.235 0.1428571492
70562  -31.976  9.445  -4.593 0.1428571492
71173  -30.862  9.898  -3.918 0.1428571492
71184  -31.710  10.242  -4.691 0.2857142985
103695  -31.821  3.160  -5.691 0.2857142985
105495  -33.726  -9.606  2.939 0.2857142985
107479  -32.427  10.025  -4.512 0.2857142985
110496  -35.630  3.221  -3.447 0.7142857313
112210  -33.112  7.905  -4.480 0.1428571492
114042  -30.115  3.160  -6.630 0.1428571492
115666  -30.681  3.523  -6.673 0.1428571492
121986  -34.244  5.391  -5.425 0.2857142985
124352  -35.262  4.010  -5.091 0.4285714328
125109  -31.301  -12.897  3.059 0.2857142985
