#!ascii label  , from subject sub-v1s15x0050216_ses-1 vox2ras=TkReg
2138
66542  50.048  5.985  40.348 0.0000000000
48032  48.326  -14.370  62.549 0.0000000000
135500  33.681  -20.581  63.996 0.0000000000
43091  25.906  -19.066  70.114 0.0000000000
43097  42.913  -19.207  68.816 0.0000000000
45023  41.755  -17.963  57.362 0.0000000000
135295  45.325  1.393  43.720 0.0000000000
72745  56.585  12.883  39.491 0.0000000000
62106  50.822  1.183  55.041 0.0000000000
54643  43.694  -7.251  56.579 0.0000000000
48138  37.751  -14.217  53.090 0.0000000000
40523  33.925  -21.674  69.814 0.0000000000
42218  29.711  -20.276  67.026 0.0000000000
42139  30.094  -20.269  74.339 0.0000000000
42235  38.215  -19.825  67.074 0.0000000000
65619  55.745  4.973  51.829 0.0000000000
51820  45.797  -9.640  65.825 0.0000000000
53707  51.336  -8.563  64.301 0.0000000000
56391  48.322  -5.649  62.830 0.0000000000
51932  47.374  -10.700  58.627 0.0000000000
120049  41.896  -11.332  53.758 0.0000000000
49040  42.422  -13.892  58.744 0.0000000000
45050  37.606  -17.911  55.639 0.0000000000
42383  42.149  -20.608  52.258 0.0000000000
69161  52.989  8.791  39.561 0.0000000000
67399  55.548  6.191  36.877 0.0000000000
44070  33.185  -18.202  58.361 0.0000000000
43239  27.978  -20.050  59.923 0.0000000000
115263  46.641  -16.948  65.445 0.0000000000
44981  45.155  -18.601  59.640 0.0000000000
113119  42.465  -18.439  63.521 0.0000000000
44986  37.578  -17.472  60.897 0.0000000000
64075  48.459  2.215  41.765 0.0000000000
130699  26.122  -18.203  78.665 0.0000000000
42129  21.740  -19.933  74.352 0.0000000000
68239  56.547  7.741  45.015 0.0000000000
66497  52.437  5.206  45.120 0.0000000000
64021  51.596  2.774  46.742 0.0000000000
63990  48.286  2.388  49.850 0.0000000000
60248  45.443  -1.195  51.753 0.0000000000
60166  51.959  -1.192  59.156 0.0000000000
59262  46.395  -2.802  56.826 0.0000000000
57394  40.787  -4.467  52.429 0.0000000000
53010  40.734  -9.340  50.328 0.0000000000
46138  42.842  -17.619  53.916 0.0000000000
112088  34.357  -21.743  73.923 0.0000000000
40503  32.657  -21.380  71.518 0.0000000000
41249  32.518  -21.210  75.311 0.0000000000
40509  36.168  -21.542  71.097 0.0000000000
48927  48.751  -12.889  64.876 0.0000000000
49928  50.462  -11.811  62.583 0.0000000000
52875  49.228  -10.135  62.064 0.0000000000
117446  47.845  -12.391  60.939 0.0000000000
50936  44.847  -11.837  58.270 0.0000000000
48999  45.467  -14.038  61.085 0.0000000000
43261  36.937  -19.987  55.934 0.0000000000
42351  38.977  -20.670  54.979 0.0000000000
135551  51.532  7.374  40.273 0.0000000000
67389  52.202  6.937  38.030 0.0000000000
66560  50.443  5.605  38.239 0.0000000000
43212  33.283  -19.218  61.337 0.0000000000
43236  30.485  -19.334  59.028 0.0000000000
42295  30.796  -20.233  61.598 0.0000000000
43113  28.435  -19.205  68.918 0.0000000000
43156  26.836  -19.506  65.199 0.0000000000
43124  25.794  -19.305  67.191 0.0000000000
43115  23.881  -19.731  68.448 0.0000000000
47951  43.449  -14.189  66.683 0.0000000000
44900  44.475  -18.458  67.315 0.0000000000
127668  44.799  -19.457  64.759 0.0000000000
42249  43.016  -19.557  66.207 0.0000000000
120793  35.534  -20.141  65.504 0.0000000000
43184  38.085  -18.915  64.167 0.0000000000
43198  35.767  -18.816  62.777 0.0000000000
44057  35.117  -17.768  59.789 0.0000000000
63175  47.575  1.653  43.277 0.0000000000
119651  46.486  0.122  40.504 0.0000000000
61311  45.311  -0.735  41.156 0.0000000000
120967  20.146  -20.252  75.712 0.0000000000
64855  52.416  3.202  46.041 0.0000000000
65647  53.112  4.206  48.564 0.0000000000
63931  53.379  3.270  53.630 0.0000000000
63965  51.138  2.968  51.277 0.0000000000
63052  49.906  1.960  52.845 0.0000000000
62147  47.367  0.415  50.587 0.0000000000
62117  48.593  0.255  53.306 0.0000000000
55465  45.228  -6.484  60.842 0.0000000000
57308  47.491  -4.268  59.268 0.0000000000
57322  44.371  -4.497  58.426 0.0000000000
58338  43.559  -3.232  55.678 0.0000000000
56455  42.141  -5.185  55.159 0.0000000000
54698  41.112  -7.319  51.434 0.0000000000
122263  42.560  -8.231  53.429 0.0000000000
51011  38.560  -11.512  51.729 0.0000000000
44068  44.412  -19.905  58.192 0.0000000000
115144  44.177  -17.388  56.736 0.0000000000
119042  43.874  -19.362  54.855 0.0000000000
43310  39.374  -19.476  51.462 0.0000000000
72768  58.624  12.539  36.629 0.0000000000
71828  56.748  11.400  36.644 0.0000000000
41352  33.622  -21.084  67.051 0.0000000000
41389  31.286  -21.245  64.888 0.0000000000
40533  31.876  -21.143  68.072 0.0000000000
42188  30.762  -20.132  70.054 0.0000000000
43067  28.424  -19.052  72.510 0.0000000000
42161  40.305  -19.923  70.437 0.0000000000
42212  40.477  -19.882  67.892 0.0000000000
41320  38.371  -20.912  69.843 0.0000000000
41349  36.228  -21.117  67.947 0.0000000000
66457  54.607  5.531  49.974 0.0000000000
63907  53.664  3.935  55.507 0.0000000000
54587  50.439  -7.133  64.085 0.0000000000
53746  47.026  -8.592  61.907 0.0000000000
120915  45.881  -8.659  57.581 0.0000000000
52966  43.767  -9.502  54.627 0.0000000000
51967  44.557  -10.783  56.173 0.0000000000
50013  41.758  -12.379  56.287 0.0000000000
49070  39.784  -13.970  56.288 0.0000000000
45034  39.527  -17.440  56.112 0.0000000000
44108  41.850  -18.970  54.926 0.0000000000
44121  39.671  -19.217  54.262 0.0000000000
70022  55.006  9.812  39.864 0.0000000000
70049  54.847  9.140  36.833 0.0000000000
68312  53.697  7.743  37.414 0.0000000000
42291  28.793  -20.228  62.791 0.0000000000
48941  46.421  -13.167  64.665 0.0000000000
43986  49.531  -16.744  64.368 0.0000000000
121257  45.935  -16.448  62.006 0.0000000000
44013  46.613  -18.720  62.772 0.0000000000
133371  44.891  -19.710  60.937 0.0000000000
44983  41.787  -17.540  60.275 0.0000000000
43152  40.468  -18.981  66.017 0.0000000000
44031  40.087  -17.896  61.969 0.0000000000
44999  39.504  -16.725  59.694 0.0000000000
46103  37.219  -16.698  58.286 0.0000000000
112432  35.642  -17.587  56.795 0.0000000000
65702  49.397  4.051  41.462 0.0000000000
65727  48.793  4.226  38.318 0.0000000000
64085  46.970  2.483  39.303 0.0000000000
43007  28.601  -19.266  76.245 0.0000000000
118805  25.992  -18.671  74.887 0.0000000000
43011  24.411  -18.783  76.254 0.0000000000
43071  24.249  -19.169  72.601 0.0000000000
70857  56.961  10.606  42.543 0.0000000000
69124  54.888  7.999  42.423 0.0000000000
67352  53.453  6.782  42.523 0.0000000000
66523  52.360  5.505  43.184 0.0000000000
64879  51.392  3.336  43.794 0.0000000000
64042  50.552  2.337  44.655 0.0000000000
64034  48.238  2.468  45.521 0.0000000000
64832  53.085  3.196  49.821 0.0000000000
114404  49.711  2.426  48.337 0.0000000000
64012  46.738  2.476  47.040 0.0000000000
63118  46.000  1.141  48.523 0.0000000000
117394  44.407  -0.312  48.933 0.0000000000
61144  51.903  -0.084  57.575 0.0000000000
57305  50.441  -3.402  60.319 0.0000000000
124267  50.139  -2.458  58.863 0.0000000000
60204  49.349  -1.052  55.981 0.0000000000
60216  46.089  -1.937  54.335 0.0000000000
59299  43.375  -2.441  52.891 0.0000000000
129104  41.535  -10.391  52.210 0.0000000000
47119  43.458  -15.673  59.134 0.0000000000
47142  41.754  -15.704  56.504 0.0000000000
46141  39.342  -16.024  53.651 0.0000000000
121740  42.458  -19.243  52.065 0.0000000000
45082  40.207  -17.657  51.896 0.0000000000
40460  33.187  -21.558  74.926 0.0000000000
43003  33.261  -20.065  75.329 0.0000000000
48001  49.396  -14.097  63.435 0.0000000000
49913  50.225  -12.533  64.084 0.0000000000
48981  49.437  -12.779  62.521 0.0000000000
49937  49.668  -12.077  61.900 0.0000000000
48997  47.877  -13.030  61.505 0.0000000000
49950  46.599  -12.580  60.523 0.0000000000
48984  47.121  -13.846  61.863 0.0000000000
67367  51.190  6.914  40.692 0.0000000000
67383  51.136  6.940  39.488 0.0000000000
66555  50.111  5.825  39.204 0.0000000000
112024  33.134  -19.502  62.121 0.0000000000
43214  31.643  -19.915  61.542 0.0000000000
112158  31.815  -20.425  62.909 0.0000000000
43100  27.534  -18.965  69.574 0.0000000000
43123  26.596  -19.164  67.451 0.0000000000
114664  25.797  -19.144  68.571 0.0000000000
115414  24.467  -19.574  67.847 0.0000000000
43103  24.641  -19.287  69.620 0.0000000000
43936  41.871  -18.507  69.599 0.0000000000
44869  42.682  -17.675  68.681 0.0000000000
45972  43.589  -17.366  67.660 0.0000000000
43110  43.984  -19.329  67.810 0.0000000000
42208  43.549  -19.639  66.671 0.0000000000
42198  42.672  -19.733  67.605 0.0000000000
118439  34.568  -20.287  64.629 0.0000000000
43174  35.989  -19.494  64.111 0.0000000000
43188  34.602  -19.559  63.291 0.0000000000
43211  33.898  -19.111  61.906 0.0000000000
111951  46.936  1.815  43.957 0.0000000000
62246  46.494  0.979  42.498 0.0000000000
62247  45.403  0.752  42.326 0.0000000000
67292  51.867  6.699  48.703 0.0000000000
66479  52.145  5.858  47.395 0.0000000000
67291  52.859  5.887  48.948 0.0000000000
63040  51.969  2.951  54.361 0.0000000000
130351  51.725  3.005  53.692 0.0000000000
116332  50.773  1.566  54.017 0.0000000000
62123  48.850  1.032  52.864 0.0000000000
62115  49.993  0.933  53.977 0.0000000000
55478  43.827  -6.901  58.946 0.0000000000
56426  44.213  -5.635  59.518 0.0000000000
56432  43.538  -5.693  58.272 0.0000000000
56445  43.062  -5.107  56.676 0.0000000000
55505  42.637  -6.554  55.411 0.0000000000
55524  42.148  -7.038  53.816 0.0000000000
54656  43.097  -7.396  55.214 0.0000000000
45022  42.697  -18.729  57.580 0.0000000000
44082  43.747  -19.440  56.962 0.0000000000
134440  42.795  -18.944  56.163 0.0000000000
72758  57.255  13.139  37.558 0.0000000000
71818  56.328  11.714  37.443 0.0000000000
41337  34.083  -21.182  68.128 0.0000000000
40542  32.324  -21.311  67.578 0.0000000000
40524  33.147  -21.442  69.594 0.0000000000
41288  31.193  -20.916  72.423 0.0000000000
41312  31.341  -20.585  70.562 0.0000000000
42164  30.523  -20.341  72.002 0.0000000000
42166  29.246  -19.400  71.013 0.0000000000
43052  29.167  -19.385  73.110 0.0000000000
134469  39.195  -20.623  71.485 0.0000000000
41305  39.536  -20.492  69.680 0.0000000000
41295  38.321  -21.073  71.232 0.0000000000
40510  35.365  -21.575  70.664 0.0000000000
41322  36.075  -21.397  69.342 0.0000000000
41323  35.223  -21.446  69.201 0.0000000000
41351  34.601  -20.921  67.581 0.0000000000
53672  49.828  -9.475  66.042 0.0000000000
54564  50.642  -8.225  66.090 0.0000000000
118911  51.648  -6.909  64.498 0.0000000000
114114  51.500  -6.778  63.639 0.0000000000
53718  50.798  -8.245  63.863 0.0000000000
51901  47.697  -10.416  60.299 0.0000000000
53745  47.911  -9.060  62.319 0.0000000000
53771  47.080  -9.386  59.469 0.0000000000
53761  46.102  -8.826  60.089 0.0000000000
52937  46.696  -9.759  57.652 0.0000000000
52949  46.036  -9.419  56.661 0.0000000000
51950  46.502  -10.539  57.266 0.0000000000
49971  43.434  -12.793  58.978 0.0000000000
50000  43.510  -12.029  57.609 0.0000000000
49054  42.226  -13.376  57.852 0.0000000000
49068  41.186  -13.269  56.735 0.0000000000
49055  41.437  -13.885  57.509 0.0000000000
45035  38.561  -17.142  56.305 0.0000000000
45048  39.686  -18.002  55.228 0.0000000000
133547  38.646  -18.915  54.713 0.0000000000
70010  54.644  9.243  40.393 0.0000000000
69167  54.067  9.182  38.106 0.0000000000
118392  53.576  8.961  38.801 0.0000000000
66570  52.604  5.436  37.573 0.0000000000
44098  33.794  -18.363  56.763 0.0000000000
43266  32.498  -19.106  56.800 0.0000000000
41381  30.755  -20.998  65.720 0.0000000000
42267  30.134  -20.849  64.164 0.0000000000
42255  29.407  -20.314  64.990 0.0000000000
43176  26.283  -19.715  64.499 0.0000000000
43204  26.725  -19.790  62.732 0.0000000000
133125  44.711  -15.817  65.640 0.0000000000
48943  43.945  -13.848  65.259 0.0000000000
47039  46.128  -15.593  65.144 0.0000000000
47975  47.613  -14.842  64.722 0.0000000000
46039  47.813  -16.569  64.764 0.0000000000
44011  47.950  -17.387  63.121 0.0000000000
43988  47.310  -18.175  64.349 0.0000000000
43182  44.055  -19.005  64.024 0.0000000000
43197  44.839  -18.941  62.282 0.0000000000
132610  43.767  -18.497  62.086 0.0000000000
44042  43.358  -18.359  60.394 0.0000000000
44030  41.916  -17.647  61.814 0.0000000000
111904  38.989  -19.768  67.634 0.0000000000
43134  40.180  -19.286  66.804 0.0000000000
43153  39.484  -19.069  66.142 0.0000000000
44020  37.541  -18.328  62.505 0.0000000000
44006  38.668  -18.515  63.504 0.0000000000
44032  39.098  -17.715  61.742 0.0000000000
119489  39.910  -17.012  60.599 0.0000000000
120114  39.066  -17.088  60.304 0.0000000000
46091  38.805  -16.690  59.056 0.0000000000
45001  37.532  -17.126  59.893 0.0000000000
45005  34.043  -17.963  58.585 0.0000000000
45015  35.402  -17.337  58.116 0.0000000000
45027  34.270  -17.786  56.988 0.0000000000
64904  49.358  3.339  41.725 0.0000000000
64909  48.283  3.340  40.610 0.0000000000
64077  47.885  2.604  40.958 0.0000000000
61329  46.931  -0.509  38.810 0.0000000000
114669  27.140  -18.535  76.816 0.0000000000
122918  27.357  -18.776  75.214 0.0000000000
43009  26.322  -18.586  76.255 0.0000000000
43031  21.814  -19.411  75.715 0.0000000000
43030  22.823  -19.149  75.735 0.0000000000
43044  24.004  -19.213  74.039 0.0000000000
113145  23.227  -19.283  73.869 0.0000000000
43083  23.351  -19.602  71.516 0.0000000000
42155  22.100  -20.104  72.815 0.0000000000
71780  57.322  12.485  42.368 0.0000000000
69975  56.801  9.534  43.442 0.0000000000
69112  55.536  8.262  43.506 0.0000000000
68258  54.608  7.359  42.843 0.0000000000
68250  54.729  7.174  43.546 0.0000000000
66496  53.100  5.810  44.766 0.0000000000
66505  53.331  5.843  44.279 0.0000000000
66513  52.809  5.258  44.013 0.0000000000
65682  51.535  4.029  43.392 0.0000000000
65676  52.426  4.481  44.454 0.0000000000
64020  52.137  2.755  46.313 0.0000000000
64041  51.395  2.566  45.068 0.0000000000
64033  50.791  2.382  45.532 0.0000000000
112411  49.062  2.353  44.861 0.0000000000
112694  50.177  2.492  46.898 0.0000000000
65630  55.454  5.300  51.089 0.0000000000
65638  54.096  4.910  49.902 0.0000000000
64824  53.151  3.558  50.481 0.0000000000
63979  49.501  2.442  50.794 0.0000000000
63988  50.778  2.744  49.738 0.0000000000
64000  48.778  2.636  49.154 0.0000000000
130465  48.130  2.573  47.992 0.0000000000
119839  47.384  2.456  48.495 0.0000000000
63129  46.085  1.888  47.675 0.0000000000
63116  47.043  1.944  49.456 0.0000000000
61195  46.342  -0.689  51.391 0.0000000000
62149  46.138  0.436  50.021 0.0000000000
61196  44.895  -0.777  50.476 0.0000000000
60263  44.282  -1.206  50.900 0.0000000000
61120  51.975  -0.754  58.063 0.0000000000
56402  49.328  -4.663  62.359 0.0000000000
57286  50.233  -3.675  61.852 0.0000000000
56414  49.369  -4.850  61.024 0.0000000000
115916  47.329  -3.710  57.981 0.0000000000
58301  48.633  -3.252  58.850 0.0000000000
58317  48.286  -2.939  58.040 0.0000000000
59269  49.299  -1.812  57.294 0.0000000000
60196  48.142  -1.933  56.195 0.0000000000
60206  47.612  -1.650  55.457 0.0000000000
119588  46.412  -2.373  56.110 0.0000000000
58349  42.333  -3.328  54.717 0.0000000000
117551  43.518  -2.555  53.809 0.0000000000
113656  41.857  -3.459  53.056 0.0000000000
59322  41.610  -2.335  51.613 0.0000000000
58385  40.556  -3.506  51.500 0.0000000000
56496  39.957  -5.035  51.096 0.0000000000
133829  41.368  -8.030  51.062 0.0000000000
54711  40.457  -7.625  49.752 0.0000000000
51987  42.919  -10.892  53.966 0.0000000000
52980  42.855  -9.729  53.390 0.0000000000
51000  42.017  -11.029  53.137 0.0000000000
52025  38.853  -11.050  50.993 0.0000000000
46082  44.819  -17.667  60.468 0.0000000000
47110  44.381  -15.951  60.576 0.0000000000
46083  44.886  -17.713  59.436 0.0000000000
120354  43.174  -17.049  55.394 0.0000000000
46111  43.430  -16.454  57.017 0.0000000000
46123  42.279  -16.290  55.722 0.0000000000
46133  40.953  -16.155  54.937 0.0000000000
118081  41.640  -16.847  54.098 0.0000000000
44132  42.396  -19.689  53.327 0.0000000000
44131  42.919  -19.030  53.057 0.0000000000
43299  42.366  -19.871  52.004 0.0000000000
44154  40.130  -18.753  51.444 0.0000000000
45083  39.152  -17.212  51.684 0.0000000000
67410  55.238  7.035  36.617 0.0000000000
69189  56.162  8.645  36.217 0.0000000000
131304  49.371  3.161  36.865 0.0000000000
40500  34.042  -21.804  71.574 0.0000000000
118327  33.190  -21.542  71.210 0.0000000000
40491  33.257  -21.739  72.680 0.0000000000
41263  31.926  -21.686  73.888 0.0000000000
135679  31.204  -21.149  74.083 0.0000000000
40488  35.312  -22.028  72.594 0.0000000000
50832  47.396  -10.903  65.332 0.0000000000
51804  47.440  -9.335  65.942 0.0000000000
50830  48.599  -11.251  65.081 0.0000000000
49870  49.798  -11.164  64.719 0.0000000000
52840  51.070  -10.074  63.734 0.0000000000
52863  50.509  -9.990  62.889 0.0000000000
51879  50.114  -11.207  62.110 0.0000000000
51899  49.021  -11.212  61.092 0.0000000000
50912  47.505  -11.327  59.742 0.0000000000
50934  46.690  -11.080  58.216 0.0000000000
49968  46.888  -11.879  59.682 0.0000000000
116871  44.945  -12.519  59.809 0.0000000000
134311  43.408  -14.030  59.725 0.0000000000
43276  36.840  -18.953  55.782 0.0000000000
43274  38.368  -19.848  54.898 0.0000000000
42352  37.955  -20.260  55.497 0.0000000000
69148  52.649  8.493  40.242 0.0000000000
68301  52.515  7.670  38.388 0.0000000000
68302  51.818  7.369  38.784 0.0000000000
66559  51.130  5.950  37.894 0.0000000000
44047  33.068  -18.775  60.062 0.0000000000
44072  31.670  -18.628  58.549 0.0000000000
44048  32.199  -18.918  60.118 0.0000000000
43223  30.526  -19.484  60.096 0.0000000000
43224  29.584  -19.734  60.299 0.0000000000
123552  29.082  -19.805  67.522 0.0000000000
42239  28.730  -19.830  66.014 0.0000000000
42219  28.193  -19.385  67.252 0.0000000000
122365  26.358  -19.452  65.907 0.0000000000
42242  23.612  -20.939  66.525 0.0000000000
45987  43.877  -16.793  66.857 0.0000000000
44914  45.663  -18.135  66.312 0.0000000000
43147  45.943  -18.861  65.402 0.0000000000
43131  44.807  -19.362  66.166 0.0000000000
42262  43.996  -19.485  65.367 0.0000000000
43167  42.878  -19.220  65.057 0.0000000000
111797  36.654  -20.042  66.239 0.0000000000
130212  37.734  -19.428  65.558 0.0000000000
43173  36.608  -19.560  64.675 0.0000000000
43186  36.389  -19.008  63.414 0.0000000000
44034  36.293  -18.173  61.760 0.0000000000
44987  36.759  -17.474  60.465 0.0000000000
44035  35.428  -18.310  61.505 0.0000000000
44046  33.903  -18.369  60.388 0.0000000000
63182  48.583  1.793  42.688 0.0000000000
63193  47.649  1.669  41.453 0.0000000000
126478  47.277  0.980  41.595 0.0000000000
61310  46.182  -0.252  41.055 0.0000000000
43015  20.819  -19.583  76.896 0.0000000000
42130  21.384  -19.910  75.047 0.0000000000
42143  21.403  -20.663  73.115 0.0000000000
42131  20.497  -20.887  74.215 0.0000000000
66488  51.528  5.892  45.791 0.0000000000
65663  51.994  4.950  45.692 0.0000000000
127427  51.571  5.499  45.932 0.0000000000
133531  52.487  4.038  46.995 0.0000000000
113798  52.269  3.438  47.645 0.0000000000
64799  53.741  4.104  53.068 0.0000000000
64814  52.824  3.516  51.388 0.0000000000
63947  52.400  3.458  52.842 0.0000000000
112779  50.711  2.951  52.213 0.0000000000
63968  49.021  2.158  51.588 0.0000000000
63071  47.591  0.962  50.686 0.0000000000
63054  48.411  1.436  52.072 0.0000000000
62124  47.539  0.167  52.118 0.0000000000
61187  47.117  -0.354  52.345 0.0000000000
56406  46.539  -5.622  61.468 0.0000000000
57287  47.912  -4.593  61.294 0.0000000000
57299  45.835  -4.631  60.234 0.0000000000
58286  46.230  -3.931  58.990 0.0000000000
58320  45.518  -3.535  57.499 0.0000000000
59272  45.820  -2.761  56.399 0.0000000000
58322  43.935  -3.713  57.063 0.0000000000
57356  42.268  -4.425  55.436 0.0000000000
57381  41.518  -4.570  53.996 0.0000000000
56485  41.036  -5.365  52.636 0.0000000000
117281  41.339  -6.129  52.737 0.0000000000
54697  41.649  -7.638  52.131 0.0000000000
53854  41.685  -8.303  51.581 0.0000000000
50989  40.915  -11.736  54.108 0.0000000000
51003  39.751  -11.705  52.745 0.0000000000
50059  38.719  -12.074  52.744 0.0000000000
126144  37.733  -12.112  52.335 0.0000000000
50083  35.786  -12.605  50.543 0.0000000000
43234  44.971  -19.899  58.427 0.0000000000
45009  45.374  -18.418  58.013 0.0000000000
44094  44.657  -18.978  57.186 0.0000000000
45030  44.201  -18.484  56.350 0.0000000000
45056  44.155  -18.691  54.202 0.0000000000
42384  41.549  -20.543  51.924 0.0000000000
42386  39.117  -20.468  51.771 0.0000000000
73694  58.175  13.892  37.333 0.0000000000
71827  57.652  11.780  36.517 0.0000000000
70046  57.397  9.352  36.054 0.0000000000
41387  33.390  -21.010  65.101 0.0000000000
41395  32.014  -21.003  64.527 0.0000000000
125794  32.258  -21.426  65.827 0.0000000000
40554  31.522  -21.233  66.627 0.0000000000
41353  31.091  -20.777  67.237 0.0000000000
126326  31.971  -21.115  69.648 0.0000000000
122071  31.314  -20.669  69.519 0.0000000000
41325  30.153  -20.071  68.566 0.0000000000
42190  29.392  -19.453  69.160 0.0000000000
43088  28.530  -19.135  70.687 0.0000000000
114665  27.044  -18.885  71.131 0.0000000000
43087  41.311  -19.695  69.505 0.0000000000
42199  42.082  -19.870  68.144 0.0000000000
42187  40.444  -20.327  69.141 0.0000000000
42201  39.351  -20.376  68.617 0.0000000000
42215  37.794  -20.528  68.339 0.0000000000
41308  37.480  -21.345  70.424 0.0000000000
41333  37.434  -21.069  69.119 0.0000000000
42216  36.891  -20.493  67.717 0.0000000000
41362  35.788  -20.828  67.195 0.0000000000
41377  34.338  -20.655  65.772 0.0000000000
63152  44.966  1.086  45.051 0.0000000000
63177  44.620  1.132  43.158 0.0000000000
62244  43.646  -0.021  43.571 0.0000000000
67277  54.161  5.797  49.695 0.0000000000
116646  56.046  5.022  53.195 0.0000000000
117538  54.522  4.351  53.997 0.0000000000
63028  53.418  3.305  54.764 0.0000000000
63022  52.285  2.033  55.752 0.0000000000
55440  50.775  -6.100  63.606 0.0000000000
55442  48.573  -6.570  63.592 0.0000000000
53731  49.337  -8.774  63.180 0.0000000000
53732  48.436  -8.409  63.121 0.0000000000
55449  47.579  -6.519  63.141 0.0000000000
54603  45.535  -7.229  61.241 0.0000000000
54617  45.164  -7.955  59.202 0.0000000000
115737  44.470  -7.613  57.011 0.0000000000
54655  43.971  -7.932  55.292 0.0000000000
53807  45.201  -8.755  55.883 0.0000000000
52958  44.056  -10.091  55.087 0.0000000000
50973  43.317  -11.181  55.222 0.0000000000
117723  45.380  -11.244  57.358 0.0000000000
50962  43.188  -11.363  55.978 0.0000000000
50026  41.741  -11.941  55.450 0.0000000000
133407  40.314  -12.805  55.422 0.0000000000
50028  39.718  -13.198  55.223 0.0000000000
48127  38.603  -14.288  54.572 0.0000000000
45024  40.857  -17.536  57.146 0.0000000000
45046  41.475  -18.357  55.774 0.0000000000
45047  40.566  -18.067  55.589 0.0000000000
44133  40.801  -19.326  53.934 0.0000000000
43292  41.100  -19.846  53.540 0.0000000000
42356  39.414  -20.309  54.416 0.0000000000
41481  42.096  -21.917  53.682 0.0000000000
71794  55.837  11.256  39.986 0.0000000000
71814  55.617  11.251  37.877 0.0000000000
70030  54.626  9.853  38.074 0.0000000000
69178  54.278  8.600  37.299 0.0000000000
67400  54.339  6.972  37.071 0.0000000000
68313  52.917  7.257  37.749 0.0000000000
67401  53.539  6.736  37.448 0.0000000000
42278  31.103  -20.829  63.230 0.0000000000
42290  29.651  -20.526  62.626 0.0000000000
43216  28.346  -19.845  61.318 0.0000000000
42282  27.757  -19.817  63.886 0.0000000000
43203  27.230  -19.642  62.381 0.0000000000
49885  45.563  -11.458  65.413 0.0000000000
49900  47.374  -12.655  64.754 0.0000000000
47973  48.868  -14.355  64.628 0.0000000000
46065  48.557  -15.903  62.967 0.0000000000
47100  47.266  -15.576  62.383 0.0000000000
46067  47.738  -16.593  62.645 0.0000000000
44970  46.335  -17.630  62.185 0.0000000000
44040  45.290  -18.977  61.003 0.0000000000
43180  45.578  -19.516  63.160 0.0000000000
43196  45.025  -18.953  61.889 0.0000000000
44041  45.028  -19.298  60.214 0.0000000000
121141  44.127  -18.939  59.828 0.0000000000
44056  43.315  -18.601  59.435 0.0000000000
44997  41.747  -17.515  59.361 0.0000000000
42232  41.777  -19.467  66.911 0.0000000000
43151  41.825  -19.176  66.126 0.0000000000
43168  41.651  -18.723  64.998 0.0000000000
43991  39.053  -18.663  64.540 0.0000000000
44004  40.526  -18.299  63.651 0.0000000000
115426  41.425  -18.276  63.460 0.0000000000
121721  41.013  -17.624  61.759 0.0000000000
131319  41.226  -16.965  59.915 0.0000000000
46100  40.665  -16.911  58.469 0.0000000000
46113  39.431  -16.758  57.684 0.0000000000
46114  38.474  -16.659  57.721 0.0000000000
46127  37.203  -16.942  56.797 0.0000000000
45002  36.544  -17.178  59.533 0.0000000000
46116  36.716  -16.816  57.506 0.0000000000
120392  36.382  -17.230  56.761 0.0000000000
128097  36.238  -19.218  56.333 0.0000000000
65711  49.659  5.237  40.816 0.0000000000
66556  49.314  5.357  39.872 0.0000000000
65721  48.658  4.142  39.254 0.0000000000
63198  46.652  1.654  39.611 0.0000000000
61339  47.470  0.328  38.198 0.0000000000
62255  44.738  -0.218  41.757 0.0000000000
42986  31.662  -18.850  75.708 0.0000000000
42101  31.184  -19.942  76.194 0.0000000000
42113  30.521  -20.298  76.039 0.0000000000
43006  29.325  -19.270  76.979 0.0000000000
42127  29.568  -19.937  74.916 0.0000000000
43039  28.202  -19.039  74.162 0.0000000000
43054  27.396  -18.831  73.671 0.0000000000
43069  25.938  -18.957  72.788 0.0000000000
43864  25.357  -18.418  77.594 0.0000000000
118804  25.262  -18.858  74.858 0.0000000000
43056  25.437  -19.014  73.481 0.0000000000
43081  25.478  -19.051  71.505 0.0000000000
114668  23.926  -19.323  70.927 0.0000000000
72731  56.668  12.615  40.366 0.0000000000
71793  56.498  11.812  40.562 0.0000000000
70870  55.839  10.119  41.299 0.0000000000
69145  55.039  8.854  41.295 0.0000000000
69985  57.194  10.339  42.954 0.0000000000
69987  56.002  8.888  42.153 0.0000000000
69133  54.695  8.291  41.751 0.0000000000
69134  53.942  8.139  41.459 0.0000000000
68268  52.582  7.575  41.425 0.0000000000
67354  51.558  6.590  41.623 0.0000000000
67333  54.398  6.676  44.052 0.0000000000
66522  52.975  6.242  42.794 0.0000000000
66524  51.159  5.856  41.982 0.0000000000
65693  50.499  4.351  41.994 0.0000000000
134636  50.548  3.819  42.280 0.0000000000
64065  50.221  2.613  42.942 0.0000000000
64872  51.765  3.132  44.605 0.0000000000
64054  51.082  2.711  44.189 0.0000000000
64056  49.699  2.276  43.339 0.0000000000
63173  49.182  2.151  43.529 0.0000000000
63161  47.849  2.060  44.093 0.0000000000
64046  47.103  2.088  44.608 0.0000000000
66458  53.983  5.119  49.481 0.0000000000
64831  53.184  3.593  49.166 0.0000000000
64841  52.125  3.100  48.488 0.0000000000
63976  52.632  3.027  49.933 0.0000000000
63987  51.790  2.838  49.261 0.0000000000
64009  50.422  2.305  47.655 0.0000000000
64010  49.549  2.408  47.495 0.0000000000
64024  47.524  2.568  46.366 0.0000000000
63150  46.108  2.072  45.767 0.0000000000
63141  45.483  1.657  46.268 0.0000000000
62207  44.917  1.098  46.790 0.0000000000
113733  46.611  0.762  49.825 0.0000000000
62182  45.023  0.322  48.941 0.0000000000
63014  53.034  1.860  56.704 0.0000000000
62097  51.931  1.045  56.120 0.0000000000
58282  51.017  -2.293  59.952 0.0000000000
57295  49.068  -4.690  60.213 0.0000000000
58299  50.425  -3.034  59.078 0.0000000000
59250  51.116  -2.151  58.691 0.0000000000
60185  50.994  -1.457  57.870 0.0000000000
61146  50.758  -0.543  56.818 0.0000000000
61165  50.024  0.193  55.085 0.0000000000
61167  48.605  -0.365  54.204 0.0000000000
61176  47.452  -0.882  53.525 0.0000000000
60236  46.253  -1.226  52.870 0.0000000000
112038  44.945  -2.053  55.079 0.0000000000
60225  44.912  -1.540  53.599 0.0000000000
60238  44.781  -1.529  52.524 0.0000000000
60251  43.054  -2.000  51.087 0.0000000000
55556  39.972  -6.509  50.478 0.0000000000
54723  40.391  -7.668  48.782 0.0000000000
53836  43.025  -8.858  53.654 0.0000000000
53847  42.321  -9.198  52.367 0.0000000000
53001  41.031  -9.650  51.037 0.0000000000
52011  40.141  -11.012  51.852 0.0000000000
123389  39.982  -10.657  51.206 0.0000000000
48051  45.325  -15.037  61.582 0.0000000000
48053  44.087  -14.927  60.391 0.0000000000
48087  42.707  -14.763  59.140 0.0000000000
46099  44.499  -16.849  58.057 0.0000000000
115816  42.588  -15.655  57.743 0.0000000000
47129  42.022  -15.194  58.103 0.0000000000
47135  41.086  -15.136  56.896 0.0000000000
47152  39.418  -15.102  55.325 0.0000000000
47160  38.591  -15.108  54.099 0.0000000000
44107  43.659  -19.639  54.345 0.0000000000
44130  43.863  -19.106  53.428 0.0000000000
45070  43.087  -18.575  53.314 0.0000000000
44153  41.240  -19.037  51.591 0.0000000000
45081  41.466  -18.302  52.080 0.0000000000
46150  41.128  -17.089  53.444 0.0000000000
46151  39.678  -16.633  52.997 0.0000000000
46152  38.926  -16.283  52.861 0.0000000000
111979  55.822  10.172  36.647 0.0000000000
70047  56.668  9.332  36.081 0.0000000000
68318  57.641  7.768  36.493 0.0000000000
65726  49.384  4.639  38.074 0.0000000000
47097  48.815  -14.053  62.863 0.0000000000
48013  49.245  -13.584  62.951 0.0000000000
48031  48.809  -13.659  62.705 0.0000000000
48982  48.790  -13.245  62.366 0.0000000000
48983  48.063  -13.647  62.143 0.0000000000
48033  47.592  -14.646  62.357 0.0000000000
67355  50.731  6.302  41.112 0.0000000000
67368  50.610  6.601  40.266 0.0000000000
42286  33.047  -19.914  62.880 0.0000000000
42287  32.433  -20.285  63.077 0.0000000000
118088  32.997  -20.522  63.654 0.0000000000
43090  26.783  -18.966  70.255 0.0000000000
43101  26.512  -19.002  69.269 0.0000000000
43102  25.484  -19.162  69.399 0.0000000000
133193  25.192  -19.181  70.060 0.0000000000
43945  42.314  -19.010  69.387 0.0000000000
43935  42.447  -18.389  69.175 0.0000000000
117597  43.244  -18.588  68.577 0.0000000000
131929  43.565  -19.138  68.332 0.0000000000
43121  43.458  -19.670  67.335 0.0000000000
43111  43.310  -19.581  68.124 0.0000000000
42264  33.939  -20.625  64.642 0.0000000000
42275  34.315  -20.267  63.999 0.0000000000
42276  33.735  -20.017  63.415 0.0000000000
43199  33.817  -19.470  62.688 0.0000000000
114361  46.013  1.711  43.824 0.0000000000
112847  45.685  1.346  43.111 0.0000000000
129493  51.536  2.241  54.661 0.0000000000
63041  51.368  2.183  54.154 0.0000000000
63032  50.583  1.213  54.413 0.0000000000
54633  43.663  -6.956  57.470 0.0000000000
55479  43.638  -6.543  58.298 0.0000000000
132875  43.434  -6.202  57.712 0.0000000000
55493  43.210  -6.311  56.925 0.0000000000
55504  43.062  -6.899  56.084 0.0000000000
128265  43.725  -7.469  55.797 0.0000000000
45031  42.762  -18.839  56.706 0.0000000000
72751  56.748  13.111  38.545 0.0000000000
71813  56.324  12.269  38.796 0.0000000000
40531  33.596  -21.357  68.848 0.0000000000
42153  30.551  -20.469  72.903 0.0000000000
42154  29.884  -19.852  72.525 0.0000000000
124148  29.997  -19.973  73.434 0.0000000000
113375  39.316  -20.181  71.840 0.0000000000
41294  38.830  -20.962  70.839 0.0000000000
41283  38.655  -20.936  71.521 0.0000000000
40522  34.667  -21.595  70.109 0.0000000000
40530  34.400  -21.448  69.090 0.0000000000
52830  51.178  -9.376  65.057 0.0000000000
127728  50.099  -9.097  66.416 0.0000000000
53696  51.203  -8.668  65.314 0.0000000000
54574  51.042  -7.312  65.459 0.0000000000
54573  51.401  -7.852  64.838 0.0000000000
129445  51.541  -7.390  63.881 0.0000000000
124342  51.150  -8.291  63.881 0.0000000000
51915  47.571  -10.321  59.470 0.0000000000
52891  47.444  -9.783  60.220 0.0000000000
52905  47.390  -9.902  58.856 0.0000000000
52922  46.878  -9.514  58.482 0.0000000000
51948  47.074  -10.184  58.108 0.0000000000
130940  46.747  -10.269  57.525 0.0000000000
51949  46.807  -10.607  58.017 0.0000000000
49039  42.955  -13.353  59.102 0.0000000000
49990  42.941  -12.823  58.349 0.0000000000
49041  41.910  -14.169  58.134 0.0000000000
45036  37.785  -17.260  56.183 0.0000000000
45049  38.555  -17.683  55.538 0.0000000000
44109  38.135  -18.414  55.088 0.0000000000
69160  53.895  9.041  39.916 0.0000000000
44084  33.012  -18.262  57.522 0.0000000000
44085  32.342  -18.486  57.376 0.0000000000
41369  30.319  -20.568  66.415 0.0000000000
41382  29.991  -20.473  65.669 0.0000000000
42283  26.140  -20.160  63.097 0.0000000000
46003  46.117  -16.815  65.727 0.0000000000
47040  45.267  -15.543  65.306 0.0000000000
47038  46.671  -16.117  65.261 0.0000000000
46020  47.357  -16.242  64.983 0.0000000000
46040  47.174  -16.861  65.057 0.0000000000
44942  47.460  -17.367  64.732 0.0000000000
44930  46.781  -17.359  65.256 0.0000000000
44002  43.474  -18.585  63.594 0.0000000000
44015  43.278  -18.125  62.727 0.0000000000
44029  43.271  -18.223  61.591 0.0000000000
44016  42.247  -17.947  62.680 0.0000000000
43135  39.174  -19.395  66.957 0.0000000000
43154  38.450  -19.302  66.114 0.0000000000
44977  37.615  -17.877  61.696 0.0000000000
121852  38.348  -18.024  62.113 0.0000000000
44976  38.328  -17.542  61.361 0.0000000000
116625  39.069  -17.363  60.975 0.0000000000
44985  38.341  -17.230  60.548 0.0000000000
45017  33.751  -17.895  57.536 0.0000000000
44083  33.570  -18.091  57.056 0.0000000000
64074  49.179  2.612  42.051 0.0000000000
64905  48.624  3.012  41.411 0.0000000000
42977  27.467  -18.365  78.063 0.0000000000
123746  26.847  -18.427  77.623 0.0000000000
135676  26.564  -18.451  76.918 0.0000000000
43046  22.258  -19.460  74.951 0.0000000000
112239  23.272  -19.195  74.720 0.0000000000
43045  22.542  -19.513  74.134 0.0000000000
43059  22.760  -19.511  73.224 0.0000000000
42142  21.986  -20.034  73.609 0.0000000000
71768  58.684  12.110  42.410 0.0000000000
71767  58.192  12.289  42.742 0.0000000000
69099  56.961  8.079  44.790 0.0000000000
69111  56.189  8.789  43.999 0.0000000000
68248  55.816  8.075  44.415 0.0000000000
68249  55.210  7.554  43.868 0.0000000000
66506  52.752  5.199  44.608 0.0000000000
64032  51.705  2.535  45.894 0.0000000000
129356  50.882  2.662  46.447 0.0000000000
135732  50.849  2.744  47.047 0.0000000000
65631  54.148  5.394  50.727 0.0000000000
64813  54.364  5.475  51.739 0.0000000000
113622  49.067  2.501  50.126 0.0000000000
131961  48.147  2.592  48.659 0.0000000000
63991  47.843  2.454  49.320 0.0000000000
63102  47.651  1.809  50.046 0.0000000000
119870  45.596  -0.714  50.903 0.0000000000
129378  44.945  -1.069  51.130 0.0000000000
60175  52.031  -1.027  58.842 0.0000000000
56403  48.802  -4.911  61.867 0.0000000000
58319  46.765  -3.287  57.482 0.0000000000
58318  47.553  -3.173  57.661 0.0000000000
59260  48.018  -2.615  57.288 0.0000000000
59261  47.139  -2.602  56.936 0.0000000000
59271  47.289  -2.085  56.198 0.0000000000
58360  41.542  -3.920  53.561 0.0000000000
58359  42.026  -3.282  53.857 0.0000000000
58370  41.290  -3.763  52.662 0.0000000000
58371  40.708  -3.770  52.101 0.0000000000
57410  40.358  -4.306  51.720 0.0000000000
53855  41.311  -8.649  50.809 0.0000000000
53862  40.839  -8.496  50.033 0.0000000000
53021  40.464  -9.093  49.696 0.0000000000
50988  42.574  -11.258  54.190 0.0000000000
135121  42.450  -11.063  53.651 0.0000000000
45045  43.428  -17.773  54.511 0.0000000000
46132  42.278  -16.731  54.847 0.0000000000
135262  42.295  -20.372  52.530 0.0000000000
121349  42.505  -19.738  52.540 0.0000000000
112569  34.193  -21.874  72.386 0.0000000000
40501  33.675  -21.780  72.178 0.0000000000
40490  33.782  -21.775  72.935 0.0000000000
41262  32.591  -21.662  74.589 0.0000000000
40470  32.793  -21.745  73.907 0.0000000000
41250  31.689  -21.251  74.818 0.0000000000
40478  34.959  -22.021  73.701 0.0000000000
130312  34.994  -22.193  73.108 0.0000000000
112507  34.413  -21.959  73.195 0.0000000000
131089  34.504  -21.915  71.927 0.0000000000
49883  48.453  -12.092  65.030 0.0000000000
50831  47.903  -11.229  65.264 0.0000000000
49882  48.807  -12.165  64.919 0.0000000000
49912  50.571  -12.220  63.783 0.0000000000
49898  49.927  -12.210  64.431 0.0000000000
50847  50.597  -12.111  63.998 0.0000000000
51831  50.863  -10.822  64.441 0.0000000000
50878  50.723  -11.476  63.109 0.0000000000
52862  50.706  -10.595  62.877 0.0000000000
50879  50.482  -11.489  62.444 0.0000000000
49948  48.509  -12.185  60.985 0.0000000000
50904  49.140  -11.870  61.205 0.0000000000
128217  47.718  -11.779  60.424 0.0000000000
50905  48.136  -11.454  60.653 0.0000000000
49967  47.339  -11.559  59.610 0.0000000000
49949  47.295  -12.080  60.394 0.0000000000
49951  45.936  -13.133  60.608 0.0000000000
49020  45.181  -13.164  60.395 0.0000000000
49021  44.356  -13.202  59.982 0.0000000000
49000  44.574  -14.053  60.562 0.0000000000
43275  37.522  -19.466  55.292 0.0000000000
68279  52.136  7.887  40.472 0.0000000000
68280  51.703  7.604  39.618 0.0000000000
67391  50.766  6.252  38.705 0.0000000000
66572  50.858  5.208  37.726 0.0000000000
43221  32.783  -19.247  60.730 0.0000000000
116350  31.081  -19.727  60.849 0.0000000000
116672  30.216  -19.899  60.952 0.0000000000
42203  28.363  -19.307  68.061 0.0000000000
43137  26.436  -19.316  66.642 0.0000000000
43157  25.951  -19.627  65.334 0.0000000000
43138  25.585  -19.494  66.238 0.0000000000
43158  25.182  -19.835  65.479 0.0000000000
43139  24.659  -19.827  66.160 0.0000000000
132797  24.251  -19.777  67.342 0.0000000000
42221  23.334  -20.813  67.319 0.0000000000
42204  23.134  -20.609  68.279 0.0000000000
46999  42.589  -15.414  68.499 0.0000000000
44884  44.137  -18.251  67.870 0.0000000000
125007  44.176  -17.752  67.177 0.0000000000
46005  44.540  -17.032  66.242 0.0000000000
44915  44.756  -17.854  66.649 0.0000000000
43972  45.262  -18.882  66.328 0.0000000000
43119  44.598  -19.270  66.678 0.0000000000
42230  43.213  -19.592  66.406 0.0000000000
42229  43.696  -19.550  66.193 0.0000000000
43149  43.310  -19.458  65.637 0.0000000000
43150  42.698  -19.399  65.898 0.0000000000
42252  36.214  -19.957  65.514 0.0000000000
43155  37.039  -19.742  65.479 0.0000000000
43187  35.489  -19.274  63.445 0.0000000000
44021  36.553  -18.472  62.553 0.0000000000
44022  35.842  -18.452  62.187 0.0000000000
44023  35.233  -18.791  62.206 0.0000000000
44037  33.918  -18.667  61.211 0.0000000000
131623  33.379  -18.873  60.738 0.0000000000
125015  48.023  1.541  42.651 0.0000000000
63190  47.690  1.203  42.082 0.0000000000
63183  47.301  1.271  42.590 0.0000000000
62253  46.409  0.453  41.782 0.0000000000
61320  45.808  -1.034  40.583 0.0000000000
42105  20.491  -19.938  76.327 0.0000000000
42116  21.012  -20.033  75.756 0.0000000000
42117  20.458  -20.431  75.020 0.0000000000
65648  52.557  4.406  47.634 0.0000000000
64787  53.762  3.597  53.673 0.0000000000
64800  53.269  3.460  53.102 0.0000000000
113176  53.165  3.286  53.095 0.0000000000
63949  50.474  2.509  52.878 0.0000000000
63948  51.254  3.086  52.925 0.0000000000
63950  49.884  2.463  52.171 0.0000000000
63070  48.044  1.691  51.235 0.0000000000
63053  49.244  1.747  52.499 0.0000000000
115109  48.138  0.680  52.471 0.0000000000
132678  48.009  -0.085  52.832 0.0000000000
61186  47.602  -0.428  52.890 0.0000000000
56407  45.837  -5.829  61.103 0.0000000000
56416  46.176  -5.139  60.868 0.0000000000
56417  45.437  -5.493  60.561 0.0000000000
57311  44.731  -4.783  59.112 0.0000000000
57310  45.622  -4.220  59.363 0.0000000000
57321  45.138  -4.191  58.647 0.0000000000
58304  45.772  -3.789  58.387 0.0000000000
58305  44.920  -3.894  58.010 0.0000000000
58321  44.720  -3.568  57.270 0.0000000000
57333  44.140  -4.123  57.733 0.0000000000
56446  42.615  -5.151  55.834 0.0000000000
57345  42.912  -4.376  56.021 0.0000000000
57368  41.766  -4.490  54.800 0.0000000000
56467  41.732  -5.319  54.423 0.0000000000
125820  41.515  -5.572  53.446 0.0000000000
55514  41.962  -6.268  54.037 0.0000000000
54676  42.120  -7.560  53.311 0.0000000000
54685  41.799  -7.417  52.727 0.0000000000
53838  42.123  -8.295  52.536 0.0000000000
50048  40.093  -12.205  54.004 0.0000000000
50049  39.377  -12.341  53.569 0.0000000000
50061  36.959  -12.371  51.916 0.0000000000
51020  36.805  -11.889  51.242 0.0000000000
50082  36.389  -12.507  51.176 0.0000000000
44080  45.083  -19.293  57.674 0.0000000000
44081  44.481  -19.686  57.496 0.0000000000
44096  43.608  -19.182  55.878 0.0000000000
44095  44.092  -19.154  56.633 0.0000000000
112190  43.778  -19.042  55.363 0.0000000000
45044  43.766  -18.348  55.199 0.0000000000
44106  44.304  -19.126  54.435 0.0000000000
72759  57.040  12.286  37.040 0.0000000000
113321  57.153  10.918  36.227 0.0000000000
70912  57.121  10.139  36.003 0.0000000000
119176  33.336  -21.346  66.181 0.0000000000
41379  32.889  -21.419  65.652 0.0000000000
41365  32.714  -21.519  66.315 0.0000000000
40553  32.080  -21.398  66.840 0.0000000000
40543  31.636  -21.171  67.220 0.0000000000
40544  31.345  -21.041  66.828 0.0000000000
41338  31.433  -20.929  67.565 0.0000000000
40514  32.506  -21.262  70.581 0.0000000000
125874  30.671  -20.277  69.213 0.0000000000
122642  30.908  -20.589  68.566 0.0000000000
42189  30.142  -19.705  69.567 0.0000000000
114278  28.577  -19.109  71.586 0.0000000000
43089  27.684  -18.941  70.448 0.0000000000
43068  27.543  -18.923  72.003 0.0000000000
43079  40.412  -19.194  70.746 0.0000000000
43913  40.285  -18.332  71.258 0.0000000000
43078  40.825  -19.407  70.073 0.0000000000
129421  40.926  -18.784  70.235 0.0000000000
42174  40.650  -19.859  69.941 0.0000000000
42186  41.186  -20.111  69.114 0.0000000000
113058  40.753  -20.065  69.549 0.0000000000
41306  38.839  -20.770  70.158 0.0000000000
41319  38.962  -20.549  69.409 0.0000000000
42202  38.717  -20.367  68.378 0.0000000000
41332  38.333  -20.704  69.095 0.0000000000
131931  36.735  -21.519  71.923 0.0000000000
41296  37.629  -21.252  71.352 0.0000000000
133447  36.999  -21.403  71.042 0.0000000000
41334  36.570  -21.220  68.862 0.0000000000
41348  36.938  -20.817  68.465 0.0000000000
42237  36.394  -20.469  66.975 0.0000000000
135520  34.305  -20.704  67.024 0.0000000000
41363  34.973  -20.653  67.042 0.0000000000
41364  34.096  -20.743  66.422 0.0000000000
41378  33.619  -21.053  65.769 0.0000000000
62243  44.160  0.594  43.909 0.0000000000
65597  54.939  5.306  53.688 0.0000000000
65587  54.948  5.206  54.303 0.0000000000
64775  54.361  4.314  55.080 0.0000000000
63915  53.976  3.813  54.866 0.0000000000
63916  53.277  3.275  55.438 0.0000000000
63029  52.678  2.923  55.209 0.0000000000
63021  52.833  2.714  55.632 0.0000000000
52807  48.247  -9.000  66.053 0.0000000000
117590  51.222  -6.728  63.554 0.0000000000
55439  51.348  -6.099  63.547 0.0000000000
55441  49.566  -6.190  64.050 0.0000000000
52864  49.762  -9.600  62.648 0.0000000000
53730  50.181  -9.020  63.323 0.0000000000
53733  47.588  -8.243  62.831 0.0000000000
54595  47.877  -7.448  63.303 0.0000000000
54596  47.011  -7.488  62.812 0.0000000000
54602  46.179  -7.621  61.850 0.0000000000
53747  46.272  -8.593  61.136 0.0000000000
133503  46.080  -8.635  58.648 0.0000000000
53773  45.858  -8.443  59.162 0.0000000000
53780  45.646  -8.333  58.366 0.0000000000
54622  44.833  -7.752  58.522 0.0000000000
54632  45.232  -8.067  57.528 0.0000000000
53794  45.228  -8.277  56.579 0.0000000000
53806  45.628  -8.905  56.390 0.0000000000
51966  45.210  -10.301  55.977 0.0000000000
52950  45.533  -9.578  56.113 0.0000000000
51977  44.380  -10.461  55.587 0.0000000000
118105  43.726  -10.789  55.091 0.0000000000
112509  43.864  -10.967  55.699 0.0000000000
50935  45.813  -11.412  58.266 0.0000000000
50012  42.531  -12.005  56.585 0.0000000000
50011  43.271  -11.658  56.874 0.0000000000
50025  42.474  -11.692  55.774 0.0000000000
49069  40.397  -13.676  56.510 0.0000000000
49083  39.940  -13.428  56.009 0.0000000000
49084  39.474  -13.868  55.708 0.0000000000
48119  39.141  -14.383  55.225 0.0000000000
46124  39.939  -17.128  56.975 0.0000000000
45033  40.650  -17.718  56.340 0.0000000000
45059  40.093  -18.658  54.513 0.0000000000
43282  38.912  -19.508  54.509 0.0000000000
117868  42.384  -21.917  53.232 0.0000000000
70892  55.318  10.588  39.422 0.0000000000
70899  55.165  10.625  38.431 0.0000000000
70029  54.893  10.036  38.976 0.0000000000
69179  53.471  8.531  37.883 0.0000000000
68320  54.626  7.789  36.808 0.0000000000
131744  53.467  5.805  37.493 0.0000000000
44073  30.919  -18.879  58.204 0.0000000000
44086  31.614  -18.676  57.648 0.0000000000
44087  30.871  -19.105  57.677 0.0000000000
41396  31.384  -21.101  64.046 0.0000000000
41397  30.786  -21.128  64.090 0.0000000000
42280  29.446  -20.636  63.465 0.0000000000
42279  30.250  -20.838  63.321 0.0000000000
43201  29.024  -20.135  61.956 0.0000000000
42257  27.785  -19.660  65.635 0.0000000000
42256  28.611  -19.937  65.238 0.0000000000
42270  27.721  -19.756  64.774 0.0000000000
43218  26.843  -19.824  61.839 0.0000000000
47939  43.124  -13.961  67.665 0.0000000000
48942  45.290  -13.652  64.795 0.0000000000
48928  43.960  -12.628  65.471 0.0000000000
49902  45.404  -12.486  65.172 0.0000000000
49901  46.306  -12.262  64.941 0.0000000000
46019  48.188  -15.830  64.651 0.0000000000
122666  48.284  -14.946  64.631 0.0000000000
46017  49.555  -16.522  64.096 0.0000000000
47067  49.200  -15.990  64.028 0.0000000000
46055  48.724  -16.053  63.399 0.0000000000
46066  48.249  -16.299  62.852 0.0000000000
44963  48.095  -16.872  62.912 0.0000000000
44012  47.348  -18.032  62.955 0.0000000000
44965  46.914  -17.874  62.497 0.0000000000
44971  45.541  -18.020  61.711 0.0000000000
44027  46.069  -18.405  62.244 0.0000000000
42261  45.173  -19.448  64.919 0.0000000000
43165  45.965  -19.210  64.545 0.0000000000
111785  45.487  -19.330  64.089 0.0000000000
120737  45.341  -19.296  62.614 0.0000000000
43209  44.856  -19.503  61.112 0.0000000000
43208  45.113  -19.485  61.013 0.0000000000
43220  44.821  -19.617  60.733 0.0000000000
119018  44.859  -19.456  59.898 0.0000000000
111869  44.510  -19.332  60.685 0.0000000000
44982  42.517  -18.104  60.101 0.0000000000
44996  42.332  -18.069  59.595 0.0000000000
45010  42.667  -18.417  58.662 0.0000000000
119444  41.113  -19.896  67.937 0.0000000000
114861  41.851  -19.772  67.714 0.0000000000
42211  41.556  -19.651  67.436 0.0000000000
43133  41.161  -19.266  66.561 0.0000000000
113942  41.415  -18.959  65.796 0.0000000000
43169  40.760  -18.620  65.211 0.0000000000
43172  37.476  -19.316  64.811 0.0000000000
43171  38.262  -19.062  65.100 0.0000000000
44018  39.171  -18.135  62.663 0.0000000000
44005  39.600  -18.364  63.615 0.0000000000
44017  40.182  -18.129  62.923 0.0000000000
133400  40.789  -18.162  63.144 0.0000000000
116131  41.072  -17.932  62.549 0.0000000000
44984  40.941  -17.023  60.558 0.0000000000
44998  40.504  -16.706  59.903 0.0000000000
46089  40.995  -16.928  59.227 0.0000000000
46090  40.169  -16.636  59.143 0.0000000000
115392  39.853  -16.674  58.414 0.0000000000
135602  39.473  -16.626  58.968 0.0000000000
46092  37.910  -16.776  58.962 0.0000000000
46102  38.408  -16.646  58.485 0.0000000000
123251  37.887  -16.619  58.214 0.0000000000
46126  38.067  -16.825  56.874 0.0000000000
46115  37.563  -16.688  57.557 0.0000000000
44988  35.915  -17.573  60.105 0.0000000000
45003  35.685  -17.366  59.152 0.0000000000
45026  35.137  -17.576  57.283 0.0000000000
45025  35.896  -17.147  57.413 0.0000000000
132377  36.211  -18.139  56.314 0.0000000000
124168  35.396  -18.037  56.622 0.0000000000
65701  49.895  4.508  41.408 0.0000000000
65712  48.984  4.717  40.826 0.0000000000
64084  47.548  2.973  39.953 0.0000000000
64915  48.222  3.538  39.569 0.0000000000
64916  47.572  3.156  38.887 0.0000000000
63194  46.951  1.027  40.738 0.0000000000
64078  47.028  2.194  40.335 0.0000000000
62261  46.491  0.780  39.809 0.0000000000
62266  46.892  0.354  38.677 0.0000000000
62249  43.787  -0.072  42.891 0.0000000000
62248  44.400  0.401  42.450 0.0000000000
61305  44.251  -0.515  42.320 0.0000000000
43874  31.705  -18.319  75.615 0.0000000000
42987  30.894  -18.897  76.651 0.0000000000
42088  30.461  -19.424  76.593 0.0000000000
42102  30.628  -19.899  76.449 0.0000000000
42089  30.034  -19.276  76.842 0.0000000000
42104  29.382  -19.644  76.253 0.0000000000
42115  29.079  -19.581  75.512 0.0000000000
42128  28.892  -19.361  74.573 0.0000000000
43024  28.232  -19.075  75.126 0.0000000000
43041  26.707  -18.713  74.483 0.0000000000
43040  27.583  -18.846  74.515 0.0000000000
43055  26.356  -18.841  73.573 0.0000000000
113581  26.879  -18.862  72.800 0.0000000000
43012  23.524  -18.947  76.320 0.0000000000
43866  23.718  -18.544  77.848 0.0000000000
42993  24.033  -18.634  76.988 0.0000000000
43865  24.618  -18.455  77.731 0.0000000000
42992  24.936  -18.599  76.960 0.0000000000
43010  25.333  -18.645  76.248 0.0000000000
43028  24.815  -18.863  75.540 0.0000000000
43043  24.899  -19.054  74.139 0.0000000000
43057  24.555  -19.125  73.381 0.0000000000
113297  25.090  -19.069  72.747 0.0000000000
112383  24.839  -19.098  72.010 0.0000000000
112381  24.691  -19.148  71.229 0.0000000000
43082  24.047  -19.223  71.782 0.0000000000
43092  23.263  -19.916  70.673 0.0000000000
42156  21.638  -20.861  72.338 0.0000000000
72730  57.134  13.164  41.306 0.0000000000
72719  56.841  12.399  41.117 0.0000000000
131679  57.118  12.664  41.902 0.0000000000
70868  57.277  11.625  42.510 0.0000000000
70869  56.572  10.811  41.844 0.0000000000
70009  55.258  9.538  40.840 0.0000000000
69996  56.370  9.710  41.970 0.0000000000
69973  57.753  11.108  43.705 0.0000000000
69974  57.545  10.272  43.777 0.0000000000
69123  55.393  8.384  42.635 0.0000000000
69122  56.029  8.912  43.013 0.0000000000
69132  55.336  8.532  41.959 0.0000000000
68266  54.342  7.687  42.210 0.0000000000
68259  54.101  7.041  42.656 0.0000000000
68267  53.432  7.514  41.996 0.0000000000
67353  52.577  6.876  42.045 0.0000000000
66512  53.245  5.949  43.572 0.0000000000
67345  52.001  6.136  42.430 0.0000000000
129716  51.633  5.454  42.574 0.0000000000
66525  51.039  4.959  42.278 0.0000000000
65691  51.601  4.782  42.975 0.0000000000
65692  51.011  4.062  42.631 0.0000000000
64890  51.108  3.479  43.110 0.0000000000
64891  50.568  3.297  42.610 0.0000000000
64880  50.830  2.930  43.360 0.0000000000
118195  52.473  3.698  45.440 0.0000000000
64871  52.338  3.644  44.880 0.0000000000
64864  52.135  2.901  45.490 0.0000000000
64055  50.362  2.483  43.767 0.0000000000
64043  49.689  2.265  44.187 0.0000000000
112364  49.245  2.385  45.764 0.0000000000
127552  48.324  2.323  44.677 0.0000000000
64045  47.624  2.323  44.963 0.0000000000
135076  53.603  5.446  49.306 0.0000000000
122680  53.444  3.975  49.784 0.0000000000
114058  52.817  3.036  49.166 0.0000000000
63964  52.752  3.464  51.628 0.0000000000
64825  52.910  3.211  50.627 0.0000000000
64815  52.106  3.296  50.933 0.0000000000
63989  49.990  2.592  49.247 0.0000000000
63999  50.984  2.414  48.904 0.0000000000
125719  50.726  2.162  48.365 0.0000000000
64011  47.661  2.589  47.364 0.0000000000
64025  46.736  2.415  46.147 0.0000000000
126362  46.025  2.167  46.685 0.0000000000
63140  45.519  1.647  47.062 0.0000000000
63130  45.349  1.078  47.780 0.0000000000
62197  44.630  0.520  47.491 0.0000000000
124083  44.977  0.523  48.197 0.0000000000
63088  47.154  0.900  50.106 0.0000000000
62148  46.884  0.382  50.317 0.0000000000
61221  44.794  -0.351  49.657 0.0000000000
62165  45.511  0.207  49.591 0.0000000000
61233  44.367  -0.032  48.186 0.0000000000
61142  52.601  0.436  57.627 0.0000000000
62087  52.366  0.486  57.340 0.0000000000
62096  52.418  1.155  56.553 0.0000000000
61154  51.577  0.359  56.704 0.0000000000
121630  50.516  -3.449  60.987 0.0000000000
57285  50.810  -3.182  60.957 0.0000000000
57293  50.632  -3.027  60.340 0.0000000000
58274  50.795  -2.568  60.093 0.0000000000
58275  50.887  -2.753  60.154 0.0000000000
57297  47.435  -4.366  60.402 0.0000000000
57296  48.424  -4.455  60.601 0.0000000000
57307  48.264  -4.023  59.992 0.0000000000
58316  49.151  -2.581  58.586 0.0000000000
58300  49.537  -3.131  59.348 0.0000000000
58298  50.776  -2.828  59.057 0.0000000000
58315  50.907  -2.467  58.735 0.0000000000
59257  51.080  -1.693  58.241 0.0000000000
115167  50.557  -1.918  58.319 0.0000000000
59268  49.783  -1.391  56.776 0.0000000000
60194  50.539  -1.127  57.213 0.0000000000
60203  50.114  -0.805  56.356 0.0000000000
61156  50.385  -0.181  55.898 0.0000000000
61157  49.692  -0.371  55.525 0.0000000000
61166  49.366  0.030  54.669 0.0000000000
61158  48.876  -0.587  55.215 0.0000000000
60207  46.848  -1.676  55.090 0.0000000000
60214  47.418  -1.372  54.643 0.0000000000
60222  47.256  -1.249  54.047 0.0000000000
60223  46.620  -1.328  53.700 0.0000000000
60224  45.873  -1.596  53.576 0.0000000000
58337  44.239  -2.964  56.029 0.0000000000
59273  45.107  -2.697  55.899 0.0000000000
59281  44.312  -2.755  55.360 0.0000000000
59298  44.125  -2.229  53.643 0.0000000000
60226  44.221  -1.947  52.950 0.0000000000
60239  43.984  -1.941  52.183 0.0000000000
60250  43.755  -1.687  51.384 0.0000000000
59309  43.250  -2.272  51.854 0.0000000000
59323  40.861  -2.746  51.200 0.0000000000
55535  40.764  -6.180  52.019 0.0000000000
55549  40.346  -6.475  51.141 0.0000000000
130364  40.268  -8.479  48.637 0.0000000000
53819  43.916  -8.661  54.907 0.0000000000
54664  43.496  -8.032  54.640 0.0000000000
53828  43.477  -8.737  54.288 0.0000000000
52008  42.060  -10.475  52.630 0.0000000000
52988  42.473  -9.851  52.697 0.0000000000
52989  41.947  -9.742  52.106 0.0000000000
53000  41.636  -9.234  51.459 0.0000000000
52022  41.307  -10.036  51.681 0.0000000000
121810  40.566  -11.285  52.545 0.0000000000
51010  39.452  -11.461  52.112 0.0000000000
52039  38.565  -10.803  50.320 0.0000000000
52038  39.450  -10.563  50.618 0.0000000000
128479  46.545  -15.824  62.192 0.0000000000
48035  45.789  -15.608  61.914 0.0000000000
47111  43.839  -15.613  59.929 0.0000000000
48073  43.430  -14.738  59.738 0.0000000000
46098  44.918  -17.532  57.750 0.0000000000
46110  44.292  -16.938  57.412 0.0000000000
47141  42.476  -15.814  56.985 0.0000000000
47134  41.700  -15.302  57.436 0.0000000000
47143  40.880  -15.355  56.352 0.0000000000
47158  39.935  -15.762  55.061 0.0000000000
47151  40.220  -15.396  55.818 0.0000000000
47159  39.351  -15.541  54.564 0.0000000000
123135  42.878  -19.291  55.493 0.0000000000
44118  44.062  -19.399  53.554 0.0000000000
45080  42.478  -18.778  52.326 0.0000000000
42385  40.369  -20.518  51.802 0.0000000000
43308  41.648  -19.675  51.668 0.0000000000
43309  40.715  -19.625  51.629 0.0000000000
119087  39.631  -17.981  51.484 0.0000000000
45094  40.753  -18.430  51.716 0.0000000000
45071  40.547  -17.354  52.743 0.0000000000
46174  38.180  -16.816  51.477 0.0000000000
46161  38.727  -16.403  51.976 0.0000000000
47179  38.299  -15.573  52.457 0.0000000000
70904  55.224  10.378  37.401 0.0000000000
70048  55.239  9.680  36.777 0.0000000000
68319  56.503  7.858  36.260 0.0000000000
131309  56.982  8.601  36.084 0.0000000000
65720  49.150  4.707  39.003 0.0000000000
65742  49.034  4.125  37.725 0.0000000000
41261  34.292  -21.403  74.383 0.0000000000
40479  33.789  -21.689  73.679 0.0000000000
41248  33.645  -21.210  74.804 0.0000000000
41236  33.250  -21.074  75.364 0.0000000000
41237  32.728  -20.757  75.501 0.0000000000
47990  49.531  -13.844  64.196 0.0000000000
49899  49.196  -12.820  64.736 0.0000000000
48951  49.959  -13.083  64.045 0.0000000000
48950  50.204  -12.849  63.485 0.0000000000
130803  50.276  -12.439  62.788 0.0000000000
49929  50.328  -11.876  62.484 0.0000000000
116765  49.343  -12.531  62.086 0.0000000000
49938  48.630  -12.785  61.657 0.0000000000
134021  48.252  -12.591  61.240 0.0000000000
113678  47.187  -12.853  61.129 0.0000000000
48998  46.420  -13.486  61.134 0.0000000000
67384  50.466  6.389  39.592 0.0000000000
43213  32.522  -19.587  61.465 0.0000000000
43200  32.269  -19.988  62.319 0.0000000000
42288  31.335  -20.384  62.314 0.0000000000
115756  27.474  -18.963  68.643 0.0000000000
125472  26.641  -19.044  68.267 0.0000000000
128469  26.021  -19.158  67.873 0.0000000000
113745  25.306  -19.343  67.882 0.0000000000
43114  24.812  -19.359  68.706 0.0000000000
43104  24.103  -19.501  69.177 0.0000000000
45961  42.384  -16.807  68.967 0.0000000000
45973  42.658  -16.718  68.226 0.0000000000
44885  43.506  -17.986  68.201 0.0000000000
43956  43.944  -18.750  68.187 0.0000000000
43955  44.300  -18.849  67.823 0.0000000000
126467  44.423  -19.102  67.288 0.0000000000
42231  42.714  -19.579  66.663 0.0000000000
120973  35.047  -20.142  65.050 0.0000000000
42263  35.757  -19.871  64.844 0.0000000000
42274  35.106  -19.853  64.206 0.0000000000
133634  35.145  -19.154  62.782 0.0000000000
111726  34.582  -19.146  62.406 0.0000000000
63176  46.691  1.468  43.212 0.0000000000
62254  45.539  0.060  41.596 0.0000000000
42106  19.582  -20.516  76.291 0.0000000000
66470  52.557  5.298  48.201 0.0000000000
63922  52.997  3.111  54.342 0.0000000000
63932  52.811  3.119  53.652 0.0000000000
63933  50.990  2.355  53.556 0.0000000000
63042  50.305  1.717  53.448 0.0000000000
63043  49.596  1.306  53.245 0.0000000000
62116  49.279  0.736  53.595 0.0000000000
62108  49.281  0.361  54.026 0.0000000000
55472  44.090  -6.509  59.619 0.0000000000
56418  44.637  -6.003  60.219 0.0000000000
55473  43.617  -6.096  59.025 0.0000000000
56431  43.830  -5.247  58.834 0.0000000000
57323  43.737  -4.878  58.061 0.0000000000
57334  43.569  -4.500  57.327 0.0000000000
56439  43.386  -5.427  57.517 0.0000000000
55494  42.828  -6.002  56.104 0.0000000000
129389  42.491  -5.782  55.489 0.0000000000
56466  42.210  -6.015  54.854 0.0000000000
55513  42.430  -6.986  54.567 0.0000000000
54675  42.575  -7.607  53.923 0.0000000000
44069  43.639  -19.570  57.856 0.0000000000
73686  57.448  13.898  38.262 0.0000000000
120249  56.575  12.413  37.931 0.0000000000
40552  32.791  -21.451  67.064 0.0000000000
40541  33.194  -21.267  67.836 0.0000000000
40532  32.707  -21.274  68.499 0.0000000000
40525  32.238  -21.228  69.063 0.0000000000
41287  32.013  -21.075  71.965 0.0000000000
41297  31.975  -20.955  71.056 0.0000000000
41298  31.244  -20.694  71.526 0.0000000000
42176  30.617  -20.208  71.062 0.0000000000
42177  30.029  -19.706  70.542 0.0000000000
42165  29.797  -19.772  71.564 0.0000000000
43080  29.193  -19.360  72.146 0.0000000000
42162  39.802  -20.137  71.080 0.0000000000
129336  39.826  -20.394  70.605 0.0000000000
122070  40.173  -20.317  70.003 0.0000000000
42175  39.386  -20.609  70.399 0.0000000000
41307  38.217  -21.118  70.530 0.0000000000
131788  35.329  -21.714  71.404 0.0000000000
41309  36.167  -21.480  70.172 0.0000000000
41310  35.478  -21.479  69.898 0.0000000000
41335  35.797  -21.354  68.504 0.0000000000
41350  35.457  -21.117  67.747 0.0000000000
41336  34.969  -21.301  68.345 0.0000000000
52805  49.075  -9.475  65.813 0.0000000000
122912  49.092  -9.017  66.315 0.0000000000
53684  49.766  -7.786  66.737 0.0000000000
55429  51.699  -5.882  64.536 0.0000000000
55435  51.769  -6.263  63.811 0.0000000000
54586  51.332  -7.356  63.760 0.0000000000
51881  48.745  -10.580  61.334 0.0000000000
52876  48.291  -9.859  61.807 0.0000000000
52890  47.812  -10.274  61.061 0.0000000000
52877  47.471  -9.553  61.424 0.0000000000
53760  46.840  -9.286  60.698 0.0000000000
53772  46.449  -8.923  58.976 0.0000000000
52938  46.309  -9.252  57.209 0.0000000000
51964  46.565  -9.955  57.001 0.0000000000
51965  45.967  -10.236  56.603 0.0000000000
50960  45.309  -10.781  56.608 0.0000000000
49989  43.909  -12.296  58.303 0.0000000000
50001  42.712  -12.415  57.403 0.0000000000
50002  41.937  -12.865  57.086 0.0000000000
49056  40.805  -14.007  57.017 0.0000000000
45060  39.051  -18.432  54.883 0.0000000000
70023  54.365  9.473  39.157 0.0000000000
67403  51.908  6.183  37.732 0.0000000000
67402  52.744  6.409  37.664 0.0000000000
115337  31.105  -21.272  65.460 0.0000000000
41390  30.739  -21.164  64.877 0.0000000000
41391  30.143  -20.716  64.932 0.0000000000
42268  29.374  -20.569  64.254 0.0000000000
43175  26.977  -19.560  64.192 0.0000000000
43191  26.535  -19.764  63.628 0.0000000000
42292  26.372  -20.303  62.269 0.0000000000
47016  43.674  -15.114  66.419 0.0000000000
47962  43.644  -14.312  65.753 0.0000000000
135524  44.026  -14.421  65.402 0.0000000000
47978  44.818  -14.604  65.137 0.0000000000
124202  46.546  -14.232  64.688 0.0000000000
133736  47.164  -14.578  64.727 0.0000000000
47976  46.825  -15.180  64.904 0.0000000000
47037  47.749  -15.532  64.770 0.0000000000
44941  48.146  -17.048  64.418 0.0000000000
43998  48.270  -17.237  63.603 0.0000000000
122939  48.095  -17.531  64.070 0.0000000000
43999  47.641  -18.045  63.628 0.0000000000
44000  46.940  -18.623  63.320 0.0000000000
43166  44.419  -19.261  64.401 0.0000000000
43181  44.904  -19.295  63.304 0.0000000000
44001  44.353  -18.794  63.201 0.0000000000
44014  44.077  -18.526  62.578 0.0000000000
43210  44.515  -18.979  61.487 0.0000000000
44972  42.351  -17.822  60.882 0.0000000000
42234  39.871  -19.619  67.521 0.0000000000
42233  40.888  -19.544  67.266 0.0000000000
44007  37.831  -18.686  63.307 0.0000000000
44019  38.317  -18.369  62.799 0.0000000000
44975  39.717  -17.490  61.306 0.0000000000
45000  38.528  -16.986  59.726 0.0000000000
45013  37.098  -16.911  59.029 0.0000000000
44058  34.348  -18.047  59.572 0.0000000000
45004  34.860  -17.675  58.843 0.0000000000
45016  34.565  -17.651  57.785 0.0000000000
45038  35.018  -17.830  56.884 0.0000000000
64908  48.761  3.873  41.166 0.0000000000
61322  46.562  -0.884  39.461 0.0000000000
116819  46.540  0.041  39.426 0.0000000000
42991  27.943  -18.599  77.529 0.0000000000
43008  27.896  -18.869  76.614 0.0000000000
129821  27.839  -18.984  75.828 0.0000000000
43025  27.169  -18.741  76.016 0.0000000000
43026  26.525  -18.657  75.384 0.0000000000
42995  22.316  -18.860  77.313 0.0000000000
132591  22.919  -19.031  76.399 0.0000000000
43029  23.872  -19.060  75.569 0.0000000000
43058  23.679  -19.255  73.257 0.0000000000
43072  23.356  -19.421  72.411 0.0000000000
43073  22.817  -19.756  71.950 0.0000000000
72706  58.814  12.486  42.163 0.0000000000
71769  57.778  12.005  42.857 0.0000000000
70856  57.558  11.312  42.954 0.0000000000
69110  57.150  9.164  44.254 0.0000000000
68257  55.021  7.746  43.084 0.0000000000
67343  54.318  6.795  43.317 0.0000000000
67324  53.838  6.286  44.498 0.0000000000
125886  52.166  4.625  43.708 0.0000000000
64878  51.989  3.849  44.145 0.0000000000
115887  49.973  2.188  45.160 0.0000000000
113553  50.102  2.253  46.042 0.0000000000
66447  55.253  5.711  50.591 0.0000000000
130951  54.653  5.484  50.498 0.0000000000
64823  53.570  4.519  50.356 0.0000000000
63978  50.449  2.679  50.702 0.0000000000
63977  51.475  3.039  50.280 0.0000000000
120327  50.004  2.530  50.095 0.0000000000
128211  48.833  2.436  48.153 0.0000000000
64001  46.840  2.333  47.848 0.0000000000
63117  46.579  1.839  48.586 0.0000000000
62135  47.047  -0.055  50.842 0.0000000000
61207  46.309  -0.140  50.589 0.0000000000
61208  45.552  -0.203  50.201 0.0000000000
61222  43.987  -0.750  49.329 0.0000000000
61209  44.125  -0.911  50.150 0.0000000000
60278  43.269  -1.023  49.878 0.0000000000
61130  52.282  -0.172  57.913 0.0000000000
61132  52.011  -0.767  57.779 0.0000000000
56401  49.962  -4.271  62.695 0.0000000000
57279  50.356  -4.026  62.796 0.0000000000
127614  49.705  -4.012  61.604 0.0000000000
57294  49.791  -4.153  60.629 0.0000000000
57320  47.474  -4.079  58.484 0.0000000000
57319  48.194  -4.070  59.010 0.0000000000
58302  47.889  -3.705  58.235 0.0000000000
118100  49.703  -2.072  58.120 0.0000000000
59259  48.786  -2.287  57.752 0.0000000000
59270  48.483  -2.081  56.945 0.0000000000
60195  48.917  -1.586  56.482 0.0000000000
60205  48.521  -1.357  55.683 0.0000000000
59279  46.780  -1.911  55.613 0.0000000000
59286  46.116  -2.170  55.090 0.0000000000
58348  42.997  -3.093  55.148 0.0000000000
59282  43.703  -2.943  55.001 0.0000000000
133692  42.499  -3.000  54.209 0.0000000000
59300  42.755  -2.762  53.731 0.0000000000
125419  42.443  -2.962  52.999 0.0000000000
117648  42.615  -2.564  52.321 0.0000000000
58369  41.866  -2.971  52.420 0.0000000000
58384  41.051  -3.118  51.962 0.0000000000
57420  40.205  -4.059  50.900 0.0000000000
127840  39.726  -5.413  50.329 0.0000000000
54704  40.447  -7.146  50.561 0.0000000000
131941  41.013  -7.881  50.568 0.0000000000
53870  40.449  -8.438  49.309 0.0000000000
51986  43.455  -10.428  54.440 0.0000000000
52979  43.295  -9.612  54.019 0.0000000000
52000  43.032  -10.333  53.815 0.0000000000
52001  42.575  -10.562  53.301 0.0000000000
52009  41.413  -10.909  52.610 0.0000000000
51032  38.072  -11.204  50.938 0.0000000000
46078  45.225  -17.257  61.486 0.0000000000
47101  45.163  -16.409  61.715 0.0000000000
46079  44.795  -16.673  61.018 0.0000000000
124639  44.533  -16.946  60.280 0.0000000000
47118  44.192  -16.592  59.599 0.0000000000
46121  43.706  -17.348  56.128 0.0000000000
46122  42.836  -16.376  56.269 0.0000000000
47150  41.372  -15.905  55.689 0.0000000000
46140  40.405  -16.211  54.110 0.0000000000
44119  42.869  -19.396  53.750 0.0000000000
69191  54.909  8.449  36.669 0.0000000000
69190  55.433  8.790  36.477 0.0000000000
64938  48.313  3.170  37.386 0.0000000000
64937  49.006  3.587  37.217 0.0000000000
64947  48.848  2.864  36.829 0.0000000000
40511  34.086  -21.754  70.702 0.0000000000
133686  33.678  -21.648  70.358 0.0000000000
128179  33.593  -21.707  71.600 0.0000000000
40502  33.211  -21.720  71.924 0.0000000000
40492  32.670  -21.560  72.358 0.0000000000
40480  33.286  -21.714  73.465 0.0000000000
40481  32.679  -21.690  73.214 0.0000000000
41275  31.939  -21.367  72.872 0.0000000000
41276  31.189  -21.104  73.319 0.0000000000
132185  30.612  -20.643  73.774 0.0000000000
40476  36.058  -21.673  72.636 0.0000000000
40498  35.733  -21.727  71.957 0.0000000000
40499  35.004  -21.971  71.941 0.0000000000
116482  34.643  -21.758  71.213 0.0000000000
51819  46.938  -9.944  65.695 0.0000000000
51818  47.772  -10.299  65.612 0.0000000000
51817  47.947  -10.776  65.422 0.0000000000
50813  48.601  -10.305  65.356 0.0000000000
49881  49.286  -12.072  64.789 0.0000000000
50829  48.867  -11.103  65.011 0.0000000000
50812  48.959  -9.949  65.243 0.0000000000
51799  49.613  -10.268  65.234 0.0000000000
127479  51.006  -10.133  65.106 0.0000000000
121702  51.254  -9.414  64.230 0.0000000000
53717  51.009  -9.277  63.808 0.0000000000
52850  50.794  -10.026  63.358 0.0000000000
51866  50.081  -10.507  62.342 0.0000000000
50891  50.061  -11.757  62.197 0.0000000000
50892  49.675  -11.525  61.766 0.0000000000
51900  48.112  -10.857  60.712 0.0000000000
51914  47.721  -10.935  59.988 0.0000000000
50933  47.396  -11.211  58.969 0.0000000000
51933  47.223  -11.041  58.487 0.0000000000
50913  47.178  -11.405  58.896 0.0000000000
50914  46.382  -11.663  58.984 0.0000000000
49988  45.305  -11.943  59.160 0.0000000000
49969  45.937  -12.391  59.883 0.0000000000
49970  44.282  -12.473  59.229 0.0000000000
49022  43.570  -13.385  59.522 0.0000000000
49023  42.962  -14.003  59.425 0.0000000000
44111  37.022  -18.254  55.895 0.0000000000
44110  37.480  -18.665  55.365 0.0000000000
42337  38.623  -20.851  55.654 0.0000000000
69147  53.405  8.687  40.583 0.0000000000
68293  52.299  8.123  39.348 0.0000000000
67390  51.472  6.626  38.325 0.0000000000
66571  51.642  5.398  37.607 0.0000000000
44071  32.325  -18.332  58.036 0.0000000000
44060  32.513  -18.544  59.147 0.0000000000
44061  31.660  -18.836  59.458 0.0000000000
44062  31.165  -18.949  58.964 0.0000000000
111844  31.936  -19.453  60.811 0.0000000000
43222  31.405  -19.225  60.175 0.0000000000
43235  31.070  -19.174  59.567 0.0000000000
134456  29.845  -19.627  59.544 0.0000000000
43225  28.637  -19.875  60.482 0.0000000000
41370  29.549  -20.175  66.289 0.0000000000
117478  28.915  -19.832  66.786 0.0000000000
42240  27.986  -19.536  66.463 0.0000000000
43122  27.423  -19.074  67.767 0.0000000000
117504  27.089  -19.392  66.127 0.0000000000
43177  25.528  -19.951  64.699 0.0000000000
113636  24.865  -19.598  67.071 0.0000000000
42241  24.073  -20.474  66.011 0.0000000000
47007  42.915  -15.953  67.601 0.0000000000
128637  43.657  -15.789  66.911 0.0000000000
47024  44.236  -16.063  66.120 0.0000000000
46004  45.481  -17.406  66.079 0.0000000000
127975  46.110  -17.471  65.928 0.0000000000
44931  46.291  -17.754  65.781 0.0000000000
43971  45.938  -18.524  65.956 0.0000000000
43130  45.494  -19.099  65.971 0.0000000000
42246  44.500  -19.506  65.446 0.0000000000
43132  44.116  -19.529  66.433 0.0000000000
42247  43.933  -19.514  65.828 0.0000000000
117432  43.644  -19.343  64.852 0.0000000000
129911  43.315  -19.043  64.407 0.0000000000
43183  42.668  -18.864  64.295 0.0000000000
42251  37.537  -19.717  66.254 0.0000000000
43185  37.167  -19.081  63.909 0.0000000000
133197  36.555  -19.280  64.016 0.0000000000
44008  37.115  -18.725  63.124 0.0000000000
44033  36.981  -18.147  61.961 0.0000000000
44978  36.899  -17.872  61.280 0.0000000000
44043  36.109  -17.912  60.957 0.0000000000
44044  35.319  -18.017  60.614 0.0000000000
44036  34.625  -18.728  61.692 0.0000000000
44045  34.636  -18.344  60.972 0.0000000000
133760  34.661  -18.103  60.299 0.0000000000
44059  33.511  -18.330  59.373 0.0000000000
64067  48.871  2.076  42.415 0.0000000000
63189  48.275  1.662  42.168 0.0000000000
114598  47.072  0.841  41.990 0.0000000000
63191  46.807  0.456  41.372 0.0000000000
61319  46.299  -0.604  40.152 0.0000000000
42996  21.489  -19.141  77.242 0.0000000000
43014  21.316  -19.493  76.408 0.0000000000
133333  21.043  -20.297  74.492 0.0000000000
42144  20.701  -21.262  73.474 0.0000000000
41252  19.854  -21.294  74.703 0.0000000000
65671  52.600  4.364  45.031 0.0000000000
65662  52.409  4.166  46.203 0.0000000000
65654  52.118  5.050  46.676 0.0000000000
64856  52.337  3.336  46.769 0.0000000000
64849  51.850  2.954  47.162 0.0000000000
64798  54.453  5.204  52.690 0.0000000000
120970  53.657  4.802  52.292 0.0000000000
113925  53.036  3.883  52.339 0.0000000000
63946  52.934  3.513  52.400 0.0000000000
112751  51.685  3.333  52.000 0.0000000000
63966  50.338  2.758  51.584 0.0000000000
63980  48.683  2.229  50.883 0.0000000000
63087  48.020  2.077  50.619 0.0000000000
62133  47.764  0.908  51.602 0.0000000000
62134  47.477  0.271  51.027 0.0000000000
61194  47.056  -0.249  51.620 0.0000000000
61188  46.595  -0.768  52.197 0.0000000000
60153  51.930  -1.170  59.863 0.0000000000
56405  47.435  -5.375  61.734 0.0000000000
56404  48.289  -5.151  61.924 0.0000000000
57288  46.978  -4.816  61.155 0.0000000000
57309  46.531  -4.321  59.689 0.0000000000
56425  45.064  -5.065  59.883 0.0000000000
58303  46.725  -3.880  58.201 0.0000000000
128261  46.193  -3.559  57.704 0.0000000000
58327  46.008  -3.195  57.106 0.0000000000
58328  45.311  -3.148  56.762 0.0000000000
58329  44.535  -3.211  56.561 0.0000000000
58330  43.777  -3.416  56.398 0.0000000000
57344  43.390  -4.087  56.638 0.0000000000
58331  43.264  -3.750  56.076 0.0000000000
58339  42.670  -3.682  55.510 0.0000000000
58340  41.985  -3.891  55.050 0.0000000000
58350  41.697  -3.844  54.419 0.0000000000
57393  41.278  -4.608  53.119 0.0000000000
55548  41.393  -6.899  52.397 0.0000000000
55525  41.781  -6.685  53.207 0.0000000000
51001  41.221  -11.336  53.210 0.0000000000
51002  40.322  -11.736  53.344 0.0000000000
122372  37.528  -11.683  51.542 0.0000000000
44054  45.092  -19.394  59.055 0.0000000000
44995  45.447  -18.566  58.732 0.0000000000
44067  45.318  -19.418  58.272 0.0000000000
134050  44.975  -18.388  57.465 0.0000000000
45021  44.577  -17.925  57.120 0.0000000000
42372  41.970  -21.588  52.523 0.0000000000
42373  41.148  -21.395  52.092 0.0000000000
133583  38.436  -19.811  51.437 0.0000000000
72769  57.812  12.912  36.838 0.0000000000
112350  57.856  10.808  36.215 0.0000000000
112353  58.006  9.989  36.069 0.0000000000
135523  57.727  8.664  36.292 0.0000000000
66568  55.939  5.366  37.219 0.0000000000
42265  33.251  -20.874  64.363 0.0000000000
42266  32.667  -20.939  64.183 0.0000000000
41388  32.736  -21.096  64.864 0.0000000000
123702  32.114  -21.211  65.316 0.0000000000
41380  31.589  -21.284  65.660 0.0000000000
41366  31.851  -21.387  66.222 0.0000000000
41367  31.292  -21.221  66.140 0.0000000000
41368  30.995  -20.905  66.546 0.0000000000
41354  30.494  -20.567  67.124 0.0000000000
40513  33.162  -21.503  70.463 0.0000000000
119594  32.574  -21.337  69.901 0.0000000000
41311  31.857  -20.953  70.244 0.0000000000
41324  31.525  -20.936  68.573 0.0000000000
41339  31.168  -20.742  67.889 0.0000000000
41340  30.630  -20.563  67.822 0.0000000000
42217  29.864  -20.262  67.722 0.0000000000
125926  29.257  -19.681  68.285 0.0000000000
42178  29.352  -19.357  70.110 0.0000000000
43099  28.477  -19.155  69.816 0.0000000000
43923  41.215  -18.065  70.083 0.0000000000
43077  41.580  -19.037  69.754 0.0000000000
43098  42.182  -19.468  69.177 0.0000000000
43112  42.585  -19.735  68.464 0.0000000000
42185  41.857  -19.931  68.832 0.0000000000
42200  41.279  -20.022  68.418 0.0000000000
41331  40.338  -20.198  68.408 0.0000000000
41318  39.731  -20.473  68.999 0.0000000000
132860  39.920  -20.154  68.218 0.0000000000
42213  39.432  -20.090  68.056 0.0000000000
42214  38.498  -20.143  67.866 0.0000000000
113766  37.746  -20.205  67.587 0.0000000000
41321  37.822  -21.191  69.788 0.0000000000
112164  36.983  -21.386  69.692 0.0000000000
42236  37.193  -20.035  67.000 0.0000000000
42238  35.731  -20.369  66.295 0.0000000000
41376  34.919  -20.543  66.331 0.0000000000
42253  35.001  -20.398  65.693 0.0000000000
42254  34.484  -20.494  65.194 0.0000000000
41386  33.943  -20.746  65.315 0.0000000000
63163  45.479  1.514  44.493 0.0000000000
63164  44.817  1.080  44.220 0.0000000000
117085  43.975  0.523  43.104 0.0000000000
67262  55.735  6.399  50.734 0.0000000000
65618  56.079  5.243  51.386 0.0000000000
65605  56.147  5.015  52.198 0.0000000000
66423  56.310  5.687  52.721 0.0000000000
65606  55.353  5.421  52.854 0.0000000000
64786  54.428  4.510  53.550 0.0000000000
64780  54.101  3.770  54.274 0.0000000000
129236  54.494  4.244  54.632 0.0000000000
63930  53.641  3.316  54.075 0.0000000000
63030  52.047  2.657  55.027 0.0000000000
62105  51.521  1.715  55.292 0.0000000000
55447  50.531  -4.936  63.526 0.0000000000
125746  49.796  -5.127  63.492 0.0000000000
55448  48.999  -5.479  63.139 0.0000000000
52851  50.675  -9.216  63.617 0.0000000000
53719  49.731  -8.129  64.144 0.0000000000
52865  48.827  -9.331  62.515 0.0000000000
54589  48.611  -7.566  63.598 0.0000000000
56392  47.651  -5.752  62.447 0.0000000000
133361  46.844  -6.412  62.173 0.0000000000
55457  45.933  -6.502  61.570 0.0000000000
54609  45.653  -8.063  60.892 0.0000000000
54610  45.127  -7.437  60.576 0.0000000000
54611  44.577  -6.907  60.202 0.0000000000
54618  44.401  -7.332  59.362 0.0000000000
54623  44.249  -7.342  58.066 0.0000000000
54642  44.508  -7.913  56.021 0.0000000000
53818  44.499  -8.668  55.408 0.0000000000
132820  44.204  -9.347  55.121 0.0000000000
52957  44.837  -9.655  55.509 0.0000000000
50987  43.159  -11.069  54.606 0.0000000000
50945  46.271  -10.938  57.511 0.0000000000
50946  46.016  -10.824  56.954 0.0000000000
50948  44.560  -11.131  56.877 0.0000000000
50947  44.371  -11.670  57.567 0.0000000000
50961  43.907  -11.172  56.422 0.0000000000
134897  42.958  -11.382  55.421 0.0000000000
50974  42.656  -11.435  54.973 0.0000000000
50975  41.809  -11.597  54.573 0.0000000000
50027  40.968  -12.183  55.048 0.0000000000
50039  40.253  -12.476  54.705 0.0000000000
50014  40.826  -12.751  55.996 0.0000000000
48120  39.031  -13.614  54.839 0.0000000000
45032  41.833  -18.300  56.435 0.0000000000
45058  40.625  -18.517  54.949 0.0000000000
44120  41.442  -19.138  54.289 0.0000000000
43291  42.386  -20.387  52.954 0.0000000000
42361  42.220  -21.098  52.833 0.0000000000
44122  38.069  -19.094  54.885 0.0000000000
43281  40.073  -20.015  53.903 0.0000000000
126275  40.612  -20.848  53.858 0.0000000000
42362  41.938  -20.924  53.364 0.0000000000
71806  56.321  11.994  39.652 0.0000000000
71807  55.706  11.469  38.903 0.0000000000
70900  54.812  9.692  37.245 0.0000000000
117124  54.475  9.303  37.511 0.0000000000
69168  52.913  8.372  38.567 0.0000000000
68300  53.008  7.986  37.896 0.0000000000
128174  54.219  6.111  37.279 0.0000000000
42344  31.873  -19.428  56.890 0.0000000000
42277  32.034  -20.672  63.682 0.0000000000
42289  30.504  -20.598  62.456 0.0000000000
42296  29.931  -20.252  61.773 0.0000000000
43215  29.306  -19.931  61.128 0.0000000000
41383  29.324  -20.096  65.631 0.0000000000
42269  28.604  -20.107  64.462 0.0000000000
42281  28.640  -20.224  63.639 0.0000000000
43190  27.099  -19.592  63.272 0.0000000000
43189  27.907  -19.847  62.999 0.0000000000
43202  28.088  -19.796  62.137 0.0000000000
43226  27.694  -19.886  60.760 0.0000000000
48929  43.484  -13.601  65.853 0.0000000000
50834  45.152  -10.462  66.078 0.0000000000
50833  46.226  -10.593  65.423 0.0000000000
49884  46.820  -11.587  65.000 0.0000000000
50848  47.831  -11.884  65.103 0.0000000000
129891  48.286  -12.702  64.978 0.0000000000
48940  47.418  -13.825  64.673 0.0000000000
47974  48.330  -14.002  64.702 0.0000000000
48938  49.001  -13.517  64.734 0.0000000000
47050  49.411  -14.778  63.977 0.0000000000
47068  49.192  -15.157  63.633 0.0000000000
123638  48.189  -15.196  62.608 0.0000000000
47099  47.924  -15.351  62.545 0.0000000000
46075  47.996  -15.887  62.651 0.0000000000
116160  47.645  -16.019  62.540 0.0000000000
46076  46.958  -16.399  62.302 0.0000000000
44964  47.601  -17.297  62.738 0.0000000000
44969  47.047  -17.125  62.355 0.0000000000
46077  46.135  -17.102  62.034 0.0000000000
44980  45.166  -18.399  60.728 0.0000000000
43146  46.514  -18.632  64.664 0.0000000000
43179  46.276  -19.333  63.377 0.0000000000
43195  45.761  -19.238  62.562 0.0000000000
44028  45.266  -18.698  61.778 0.0000000000
44055  44.501  -19.631  58.974 0.0000000000
120034  43.711  -19.499  58.557 0.0000000000
45011  41.647  -17.530  58.362 0.0000000000
42210  42.340  -19.616  67.165 0.0000000000
42250  42.475  -19.499  66.533 0.0000000000
116708  42.211  -19.086  65.477 0.0000000000
132758  42.303  -18.919  64.786 0.0000000000
44003  41.912  -18.726  64.190 0.0000000000
114834  38.974  -18.925  65.464 0.0000000000
43170  39.796  -18.703  65.349 0.0000000000
43990  40.117  -18.484  64.461 0.0000000000
43989  41.077  -18.451  64.357 0.0000000000
44973  41.434  -17.403  61.145 0.0000000000
44974  40.523  -17.403  61.247 0.0000000000
45012  41.034  -17.282  57.835 0.0000000000
46112  40.294  -16.957  57.756 0.0000000000
46101  39.062  -16.649  58.399 0.0000000000
46125  38.989  -16.867  56.904 0.0000000000
45014  36.337  -16.973  58.425 0.0000000000
45037  37.017  -17.602  56.273 0.0000000000
43262  35.527  -18.723  56.517 0.0000000000
129739  35.698  -19.506  56.601 0.0000000000
42339  36.242  -20.065  56.617 0.0000000000
120319  48.839  4.714  39.922 0.0000000000
65713  48.621  4.060  40.283 0.0000000000
64924  48.241  3.695  38.552 0.0000000000
62267  46.591  1.057  39.064 0.0000000000
63205  46.812  1.904  38.835 0.0000000000
131862  47.169  1.214  38.344 0.0000000000
135398  44.911  0.327  41.976 0.0000000000
123370  44.982  -2.154  41.258 0.0000000000
116862  33.074  -19.471  75.290 0.0000000000
115602  32.240  -20.151  75.555 0.0000000000
43005  31.610  -19.465  75.783 0.0000000000
41238  31.962  -20.466  75.541 0.0000000000
41239  31.177  -20.382  75.986 0.0000000000
41251  31.050  -20.692  75.435 0.0000000000
42126  30.287  -20.444  75.280 0.0000000000
42103  29.819  -19.882  76.334 0.0000000000
42114  29.785  -20.058  75.796 0.0000000000
42140  29.427  -19.660  74.014 0.0000000000
42141  28.808  -19.239  73.829 0.0000000000
43053  28.293  -19.027  73.351 0.0000000000
118273  27.713  -18.880  72.865 0.0000000000
112384  26.354  -18.952  71.914 0.0000000000
112382  26.141  -19.005  70.944 0.0000000000
43863  26.049  -18.352  77.985 0.0000000000
113496  25.919  -18.431  77.058 0.0000000000
43027  25.697  -18.679  75.521 0.0000000000
117349  24.356  -19.088  74.818 0.0000000000
43042  25.777  -18.858  74.232 0.0000000000
43070  25.536  -19.028  72.197 0.0000000000
129925  25.331  -19.106  70.717 0.0000000000
112528  24.575  -19.203  70.418 0.0000000000
113436  23.809  -19.491  69.962 0.0000000000
73665  56.906  13.500  40.273 0.0000000000
70881  55.499  10.401  40.430 0.0000000000
71781  56.798  11.897  41.721 0.0000000000
70880  56.125  11.076  41.001 0.0000000000
69146  54.327  8.703  40.941 0.0000000000
128006  57.931  11.993  43.156 0.0000000000
70855  57.712  11.600  43.178 0.0000000000
69986  56.585  9.645  42.657 0.0000000000
69997  55.703  9.134  41.602 0.0000000000
68278  52.967  8.170  41.121 0.0000000000
67366  51.929  7.198  41.114 0.0000000000
68240  55.455  7.641  44.613 0.0000000000
67344  53.735  6.489  43.097 0.0000000000
67334  53.885  6.324  43.835 0.0000000000
66532  50.383  5.311  41.468 0.0000000000
64903  50.094  3.682  41.908 0.0000000000
64892  49.895  2.916  42.280 0.0000000000
64066  49.532  2.365  42.667 0.0000000000
130776  49.110  1.987  42.977 0.0000000000
63174  48.486  1.874  43.280 0.0000000000
64044  48.811  2.192  44.054 0.0000000000
63162  46.265  1.923  44.760 0.0000000000
66469  53.260  4.958  49.000 0.0000000000
65639  53.492  4.452  49.324 0.0000000000
64840  52.758  3.486  48.502 0.0000000000
64842  51.751  2.930  47.911 0.0000000000
63998  51.417  2.466  48.460 0.0000000000
64008  51.275  2.460  47.665 0.0000000000
64022  49.399  2.464  46.662 0.0000000000
129804  48.694  2.529  47.345 0.0000000000
64023  48.471  2.569  46.483 0.0000000000
64035  47.387  2.455  45.655 0.0000000000
64036  46.856  2.253  45.314 0.0000000000
63151  45.518  1.607  45.375 0.0000000000
63103  46.570  1.066  49.312 0.0000000000
62164  46.001  0.623  49.177 0.0000000000
62181  45.491  0.721  48.524 0.0000000000
134728  52.935  2.547  56.052 0.0000000000
62095  52.684  1.908  56.289 0.0000000000
117353  51.298  0.782  55.786 0.0000000000
59223  51.414  -1.772  60.314 0.0000000000
126124  51.503  -1.835  59.660 0.0000000000
56415  49.028  -5.074  60.836 0.0000000000
124716  49.387  -4.627  60.384 0.0000000000
57306  50.043  -4.025  60.027 0.0000000000
57318  48.874  -3.630  59.491 0.0000000000
58285  50.148  -3.549  59.700 0.0000000000
58284  50.471  -3.224  59.706 0.0000000000
58283  50.783  -2.640  59.851 0.0000000000
58297  51.214  -2.306  59.167 0.0000000000
116084  51.725  -1.477  59.157 0.0000000000
59256  51.777  -1.136  58.256 0.0000000000
60183  51.918  -1.004  58.195 0.0000000000
60192  51.759  -0.798  57.878 0.0000000000
59258  50.177  -1.614  57.625 0.0000000000
60193  51.238  -0.982  57.568 0.0000000000
61145  51.346  -0.336  57.245 0.0000000000
61155  51.023  0.056  56.293 0.0000000000
62098  50.606  0.493  55.465 0.0000000000
117864  49.779  0.436  54.404 0.0000000000
60213  48.152  -1.077  54.868 0.0000000000
61168  47.888  -0.995  54.036 0.0000000000
61175  48.078  -0.551  53.402 0.0000000000
61177  46.867  -0.717  52.966 0.0000000000
133738  46.115  -1.248  52.099 0.0000000000
113751  45.776  -2.449  55.699 0.0000000000
59280  45.598  -2.295  55.343 0.0000000000
59287  45.759  -2.113  54.895 0.0000000000
119501  44.100  -2.579  54.504 0.0000000000
59288  44.747  -1.811  54.358 0.0000000000
60217  45.262  -1.671  54.405 0.0000000000
60237  45.616  -1.424  52.703 0.0000000000
60249  44.513  -1.411  51.652 0.0000000000
128005  42.463  -2.193  51.663 0.0000000000
56486  40.405  -5.185  51.962 0.0000000000
56501  39.835  -5.904  50.758 0.0000000000
55557  39.683  -6.131  49.906 0.0000000000
120046  39.953  -6.861  50.010 0.0000000000
53829  43.107  -8.114  54.013 0.0000000000
53837  42.600  -9.016  52.972 0.0000000000
122793  42.076  -8.971  51.901 0.0000000000
52010  40.923  -10.697  52.051 0.0000000000
52024  39.435  -11.079  51.395 0.0000000000
52023  40.607  -10.389  51.424 0.0000000000
52037  40.294  -10.087  50.748 0.0000000000
48034  46.730  -14.999  62.169 0.0000000000
48050  46.152  -14.504  61.677 0.0000000000
47109  44.868  -15.837  61.473 0.0000000000
48052  44.679  -14.995  61.084 0.0000000000
49001  43.843  -14.042  60.072 0.0000000000
46087  45.002  -17.396  58.548 0.0000000000
46088  44.060  -16.542  58.740 0.0000000000
47127  43.582  -16.167  58.087 0.0000000000
47128  42.645  -15.370  58.526 0.0000000000
48088  42.141  -14.731  58.485 0.0000000000
48101  41.670  -14.694  57.866 0.0000000000
48102  41.163  -14.610  57.225 0.0000000000
48112  40.390  -14.547  56.581 0.0000000000
47144  39.624  -14.489  55.928 0.0000000000
48126  38.908  -14.886  54.833 0.0000000000
48148  38.209  -14.901  53.231 0.0000000000
43273  44.329  -19.425  54.040 0.0000000000
45068  44.267  -18.883  53.770 0.0000000000
45057  43.775  -18.474  53.814 0.0000000000
133500  42.128  -19.998  51.794 0.0000000000
44143  42.138  -19.314  51.704 0.0000000000
44144  41.681  -18.783  51.724 0.0000000000
125342  42.214  -18.908  51.812 0.0000000000
130669  41.945  -17.996  52.783 0.0000000000
46139  42.174  -17.608  53.468 0.0000000000
112063  40.234  -16.588  53.381 0.0000000000
46160  39.523  -16.948  52.331 0.0000000000
47170  38.622  -15.590  53.295 0.0000000000
133012  37.856  -14.835  52.613 0.0000000000
134353  56.127  11.815  38.218 0.0000000000
70914  55.955  10.980  36.997 0.0000000000
70913  56.549  10.577  36.388 0.0000000000
123886  55.875  9.370  36.398 0.0000000000
133731  56.428  9.888  36.261 0.0000000000
67398  56.486  6.021  36.956 0.0000000000
66561  49.743  5.227  38.631 0.0000000000
66573  50.071  4.969  37.855 0.0000000000
65741  49.701  4.192  37.511 0.0000000000
40467  34.950  -21.659  74.233 0.0000000000
40468  33.696  -21.537  74.323 0.0000000000
40469  33.240  -21.660  74.187 0.0000000000
40489  34.732  -22.090  72.524 0.0000000000
40512  33.683  -21.657  71.009 0.0000000000
41264  30.813  -20.798  74.653 0.0000000000
42100  33.060  -20.490  75.493 0.0000000000
42163  39.338  -20.737  70.993 0.0000000000
42209  43.185  -19.672  67.048 0.0000000000
42220  23.988  -20.147  66.833 0.0000000000
42228  44.290  -19.488  65.939 0.0000000000
42248  43.493  -19.510  65.977 0.0000000000
43120  44.077  -19.559  67.071 0.0000000000
43136  27.284  -19.237  66.949 0.0000000000
43148  45.165  -19.356  65.535 0.0000000000
43164  46.861  -18.829  63.927 0.0000000000
43243  44.998  -19.935  57.956 0.0000000000
43252  32.047  -18.807  56.997 0.0000000000
43290  44.277  -19.147  53.703 0.0000000000
43873  32.451  -18.876  75.276 0.0000000000
43964  44.862  -18.643  66.772 0.0000000000
43978  49.999  -16.787  64.327 0.0000000000
43979  46.567  -18.065  65.185 0.0000000000
43987  48.598  -16.794  64.049 0.0000000000
43997  48.653  -16.652  63.768 0.0000000000
44928  50.004  -16.583  64.334 0.0000000000
44929  49.617  -16.705  64.195 0.0000000000
44938  49.327  -16.171  63.936 0.0000000000
44939  49.870  -16.853  64.233 0.0000000000
44940  48.770  -16.404  64.158 0.0000000000
44953  48.854  -16.304  63.813 0.0000000000
44954  48.539  -16.531  63.402 0.0000000000
44962  48.392  -16.511  63.056 0.0000000000
45069  44.055  -18.852  53.562 0.0000000000
46018  48.706  -16.042  64.302 0.0000000000
46021  45.107  -16.472  65.631 0.0000000000
46037  49.848  -16.663  64.194 0.0000000000
46038  48.231  -16.414  64.552 0.0000000000
46054  48.989  -15.900  63.835 0.0000000000
46064  48.893  -15.458  63.258 0.0000000000
46074  48.460  -15.579  62.807 0.0000000000
47034  49.125  -15.920  64.033 0.0000000000
47035  49.205  -14.780  64.300 0.0000000000
47036  48.711  -15.197  64.501 0.0000000000
47084  48.716  -15.074  62.874 0.0000000000
47098  48.591  -14.689  62.751 0.0000000000
47972  49.233  -13.914  64.517 0.0000000000
47977  45.844  -14.847  64.843 0.0000000000
47989  49.727  -13.577  63.749 0.0000000000
48030  49.138  -13.271  62.754 0.0000000000
48937  49.463  -13.317  64.463 0.0000000000
48939  48.099  -13.300  64.866 0.0000000000
48960  49.881  -13.253  63.138 0.0000000000
48968  49.728  -12.880  62.702 0.0000000000
49868  49.725  -10.493  65.081 0.0000000000
49869  49.683  -10.573  65.014 0.0000000000
49879  49.994  -11.136  64.695 0.0000000000
49880  49.625  -11.717  64.711 0.0000000000
49895  50.020  -10.946  64.851 0.0000000000
49896  50.057  -11.398  64.559 0.0000000000
49897  50.078  -11.758  64.470 0.0000000000
49921  50.555  -12.165  63.265 0.0000000000
49936  49.937  -12.169  62.342 0.0000000000
50811  49.708  -10.705  65.082 0.0000000000
50828  49.481  -11.088  64.809 0.0000000000
50846  50.151  -11.329  64.601 0.0000000000
50868  50.800  -11.618  63.637 0.0000000000
50932  47.595  -10.982  59.211 0.0000000000
51800  49.246  -9.964  65.417 0.0000000000
51801  48.958  -9.709  65.577 0.0000000000
51802  48.246  -9.887  65.687 0.0000000000
51803  47.834  -9.640  65.879 0.0000000000
51815  49.790  -10.545  65.086 0.0000000000
51816  50.129  -10.128  65.338 0.0000000000
51830  50.283  -10.749  64.866 0.0000000000
51832  50.875  -11.431  63.984 0.0000000000
51841  51.029  -10.864  63.862 0.0000000000
51852  50.856  -10.832  63.256 0.0000000000
51864  50.673  -11.138  62.644 0.0000000000
51865  50.594  -10.905  62.497 0.0000000000
51880  49.571  -10.885  61.764 0.0000000000
52804  49.768  -9.854  65.564 0.0000000000
52806  48.939  -8.969  66.105 0.0000000000
53683  50.854  -9.277  66.121 0.0000000000
53720  49.055  -8.013  63.639 0.0000000000
53762  45.379  -8.130  60.008 0.0000000000
53779  46.242  -9.045  58.124 0.0000000000
53793  45.811  -8.704  56.934 0.0000000000
54556  49.679  -8.577  66.650 0.0000000000
54588  49.274  -7.239  64.136 0.0000000000
54665  42.990  -7.643  54.417 0.0000000000
57298  46.575  -4.655  60.474 0.0000000000
58269  51.073  -2.264  60.234 0.0000000000
58281  51.279  -2.181  59.981 0.0000000000
59229  51.552  -1.757  59.704 0.0000000000
59239  51.292  -2.131  59.118 0.0000000000
59249  51.467  -1.656  58.671 0.0000000000
59289  43.044  -2.790  54.479 0.0000000000
60184  51.550  -1.195  57.964 0.0000000000
60215  46.680  -1.616  54.489 0.0000000000
61131  52.173  -0.762  58.230 0.0000000000
61143  52.238  -0.207  57.895 0.0000000000
61312  44.668  -1.239  41.568 0.0000000000
62086  52.836  1.060  56.971 0.0000000000
62107  50.310  0.713  54.699 0.0000000000
63031  51.074  1.670  54.540 0.0000000000
63908  53.166  2.987  56.380 0.0000000000
63967  49.803  2.515  51.383 0.0000000000
64122  49.536  2.575  36.689 0.0000000000
65588  54.798  4.924  54.252 0.0000000000
66445  56.200  6.145  51.096 0.0000000000
66446  55.943  5.556  50.877 0.0000000000
69984  57.836  11.658  43.460 0.0000000000
70846  57.608  10.861  43.426 0.0000000000
71759  58.047  12.051  43.253 0.0000000000
72704  58.301  12.627  42.430 0.0000000000
111864  36.810  -21.449  70.442 0.0000000000
111916  49.456  -4.136  59.903 0.0000000000
112827  51.158  -10.067  64.413 0.0000000000
114436  49.712  -12.723  64.435 0.0000000000
114462  53.361  4.539  51.303 0.0000000000
115225  48.465  3.750  37.800 0.0000000000
116109  49.017  -14.563  63.111 0.0000000000
116382  42.202  -19.536  66.960 0.0000000000
116544  50.037  -12.345  62.524 0.0000000000
120187  45.908  -16.130  65.446 0.0000000000
120254  44.845  -7.590  59.925 0.0000000000
120452  47.829  -2.307  56.685 0.0000000000
120600  50.828  -3.653  61.881 0.0000000000
120659  21.177  -20.432  73.850 0.0000000000
120722  40.176  -5.763  51.442 0.0000000000
120916  48.789  -4.101  59.817 0.0000000000
121446  40.475  -3.301  50.788 0.0000000000
123142  29.214  -19.375  71.578 0.0000000000
123229  54.701  4.670  54.784 0.0000000000
123716  27.872  -18.905  71.178 0.0000000000
124790  44.303  -15.138  65.673 0.0000000000
125747  49.039  -15.803  64.131 0.0000000000
126102  22.644  -19.723  72.496 0.0000000000
126424  48.425  -11.517  65.095 0.0000000000
127480  50.577  -9.845  65.767 0.0000000000
127676  44.310  -17.362  66.699 0.0000000000
127744  50.609  -11.588  64.227 0.0000000000
128012  35.388  -20.592  66.751 0.0000000000
128242  50.024  -3.726  60.932 0.0000000000
128555  44.275  -7.355  58.743 0.0000000000
129845  31.470  -19.066  57.221 0.0000000000
131106  31.699  -20.812  75.433 0.0000000000
131436  51.567  -1.376  58.276 0.0000000000
131514  48.306  -16.897  63.212 0.0000000000
131751  46.923  -4.241  58.853 0.0000000000
132196  52.069  0.587  56.886 0.0000000000
132238  46.882  -1.190  39.124 0.0000000000
132911  39.988  -11.359  52.300 0.0000000000
132955  36.277  -20.803  67.452 0.0000000000
132983  48.622  -13.281  64.822 0.0000000000
133377  47.262  -15.636  64.932 0.0000000000
133387  26.690  -18.311  78.250 0.0000000000
133397  42.070  -2.395  52.066 0.0000000000
133668  49.696  3.555  37.143 0.0000000000
133700  47.229  -0.081  38.494 0.0000000000
133888  49.152  -12.307  61.479 0.0000000000
134239  46.582  -10.737  57.674 0.0000000000
134462  50.538  -11.484  62.521 0.0000000000
134703  44.409  -19.113  53.953 0.0000000000
134723  45.044  -19.228  63.926 0.0000000000
134804  55.327  9.239  36.592 0.0000000000
134820  43.881  -11.432  57.110 0.0000000000
135111  47.405  -9.763  59.454 0.0000000000
135131  48.335  -10.569  65.387 0.0000000000
135395  50.359  -12.585  63.773 0.0000000000
