#!ascii label  , from subject sub-v1s15x0050216_ses-1 vox2ras=TkReg
1080
50991  34.637  -11.053  54.432 0.0000000000
70039  44.133  9.312  37.166 0.0000000000
61289  36.599  -0.647  45.575 0.0000000000
43984  16.948  -18.930  65.436 0.0000000000
52929  27.933  -9.645  58.917 0.0000000000
65674  36.107  4.190  45.003 0.0000000000
48976  22.159  -13.897  61.987 0.0000000000
120271  21.218  -18.052  64.340 0.0000000000
49958  25.773  -12.406  60.626 0.0000000000
70917  49.369  10.032  36.386 0.0000000000
55517  34.339  -6.470  53.982 0.0000000000
58374  35.249  -2.922  52.429 0.0000000000
54657  38.995  -7.714  55.058 0.0000000000
73715  46.376  13.153  35.523 0.0000000000
71867  50.334  11.570  32.537 0.0000000000
70014  40.795  9.713  40.336 0.0000000000
121976  43.872  6.530  40.345 0.0000000000
65707  39.681  4.664  41.524 0.0000000000
63165  41.275  1.528  44.913 0.0000000000
49027  34.924  -14.064  59.112 0.0000000000
40535  17.679  -22.612  68.871 0.0000000000
38112  14.874  -25.102  68.755 0.0000000000
37211  12.786  -26.466  71.767 0.0000000000
50966  30.819  -11.400  55.360 0.0000000000
47120  29.814  -14.967  59.465 0.0000000000
61214  31.988  -0.601  50.048 0.0000000000
61198  38.093  -1.100  51.638 0.0000000000
75546  52.896  15.095  29.712 0.0000000000
70052  46.457  9.520  36.392 0.0000000000
123466  46.702  8.590  38.342 0.0000000000
53842  34.510  -8.569  53.652 0.0000000000
54687  36.010  -7.319  52.496 0.0000000000
52968  37.392  -9.414  54.626 0.0000000000
123992  42.898  11.748  37.889 0.0000000000
73699  45.376  13.713  37.731 0.0000000000
71840  44.968  11.710  35.920 0.0000000000
70938  47.486  10.832  34.702 0.0000000000
34840  14.955  -30.266  72.623 0.0000000000
67376  39.644  7.013  40.523 0.0000000000
67349  38.376  6.757  42.656 0.0000000000
63156  36.064  1.478  44.903 0.0000000000
63180  37.879  2.049  43.729 0.0000000000
62224  38.760  -0.006  45.034 0.0000000000
131959  39.702  -0.317  48.017 0.0000000000
131015  19.350  -18.647  64.580 0.0000000000
43974  20.953  -18.995  66.492 0.0000000000
43140  19.823  -20.394  66.217 0.0000000000
132978  19.216  -20.925  68.915 0.0000000000
42244  17.500  -21.140  66.353 0.0000000000
134364  13.406  -21.990  68.724 0.0000000000
38101  13.479  -25.599  70.178 0.0000000000
51955  29.489  -10.825  57.659 0.0000000000
113609  30.013  -13.749  56.490 0.0000000000
49994  28.173  -12.518  57.689 0.0000000000
48044  25.825  -13.898  61.795 0.0000000000
131973  27.752  -14.062  62.487 0.0000000000
58361  38.097  -3.377  53.659 0.0000000000
60241  36.579  -2.455  51.831 0.0000000000
67322  37.696  6.154  45.205 0.0000000000
65659  35.775  4.349  47.703 0.0000000000
64029  34.657  1.900  46.755 0.0000000000
46068  24.007  -16.227  61.908 0.0000000000
44943  24.232  -17.215  64.299 0.0000000000
46060  21.541  -16.415  63.099 0.0000000000
46062  19.765  -16.666  63.655 0.0000000000
46034  17.269  -16.495  65.199 0.0000000000
51942  26.664  -10.527  58.914 0.0000000000
51926  23.930  -10.371  59.739 0.0000000000
49010  23.438  -13.394  60.638 0.0000000000
130747  32.562  -4.584  55.248 0.0000000000
57387  31.936  -4.541  53.036 0.0000000000
56489  34.566  -4.687  52.822 0.0000000000
56477  37.574  -5.337  52.753 0.0000000000
73726  49.650  14.121  32.617 0.0000000000
72795  48.391  12.248  33.628 0.0000000000
70936  50.209  10.561  34.496 0.0000000000
70034  42.108  9.457  38.253 0.0000000000
68304  44.542  7.761  38.622 0.0000000000
68298  41.540  7.617  39.641 0.0000000000
66546  41.805  5.614  40.722 0.0000000000
65696  42.587  4.068  42.357 0.0000000000
65700  37.792  4.530  42.727 0.0000000000
64068  39.681  2.993  42.643 0.0000000000
50017  34.702  -12.922  56.116 0.0000000000
50963  37.320  -11.242  56.573 0.0000000000
71799  42.468  11.382  40.153 0.0000000000
43968  14.936  -18.685  67.258 0.0000000000
40549  14.916  -21.667  67.228 0.0000000000
39726  16.034  -23.862  68.323 0.0000000000
38092  16.651  -25.461  70.712 0.0000000000
37228  15.861  -26.745  70.471 0.0000000000
35568  14.487  -28.274  70.462 0.0000000000
132732  12.298  -28.685  71.807 0.0000000000
34831  11.341  -29.210  72.758 0.0000000000
50979  32.936  -11.662  54.666 0.0000000000
49073  32.319  -13.502  56.128 0.0000000000
48076  32.668  -14.655  59.298 0.0000000000
49028  27.865  -13.758  59.790 0.0000000000
61239  33.884  -0.611  47.995 0.0000000000
120223  33.476  -3.364  50.692 0.0000000000
128492  34.902  -2.254  49.712 0.0000000000
60293  36.624  -1.448  48.498 0.0000000000
52939  39.244  -9.572  57.337 0.0000000000
74672  54.370  14.543  28.561 0.0000000000
72817  50.772  12.661  30.780 0.0000000000
71894  53.413  11.817  29.612 0.0000000000
69193  45.291  9.002  36.800 0.0000000000
69180  46.465  8.911  37.077 0.0000000000
69181  45.630  8.606  37.291 0.0000000000
52002  35.002  -10.330  53.760 0.0000000000
52983  35.405  -9.491  53.620 0.0000000000
51989  36.172  -10.319  54.463 0.0000000000
70907  43.293  10.425  37.258 0.0000000000
71832  43.989  11.837  36.807 0.0000000000
70920  44.586  10.447  36.420 0.0000000000
70930  45.298  10.218  36.149 0.0000000000
34073  14.514  -31.055  72.227 0.0000000000
68263  39.012  8.010  42.529 0.0000000000
68253  38.798  8.062  43.641 0.0000000000
62226  36.163  0.227  45.243 0.0000000000
62238  37.284  0.753  44.586 0.0000000000
61288  37.502  -0.757  45.590 0.0000000000
61272  39.128  -0.572  45.699 0.0000000000
61274  37.643  -1.258  46.491 0.0000000000
43983  17.933  -18.912  65.058 0.0000000000
43159  19.607  -19.793  65.480 0.0000000000
43161  17.782  -19.723  65.408 0.0000000000
42243  18.455  -20.902  66.374 0.0000000000
43162  16.759  -19.877  65.664 0.0000000000
51939  29.207  -10.203  58.271 0.0000000000
50952  29.035  -11.639  57.468 0.0000000000
51957  27.580  -11.015  57.812 0.0000000000
48010  26.371  -14.835  63.512 0.0000000000
60230  30.743  -1.668  53.843 0.0000000000
59291  38.758  -2.068  53.673 0.0000000000
130326  34.947  2.801  46.998 0.0000000000
64847  34.492  3.418  48.510 0.0000000000
48047  23.103  -15.158  61.550 0.0000000000
46069  23.417  -16.445  62.435 0.0000000000
48025  22.322  -14.756  62.109 0.0000000000
47081  20.407  -15.181  63.366 0.0000000000
47047  19.079  -14.894  64.552 0.0000000000
47065  18.531  -15.658  64.473 0.0000000000
52900  25.188  -8.851  60.260 0.0000000000
49944  21.937  -12.258  61.294 0.0000000000
49961  22.540  -11.974  60.653 0.0000000000
48995  22.456  -13.777  61.017 0.0000000000
48062  24.194  -14.208  60.787 0.0000000000
57385  33.490  -4.652  53.922 0.0000000000
56478  34.411  -5.193  53.311 0.0000000000
54667  37.899  -7.751  53.848 0.0000000000
55537  36.254  -6.558  52.253 0.0000000000
55526  38.257  -6.230  53.948 0.0000000000
120542  38.855  -5.584  54.463 0.0000000000
56449  39.898  -6.275  55.361 0.0000000000
73708  46.100  13.613  36.313 0.0000000000
73720  48.111  13.638  34.415 0.0000000000
73721  47.483  13.223  34.590 0.0000000000
70927  48.291  10.365  35.236 0.0000000000
70937  48.333  10.730  34.529 0.0000000000
70926  49.197  10.197  35.516 0.0000000000
70027  41.201  9.584  39.557 0.0000000000
68307  41.979  8.146  39.092 0.0000000000
69165  40.452  8.448  39.847 0.0000000000
66548  39.829  6.069  40.754 0.0000000000
67375  40.462  6.554  40.402 0.0000000000
65714  41.380  4.943  40.957 0.0000000000
66536  42.240  4.967  41.255 0.0000000000
65705  41.494  4.332  41.379 0.0000000000
66501  36.966  5.757  44.986 0.0000000000
66516  37.119  5.626  43.676 0.0000000000
65686  36.737  4.314  43.691 0.0000000000
63178  39.329  1.596  43.713 0.0000000000
129212  39.312  2.264  43.250 0.0000000000
64059  40.411  2.503  43.263 0.0000000000
64058  41.358  2.574  43.691 0.0000000000
49057  35.353  -13.751  57.589 0.0000000000
49992  36.896  -13.002  58.220 0.0000000000
70002  40.914  9.787  41.482 0.0000000000
70886  41.435  10.253  39.989 0.0000000000
70897  41.665  10.293  39.179 0.0000000000
44945  22.745  -17.613  64.669 0.0000000000
44920  22.540  -17.770  65.784 0.0000000000
41344  18.074  -21.992  68.574 0.0000000000
42193  18.734  -20.962  69.798 0.0000000000
41328  18.020  -21.959  69.398 0.0000000000
40527  17.674  -22.479  69.811 0.0000000000
43962  14.413  -18.690  68.051 0.0000000000
42225  14.965  -20.446  66.886 0.0000000000
42206  14.042  -20.317  68.135 0.0000000000
38925  13.606  -23.987  68.731 0.0000000000
125141  14.566  -23.043  68.029 0.0000000000
38923  15.366  -24.466  68.485 0.0000000000
38916  16.556  -24.510  69.502 0.0000000000
38911  16.229  -25.282  69.763 0.0000000000
38093  16.131  -26.049  71.132 0.0000000000
122874  15.379  -25.793  69.344 0.0000000000
38094  13.128  -25.887  70.999 0.0000000000
36381  14.161  -27.381  70.123 0.0000000000
37221  13.184  -27.008  70.663 0.0000000000
35560  13.773  -28.896  70.754 0.0000000000
36372  12.708  -27.558  71.280 0.0000000000
51971  31.167  -10.508  56.025 0.0000000000
51980  31.973  -10.144  54.930 0.0000000000
50981  31.375  -11.617  54.768 0.0000000000
49085  32.867  -12.987  55.562 0.0000000000
49087  31.144  -13.043  55.181 0.0000000000
48093  30.051  -14.631  58.195 0.0000000000
48105  31.197  -14.333  57.403 0.0000000000
131121  31.202  -14.723  58.781 0.0000000000
50919  26.267  -11.125  59.450 0.0000000000
49974  27.304  -12.234  59.065 0.0000000000
49956  27.130  -12.549  60.081 0.0000000000
48042  28.905  -15.058  61.987 0.0000000000
133238  44.172  7.011  39.838 0.0000000000
68294  45.980  7.825  39.832 0.0000000000
112841  45.902  7.352  40.551 0.0000000000
63107  32.113  1.171  49.885 0.0000000000
63122  33.173  1.349  48.628 0.0000000000
61227  32.898  -0.384  48.927 0.0000000000
58376  33.182  -4.037  52.363 0.0000000000
58387  32.019  -3.900  51.510 0.0000000000
59326  34.078  -3.534  51.421 0.0000000000
61199  37.780  -1.663  51.712 0.0000000000
60268  35.728  -2.304  50.473 0.0000000000
60281  36.489  -1.734  50.202 0.0000000000
60294  35.242  -1.636  48.715 0.0000000000
61226  37.174  -1.275  50.033 0.0000000000
125890  38.803  -0.653  49.473 0.0000000000
51952  38.641  -10.266  57.221 0.0000000000
74660  53.374  14.551  29.376 0.0000000000
72803  49.294  12.998  32.510 0.0000000000
73735  49.816  13.459  31.756 0.0000000000
72808  50.590  12.206  31.287 0.0000000000
71873  52.897  11.489  30.731 0.0000000000
71881  54.428  11.468  30.018 0.0000000000
49932  21.588  -12.494  62.264 0.0000000000
48026  21.443  -14.222  62.611 0.0000000000
70051  48.013  9.676  36.515 0.0000000000
70037  48.616  9.728  37.914 0.0000000000
113039  47.768  9.275  37.835 0.0000000000
54668  34.131  -7.112  54.385 0.0000000000
54689  34.866  -6.825  52.831 0.0000000000
54679  34.869  -7.788  53.271 0.0000000000
53839  36.644  -8.528  53.350 0.0000000000
52967  38.107  -8.966  54.772 0.0000000000
73684  44.878  13.401  39.077 0.0000000000
72762  44.075  12.808  37.671 0.0000000000
133865  44.650  12.828  36.669 0.0000000000
72780  46.046  12.278  35.238 0.0000000000
71850  46.611  11.935  34.526 0.0000000000
71838  46.207  11.439  35.124 0.0000000000
70058  46.739  10.132  35.859 0.0000000000
120126  15.648  -28.800  72.713 0.0000000000
69994  40.406  9.366  42.101 0.0000000000
69152  39.980  8.467  40.372 0.0000000000
69140  39.156  8.004  41.507 0.0000000000
68273  38.968  7.242  41.129 0.0000000000
130400  38.738  5.962  41.533 0.0000000000
64867  35.980  3.275  45.058 0.0000000000
64062  36.683  3.505  43.849 0.0000000000
64051  37.136  2.283  44.039 0.0000000000
126169  38.281  1.446  43.961 0.0000000000
63155  40.077  0.631  44.856 0.0000000000
62222  40.312  0.383  45.729 0.0000000000
62198  40.717  0.490  47.423 0.0000000000
48054  35.258  -14.418  60.651 0.0000000000
43993  20.527  -18.498  64.623 0.0000000000
43973  21.326  -18.518  66.008 0.0000000000
122507  20.378  -19.423  65.680 0.0000000000
43975  20.452  -19.870  66.489 0.0000000000
43966  20.380  -19.974  67.719 0.0000000000
42223  18.492  -21.383  67.163 0.0000000000
41356  17.882  -21.882  67.664 0.0000000000
41329  13.728  -20.909  68.601 0.0000000000
40520  12.904  -22.139  70.012 0.0000000000
115760  13.317  -23.923  69.459 0.0000000000
38107  13.849  -25.393  69.589 0.0000000000
38912  13.389  -24.705  70.064 0.0000000000
117837  13.115  -24.319  71.213 0.0000000000
38899  12.643  -24.580  72.701 0.0000000000
50967  30.115  -11.924  55.829 0.0000000000
50019  29.937  -12.749  55.680 0.0000000000
50020  29.517  -12.455  56.244 0.0000000000
49064  28.812  -13.183  57.486 0.0000000000
48094  28.765  -14.353  58.673 0.0000000000
49008  25.693  -13.174  61.014 0.0000000000
48992  26.993  -13.447  61.683 0.0000000000
48974  26.943  -14.115  62.212 0.0000000000
66534  45.137  5.584  41.557 0.0000000000
61200  31.500  -0.844  51.214 0.0000000000
58372  36.850  -2.812  52.721 0.0000000000
59311  35.564  -2.599  52.007 0.0000000000
132141  37.169  -2.071  53.084 0.0000000000
60228  37.873  -1.121  53.080 0.0000000000
75527  51.632  15.278  30.794 0.0000000000
33157  11.607  -31.310  72.819 0.0000000000
66492  38.406  5.578  46.634 0.0000000000
66502  37.017  4.978  46.351 0.0000000000
65666  36.467  4.525  46.558 0.0000000000
64861  35.502  3.294  46.505 0.0000000000
64016  35.144  2.347  46.162 0.0000000000
116391  35.007  0.233  46.195 0.0000000000
47079  25.193  -15.936  62.945 0.0000000000
46032  24.924  -16.860  64.894 0.0000000000
46058  23.970  -16.741  62.734 0.0000000000
46059  23.146  -16.907  63.139 0.0000000000
44958  21.993  -17.606  64.110 0.0000000000
48011  20.879  -14.643  63.077 0.0000000000
46061  20.620  -16.302  63.407 0.0000000000
134942  20.469  -17.023  63.631 0.0000000000
44948  19.304  -17.529  63.979 0.0000000000
44949  18.418  -17.384  64.246 0.0000000000
132608  17.201  -17.237  65.140 0.0000000000
52930  27.196  -9.659  58.744 0.0000000000
52915  26.538  -9.139  59.145 0.0000000000
51925  25.007  -10.156  59.563 0.0000000000
50921  24.225  -10.943  59.714 0.0000000000
51911  23.367  -10.652  60.152 0.0000000000
50909  23.824  -11.723  60.094 0.0000000000
114856  24.945  -12.562  60.526 0.0000000000
48993  25.006  -13.879  60.971 0.0000000000
48024  25.504  -14.648  62.141 0.0000000000
57361  31.772  -4.194  55.580 0.0000000000
59292  31.011  -3.588  53.890 0.0000000000
124538  31.934  -4.726  53.794 0.0000000000
57399  33.447  -4.361  53.072 0.0000000000
57397  34.797  -3.811  52.667 0.0000000000
130019  35.350  -6.667  52.331 0.0000000000
123999  35.352  -4.824  52.292 0.0000000000
57396  36.324  -4.265  52.242 0.0000000000
57383  37.771  -4.377  53.182 0.0000000000
57369  39.356  -4.086  54.745 0.0000000000
73719  48.708  14.291  33.998 0.0000000000
132982  48.875  13.024  33.035 0.0000000000
72794  48.910  12.318  33.149 0.0000000000
71848  48.077  11.159  34.181 0.0000000000
70945  48.707  11.484  33.708 0.0000000000
69184  42.816  9.116  37.789 0.0000000000
69172  44.139  8.277  38.006 0.0000000000
69173  43.217  8.407  38.134 0.0000000000
68296  43.158  7.294  39.141 0.0000000000
67386  42.750  6.760  39.709 0.0000000000
119389  40.345  7.244  40.198 0.0000000000
67373  42.295  6.253  40.314 0.0000000000
66544  43.547  5.895  40.885 0.0000000000
66535  43.227  5.241  41.372 0.0000000000
120153  43.535  4.237  42.607 0.0000000000
133691  37.564  6.934  44.088 0.0000000000
67350  37.854  5.999  43.105 0.0000000000
65699  38.346  4.550  42.236 0.0000000000
121350  37.961  3.201  43.001 0.0000000000
120742  39.102  3.545  42.369 0.0000000000
64897  39.885  3.743  42.016 0.0000000000
64895  41.352  3.336  42.468 0.0000000000
115143  34.804  -11.756  55.190 0.0000000000
50976  36.038  -11.486  55.602 0.0000000000
50015  36.272  -12.454  56.596 0.0000000000
50003  37.362  -12.383  57.660 0.0000000000
71811  42.321  11.423  39.269 0.0000000000
70908  42.637  10.891  37.732 0.0000000000
44924  16.374  -17.996  65.981 0.0000000000
44911  15.404  -17.728  67.414 0.0000000000
43976  16.187  -19.083  66.052 0.0000000000
43143  16.065  -19.891  66.294 0.0000000000
41358  15.714  -21.353  66.925 0.0000000000
40547  16.504  -22.644  67.649 0.0000000000
40538  14.541  -22.243  67.704 0.0000000000
40537  15.602  -23.048  67.786 0.0000000000
40536  16.891  -23.194  68.326 0.0000000000
39714  17.069  -23.784  69.740 0.0000000000
39707  17.082  -23.915  71.107 0.0000000000
119527  15.732  -27.379  71.892 0.0000000000
36391  15.008  -27.075  69.826 0.0000000000
36380  15.176  -27.705  70.256 0.0000000000
36371  15.574  -28.073  71.390 0.0000000000
130961  14.866  -29.492  71.409 0.0000000000
123307  14.170  -29.617  71.140 0.0000000000
117192  12.786  -30.323  71.844 0.0000000000
36363  12.203  -28.001  71.894 0.0000000000
118749  11.834  -28.631  72.418 0.0000000000
123760  12.362  -30.993  72.379 0.0000000000
51991  34.143  -10.320  54.215 0.0000000000
51993  32.501  -10.463  54.545 0.0000000000
50992  33.565  -10.966  54.505 0.0000000000
50031  33.369  -12.326  55.187 0.0000000000
49071  34.216  -13.514  56.571 0.0000000000
49059  33.631  -13.884  57.185 0.0000000000
49061  31.743  -13.958  56.734 0.0000000000
48104  32.123  -14.293  57.591 0.0000000000
48090  33.268  -14.388  58.673 0.0000000000
120943  27.528  -11.751  57.956 0.0000000000
49048  27.820  -12.835  58.476 0.0000000000
48079  29.086  -14.858  59.532 0.0000000000
48990  27.779  -13.995  61.290 0.0000000000
48061  28.177  -14.437  60.721 0.0000000000
47115  29.681  -15.106  60.254 0.0000000000
68303  45.431  7.954  38.799 0.0000000000
63121  33.781  2.059  48.217 0.0000000000
62200  34.249  0.584  47.349 0.0000000000
61277  34.829  -0.431  46.697 0.0000000000
59314  31.118  -2.928  52.401 0.0000000000
60256  31.590  -1.875  51.176 0.0000000000
60255  32.148  -2.066  50.511 0.0000000000
59325  34.594  -3.182  50.981 0.0000000000
133443  33.453  -2.536  49.745 0.0000000000
60270  33.118  -1.981  49.438 0.0000000000
60296  33.894  -1.353  48.423 0.0000000000
60307  35.233  -1.464  47.742 0.0000000000
60322  36.754  -1.583  46.832 0.0000000000
61236  38.445  -1.045  47.961 0.0000000000
51969  37.475  -10.372  56.081 0.0000000000
52960  37.919  -9.553  55.520 0.0000000000
53808  39.332  -8.247  56.346 0.0000000000
53782  40.205  -8.183  57.748 0.0000000000
54644  39.982  -7.506  56.410 0.0000000000
74682  54.794  14.954  28.013 0.0000000000
74644  50.878  14.614  30.931 0.0000000000
74650  51.832  14.226  29.986 0.0000000000
71875  51.254  11.710  30.919 0.0000000000
72815  52.314  12.391  29.861 0.0000000000
74661  52.608  14.152  29.669 0.0000000000
73755  54.231  12.956  28.733 0.0000000000
73768  54.918  13.136  28.375 0.0000000000
70054  44.784  9.503  36.649 0.0000000000
69182  44.675  8.743  37.276 0.0000000000
51990  35.489  -10.714  54.258 0.0000000000
70055  44.007  9.987  36.908 0.0000000000
70921  43.915  10.888  36.780 0.0000000000
33154  14.135  -31.561  72.152 0.0000000000
114370  36.928  -0.029  45.002 0.0000000000
135031  36.928  -1.234  46.094 0.0000000000
125894  28.450  -10.041  58.440 0.0000000000
51956  28.369  -10.794  57.716 0.0000000000
51940  27.760  -10.272  58.331 0.0000000000
47062  26.321  -15.062  64.579 0.0000000000
47997  26.699  -14.615  64.156 0.0000000000
60220  31.192  -1.781  54.883 0.0000000000
123011  22.657  -14.399  61.474 0.0000000000
117473  21.895  -13.154  61.558 0.0000000000
49011  22.396  -12.864  60.730 0.0000000000
48994  23.299  -14.330  61.104 0.0000000000
57370  34.343  -5.140  54.839 0.0000000000
56469  34.402  -5.558  54.198 0.0000000000
54666  38.671  -7.830  54.346 0.0000000000
55516  38.393  -7.074  54.095 0.0000000000
120784  38.895  -7.203  54.645 0.0000000000
55515  38.875  -6.478  54.589 0.0000000000
55506  39.349  -6.858  55.203 0.0000000000
73707  46.799  14.190  36.703 0.0000000000
113699  46.671  13.874  35.934 0.0000000000
73714  47.000  13.659  35.272 0.0000000000
72779  46.717  12.707  34.746 0.0000000000
70918  48.599  10.000  36.056 0.0000000000
114626  49.954  10.229  35.844 0.0000000000
121132  15.948  -27.358  72.882 0.0000000000
70015  40.425  9.098  39.967 0.0000000000
70028  40.876  8.947  39.520 0.0000000000
66538  39.315  5.602  41.262 0.0000000000
66537  40.062  5.312  41.103 0.0000000000
65706  40.668  4.576  41.176 0.0000000000
66510  36.451  5.069  44.782 0.0000000000
66517  36.593  5.081  44.007 0.0000000000
65680  36.373  4.346  44.299 0.0000000000
63166  40.493  1.293  44.510 0.0000000000
64050  40.030  1.812  43.839 0.0000000000
64049  40.879  2.040  44.167 0.0000000000
49044  34.714  -13.870  58.294 0.0000000000
49043  35.573  -13.913  58.441 0.0000000000
49026  35.744  -13.983  59.292 0.0000000000
70875  41.581  10.167  40.977 0.0000000000
44946  21.916  -18.011  64.910 0.0000000000
43117  14.187  -19.503  68.642 0.0000000000
38924  14.415  -24.335  68.479 0.0000000000
38917  15.704  -25.011  68.935 0.0000000000
38088  12.881  -25.413  72.204 0.0000000000
51972  30.514  -10.935  56.344 0.0000000000
51981  31.341  -10.738  54.970 0.0000000000
50033  31.562  -12.395  54.845 0.0000000000
50982  30.734  -12.400  55.233 0.0000000000
113085  29.565  -14.728  58.769 0.0000000000
48078  30.431  -14.826  58.956 0.0000000000
48059  31.238  -14.882  59.513 0.0000000000
47114  30.486  -15.034  59.915 0.0000000000
49976  25.946  -11.704  60.111 0.0000000000
49975  26.772  -11.830  59.756 0.0000000000
49957  26.518  -12.341  60.536 0.0000000000
68282  45.407  7.237  40.198 0.0000000000
67371  44.768  6.764  40.363 0.0000000000
62154  31.848  0.482  50.374 0.0000000000
63093  31.804  1.447  50.738 0.0000000000
62170  32.357  0.056  49.615 0.0000000000
62169  32.687  0.697  49.097 0.0000000000
58375  34.535  -3.560  52.464 0.0000000000
59313  34.003  -3.653  52.182 0.0000000000
60267  36.974  -2.176  51.012 0.0000000000
61213  37.449  -1.549  50.939 0.0000000000
61212  37.879  -0.918  50.739 0.0000000000
75532  52.870  15.902  30.089 0.0000000000
75545  53.413  15.500  29.526 0.0000000000
72802  49.971  12.337  31.869 0.0000000000
71876  50.771  11.704  31.780 0.0000000000
49924  21.392  -11.887  63.085 0.0000000000
49933  21.149  -12.716  62.915 0.0000000000
49925  21.009  -12.618  63.694 0.0000000000
70038  47.323  9.287  36.954 0.0000000000
132807  46.370  8.598  37.685 0.0000000000
70033  47.031  8.904  37.731 0.0000000000
120868  34.141  -7.918  53.770 0.0000000000
53841  35.141  -8.714  53.457 0.0000000000
52982  36.230  -9.318  53.690 0.0000000000
52981  37.024  -9.097  53.928 0.0000000000
123938  37.636  -8.880  54.271 0.0000000000
72756  43.398  12.368  38.160 0.0000000000
72755  44.136  12.879  38.631 0.0000000000
72763  43.615  12.176  37.435 0.0000000000
71831  44.498  11.354  36.321 0.0000000000
122269  44.635  12.271  36.347 0.0000000000
72781  45.315  12.282  35.814 0.0000000000
71839  45.534  11.594  35.539 0.0000000000
70059  46.022  10.124  35.872 0.0000000000
70057  47.301  9.841  36.180 0.0000000000
34848  15.195  -29.549  72.154 0.0000000000
69129  40.005  8.935  42.680 0.0000000000
69139  39.774  8.712  41.703 0.0000000000
69130  39.493  8.430  42.296 0.0000000000
113563  38.605  7.513  42.812 0.0000000000
68264  38.691  7.344  41.931 0.0000000000
67362  38.642  6.636  41.672 0.0000000000
64039  36.012  2.282  44.932 0.0000000000
64052  36.463  2.781  44.384 0.0000000000
63170  36.656  1.680  44.468 0.0000000000
62225  37.850  0.020  45.002 0.0000000000
62237  38.278  0.712  44.367 0.0000000000
62236  39.240  0.525  44.516 0.0000000000
62223  39.604  0.046  45.281 0.0000000000
61252  39.224  -0.741  46.574 0.0000000000
62211  39.800  -0.163  46.176 0.0000000000
62199  39.909  -0.161  47.194 0.0000000000
117676  40.168  0.126  47.972 0.0000000000
43994  19.711  -18.314  64.339 0.0000000000
43981  19.899  -19.030  64.907 0.0000000000
135101  20.118  -20.320  66.821 0.0000000000
42222  19.546  -20.786  66.947 0.0000000000
41373  17.455  -21.592  66.913 0.0000000000
39715  13.068  -22.982  69.861 0.0000000000
121716  13.145  -23.678  70.462 0.0000000000
38905  13.027  -24.656  71.764 0.0000000000
51938  30.068  -10.431  58.292 0.0000000000
51954  30.376  -10.565  57.474 0.0000000000
50968  29.676  -11.435  56.785 0.0000000000
126364  29.183  -12.193  56.924 0.0000000000
50953  28.031  -11.646  57.391 0.0000000000
50007  28.737  -12.421  57.305 0.0000000000
49046  28.957  -13.878  57.868 0.0000000000
49047  28.437  -13.463  58.192 0.0000000000
120617  26.477  -13.463  61.717 0.0000000000
48975  26.599  -14.195  62.326 0.0000000000
62140  31.418  0.036  51.618 0.0000000000
61190  31.210  -0.817  52.049 0.0000000000
58362  37.333  -3.573  52.971 0.0000000000
124602  37.462  -2.579  53.352 0.0000000000
60219  39.256  -1.519  53.994 0.0000000000
60227  38.792  -1.618  53.090 0.0000000000
66500  37.558  5.486  45.914 0.0000000000
65667  35.920  4.113  46.874 0.0000000000
64860  35.943  3.861  45.929 0.0000000000
63144  34.960  1.320  46.020 0.0000000000
46057  24.671  -16.529  63.186 0.0000000000
131505  24.510  -16.272  62.511 0.0000000000
46070  22.519  -16.274  62.635 0.0000000000
115121  22.165  -17.035  63.353 0.0000000000
135012  20.907  -14.024  63.099 0.0000000000
47082  19.892  -15.679  63.550 0.0000000000
44947  20.303  -17.692  63.954 0.0000000000
46051  17.951  -16.463  64.442 0.0000000000
44950  17.631  -17.284  64.687 0.0000000000
53776  26.819  -8.674  59.504 0.0000000000
53777  26.103  -8.634  59.711 0.0000000000
52917  24.539  -9.634  59.846 0.0000000000
52916  25.562  -9.271  59.541 0.0000000000
50920  25.332  -10.979  59.730 0.0000000000
49960  23.169  -12.339  60.440 0.0000000000
50910  23.230  -11.475  60.319 0.0000000000
49959  24.037  -12.596  60.411 0.0000000000
132259  24.425  -12.147  60.327 0.0000000000
49009  24.575  -13.337  60.643 0.0000000000
47106  24.216  -15.543  61.492 0.0000000000
48045  24.748  -14.723  61.343 0.0000000000
47092  24.809  -15.524  62.108 0.0000000000
47091  25.721  -15.139  62.803 0.0000000000
57373  31.811  -4.576  54.528 0.0000000000
57398  34.138  -4.557  53.410 0.0000000000
115142  34.211  -4.118  52.882 0.0000000000
54688  35.352  -7.334  52.709 0.0000000000
55536  37.287  -6.314  52.572 0.0000000000
56487  36.559  -5.425  52.215 0.0000000000
57395  37.108  -4.487  52.554 0.0000000000
56456  39.497  -4.900  54.952 0.0000000000
56468  38.907  -4.651  54.351 0.0000000000
73690  45.529  13.889  38.525 0.0000000000
74627  49.565  15.045  34.205 0.0000000000
114402  48.832  14.941  34.851 0.0000000000
73728  48.501  13.126  33.591 0.0000000000
70939  46.791  11.296  34.681 0.0000000000
71849  47.273  11.528  34.236 0.0000000000
116401  49.151  10.531  34.657 0.0000000000
129037  48.744  10.908  34.140 0.0000000000
70944  49.510  10.966  33.866 0.0000000000
69174  42.377  8.646  38.431 0.0000000000
68297  42.367  7.426  39.366 0.0000000000
68284  39.497  7.816  40.705 0.0000000000
68283  40.074  7.773  40.202 0.0000000000
67374  41.388  6.347  40.376 0.0000000000
66545  42.712  5.629  40.728 0.0000000000
120250  42.203  4.365  41.776 0.0000000000
65704  42.946  4.647  41.907 0.0000000000
67329  38.021  6.903  44.642 0.0000000000
66530  37.610  5.223  43.056 0.0000000000
66529  38.083  5.203  42.441 0.0000000000
64061  37.359  2.855  43.464 0.0000000000
64885  38.773  3.058  42.836 0.0000000000
64896  40.545  3.164  42.447 0.0000000000
64906  40.859  3.717  41.664 0.0000000000
50029  35.121  -12.313  55.774 0.0000000000
50965  35.822  -12.072  56.063 0.0000000000
50016  35.530  -12.795  56.351 0.0000000000
117553  36.679  -12.882  57.292 0.0000000000
71810  42.955  11.967  39.716 0.0000000000
70035  41.664  9.752  38.812 0.0000000000
134011  41.942  10.886  38.936 0.0000000000
70903  42.031  10.362  38.352 0.0000000000
70041  42.606  9.943  37.672 0.0000000000
44932  24.226  -17.334  65.181 0.0000000000
46014  16.396  -16.927  66.440 0.0000000000
43961  14.673  -18.017  67.865 0.0000000000
44896  14.955  -17.215  68.148 0.0000000000
43967  15.860  -18.388  66.807 0.0000000000
43144  15.730  -19.127  66.684 0.0000000000
43126  15.349  -19.653  66.790 0.0000000000
41359  14.746  -21.068  67.122 0.0000000000
41357  16.760  -22.004  67.168 0.0000000000
40548  15.649  -22.203  67.302 0.0000000000
41330  13.353  -21.496  68.994 0.0000000000
41346  13.762  -21.701  68.327 0.0000000000
39727  14.983  -23.771  68.112 0.0000000000
39720  16.809  -23.934  68.912 0.0000000000
38910  16.851  -24.703  70.439 0.0000000000
37220  15.893  -26.700  71.451 0.0000000000
36379  15.676  -27.502  70.818 0.0000000000
37239  14.105  -26.043  69.722 0.0000000000
36392  14.355  -26.682  69.844 0.0000000000
35567  15.307  -28.302  70.798 0.0000000000
35558  15.347  -28.804  71.606 0.0000000000
35559  14.750  -28.974  70.905 0.0000000000
35561  12.806  -28.661  71.107 0.0000000000
116899  13.258  -29.555  71.190 0.0000000000
34850  13.782  -30.356  71.375 0.0000000000
114937  12.461  -29.297  71.741 0.0000000000
37203  11.954  -26.303  72.579 0.0000000000
34841  11.992  -29.565  72.420 0.0000000000
52971  33.619  -9.572  54.173 0.0000000000
50994  31.936  -10.985  54.621 0.0000000000
50993  32.649  -11.024  54.470 0.0000000000
50978  33.915  -11.652  54.917 0.0000000000
49072  33.277  -13.515  56.355 0.0000000000
49076  29.650  -13.225  56.199 0.0000000000
49075  30.411  -13.308  55.751 0.0000000000
49062  30.762  -13.929  56.532 0.0000000000
48092  31.615  -14.574  58.230 0.0000000000
48091  32.424  -14.482  58.454 0.0000000000
48075  33.490  -14.520  59.518 0.0000000000
133994  26.740  -9.824  58.818 0.0000000000
51941  27.198  -10.421  58.472 0.0000000000
50940  27.195  -11.016  58.331 0.0000000000
49029  27.627  -13.082  59.455 0.0000000000
114707  28.085  -13.779  58.996 0.0000000000
48080  28.328  -14.411  59.771 0.0000000000
48991  27.309  -13.541  61.217 0.0000000000
48972  27.649  -13.841  61.964 0.0000000000
48043  28.326  -14.567  61.520 0.0000000000
134523  28.899  -14.991  61.361 0.0000000000
48060  28.834  -14.887  60.605 0.0000000000
69171  45.045  8.213  37.956 0.0000000000
64004  33.916  2.886  48.855 0.0000000000
64005  33.235  2.335  49.027 0.0000000000
62185  33.334  0.184  48.358 0.0000000000
63134  33.729  0.995  47.943 0.0000000000
62201  33.939  0.145  47.768 0.0000000000
62213  34.594  0.181  46.799 0.0000000000
61257  34.422  -0.384  47.307 0.0000000000
58353  31.525  -4.360  53.828 0.0000000000
59303  30.792  -2.791  53.407 0.0000000000
58363  31.503  -3.748  52.922 0.0000000000
59327  32.296  -2.956  50.882 0.0000000000
59328  31.568  -3.052  51.515 0.0000000000
59340  32.926  -2.564  50.128 0.0000000000
59324  35.416  -2.642  51.791 0.0000000000
60269  34.787  -2.808  50.235 0.0000000000
59349  34.020  -2.445  49.496 0.0000000000
60283  33.687  -1.825  49.000 0.0000000000
113004  34.466  -1.861  48.976 0.0000000000
114122  35.852  -1.554  48.391 0.0000000000
60306  36.177  -1.570  47.606 0.0000000000
61255  35.768  -1.385  46.932 0.0000000000
60305  36.968  -1.561  47.699 0.0000000000
61254  37.659  -1.467  47.369 0.0000000000
61237  37.605  -1.268  48.471 0.0000000000
129782  39.492  -0.466  49.348 0.0000000000
50964  36.513  -11.680  56.292 0.0000000000
51970  36.654  -10.876  55.881 0.0000000000
51968  38.303  -9.977  56.389 0.0000000000
52951  38.779  -9.550  56.844 0.0000000000
52959  38.745  -9.109  56.128 0.0000000000
53796  39.260  -8.911  56.898 0.0000000000
53795  39.935  -8.108  57.102 0.0000000000
55495  40.428  -6.684  56.553 0.0000000000
75556  54.253  15.452  28.657 0.0000000000
74671  55.098  13.907  28.100 0.0000000000
74635  50.112  14.911  33.347 0.0000000000
73741  50.395  13.650  31.061 0.0000000000
73740  51.214  13.692  30.421 0.0000000000
74651  51.480  14.630  30.367 0.0000000000
71883  52.828  11.746  29.923 0.0000000000
73757  52.642  13.139  29.609 0.0000000000
72824  53.024  12.412  29.540 0.0000000000
73756  53.367  13.381  29.295 0.0000000000
72823  53.711  12.296  29.187 0.0000000000
70053  45.590  9.545  36.412 0.0000000000
69192  45.861  9.063  36.747 0.0000000000
69170  45.901  8.386  38.161 0.0000000000
52970  34.560  -9.505  53.746 0.0000000000
52969  35.789  -10.029  53.920 0.0000000000
51988  36.583  -9.726  54.267 0.0000000000
71821  43.360  11.356  37.286 0.0000000000
70931  45.064  10.979  35.896 0.0000000000
69118  39.548  8.498  43.121 0.0000000000
69107  39.686  8.464  43.849 0.0000000000
67338  38.346  7.391  43.352 0.0000000000
114502  35.868  0.953  45.081 0.0000000000
62239  36.479  0.801  44.817 0.0000000000
61287  38.362  -0.516  45.463 0.0000000000
61273  38.413  -0.890  46.142 0.0000000000
61253  38.494  -1.144  47.019 0.0000000000
43982  18.915  -18.951  64.842 0.0000000000
43160  18.628  -19.573  65.291 0.0000000000
43141  18.822  -20.324  65.868 0.0000000000
43142  17.593  -20.499  65.803 0.0000000000
113207  16.655  -20.651  66.019 0.0000000000
39708  12.820  -23.403  71.257 0.0000000000
48023  26.197  -14.497  62.602 0.0000000000
48957  26.726  -14.595  63.136 0.0000000000
118402  38.801  -2.822  54.134 0.0000000000
124209  38.133  -2.455  53.688 0.0000000000
59290  39.293  -2.224  54.504 0.0000000000
64851  35.364  3.602  47.330 0.0000000000
64846  35.180  3.834  48.153 0.0000000000
64852  34.710  3.183  47.747 0.0000000000
64017  34.385  2.404  47.560 0.0000000000
47107  23.726  -15.658  61.548 0.0000000000
47093  23.255  -15.947  61.959 0.0000000000
47094  22.582  -15.514  62.178 0.0000000000
131786  21.718  -15.394  62.622 0.0000000000
47999  20.345  -14.216  63.666 0.0000000000
47063  19.698  -14.717  63.876 0.0000000000
47064  19.210  -15.675  63.891 0.0000000000
52901  24.329  -9.418  60.487 0.0000000000
50898  22.346  -11.421  61.252 0.0000000000
48046  23.897  -15.027  61.163 0.0000000000
57371  33.789  -4.791  54.884 0.0000000000
57384  34.186  -4.951  54.102 0.0000000000
54677  37.285  -7.824  53.177 0.0000000000
54686  36.910  -7.182  52.666 0.0000000000
55527  37.848  -6.971  53.173 0.0000000000
123748  37.911  -6.054  53.097 0.0000000000
56476  38.172  -5.225  53.730 0.0000000000
56457  39.426  -5.934  54.980 0.0000000000
117021  40.056  -5.469  55.394 0.0000000000
113900  45.631  13.762  37.055 0.0000000000
74628  48.311  14.370  34.833 0.0000000000
72788  47.985  12.693  34.084 0.0000000000
117872  49.811  10.312  35.124 0.0000000000
70925  50.527  10.379  35.319 0.0000000000
69175  41.560  8.992  38.966 0.0000000000
69164  41.206  8.330  39.513 0.0000000000
66547  40.780  5.585  40.711 0.0000000000
65697  41.753  3.837  42.002 0.0000000000
67330  37.307  6.378  44.448 0.0000000000
66509  36.838  5.789  44.279 0.0000000000
65685  37.175  4.768  43.359 0.0000000000
63179  38.658  1.795  43.588 0.0000000000
64060  38.298  2.509  43.262 0.0000000000
64884  41.082  2.943  43.032 0.0000000000
50005  35.115  -13.493  56.756 0.0000000000
50004  35.939  -13.283  56.971 0.0000000000
49993  36.305  -13.702  57.745 0.0000000000
70865  41.651  10.243  42.076 0.0000000000
70885  42.083  10.691  40.564 0.0000000000
70896  41.917  10.840  39.643 0.0000000000
121761  23.130  -17.406  64.212 0.0000000000
44944  23.538  -17.426  64.584 0.0000000000
44933  23.407  -17.510  65.427 0.0000000000
41343  18.702  -21.603  68.202 0.0000000000
41327  18.553  -21.541  69.090 0.0000000000
42194  18.287  -21.454  69.805 0.0000000000
41314  17.978  -21.810  70.217 0.0000000000
40518  17.366  -23.087  70.230 0.0000000000
43127  14.441  -19.641  67.515 0.0000000000
42226  14.423  -20.538  67.437 0.0000000000
39721  13.320  -23.260  68.887 0.0000000000
40539  13.723  -22.571  68.416 0.0000000000
39728  14.038  -23.512  68.361 0.0000000000
38922  16.127  -24.401  68.789 0.0000000000
38100  16.104  -26.090  70.045 0.0000000000
37237  15.512  -26.603  69.831 0.0000000000
37229  13.613  -26.450  70.165 0.0000000000
35569  13.415  -28.019  70.550 0.0000000000
34832  10.696  -28.821  73.081 0.0000000000
50980  32.076  -11.693  54.590 0.0000000000
50032  32.414  -12.364  54.886 0.0000000000
49086  31.915  -13.002  55.299 0.0000000000
48106  30.199  -14.277  57.344 0.0000000000
124282  30.775  -14.587  58.139 0.0000000000
48077  31.890  -14.780  59.020 0.0000000000
48057  32.891  -14.768  60.169 0.0000000000
48058  32.056  -14.924  59.898 0.0000000000
50918  27.012  -11.389  58.937 0.0000000000
49007  27.437  -13.278  60.382 0.0000000000
48009  28.234  -14.731  63.466 0.0000000000
48022  28.174  -14.386  62.559 0.0000000000
48021  29.041  -15.258  62.925 0.0000000000
121248  43.978  7.313  39.181 0.0000000000
68295  44.922  7.318  39.459 0.0000000000
63106  32.571  1.778  49.403 0.0000000000
135106  33.420  -0.744  48.488 0.0000000000
57400  32.336  -4.417  52.572 0.0000000000
57401  31.925  -4.338  52.078 0.0000000000
129025  32.221  -4.207  51.887 0.0000000000
58386  33.032  -3.715  51.519 0.0000000000
60253  37.251  -2.087  51.739 0.0000000000
60254  36.283  -2.568  51.327 0.0000000000
60282  35.480  -1.864  49.556 0.0000000000
112140  36.233  -1.516  49.311 0.0000000000
61238  37.069  -1.236  49.268 0.0000000000
61225  37.903  -0.924  49.619 0.0000000000
50949  38.222  -11.114  57.481 0.0000000000
111830  38.029  -10.759  56.732 0.0000000000
51935  38.915  -10.808  57.880 0.0000000000
51951  39.275  -10.185  57.686 0.0000000000
52924  39.873  -9.676  57.890 0.0000000000
75544  53.823  15.004  29.052 0.0000000000
74659  53.920  14.051  28.920 0.0000000000
117939  50.249  12.857  31.293 0.0000000000
71882  53.592  11.534  30.056 0.0000000000
71893  54.028  11.677  29.509 0.0000000000
48977  21.488  -13.318  62.436 0.0000000000
48966  20.925  -13.425  63.185 0.0000000000
51876  22.534  -10.717  62.225 0.0000000000
50886  21.890  -11.626  62.177 0.0000000000
70050  48.740  9.724  36.893 0.0000000000
114232  48.113  9.453  37.210 0.0000000000
112855  34.442  -7.095  53.530 0.0000000000
53840  35.784  -8.050  53.076 0.0000000000
133718  35.850  -8.838  53.410 0.0000000000
54678  36.559  -7.796  52.907 0.0000000000
53831  37.450  -8.450  53.777 0.0000000000
53830  38.116  -8.418  54.285 0.0000000000
53820  38.688  -8.434  54.804 0.0000000000
73691  44.814  13.270  38.139 0.0000000000
73700  44.742  13.248  37.126 0.0000000000
119583  44.218  12.615  36.952 0.0000000000
72773  45.212  13.026  36.372 0.0000000000
72772  45.790  12.846  35.805 0.0000000000
118460  45.765  10.810  35.606 0.0000000000
70929  46.620  10.704  35.311 0.0000000000
70928  47.389  10.341  35.521 0.0000000000
70919  47.923  10.067  35.900 0.0000000000
70003  40.185  9.109  40.899 0.0000000000
125833  39.625  8.433  40.957 0.0000000000
67361  39.128  6.433  41.098 0.0000000000
64876  36.267  3.637  44.520 0.0000000000
134796  36.865  2.846  43.895 0.0000000000
63169  37.615  1.497  44.186 0.0000000000
63168  38.910  1.174  43.997 0.0000000000
63167  39.685  1.150  44.196 0.0000000000
63143  40.829  0.872  46.229 0.0000000000
134186  40.848  0.735  46.807 0.0000000000
62210  40.437  0.324  46.595 0.0000000000
49005  35.088  -14.191  59.900 0.0000000000
49004  35.889  -14.084  60.100 0.0000000000
43992  21.268  -18.483  65.104 0.0000000000
43980  20.696  -18.865  65.444 0.0000000000
42205  19.287  -21.139  67.864 0.0000000000
40546  17.405  -22.475  67.966 0.0000000000
41316  13.133  -21.494  69.697 0.0000000000
40529  13.126  -22.265  69.217 0.0000000000
38918  13.890  -24.827  69.002 0.0000000000
38106  14.540  -25.613  69.281 0.0000000000
115161  13.238  -25.110  70.769 0.0000000000
117074  13.104  -25.068  71.466 0.0000000000
50006  29.172  -12.944  56.781 0.0000000000
49063  29.444  -13.688  57.121 0.0000000000
48107  29.473  -14.315  57.978 0.0000000000
49943  26.432  -12.925  61.167 0.0000000000
48973  27.399  -14.072  62.328 0.0000000000
48965  26.899  -14.464  62.781 0.0000000000
48964  27.199  -14.435  62.871 0.0000000000
48963  27.716  -14.301  63.069 0.0000000000
66543  44.406  6.142  41.024 0.0000000000
67360  45.101  6.304  41.042 0.0000000000
61215  31.631  -0.215  50.808 0.0000000000
58373  36.240  -3.310  52.274 0.0000000000
116584  36.353  -2.771  52.133 0.0000000000
59310  36.911  -2.184  52.446 0.0000000000
59301  37.728  -1.744  53.410 0.0000000000
59302  37.354  -1.554  52.921 0.0000000000
60240  37.467  -1.872  52.228 0.0000000000
61181  37.937  -1.548  52.259 0.0000000000
61189  38.332  -1.257  52.195 0.0000000000
118270  52.264  15.744  30.599 0.0000000000
134886  50.628  11.260  33.174 0.0000000000
71866  51.214  11.320  32.713 0.0000000000
33156  12.659  -31.684  72.524 0.0000000000
67321  38.563  6.318  45.503 0.0000000000
129632  38.277  5.813  45.905 0.0000000000
133737  36.756  5.231  45.527 0.0000000000
121602  36.374  4.633  45.685 0.0000000000
64868  35.602  2.831  45.633 0.0000000000
63157  35.494  1.696  45.362 0.0000000000
62227  35.449  0.682  45.513 0.0000000000
62212  35.808  -0.213  45.855 0.0000000000
47078  25.889  -15.548  63.654 0.0000000000
46056  25.309  -16.234  63.635 0.0000000000
46049  24.858  -16.719  63.981 0.0000000000
44955  24.176  -16.985  63.493 0.0000000000
134625  23.698  -16.989  63.291 0.0000000000
44956  23.526  -17.252  63.815 0.0000000000
44957  22.775  -17.335  63.851 0.0000000000
47080  21.027  -15.626  63.096 0.0000000000
44959  21.189  -17.240  63.674 0.0000000000
43995  18.935  -18.204  64.337 0.0000000000
46050  18.809  -16.579  63.984 0.0000000000
44935  18.132  -18.148  64.627 0.0000000000
44936  17.259  -17.957  65.202 0.0000000000
52914  27.291  -9.012  59.134 0.0000000000
51924  26.060  -9.799  59.209 0.0000000000
119050  25.849  -10.479  59.363 0.0000000000
50908  24.932  -11.726  60.239 0.0000000000
132552  23.763  -9.933  59.952 0.0000000000
50897  22.854  -11.254  60.622 0.0000000000
130135  23.644  -11.005  59.835 0.0000000000
59284  31.255  -2.709  55.316 0.0000000000
118011  31.248  -3.813  54.774 0.0000000000
57372  32.546  -4.726  54.276 0.0000000000
57386  32.496  -4.631  53.461 0.0000000000
131047  33.925  -3.956  52.624 0.0000000000
55528  34.520  -6.169  53.265 0.0000000000
55538  34.876  -5.839  52.525 0.0000000000
56488  35.491  -5.935  52.128 0.0000000000
132093  35.563  -3.721  52.354 0.0000000000
120429  36.759  -3.706  52.533 0.0000000000
57382  38.355  -4.286  53.847 0.0000000000
58352  38.912  -3.734  54.251 0.0000000000
74636  49.417  14.407  33.443 0.0000000000
73727  49.057  13.661  33.177 0.0000000000
71868  49.600  11.949  32.709 0.0000000000
72789  47.197  12.298  34.176 0.0000000000
71859  47.951  11.811  33.930 0.0000000000
71858  49.362  11.557  33.334 0.0000000000
71857  49.996  11.356  33.246 0.0000000000
70040  43.403  9.583  37.366 0.0000000000
69183  43.717  8.874  37.590 0.0000000000
68305  43.631  7.791  38.589 0.0000000000
68306  42.771  7.886  38.708 0.0000000000
67385  43.455  6.853  39.680 0.0000000000
68299  40.742  7.751  39.884 0.0000000000
67388  41.050  7.086  40.082 0.0000000000
67387  41.910  6.932  39.956 0.0000000000
67372  43.099  6.223  40.165 0.0000000000
115114  44.121  5.503  41.565 0.0000000000
66528  44.735  4.878  42.073 0.0000000000
65703  43.796  4.909  42.077 0.0000000000
68246  38.065  7.463  44.018 0.0000000000
67339  37.848  6.913  43.612 0.0000000000
120544  37.262  6.401  43.906 0.0000000000
66539  38.357  5.934  42.132 0.0000000000
65708  38.679  5.126  41.746 0.0000000000
64886  37.345  3.826  43.132 0.0000000000
64898  38.285  3.812  42.541 0.0000000000
65698  38.956  4.200  41.995 0.0000000000
64883  41.762  3.092  43.248 0.0000000000
64894  42.167  3.544  42.760 0.0000000000
64893  42.974  3.716  43.028 0.0000000000
50990  35.455  -11.351  54.926 0.0000000000
50977  35.463  -11.832  55.512 0.0000000000
50951  37.029  -12.107  56.876 0.0000000000
50950  37.654  -11.684  57.219 0.0000000000
71817  42.870  11.879  38.752 0.0000000000
130333  42.367  11.233  38.448 0.0000000000
44918  24.054  -17.366  65.949 0.0000000000
44934  21.791  -18.197  65.633 0.0000000000
44923  16.801  -17.168  65.605 0.0000000000
44910  16.008  -17.451  66.981 0.0000000000
42224  15.915  -20.576  66.602 0.0000000000
42245  16.610  -21.310  66.560 0.0000000000
41345  14.228  -21.221  67.708 0.0000000000
40528  17.372  -23.233  69.284 0.0000000000
125958  17.144  -23.588  70.502 0.0000000000
125485  16.988  -24.113  70.256 0.0000000000
37238  14.849  -26.352  69.582 0.0000000000
36390  15.527  -27.180  70.171 0.0000000000
36362  15.688  -28.079  72.303 0.0000000000
34849  14.593  -30.283  71.650 0.0000000000
34078  14.135  -31.006  71.699 0.0000000000
33166  13.177  -31.168  72.069 0.0000000000
37202  12.447  -25.871  72.456 0.0000000000
37212  12.294  -26.901  72.136 0.0000000000
36353  11.704  -27.415  72.625 0.0000000000
57360  32.233  -4.466  56.210 0.0000000000
51992  33.171  -10.328  54.308 0.0000000000
50030  34.302  -12.344  55.487 0.0000000000
50018  33.814  -12.959  55.861 0.0000000000
49058  34.515  -13.803  57.413 0.0000000000
49074  31.356  -13.500  55.882 0.0000000000
49060  32.699  -13.930  56.961 0.0000000000
48103  32.987  -14.118  57.855 0.0000000000
49045  33.919  -14.187  58.018 0.0000000000
48089  34.150  -14.340  58.868 0.0000000000
48074  34.317  -14.345  59.704 0.0000000000
49942  26.930  -12.922  60.982 0.0000000000
49006  27.801  -13.930  60.528 0.0000000000
47104  30.456  -15.313  60.845 0.0000000000
69163  46.278  8.306  38.975 0.0000000000
67370  45.521  6.860  40.820 0.0000000000
64838  34.228  3.640  49.301 0.0000000000
117322  34.126  2.860  48.116 0.0000000000
63133  34.233  1.501  47.454 0.0000000000
63145  34.569  0.960  46.703 0.0000000000
61275  36.281  -1.035  46.324 0.0000000000
122537  30.870  -2.772  54.366 0.0000000000
118146  30.697  -2.081  52.932 0.0000000000
57411  31.676  -3.762  51.898 0.0000000000
60242  31.078  -1.985  52.111 0.0000000000
60272  31.806  -1.224  50.575 0.0000000000
60271  32.344  -1.632  49.953 0.0000000000
59312  34.774  -2.859  52.205 0.0000000000
130564  35.362  -2.735  51.034 0.0000000000
59339  33.875  -3.000  50.080 0.0000000000
60284  32.602  -1.026  49.420 0.0000000000
123110  33.246  -1.286  48.914 0.0000000000
60295  34.599  -1.490  48.297 0.0000000000
60308  34.509  -1.121  47.789 0.0000000000
61256  34.948  -1.071  47.050 0.0000000000
61235  39.204  -0.755  47.551 0.0000000000
61224  38.416  -0.928  48.803 0.0000000000
61223  39.213  -0.713  48.564 0.0000000000
51979  36.122  -10.838  55.016 0.0000000000
51978  36.907  -10.158  55.137 0.0000000000
135495  38.533  -8.928  55.331 0.0000000000
115705  38.910  -8.332  55.603 0.0000000000
117547  39.818  -8.890  57.535 0.0000000000
54645  39.375  -7.580  55.786 0.0000000000
55496  40.014  -6.913  55.741 0.0000000000
56448  40.401  -5.990  56.112 0.0000000000
74640  50.280  14.513  31.857 0.0000000000
134681  51.203  15.452  31.780 0.0000000000
75533  52.119  15.099  29.993 0.0000000000
71884  52.080  11.690  30.382 0.0000000000
72816  51.576  12.510  30.343 0.0000000000
73748  51.984  13.355  29.886 0.0000000000
72822  54.453  11.982  28.942 0.0000000000
114527  54.493  13.746  28.531 0.0000000000
33165  13.846  -31.333  71.860 0.0000000000
34079  13.630  -30.894  71.665 0.0000000000
60229  37.735  -1.295  52.700 0.0000000000
61276  35.409  -0.736  46.458 0.0000000000
72834  55.080  12.412  28.597 0.0000000000
130497  16.004  -27.342  73.691 0.0000000000
133398  40.292  4.148  41.602 0.0000000000
134679  37.843  -11.233  56.961 0.0000000000
