#!ascii label  , from subject sub-v1s15x0050216_ses-1 vox2ras=TkReg
1623
125978  40.785  -41.894  -5.445 0.6000000238
24187  42.081  -42.302  -6.016 0.5000000000
25906  42.027  -40.457  -3.812 0.6999999881
126274  41.041  -40.078  -3.579 0.6000000238
26833  40.229  -39.515  -3.521 0.6000000238
26821  40.925  -39.347  -2.825 0.6000000238
25054  41.805  -41.336  -5.362 0.6999999881
25916  41.133  -40.676  -4.597 0.6000000238
25907  40.375  -40.037  -4.179 0.5000000000
25908  39.723  -39.670  -4.148 0.5000000000
26822  40.064  -39.073  -2.797 0.6000000238
25066  42.366  -41.773  -5.970 0.5000000000
25067  41.622  -41.796  -5.625 0.5000000000
25055  40.740  -41.076  -5.221 0.6000000238
26813  39.935  -38.708  -2.109 0.6000000238
22230  42.464  -44.111  -5.676 0.5000000000
22229  43.382  -44.261  -5.666 0.5000000000
121450  42.683  -38.821  -1.395 0.6000000238
27697  41.951  -38.734  -1.332 0.6999999881
25905  43.068  -40.783  -3.910 0.6000000238
26831  42.756  -40.293  -3.008 0.6999999881
26820  42.330  -39.614  -2.312 0.6000000238
134204  41.633  -39.513  -2.505 0.6000000238
122376  41.503  -39.166  -1.996 0.6000000238
25053  42.731  -41.409  -5.612 0.6000000238
25915  42.331  -41.006  -4.745 0.6999999881
27698  41.000  -38.533  -1.490 0.6000000238
122052  43.069  -41.675  -5.995 0.5000000000
25065  43.660  -41.403  -5.654 0.5000000000
27699  40.195  -38.408  -1.575 0.6000000238
23226  42.494  -43.031  -5.821 0.5000000000
27700  39.863  -38.485  -1.488 0.6000000238
23225  43.202  -43.305  -5.768 0.5000000000
27689  39.539  -38.497  -0.777 0.6000000238
27672  39.255  -38.011  0.038 0.6999999881
28523  38.920  -37.565  0.510 0.6999999881
27690  39.073  -38.701  0.178 0.6000000238
27673  38.525  -38.303  0.776 0.6000000238
27674  37.779  -38.863  1.269 0.6000000238
28525  34.517  -38.051  0.097 0.5000000000
29441  33.413  -36.994  -1.177 0.6999999881
28538  33.931  -37.441  -0.376 0.6000000238
29448  33.373  -36.336  -1.904 0.8000000119
28539  33.182  -37.436  -0.673 0.6999999881
27685  42.720  -38.313  -0.786 0.6000000238
26830  43.756  -40.384  -3.175 0.6999999881
26819  43.366  -39.787  -2.405 0.6999999881
26811  43.007  -39.231  -1.807 0.6000000238
27686  41.582  -38.197  -0.781 0.6999999881
25052  43.342  -41.021  -5.053 0.6000000238
25904  44.074  -40.682  -4.264 0.6000000238
28535  41.106  -37.578  -0.362 0.8000000119
25064  44.490  -41.303  -6.034 0.5000000000
25914  44.419  -40.867  -5.530 0.5000000000
28521  40.818  -37.139  0.080 0.8000000119
27687  40.563  -38.053  -0.959 0.6000000238
24185  44.696  -41.842  -6.073 0.5000000000
120609  43.818  -41.818  -5.938 0.5000000000
29429  40.139  -36.824  0.418 0.8000000119
28536  40.169  -37.528  -0.405 0.6000000238
129777  43.855  -43.587  -5.788 0.5000000000
28522  39.550  -37.420  0.100 0.8000000119
29430  39.048  -36.837  0.752 0.8000000119
28537  39.687  -37.840  -0.516 0.6999999881
127541  38.338  -36.803  1.506 0.6999999881
28508  38.355  -37.514  1.201 0.6999999881
28501  37.093  -36.813  2.193 0.6999999881
28509  37.600  -37.375  1.827 0.6999999881
28511  36.564  -37.453  1.846 0.6000000238
27662  37.288  -38.265  1.692 0.6000000238
27661  37.901  -38.106  1.471 0.6000000238
120995  35.775  -37.264  1.412 0.6999999881
28510  37.038  -37.676  1.989 0.6000000238
30322  34.901  -35.996  0.372 0.6999999881
28524  35.341  -37.961  0.804 0.6000000238
29432  34.275  -36.724  -0.455 0.8000000119
134939  34.515  -36.104  -0.427 0.8000000119
29431  34.895  -37.152  0.400 0.6000000238
127545  34.062  -35.765  -1.870 0.8999999762
29450  32.748  -36.818  -1.306 0.6999999881
30337  33.583  -35.676  -2.565 0.8000000119
29442  32.940  -37.166  -1.255 0.6999999881
118915  43.119  -37.642  -0.381 0.6000000238
28534  42.248  -37.623  -0.167 0.6999999881
29426  42.898  -35.992  0.577 0.6999999881
27696  43.413  -38.657  -1.355 0.6000000238
29427  42.196  -36.682  0.526 0.6000000238
26817  45.115  -39.542  -2.963 0.4000000060
26818  44.358  -39.747  -2.597 0.6000000238
27695  44.271  -38.410  -1.550 0.6000000238
28520  41.670  -37.172  0.209 0.6999999881
26829  44.709  -40.155  -3.483 0.6000000238
29428  41.246  -36.656  0.587 0.8000000119
133824  44.989  -40.854  -6.177 0.4000000060
25913  45.321  -40.403  -5.801 0.5000000000
26839  45.009  -40.311  -4.679 0.6000000238
25063  45.276  -41.330  -6.303 0.5000000000
24184  44.930  -42.524  -5.766 0.4000000060
29413  38.815  -36.196  1.529 0.8000000119
23224  44.521  -43.390  -5.586 0.5000000000
29414  37.878  -36.297  2.120 0.8000000119
30294  36.784  -35.289  2.432 0.8000000119
29400  37.270  -35.823  2.405 0.6999999881
30311  36.210  -35.687  1.947 0.8000000119
32117  35.718  -34.274  1.109 0.8999999762
30312  35.598  -35.577  1.202 0.8999999762
134531  36.792  -36.071  2.278 0.6999999881
29415  36.385  -36.627  1.919 0.6999999881
29416  35.602  -36.376  1.285 0.6000000238
31242  34.588  -35.215  -1.265 0.8999999762
30329  34.732  -35.457  -0.390 0.8999999762
131719  32.426  -34.790  -2.645 0.8000000119
31252  32.370  -35.175  -1.711 0.8000000119
30339  32.760  -36.264  -1.985 0.8000000119
131337  32.447  -35.974  -1.037 0.8000000119
30344  33.014  -35.816  -2.985 0.8000000119
30338  32.978  -36.202  -2.486 0.6999999881
29440  43.066  -36.900  0.076 0.6999999881
30321  42.777  -35.176  1.014 0.6000000238
28533  43.759  -37.904  -0.906 0.6000000238
29439  43.971  -36.573  -0.462 0.5000000000
29410  41.915  -35.949  1.086 0.6999999881
118269  45.368  -38.051  -2.414 0.4000000060
120342  44.931  -38.050  -1.867 0.5000000000
28544  44.560  -37.612  -1.430 0.6000000238
27701  45.567  -38.616  -3.249 0.5000000000
29411  40.778  -36.170  1.110 0.6999999881
27712  46.388  -39.008  -5.429 0.5000000000
25921  46.083  -40.473  -6.106 0.4000000060
26843  46.031  -39.829  -5.952 0.4000000060
30291  39.213  -34.982  2.398 0.8000000119
30308  39.463  -35.636  1.828 0.8000000119
125075  46.090  -41.783  -6.089 0.4000000060
30309  38.586  -35.546  2.210 0.8000000119
29412  39.744  -36.231  1.176 0.8000000119
24183  45.765  -42.348  -5.866 0.3000000119
31208  36.773  -34.307  2.632 0.8000000119
30293  37.372  -34.955  2.674 0.8000000119
30310  37.857  -35.466  2.451 0.8000000119
32116  36.048  -34.070  1.978 0.8000000119
31224  35.865  -34.909  1.586 0.8999999762
32126  35.495  -33.936  0.223 0.8999999762
31234  35.366  -34.927  0.503 0.8999999762
32134  35.480  -33.556  -0.814 0.8999999762
31241  35.106  -34.518  -0.548 0.8999999762
32147  32.405  -34.131  -2.900 0.8000000119
122223  32.398  -34.039  -0.787 0.8000000119
31250  35.007  -34.338  -1.517 0.8999999762
31251  34.423  -35.052  -2.119 0.8999999762
30351  32.883  -35.321  -3.111 0.8000000119
31257  34.323  -34.902  -2.899 0.8000000119
30328  43.724  -35.935  0.019 0.6000000238
30320  43.475  -35.175  0.363 0.6000000238
31221  42.636  -34.339  1.300 0.6000000238
30327  44.255  -35.766  -0.707 0.6000000238
28547  45.689  -37.414  -3.111 0.4000000060
28548  45.210  -37.261  -2.080 0.4000000060
122527  44.776  -36.918  -1.465 0.4000000060
28532  44.260  -37.127  -0.916 0.5000000000
30306  41.224  -35.480  1.536 0.6999999881
129469  40.793  -35.115  1.920 0.6999999881
27711  46.520  -38.279  -4.912 0.5000000000
27708  46.223  -37.930  -4.017 0.4000000060
30290  40.117  -35.075  2.167 0.6999999881
27715  46.891  -38.363  -5.425 0.5000000000
128593  38.995  -34.382  2.846 0.8000000119
32105  37.161  -33.397  2.955 0.8000000119
30292  38.264  -34.773  2.737 0.8000000119
124197  36.100  -33.215  1.760 0.8000000119
33048  35.667  -33.060  0.121 0.8999999762
32140  35.410  -33.563  -1.911 1.0000000000
33077  32.662  -33.387  -3.089 0.8000000119
31256  34.890  -34.260  -2.450 1.0000000000
31258  32.563  -34.778  -3.041 0.8000000119
31262  34.749  -34.188  -3.090 1.0000000000
31263  34.280  -34.456  -3.396 0.8000000119
31264  33.667  -34.460  -3.487 0.8000000119
31233  43.251  -34.378  0.574 0.6000000238
32114  42.504  -33.526  1.506 0.6000000238
120380  43.980  -35.108  -0.382 0.6000000238
32115  42.082  -33.357  2.086 0.6999999881
29453  45.361  -36.626  -2.776 0.4000000060
29454  44.947  -36.219  -2.088 0.4000000060
29447  44.517  -36.366  -1.145 0.4000000060
31205  40.890  -34.423  2.383 0.6999999881
28554  46.652  -37.453  -4.959 0.5000000000
28551  46.018  -37.022  -4.183 0.4000000060
31206  39.828  -34.371  2.621 0.8000000119
31189  38.393  -33.935  3.189 0.8000000119
32082  39.548  -32.992  3.312 0.8000000119
33025  36.861  -32.578  2.686 0.8000000119
31207  37.563  -34.116  3.031 0.8000000119
33967  36.290  -31.932  1.506 0.8000000119
32106  36.523  -33.370  2.417 0.8000000119
33038  35.994  -32.581  0.991 0.8999999762
33058  35.790  -32.773  -0.631 0.8999999762
33978  36.270  -31.581  -0.356 0.8999999762
33068  35.773  -32.847  -1.420 1.0000000000
33075  35.760  -32.870  -2.325 1.0000000000
32146  35.296  -33.497  -2.933 1.0000000000
33082  33.249  -33.276  -3.497 0.8000000119
33069  32.599  -33.353  -2.306 0.8000000119
32145  35.444  -33.085  -3.786 1.0000000000
32161  34.430  -33.223  -3.984 0.8000000119
32152  34.802  -33.695  -3.542 0.8000000119
135521  43.619  -33.953  -0.744 0.6000000238
32124  43.015  -33.603  0.732 0.6000000238
32102  41.404  -33.522  2.460 0.6999999881
33023  41.046  -32.806  2.766 0.6999999881
30342  44.561  -35.199  -2.736 0.4000000060
30336  44.504  -35.541  -1.596 0.5000000000
131374  44.248  -35.066  -1.113 0.5000000000
32103  40.350  -33.516  2.844 0.8000000119
131060  40.750  -32.229  2.906 0.8000000119
29457  45.500  -36.424  -3.704 0.4000000060
29462  45.664  -36.132  -4.675 0.4000000060
30349  45.051  -35.516  -4.418 0.4000000060
32083  37.868  -33.302  3.314 0.8000000119
117832  38.690  -33.168  3.428 0.8000000119
33010  37.510  -32.583  3.207 0.8000000119
33026  36.312  -32.553  2.019 0.8000000119
33047  35.974  -32.298  -0.055 0.8999999762
121023  36.377  -30.909  0.399 0.8000000119
33057  36.119  -32.232  -0.956 1.0000000000
33067  36.096  -32.251  -1.854 1.0000000000
33984  36.330  -31.535  -1.354 1.0000000000
124187  36.109  -32.370  -2.629 1.0000000000
33085  36.320  -32.085  -4.708 1.0000000000
33088  34.073  -32.900  -3.989 0.8999999762
33992  32.809  -32.616  -2.646 0.8000000119
33995  33.338  -31.882  -3.449 0.8999999762
33087  34.915  -32.644  -4.466 1.0000000000
34000  35.204  -31.871  -4.840 1.0000000000
123768  33.615  -32.394  -3.734 1.0000000000
34004  36.757  -31.484  -5.260 1.0000000000
121326  37.449  -30.489  -5.409 1.0000000000
34770  36.745  -30.829  -5.780 1.0000000000
34771  35.858  -30.867  -5.467 1.0000000000
35481  37.586  -29.765  -5.788 1.0000000000
34769  37.307  -30.330  -5.936 1.0000000000
33046  42.764  -32.846  0.858 0.6999999881
33036  42.337  -32.720  1.682 0.6999999881
132140  42.000  -31.823  1.846 0.6999999881
32123  43.391  -33.636  -0.232 0.6000000238
33045  43.068  -33.011  0.094 0.6000000238
33037  41.780  -32.726  2.306 0.6999999881
31240  43.912  -34.344  -1.131 0.6000000238
31255  44.220  -34.392  -2.820 0.5000000000
124041  40.230  -31.944  3.296 0.8000000119
123157  44.600  -34.734  -4.681 0.4000000060
33007  39.700  -32.333  3.441 0.8000000119
33943  38.621  -31.713  3.717 0.8000000119
33944  37.855  -31.781  3.444 0.8000000119
34722  36.875  -30.990  2.551 0.8000000119
33959  37.186  -31.784  2.920 0.8000000119
117585  36.379  -31.140  1.483 0.6999999881
135599  36.493  -31.031  2.123 0.8000000119
35444  36.467  -29.942  0.146 0.8000000119
34738  36.417  -30.756  -0.674 0.8999999762
34745  36.525  -29.889  -0.973 1.0000000000
33990  36.390  -31.662  -2.448 1.0000000000
34753  36.528  -30.682  -1.811 1.0000000000
35464  36.648  -29.728  -1.865 1.0000000000
34757  36.653  -30.961  -2.916 1.0000000000
35469  36.854  -29.581  -2.728 1.0000000000
120954  36.930  -30.335  -3.389 1.0000000000
35473  37.200  -29.496  -3.798 1.0000000000
34761  37.330  -30.480  -4.483 1.0000000000
34767  34.520  -31.165  -4.595 1.0000000000
124347  33.808  -31.554  -3.956 1.0000000000
35477  37.579  -29.757  -4.992 1.0000000000
34006  35.327  -31.226  -5.148 1.0000000000
34772  35.019  -30.429  -5.162 1.0000000000
35482  36.021  -30.047  -5.645 1.0000000000
36267  37.725  -29.031  -6.144 1.0000000000
35485  37.039  -29.990  -6.218 1.0000000000
122647  42.514  -32.044  1.002 0.6999999881
121119  41.321  -32.071  2.509 0.6999999881
33055  43.091  -32.870  -0.829 0.5000000000
33056  42.780  -32.267  -0.065 0.6999999881
33958  40.803  -31.587  2.887 0.6999999881
32133  43.482  -33.507  -1.407 0.6000000238
31249  43.877  -33.950  -2.250 0.5000000000
33942  39.452  -31.590  3.679 0.8000000119
122218  38.915  -31.056  3.859 0.8000000119
121311  38.249  -31.017  3.637 0.6999999881
114855  37.520  -30.983  3.191 0.8000000119
112078  36.446  -30.373  1.087 0.6999999881
116512  36.479  -30.349  2.022 0.6999999881
112871  36.525  -28.948  0.432 0.8999999762
36214  36.579  -28.067  0.529 0.8000000119
37031  36.716  -27.395  0.572 0.8000000119
38767  37.325  -25.440  0.302 0.8000000119
113518  36.517  -29.233  -0.425 0.8999999762
37043  36.699  -27.559  -0.163 0.8000000119
127512  36.566  -29.052  -1.199 1.0000000000
36222  36.584  -28.396  -0.458 0.8999999762
37949  36.953  -26.945  -0.781 0.8999999762
37948  37.139  -26.158  -0.220 0.8000000119
119664  36.688  -28.255  -1.401 0.8999999762
37064  36.891  -28.051  -2.255 1.0000000000
36247  37.048  -28.745  -2.931 1.0000000000
112905  37.536  -28.244  -4.428 1.0000000000
36265  37.781  -28.933  -5.509 1.0000000000
114163  35.586  -29.255  -5.602 1.0000000000
37079  37.771  -27.333  -4.368 1.0000000000
37087  38.096  -28.167  -6.263 1.0000000000
36272  36.791  -28.600  -6.365 1.0000000000
128938  37.851  -27.984  -5.269 1.0000000000
37086  38.289  -27.382  -5.642 1.0000000000
37091  38.126  -27.705  -6.725 1.0000000000
33972  42.559  -31.516  0.321 0.6999999881
120190  42.301  -31.195  1.012 0.6999999881
34730  41.828  -30.824  1.668 0.6999999881
33957  41.388  -31.249  2.350 0.6999999881
33066  42.841  -32.128  -1.246 0.6000000238
34720  40.812  -30.796  2.912 0.6999999881
33065  43.139  -32.713  -1.945 0.5000000000
34703  40.291  -30.425  3.447 0.6999999881
32144  43.508  -33.240  -2.655 0.5000000000
34704  39.555  -30.585  3.723 0.8000000119
124837  39.191  -29.835  3.720 0.6999999881
35412  37.654  -29.346  3.327 0.6999999881
35411  38.414  -29.556  3.624 0.6999999881
34721  37.146  -30.065  2.824 0.6999999881
35426  36.666  -29.364  2.202 0.6999999881
35436  36.500  -29.577  1.269 0.6999999881
37932  36.894  -26.910  1.061 0.8000000119
37931  37.269  -26.337  1.658 0.8000000119
38760  37.407  -25.517  1.236 0.8000000119
37938  37.133  -26.194  0.695 0.8000000119
39529  37.531  -24.746  0.782 0.8000000119
39535  37.517  -24.691  -0.095 0.8000000119
37051  36.887  -27.468  -1.561 1.0000000000
117604  37.242  -26.111  -1.075 0.8999999762
38771  37.370  -25.414  -0.579 0.8000000119
123522  37.380  -26.026  -1.770 1.0000000000
38782  37.476  -25.422  -1.419 0.8000000119
37063  37.182  -27.196  -2.384 1.0000000000
36246  37.296  -27.837  -3.298 1.0000000000
119225  37.501  -26.857  -3.239 1.0000000000
37987  38.391  -26.650  -4.909 1.0000000000
37093  36.636  -27.806  -6.362 1.0000000000
36269  35.637  -28.377  -5.727 1.0000000000
37997  38.682  -26.654  -6.044 1.0000000000
37090  38.330  -27.305  -6.510 1.0000000000
37092  37.554  -28.198  -6.531 1.0000000000
38003  38.533  -26.560  -6.755 1.0000000000
34729  42.159  -30.335  0.920 0.6999999881
35435  41.752  -29.911  1.596 0.6999999881
34719  41.344  -30.356  2.326 0.6000000238
35424  40.774  -29.954  3.031 0.6000000238
35410  40.012  -29.674  3.614 0.6000000238
127911  39.221  -28.947  3.631 0.6999999881
36181  38.125  -28.555  3.555 0.6999999881
36197  37.425  -28.523  3.132 0.6999999881
36198  36.934  -28.522  2.447 0.6999999881
37925  37.492  -26.624  2.641 0.8000000119
37015  36.835  -27.892  2.032 0.6999999881
37021  37.064  -27.172  1.937 0.8000000119
40308  37.835  -24.132  1.204 0.8000000119
40320  37.754  -24.028  0.362 0.8000000119
39544  37.599  -24.693  -0.968 0.8000000119
39556  37.710  -24.743  -1.840 0.8000000119
40342  37.854  -23.967  -1.423 0.8000000119
38800  37.685  -26.036  -3.197 1.0000000000
135716  37.814  -24.812  -2.587 1.0000000000
40357  37.984  -24.036  -2.426 0.6999999881
39567  37.890  -25.269  -3.205 1.0000000000
129964  38.447  -25.052  -3.809 1.0000000000
113637  39.026  -25.216  -4.695 1.0000000000
39577  39.532  -24.546  -5.205 1.0000000000
37089  34.671  -27.416  -5.306 1.0000000000
38810  39.003  -25.993  -5.405 1.0000000000
38817  39.187  -25.875  -6.534 1.0000000000
38005  37.614  -27.347  -6.738 1.0000000000
37088  35.663  -27.399  -5.819 1.0000000000
38004  38.226  -26.997  -6.914 1.0000000000
36180  39.830  -28.172  3.488 0.6000000238
120151  38.915  -27.950  3.557 0.6999999881
124081  37.714  -27.876  3.328 0.6999999881
122314  38.166  -27.667  3.506 0.6999999881
37014  37.301  -27.652  2.769 0.6999999881
37905  37.910  -26.045  3.119 0.8000000119
39521  37.698  -24.859  1.638 0.6999999881
40307  38.369  -23.562  1.685 0.6999999881
40329  38.083  -23.308  -0.031 0.6999999881
41151  38.367  -22.437  -0.389 0.6999999881
40341  38.144  -23.231  -0.935 0.6999999881
41171  38.544  -22.486  -2.364 0.8000000119
115098  38.156  -23.217  -1.894 0.6999999881
39566  38.137  -24.547  -3.197 0.8999999762
129900  38.816  -24.358  -4.048 1.0000000000
40379  39.487  -23.896  -4.643 1.0000000000
37998  35.148  -26.767  -5.615 1.0000000000
39586  39.482  -25.241  -5.927 1.0000000000
119572  37.680  -26.411  -6.896 1.0000000000
38822  39.180  -25.645  -6.787 1.0000000000
36205  41.633  -28.526  2.060 0.6000000238
36195  41.147  -28.511  2.749 0.6000000238
36179  40.566  -28.339  3.233 0.6000000238
37901  41.004  -26.948  3.088 0.6000000238
116141  40.091  -28.862  3.501 0.6000000238
37902  40.248  -26.736  3.361 0.6000000238
36992  39.605  -27.322  3.487 0.6000000238
36993  38.683  -27.092  3.518 0.6000000238
37904  38.512  -26.290  3.412 0.6000000238
38732  38.485  -25.643  3.283 0.6999999881
39520  38.122  -24.333  1.992 0.6999999881
132977  38.438  -22.990  1.189 0.6999999881
41145  38.361  -22.753  0.515 0.6999999881
41986  38.503  -21.958  0.423 0.6999999881
129674  38.475  -21.620  -0.246 0.6999999881
41998  38.487  -21.697  -1.009 0.6999999881
126378  43.389  -16.366  -2.937 0.3000000119
42011  38.541  -21.710  -1.920 0.6999999881
41155  38.377  -22.462  -1.412 0.6999999881
46839  43.852  -16.751  -4.380 0.3000000119
42026  39.014  -21.792  -2.779 0.8000000119
37052  34.428  -27.241  -1.998 0.8999999762
40371  38.970  -23.496  -3.806 1.0000000000
37988  34.102  -26.930  -4.282 1.0000000000
37999  34.272  -26.416  -5.352 1.0000000000
37081  34.061  -26.776  -4.936 1.0000000000
40378  40.182  -23.954  -5.647 1.0000000000
39593  39.068  -25.033  -6.899 1.0000000000
38816  39.882  -25.132  -7.010 1.0000000000
123102  38.365  -25.739  -6.995 1.0000000000
123897  36.313  -26.657  -6.235 1.0000000000
37020  41.468  -27.949  2.439 0.6000000238
36178  41.050  -27.755  2.930 0.6000000238
37924  41.594  -26.381  2.727 0.6000000238
114732  40.829  -26.039  3.209 0.6000000238
132684  40.956  -25.234  3.286 0.6000000238
39491  40.506  -24.622  3.388 0.6999999881
39492  39.621  -24.804  3.381 0.6999999881
38731  39.250  -25.648  3.450 0.6000000238
39509  39.141  -24.345  3.114 0.6999999881
41972  43.967  -21.274  0.968 0.3000000119
135488  43.619  -20.904  1.428 0.3000000119
39510  38.471  -24.637  2.729 0.6999999881
41132  38.754  -22.798  1.831 0.6999999881
41976  38.771  -21.569  1.147 0.6999999881
46818  43.442  -16.362  -2.148 0.3000000119
46819  42.590  -15.916  -2.584 0.4000000060
46830  42.987  -16.133  -3.670 0.4000000060
114804  34.114  -26.666  -0.740 0.6999999881
37961  34.048  -25.840  -0.930 0.6999999881
45803  43.020  -18.286  -9.254 0.3000000119
46855  43.813  -16.779  -5.294 0.3000000119
128429  38.844  -20.991  -2.390 0.6999999881
38793  34.330  -26.024  -3.020 0.8999999762
45795  43.170  -17.748  -8.172 0.3000000119
46840  43.025  -16.027  -4.758 0.3000000119
41185  39.142  -22.597  -3.448 0.8000000119
37980  33.937  -26.228  -4.036 0.8999999762
45787  43.307  -17.365  -7.137 0.3000000119
46856  42.822  -16.161  -5.657 0.3000000119
127416  39.707  -22.257  -4.272 0.8000000119
41198  40.479  -23.260  -5.798 1.0000000000
38818  35.069  -25.989  -5.708 1.0000000000
40386  40.362  -24.008  -6.595 1.0000000000
38823  36.594  -25.831  -6.411 1.0000000000
38824  35.766  -25.701  -6.129 1.0000000000
40391  40.221  -24.018  -7.008 1.0000000000
39594  37.197  -25.444  -6.573 1.0000000000
40393  38.355  -24.250  -6.525 1.0000000000
125517  37.805  -24.914  -6.640 1.0000000000
40388  37.541  -23.498  -5.918 1.0000000000
134919  41.626  -23.822  3.065 0.6999999881
40280  40.876  -23.861  3.338 0.6999999881
41144  43.768  -22.048  0.701 0.3000000119
41973  43.413  -21.507  1.407 0.4000000060
40296  40.396  -23.149  3.214 0.6999999881
40297  39.603  -23.164  2.987 0.6999999881
40298  38.952  -23.304  2.431 0.6999999881
42861  43.499  -20.324  1.621 0.4000000060
41131  39.064  -22.019  1.945 0.6999999881
43721  43.974  -19.646  1.431 0.3000000119
42862  42.641  -20.245  2.132 0.5000000000
42864  39.034  -20.822  1.185 0.6999999881
42874  38.946  -20.211  0.580 0.6999999881
119046  42.815  -18.985  1.753 0.5000000000
42888  38.619  -20.287  -0.204 0.6999999881
46779  43.005  -16.577  0.171 0.4000000060
46781  41.045  -16.895  0.464 0.6000000238
46793  41.411  -16.246  -0.301 0.5000000000
125245  38.520  -20.968  -0.603 0.6999999881
46791  43.407  -16.421  -0.593 0.3000000119
122402  38.561  -20.954  -1.500 0.6999999881
47836  40.809  -16.493  -7.514 0.4000000060
47770  41.148  -15.554  -1.582 0.4000000060
133990  33.576  -25.105  -0.907 0.6999999881
46889  40.974  -16.877  -8.993 0.4000000060
47785  42.040  -15.525  -3.364 0.4000000060
37950  33.591  -26.364  -0.254 0.6000000238
46888  42.084  -17.085  -8.572 0.3000000119
46880  42.274  -16.648  -7.617 0.3000000119
47795  42.158  -15.605  -4.236 0.4000000060
124659  41.470  -15.412  -3.897 0.4000000060
42911  39.363  -20.247  -2.944 0.6999999881
38783  34.350  -25.880  -1.973 0.6999999881
46869  41.499  -16.194  -7.134 0.4000000060
47811  42.076  -15.671  -5.103 0.4000000060
120198  40.783  -15.465  -4.080 0.4000000060
42041  39.438  -21.834  -3.626 0.8000000119
46868  42.391  -16.248  -6.598 0.3000000119
47812  41.223  -15.640  -5.439 0.4000000060
42040  39.991  -21.512  -4.368 0.8000000119
38000  33.699  -26.026  -5.176 1.0000000000
41191  40.394  -22.387  -5.098 0.8999999762
40385  40.440  -23.287  -6.486 1.0000000000
129838  36.723  -24.721  -6.379 1.0000000000
40387  38.729  -23.474  -6.362 1.0000000000
40392  39.653  -24.240  -7.034 1.0000000000
117401  39.834  -23.358  -6.905 1.0000000000
40394  37.039  -24.169  -6.246 1.0000000000
122599  35.827  -24.138  -6.360 1.0000000000
41201  36.833  -22.717  -5.386 1.0000000000
39508  42.156  -24.138  2.683 0.6000000238
40294  42.064  -23.332  2.752 0.6000000238
41129  41.771  -22.570  2.793 0.6000000238
127634  40.873  -22.503  2.961 0.6999999881
41128  42.541  -22.624  2.222 0.5000000000
114743  42.146  -21.817  2.577 0.6000000238
135044  40.481  -21.912  2.682 0.6999999881
41974  42.778  -21.674  1.989 0.5000000000
41966  42.393  -21.007  2.337 0.4000000060
132753  39.503  -22.131  2.442 0.6999999881
42854  41.867  -20.306  2.389 0.6000000238
42856  40.061  -20.628  2.337 0.6999999881
43715  42.212  -19.388  2.130 0.6000000238
42863  39.452  -20.711  1.974 0.6999999881
44620  42.283  -18.500  1.732 0.6000000238
45668  41.626  -17.955  1.472 0.6000000238
43735  39.340  -19.357  0.831 0.6999999881
43736  38.826  -19.583  0.051 0.6999999881
45681  41.835  -17.275  0.992 0.5000000000
46782  40.193  -16.929  0.252 0.6000000238
131415  38.633  -19.702  -0.603 0.6000000238
46882  40.168  -16.855  -8.436 0.4000000060
47769  41.734  -15.808  -1.084 0.4000000060
47759  40.725  -15.771  -0.944 0.4000000060
46794  40.459  -16.361  -0.289 0.5000000000
45683  39.699  -17.599  0.238 0.6000000238
42904  38.566  -20.238  -1.035 0.6999999881
46890  39.901  -16.954  -9.513 0.4000000060
115764  38.758  -20.192  -1.944 0.6999999881
46881  41.322  -16.572  -7.994 0.4000000060
46870  40.231  -16.932  -7.464 0.5000000000
47778  41.106  -15.443  -2.293 0.4000000060
47779  40.450  -15.568  -2.718 0.4000000060
38794  34.178  -25.209  -2.566 0.8999999762
38784  34.007  -25.125  -1.583 0.6999999881
47797  40.652  -15.671  -4.919 0.4000000060
42923  39.765  -20.639  -4.033 0.6999999881
42025  39.437  -21.146  -3.332 0.6999999881
47826  41.366  -15.918  -6.265 0.4000000060
38811  33.578  -25.628  -4.664 0.8999999762
42047  40.478  -21.632  -5.368 0.8999999762
38820  33.507  -25.345  -5.247 0.8999999762
39595  35.972  -25.042  -6.359 1.0000000000
38819  34.015  -25.461  -5.651 1.0000000000
122891  40.141  -23.074  -6.748 1.0000000000
38825  34.955  -25.191  -6.108 1.0000000000
41199  38.892  -22.655  -6.298 1.0000000000
39596  34.309  -24.558  -6.148 1.0000000000
42059  38.345  -21.968  -5.629 1.0000000000
43791  36.487  -20.072  -4.332 0.8999999762
42933  37.176  -20.676  -4.515 1.0000000000
42050  37.308  -22.040  -4.984 1.0000000000
41202  35.810  -22.567  -5.756 1.0000000000
40389  36.155  -23.418  -6.064 1.0000000000
42934  36.305  -20.760  -4.494 1.0000000000
42052  35.894  -21.288  -4.814 1.0000000000
42060  35.503  -21.875  -5.605 0.8999999762
43792  35.754  -19.493  -4.432 1.0000000000
127525  35.610  -20.474  -4.725 0.8999999762
123847  41.288  -21.882  2.699 0.6999999881
41968  40.667  -21.266  2.530 0.6999999881
42855  40.931  -20.474  2.410 0.6999999881
128340  39.730  -20.123  2.034 0.6999999881
43716  41.196  -19.604  2.251 0.6000000238
43724  40.474  -19.029  1.903 0.6000000238
43725  39.781  -19.482  1.713 0.6999999881
44621  40.649  -18.174  1.400 0.6999999881
44622  39.856  -18.683  1.353 0.6000000238
44634  39.494  -18.468  0.595 0.6000000238
44648  39.123  -18.330  -0.236 0.6000000238
46896  39.062  -17.269  -9.651 0.3000000119
124810  41.107  -17.536  1.060 0.6000000238
45682  40.379  -17.473  0.810 0.6000000238
44649  38.715  -18.375  -1.097 0.6000000238
46891  39.129  -17.725  -9.138 0.4000000060
45810  38.829  -17.767  -9.004 0.4000000060
46809  39.909  -15.986  -0.976 0.6000000238
45696  39.223  -17.526  -0.738 0.6000000238
113064  39.471  -16.707  -1.244 0.5000000000
43763  38.642  -19.363  -1.359 0.6000000238
47772  39.935  -15.782  -2.422 0.4000000060
44664  38.853  -18.621  -1.986 0.6000000238
47788  40.157  -15.860  -4.210 0.4000000060
47787  40.463  -15.580  -3.480 0.4000000060
43772  39.025  -19.489  -2.384 0.6000000238
46857  40.418  -16.755  -6.404 0.5000000000
47813  40.766  -16.012  -5.790 0.4000000060
43780  39.548  -19.749  -3.864 0.6000000238
46841  40.213  -16.353  -5.335 0.4000000060
38801  33.963  -25.417  -3.620 0.8999999762
42931  40.398  -20.887  -5.472 0.8999999762
42048  40.353  -20.952  -4.808 0.8000000119
119417  33.608  -24.947  -4.184 0.8999999762
125238  33.358  -24.861  -4.907 0.8999999762
39597  33.989  -23.812  -6.159 0.8999999762
39587  33.629  -24.583  -5.582 0.8999999762
41206  39.554  -22.356  -6.597 1.0000000000
42049  37.735  -21.331  -4.933 1.0000000000
117568  34.813  -23.772  -6.426 1.0000000000
41207  35.060  -22.994  -6.362 0.8999999762
43793  35.000  -19.861  -4.995 1.0000000000
42942  35.190  -21.207  -5.578 0.8999999762
122809  35.435  -17.780  -4.561 1.0000000000
45760  34.643  -18.387  -5.227 0.8999999762
43717  40.292  -19.860  2.191 0.6999999881
112728  39.325  -16.660  -10.318 0.3000000119
47849  38.759  -17.069  -9.594 0.3000000119
45713  38.995  -17.599  -1.732 0.6000000238
45805  38.878  -18.137  -8.666 0.5000000000
45806  38.787  -18.058  -8.685 0.4000000060
122924  39.353  -16.757  -1.981 0.5000000000
46820  39.562  -16.394  -2.711 0.5000000000
45728  39.225  -17.345  -2.587 0.5000000000
44663  39.042  -18.118  -2.516 0.5000000000
46883  39.379  -17.815  -8.395 0.5000000000
46831  39.690  -16.432  -3.767 0.5000000000
45742  39.400  -17.257  -3.446 0.5000000000
46871  39.638  -17.736  -7.353 0.5000000000
46842  39.828  -16.569  -4.630 0.5000000000
133314  39.381  -19.623  -3.007 0.6000000238
128511  40.106  -17.320  -6.176 0.5000000000
43789  39.941  -19.647  -4.991 0.6999999881
45774  39.605  -18.300  -6.593 0.5000000000
119313  39.749  -17.985  -5.375 0.5000000000
120712  40.163  -20.356  -4.835 0.6000000238
42940  40.382  -21.354  -5.991 0.8999999762
42065  39.591  -21.667  -6.560 0.8999999762
42058  40.556  -21.950  -6.005 0.8999999762
42066  38.965  -21.592  -6.483 0.8999999762
44697  36.823  -19.202  -4.321 0.8999999762
43790  37.599  -19.934  -4.573 0.8999999762
42932  38.198  -20.695  -5.136 0.8999999762
133218  38.906  -22.096  -6.343 1.0000000000
41203  35.027  -22.342  -6.263 0.8999999762
44698  36.069  -18.518  -4.325 0.8000000119
41208  34.397  -22.354  -6.428 0.8999999762
127794  34.965  -20.610  -5.563 0.8999999762
42061  34.679  -21.783  -6.306 0.8999999762
47848  38.932  -16.074  -10.313 0.3000000119
47844  38.670  -15.988  -9.567 0.4000000060
48823  38.908  -14.996  -9.141 0.3000000119
47845  38.530  -16.770  -8.791 0.4000000060
46892  38.681  -17.716  -8.882 0.4000000060
45796  39.006  -18.496  -8.225 0.5000000000
44736  38.896  -18.287  -8.411 0.4000000060
122153  39.431  -17.996  -4.006 0.5000000000
44678  39.291  -18.959  -2.990 0.5000000000
45788  39.112  -18.722  -7.661 0.5000000000
46858  39.864  -17.291  -5.375 0.5000000000
44686  39.485  -18.833  -4.144 0.5000000000
44695  39.786  -18.810  -5.849 0.5000000000
131028  39.800  -19.049  -5.152 0.5000000000
44712  39.384  -19.390  -6.700 0.5000000000
43808  39.219  -20.237  -6.753 0.6000000238
43802  40.064  -20.287  -5.828 0.6000000238
113077  39.001  -19.353  -7.244 0.6999999881
42947  39.757  -21.158  -6.459 0.6999999881
43809  38.969  -20.166  -6.835 0.6999999881
42941  38.827  -20.901  -6.484 0.8000000119
42948  39.044  -20.992  -6.668 0.8000000119
40395  34.295  -23.042  -6.398 0.8999999762
42943  34.451  -21.031  -6.415 0.8999999762
115068  34.499  -20.272  -6.346 0.8999999762
45776  35.259  -16.849  -4.766 1.0000000000
129285  39.205  -14.577  -8.206 0.3000000119
47837  38.769  -15.576  -8.586 0.4000000060
49749  39.412  -13.601  -7.684 0.3000000119
135724  39.047  -15.114  -7.619 0.3000000119
45797  38.728  -18.065  -8.568 0.4000000060
118013  38.687  -15.941  -7.972 0.4000000060
46884  38.557  -17.595  -8.328 0.4000000060
47838  38.547  -16.597  -7.682 0.4000000060
44729  38.947  -18.693  -7.772 0.4000000060
130848  38.705  -18.251  -7.953 0.4000000060
44722  39.069  -19.248  -7.332 0.5000000000
44713  38.632  -19.056  -5.962 0.6000000238
43803  38.580  -19.974  -5.859 0.8000000119
44696  38.009  -19.097  -4.794 0.6999999881
45758  36.495  -17.587  -4.344 0.6999999881
44700  34.601  -19.363  -5.712 0.8999999762
43810  34.193  -19.590  -7.281 0.8999999762
46860  34.996  -16.081  -5.106 0.8999999762
45777  34.569  -16.888  -5.535 0.8000000119
44714  34.385  -18.863  -6.552 0.8000000119
47817  34.731  -15.357  -5.631 0.6999999881
48803  34.438  -14.658  -6.198 0.8000000119
50650  39.528  -12.726  -7.379 0.3000000119
48818  39.256  -14.286  -7.308 0.3000000119
49745  39.300  -13.629  -6.542 0.4000000060
47828  38.801  -15.617  -7.085 0.4000000060
48812  39.146  -14.666  -6.553 0.4000000060
121700  38.701  -16.117  -6.386 0.5000000000
46872  38.547  -17.297  -7.192 0.5000000000
45775  38.638  -17.945  -6.625 0.5000000000
113883  38.503  -15.881  -5.436 0.5000000000
46859  38.513  -16.807  -5.752 0.5000000000
122400  38.655  -18.368  -5.989 0.5000000000
117605  38.194  -18.267  -5.130 0.6999999881
45757  37.571  -17.368  -4.612 0.6999999881
123028  36.826  -16.823  -4.316 0.6999999881
46845  36.585  -16.116  -4.313 0.6999999881
45759  36.062  -16.855  -4.386 0.6999999881
47801  36.270  -15.334  -4.399 0.6999999881
47816  35.451  -15.314  -4.836 0.8000000119
50657  39.508  -12.933  -8.471 0.3000000119
119437  39.541  -11.990  -8.124 0.3000000119
119318  39.623  -11.868  -6.780 0.4000000060
133043  39.447  -13.158  -6.968 0.3000000119
50644  39.430  -12.760  -6.418 0.4000000060
49734  39.026  -14.029  -5.653 0.4000000060
48800  38.953  -14.739  -5.720 0.4000000060
47815  38.704  -15.282  -5.548 0.5000000000
48801  38.589  -14.540  -5.090 0.3000000119
47798  38.386  -15.308  -4.948 0.5000000000
48785  38.162  -14.821  -4.724 0.4000000060
45756  38.372  -17.580  -5.449 0.6999999881
115635  38.190  -16.809  -4.937 0.6999999881
47799  37.887  -15.425  -4.617 0.6000000238
123029  37.198  -18.306  -4.454 0.6999999881
47800  37.134  -15.405  -4.315 0.6999999881
114639  39.082  -13.131  -5.678 0.3000000119
49735  38.603  -13.648  -5.112 0.3000000119
50634  39.231  -12.153  -5.693 0.3000000119
50635  38.613  -12.762  -5.243 0.3000000119
132100  38.649  -11.977  -5.322 0.3000000119
48786  37.627  -14.738  -4.517 0.5000000000
49718  38.041  -13.346  -4.799 0.5000000000
50636  37.899  -12.369  -5.012 0.5000000000
49719  37.432  -13.978  -4.573 0.6000000238
49720  36.534  -13.859  -4.696 0.6000000238
52631  38.718  -10.390  -8.628 0.4000000060
52624  39.382  -10.225  -7.462 0.3000000119
51615  39.574  -10.907  -6.656 0.3000000119
53522  39.280  -9.576  -6.897 0.3000000119
129765  39.408  -11.386  -5.943 0.3000000119
53516  39.113  -9.942  -5.852 0.3000000119
51607  39.022  -11.333  -5.432 0.3000000119
52607  38.703  -10.538  -5.360 0.3000000119
52608  38.004  -10.371  -5.197 0.3000000119
51608  38.225  -11.305  -5.202 0.4000000060
119939  37.488  -10.963  -5.371 0.4000000060
50626  37.205  -13.172  -4.806 0.6000000238
51609  37.246  -11.665  -5.341 0.4000000060
52609  37.192  -10.371  -5.548 0.4000000060
50637  36.794  -12.429  -5.251 0.5000000000
49736  36.190  -13.128  -5.211 0.6000000238
49746  34.518  -13.224  -6.435 0.6999999881
47829  34.125  -15.434  -6.606 0.8000000119
135318  38.058  -8.882  -8.984 0.4000000060
124408  38.412  -8.416  -8.324 0.3000000119
53534  38.996  -8.751  -7.143 0.3000000119
53523  38.849  -9.176  -6.171 0.3000000119
53517  38.335  -9.664  -5.478 0.3000000119
53518  37.704  -9.798  -5.415 0.4000000060
53519  36.952  -9.671  -5.732 0.4000000060
51616  36.652  -11.068  -5.649 0.4000000060
51610  36.254  -11.806  -5.711 0.5000000000
52616  36.271  -10.394  -5.974 0.4000000060
49721  35.627  -13.836  -5.253 0.6000000238
51617  35.677  -11.217  -6.244 0.4000000060
120252  35.275  -13.150  -5.768 0.6999999881
121675  35.519  -11.966  -6.179 0.4000000060
51625  35.015  -11.024  -6.924 0.4000000060
51618  34.800  -11.784  -6.765 0.6000000238
50646  34.299  -12.581  -6.951 0.6000000238
49738  34.125  -13.989  -6.698 0.6999999881
49750  33.854  -13.350  -7.238 0.6999999881
115653  38.718  -8.032  -9.051 0.3000000119
119816  38.429  -7.734  -8.168 0.3000000119
54388  38.694  -7.946  -7.042 0.3000000119
54375  38.222  -8.237  -6.326 0.3000000119
54376  37.513  -8.335  -6.045 0.4000000060
54377  36.815  -8.876  -5.873 0.3000000119
117235  36.708  -8.177  -6.084 0.3000000119
53524  35.985  -9.585  -6.310 0.3000000119
54378  36.027  -8.603  -6.349 0.3000000119
52617  35.496  -10.438  -6.610 0.4000000060
125888  35.231  -9.151  -6.953 0.3000000119
53525  35.244  -9.893  -6.949 0.3000000119
53535  34.531  -9.690  -7.428 0.3000000119
52625  34.769  -10.453  -7.240 0.3000000119
51626  34.209  -11.232  -7.527 0.5000000000
118930  34.127  -12.043  -7.464 0.5000000000
50651  33.682  -12.682  -7.756 0.5000000000
55278  38.810  -7.255  -8.781 0.3000000119
55267  38.512  -7.154  -8.269 0.3000000119
55257  38.412  -7.188  -7.211 0.3000000119
55245  37.871  -7.530  -6.496 0.3000000119
123797  36.213  -6.671  -6.441 0.3000000119
54389  35.167  -8.220  -7.035 0.3000000119
54390  34.356  -8.808  -7.572 0.3000000119
52626  33.891  -10.323  -7.819 0.4000000060
51627  33.581  -11.928  -8.162 0.5000000000
52627  33.530  -11.077  -8.510 0.5000000000
134831  39.189  -6.007  -8.901 0.3000000119
57122  38.772  -5.641  -8.862 0.3000000119
56184  38.187  -6.379  -7.384 0.3000000119
56185  37.609  -6.298  -6.723 0.3000000119
56172  37.216  -6.770  -6.437 0.3000000119
57090  36.910  -5.966  -6.455 0.3000000119
56173  36.108  -5.789  -6.646 0.3000000119
55258  35.140  -7.221  -7.106 0.3000000119
53536  33.767  -9.414  -8.114 0.4000000060
52633  33.452  -10.112  -8.845 0.4000000060
53547  32.955  -9.724  -9.327 0.4000000060
51635  33.141  -11.773  -8.855 0.5000000000
52634  33.158  -10.772  -9.105 0.4000000060
125049  40.487  -6.064  -9.081 0.3000000119
56205  39.582  -6.445  -9.038 0.3000000119
57109  38.189  -5.562  -7.808 0.3000000119
57099  37.625  -5.665  -6.969 0.3000000119
114877  36.748  -5.093  -6.839 0.3000000119
57100  35.572  -5.232  -7.192 0.3000000119
115170  34.178  -6.875  -7.925 0.3000000119
55259  34.012  -7.800  -7.890 0.3000000119
54402  33.761  -8.593  -8.416 0.4000000060
53546  33.283  -8.987  -9.240 0.3000000119
57121  39.962  -5.660  -9.244 0.3000000119
118603  39.423  -5.069  -9.458 0.3000000119
132833  38.418  -4.815  -9.293 0.3000000119
127778  37.761  -4.228  -9.074 0.3000000119
58095  37.136  -4.310  -7.709 0.3000000119
59047  36.992  -3.533  -8.272 0.3000000119
56186  35.053  -6.161  -7.249 0.3000000119
125662  40.797  -5.026  -9.619 0.3000000119
58112  40.882  -4.500  -10.130 0.3000000119
58113  38.995  -4.388  -9.856 0.3000000119
58096  36.033  -4.548  -7.526 0.3000000119
57111  35.093  -4.678  -8.085 0.3000000119
57101  34.575  -5.468  -8.339 0.3000000119
59063  41.638  -3.506  -10.207 0.3000000119
59073  41.499  -2.269  -10.473 0.3000000119
135745  40.148  -2.273  -11.038 0.3000000119
59064  40.134  -3.447  -10.736 0.4000000060
59065  38.165  -3.714  -10.376 0.3000000119
59054  37.317  -3.145  -9.049 0.3000000119
58105  36.057  -3.791  -8.170 0.3000000119
59993  39.366  -1.854  -11.244 0.4000000060
59992  40.328  -1.681  -10.910 0.4000000060
123493  37.666  -2.870  -10.470 0.4000000060
60896  41.054  -1.643  -10.341 0.3000000119
60904  39.849  -1.415  -10.638 0.4000000060
33081  36.110  -32.558  -4.011 1.0000000000
33999  36.848  -31.627  -4.712 1.0000000000
32160  34.884  -33.210  -4.103 0.8999999762
48802  35.151  -14.581  -5.392 0.8000000119
49737  34.797  -13.878  -5.917 0.8000000119
26832  41.797  -39.842  -3.011 0.6000000238
24186  42.952  -42.241  -6.093 0.5000000000
123963  43.981  -42.627  -5.924 0.5000000000
27703  43.944  -39.208  -1.870 0.6000000238
27702  44.864  -38.875  -2.247 0.5000000000
25073  45.857  -41.226  -6.295 0.4000000060
26838  45.745  -39.628  -5.266 0.5000000000
24195  45.777  -41.787  -6.265 0.4000000060
30307  40.347  -35.643  1.612 0.6999999881
31223  36.334  -34.857  2.203 0.8999999762
30305  42.034  -35.036  1.551 0.6999999881
121781  46.088  -38.835  -4.476 0.5000000000
27716  46.606  -39.132  -5.644 0.5000000000
32104  39.295  -33.756  3.108 0.8000000119
24180  46.154  -42.396  -5.458 0.4000000060
130834  41.379  -34.848  1.877 0.6999999881
29458  45.021  -35.865  -3.233 0.4000000060
29461  46.379  -36.535  -5.070 0.4000000060
33008  39.018  -32.408  3.659 0.8000000119
121566  36.307  -32.212  -3.318 1.0000000000
121343  44.337  -34.538  -3.751 0.5000000000
31248  44.267  -34.702  -1.921 0.5000000000
33092  36.225  -31.856  -5.115 1.0000000000
125183  36.707  -30.257  -2.521 1.0000000000
124289  36.557  -31.614  -3.361 1.0000000000
122998  37.900  -28.412  -6.427 1.0000000000
36206  36.594  -28.557  1.494 0.8000000119
37978  37.880  -26.526  -3.933 1.0000000000
40330  37.789  -23.970  -0.508 0.8000000119
37969  37.409  -26.379  -2.411 1.0000000000
134390  37.985  -24.938  2.326 0.6999999881
112877  38.481  -23.267  -2.834 0.8000000119
39591  40.233  -24.591  -7.063 1.0000000000
40370  39.820  -23.120  -4.685 1.0000000000
128967  39.993  -26.062  3.411 0.6000000238
45679  43.571  -17.109  0.474 0.4000000060
37979  34.264  -26.839  -3.432 1.0000000000
37989  33.789  -26.326  -4.696 1.0000000000
116594  42.738  -16.083  -1.455 0.4000000060
41200  37.938  -22.728  -5.622 1.0000000000
44619  43.128  -18.361  1.404 0.4000000060
46780  42.077  -16.696  0.328 0.5000000000
45667  42.453  -17.772  1.308 0.5000000000
47827  40.846  -16.317  -6.720 0.4000000060
42051  36.305  -21.971  -5.016 1.0000000000
47771  40.349  -15.639  -1.777 0.5000000000
135053  34.746  -17.535  -5.091 0.8000000119
121342  39.681  -18.339  -4.792 0.5000000000
127497  39.845  -19.615  -6.041 0.5000000000
133016  40.024  -20.832  -6.186 0.6999999881
44723  38.769  -18.916  -7.239 0.5000000000
46846  35.766  -16.078  -4.532 0.6999999881
48788  35.952  -14.563  -4.676 0.6999999881
50638  35.821  -12.481  -5.707 0.6000000238
55246  36.918  -7.502  -6.209 0.3000000119
26786  37.018  -39.127  1.422 0.5000000000
122313  36.599  -38.314  1.597 0.5000000000
131834  36.012  -37.912  1.479 0.5000000000
25880  37.330  -40.702  0.556 0.5000000000
26795  36.682  -39.967  0.827 0.5000000000
25014  38.489  -40.988  0.002 0.5000000000
26794  37.613  -39.743  0.899 0.5000000000
25892  38.864  -40.115  0.014 0.5000000000
125290  38.966  -40.078  -1.654 0.4000000060
26805  39.170  -39.291  -0.112 0.5000000000
26824  39.259  -39.510  -2.167 0.4000000060
25891  39.269  -39.560  -0.978 0.5000000000
26834  39.543  -39.371  -3.367 0.5000000000
26814  39.639  -38.933  -1.728 0.5000000000
34739  33.242  -29.927  0.541 0.6999999881
34731  32.839  -30.137  1.492 0.6999999881
124063  33.486  -30.502  -1.068 0.8000000119
33986  33.158  -31.861  -1.927 0.8000000119
33985  33.166  -31.310  -0.976 0.8000000119
119414  33.535  -31.101  -3.347 0.8999999762
35445  33.479  -29.097  0.318 0.6999999881
129309  33.400  -31.063  -1.675 0.8999999762
35465  33.753  -29.722  -1.319 0.8999999762
34758  33.699  -30.380  -2.826 0.8999999762
34763  33.857  -30.666  -4.054 0.8999999762
36215  33.701  -28.273  0.041 0.6000000238
36223  33.817  -28.994  -0.620 0.8000000119
35474  33.926  -29.667  -3.218 0.8999999762
35479  33.895  -29.720  -4.104 0.8999999762
35478  34.479  -29.616  -4.793 0.8999999762
35483  35.097  -29.655  -5.325 0.8999999762
113930  42.375  -27.908  0.518 0.5000000000
36204  42.065  -28.476  1.217 0.5000000000
37019  41.916  -27.711  1.839 0.5000000000
35443  42.326  -29.949  0.290 0.6000000238
35434  42.132  -29.419  0.843 0.5000000000
123298  41.788  -29.154  1.601 0.5000000000
34737  42.488  -30.704  0.121 0.6000000238
37044  33.847  -27.331  -0.250 0.6000000238
116013  34.120  -28.164  -0.914 0.8999999762
36249  34.161  -28.935  -2.709 0.8999999762
36234  34.093  -28.941  -1.659 0.8999999762
36259  34.008  -28.939  -3.684 0.8999999762
36266  34.212  -28.763  -4.449 0.8999999762
36270  34.823  -28.976  -5.186 0.8999999762
134324  42.466  -26.027  1.806 0.5000000000
115597  42.160  -25.833  2.356 0.5000000000
37930  42.499  -26.501  1.208 0.5000000000
37012  42.172  -26.713  2.038 0.5000000000
37013  41.561  -27.245  2.531 0.5000000000
120442  42.547  -27.033  0.480 0.5000000000
37030  42.308  -27.287  1.260 0.5000000000
36233  34.351  -28.063  -2.074 0.8999999762
37053  34.288  -27.339  -1.195 0.6999999881
36248  34.241  -28.235  -3.215 0.8999999762
36258  34.016  -28.252  -3.987 0.8999999762
116810  34.561  -28.260  -5.092 0.8999999762
38759  42.552  -25.331  1.877 0.5000000000
129575  41.559  -25.509  2.909 0.5000000000
39528  42.843  -24.873  1.110 0.5000000000
38766  42.672  -25.717  1.093 0.5000000000
37065  34.355  -27.464  -2.848 0.8999999762
37072  34.155  -27.596  -3.780 0.8999999762
37080  34.197  -27.719  -4.562 0.8999999762
38751  42.148  -24.986  2.542 0.5000000000
39519  42.613  -24.496  1.999 0.5000000000
40306  42.592  -23.610  2.116 0.5000000000
39518  42.943  -23.972  1.243 0.5000000000
41136  43.038  -23.110  1.407 0.4000000060
39545  33.528  -24.442  -1.272 0.6000000238
40343  33.509  -23.610  -1.765 0.6000000238
39557  33.940  -24.414  -2.116 0.8000000119
124839  33.733  -23.841  -2.601 0.6999999881
41156  33.244  -22.826  -1.870 0.6999999881
41172  33.186  -22.271  -2.371 0.6999999881
42028  32.673  -21.205  -2.595 0.6999999881
124089  33.590  -23.695  -3.427 0.8000000119
39568  33.860  -24.520  -3.227 0.8000000119
125727  33.469  -23.067  -2.650 0.6999999881
41186  33.312  -22.349  -3.289 0.6999999881
42027  33.078  -21.634  -2.919 0.6999999881
42042  33.123  -21.724  -4.026 0.6999999881
42054  32.928  -21.189  -4.712 0.6999999881
129574  33.449  -23.313  -5.370 0.8000000119
41192  33.316  -22.621  -4.593 0.8000000119
123464  33.361  -24.093  -5.095 0.8000000119
42063  33.048  -21.142  -5.852 0.6999999881
42053  33.206  -21.864  -5.346 0.6999999881
42062  33.613  -21.764  -6.319 0.8000000119
40390  33.789  -23.148  -6.074 0.8000000119
42944  33.540  -20.900  -6.679 0.6999999881
42950  33.923  -20.506  -7.066 0.8000000119
42951  33.490  -20.142  -7.014 0.6000000238
41209  33.941  -22.411  -6.460 0.8000000119
42067  34.012  -21.389  -6.657 0.8000000119
43812  34.067  -19.112  -7.801 0.6000000238
44730  34.093  -18.530  -7.810 0.6000000238
45798  33.925  -17.896  -7.709 0.6000000238
45789  34.069  -17.978  -7.604 0.6000000238
45790  33.715  -17.228  -7.372 0.6000000238
42949  34.056  -20.462  -7.092 0.8000000119
46874  33.347  -16.284  -7.472 0.6000000238
44724  34.177  -18.742  -7.588 0.6999999881
119557  34.112  -17.059  -6.703 0.6000000238
48813  33.799  -14.768  -7.037 0.6999999881
47830  33.523  -15.498  -7.352 0.6000000238
46873  33.859  -16.269  -7.061 0.6000000238
48819  33.495  -14.144  -7.492 0.6000000238
118023  34.330  -17.912  -6.312 0.6999999881
46861  34.355  -16.146  -6.057 0.6999999881
25909  38.989  -39.622  -3.866 0.4000000060
26823  39.587  -39.173  -2.573 0.5000000000
26793  38.499  -39.382  0.567 0.5000000000
122312  34.284  -30.290  -4.537 0.8999999762
133515  43.471  -22.740  0.805 0.3000000119
39578  33.509  -24.274  -4.242 0.8000000119
116830  37.996  -41.146  0.304 0.5000000000
115820  38.836  -40.554  -0.728 0.5000000000
35454  33.524  -29.805  -0.360 0.8000000119
36213  42.317  -28.726  0.387 0.5000000000
125733  33.448  -23.025  -3.626 0.8000000119
41204  33.502  -22.559  -5.862 0.8000000119
31260  44.213  -33.986  -4.841 0.4000000060
32151  43.548  -33.074  -3.683 0.4000000060
32150  43.846  -33.291  -4.649 0.4000000060
33073  42.883  -31.984  -2.350 0.5000000000
32159  43.939  -32.930  -5.247 0.4000000060
32158  44.378  -33.285  -5.595 0.4000000060
33983  42.720  -31.326  -1.606 0.5000000000
34744  42.624  -30.617  -0.902 0.5000000000
33988  43.150  -31.770  -3.462 0.5000000000
33072  43.251  -32.555  -3.080 0.4000000060
33084  44.252  -32.433  -5.527 0.4000000060
33994  43.479  -31.465  -4.502 0.4000000060
33080  43.572  -32.454  -4.456 0.4000000060
33090  44.870  -31.939  -5.809 0.4000000060
35453  42.486  -29.957  -0.398 0.5000000000
33998  43.824  -31.066  -5.198 0.4000000060
34755  44.778  -29.457  -4.176 0.4000000060
134031  44.877  -30.451  -5.389 0.4000000060
34002  44.813  -30.894  -5.561 0.4000000060
33987  44.682  -30.469  -2.900 0.4000000060
33993  45.003  -30.614  -4.444 0.4000000060
35463  42.611  -29.833  -1.244 0.5000000000
34752  42.697  -30.468  -1.910 0.5000000000
33989  42.826  -31.141  -2.685 0.4000000060
112749  48.388  -27.396  -4.166 0.3000000119
114298  43.221  -30.765  -3.843 0.4000000060
37067  47.953  -27.483  -3.491 0.3000000119
34765  43.850  -30.097  -5.323 0.4000000060
37059  48.578  -28.524  -2.733 0.3000000119
37060  47.284  -27.717  -2.906 0.3000000119
36242  45.692  -27.761  -3.168 0.3000000119
36243  44.916  -27.840  -4.091 0.3000000119
35471  44.571  -28.358  -4.807 0.4000000060
35475  44.396  -29.046  -5.245 0.4000000060
34768  44.319  -30.147  -5.470 0.4000000060
36229  46.110  -28.718  -1.843 0.3000000119
36230  45.448  -28.561  -2.564 0.3000000119
35466  44.884  -28.729  -3.421 0.4000000060
134649  42.512  -29.320  -0.732 0.4000000060
129962  42.618  -29.011  -1.506 0.4000000060
35467  43.119  -29.312  -3.377 0.4000000060
35468  42.746  -29.605  -2.233 0.4000000060
37984  48.449  -26.732  -4.854 0.3000000119
38809  46.651  -25.832  -4.640 0.3000000119
37077  47.584  -26.777  -4.371 0.3000000119
37068  46.316  -26.914  -3.791 0.3000000119
37069  45.455  -26.870  -4.151 0.3000000119
36255  44.367  -27.822  -4.742 0.4000000060
118549  44.185  -28.284  -5.123 0.4000000060
35480  44.092  -29.277  -5.455 0.4000000060
125678  42.401  -29.313  -0.026 0.4000000060
38799  44.888  -25.752  -3.537 0.3000000119
38791  44.362  -26.000  -2.820 0.3000000119
37062  43.675  -27.169  -3.235 0.4000000060
37968  43.719  -26.539  -2.436 0.4000000060
36231  43.209  -27.847  -2.931 0.4000000060
36245  42.897  -28.716  -2.591 0.4000000060
38798  45.468  -25.559  -3.894 0.3000000119
37975  44.698  -26.441  -3.802 0.3000000119
37071  44.378  -27.372  -4.188 0.4000000060
36244  43.444  -28.399  -3.835 0.4000000060
37986  45.890  -25.973  -4.369 0.3000000119
36256  43.955  -28.055  -5.059 0.4000000060
37973  45.845  -26.456  -4.167 0.3000000119
37070  44.904  -26.823  -4.151 0.3000000119
35472  43.549  -28.942  -4.779 0.4000000060
38765  43.086  -25.382  0.125 0.4000000060
37947  43.066  -26.232  -0.492 0.4000000060
129032  42.753  -26.780  -0.202 0.4000000060
37042  42.632  -27.461  -0.320 0.4000000060
38781  43.891  -25.818  -1.799 0.3000000119
37958  43.368  -26.402  -1.409 0.4000000060
134615  42.740  -27.630  -1.131 0.4000000060
36221  42.525  -28.448  -0.575 0.4000000060
37049  43.115  -27.207  -1.999 0.4000000060
37050  42.758  -28.130  -1.789 0.4000000060
42945  32.861  -20.340  -6.174 0.6000000238
42935  32.596  -20.356  -4.676 0.6000000238
43813  33.827  -18.985  -7.721 0.5000000000
115477  33.477  -19.510  -7.333 0.5000000000
44731  33.608  -18.044  -7.598 0.5000000000
45799  33.290  -17.107  -7.476 0.5000000000
48814  33.228  -14.839  -7.611 0.5000000000
49751  33.272  -13.475  -8.014 0.4000000060
58106  34.787  -3.995  -8.902 0.3000000119
59057  34.251  -3.652  -10.373 0.3000000119
123371  33.571  -3.734  -10.924 0.3000000119
59974  36.817  -2.437  -9.251 0.3000000119
59055  36.367  -3.001  -8.645 0.3000000119
59056  35.289  -3.180  -9.157 0.3000000119
59975  35.738  -2.510  -9.461 0.3000000119
135235  34.219  -2.534  -11.064 0.3000000119
59983  33.667  -3.018  -11.084 0.3000000119
59994  38.251  -1.870  -10.956 0.3000000119
59981  37.232  -1.978  -9.934 0.3000000119
125896  34.885  -2.247  -10.494 0.3000000119
60907  34.439  -1.731  -10.808 0.3000000119
59984  33.448  -2.326  -10.578 0.3000000119
59976  33.066  -2.428  -9.602 0.3000000119
60915  39.155  -1.168  -11.093 0.3000000119
60905  37.112  -1.376  -10.327 0.3000000119
59982  36.352  -1.831  -9.705 0.3000000119
60906  35.769  -1.088  -10.182 0.3000000119
60918  34.808  -0.629  -10.664 0.3000000119
60919  34.068  -1.028  -10.851 0.3000000119
59995  33.948  -1.921  -10.969 0.3000000119
60898  33.376  -1.692  -9.857 0.3000000119
61839  38.977  -0.676  -10.449 0.3000000119
61840  37.750  -0.273  -10.306 0.3000000119
120461  37.106  -0.362  -10.623 0.3000000119
60917  35.962  -0.176  -10.951 0.3000000119
62806  34.281  0.083  -11.077 0.3000000119
61842  33.916  -0.069  -11.055 0.3000000119
61833  33.810  0.071  -10.463 0.3000000119
61832  38.068  -0.171  -9.565 0.3000000119
61841  36.869  0.309  -10.550 0.3000000119
62804  36.067  0.514  -10.543 0.3000000119
122405  34.036  0.226  -10.761 0.3000000119
62795  36.492  0.965  -10.016 0.3000000119
62796  35.398  1.147  -9.991 0.3000000119
62794  37.307  0.565  -9.946 0.3000000119
62783  36.736  1.292  -9.354 0.3000000119
62767  36.862  1.316  -8.420 0.3000000119
33996  45.015  -31.666  -5.691 0.4000000060
31268  44.840  -34.122  -5.596 0.4000000060
33083  45.269  -31.983  -5.386 0.4000000060
32163  45.184  -33.322  -5.758 0.4000000060
33071  44.787  -31.438  -3.189 0.4000000060
33079  45.205  -31.628  -4.539 0.4000000060
36263  49.722  -28.616  -3.703 0.3000000119
36253  49.549  -28.796  -2.882 0.3000000119
36240  48.150  -29.228  -2.122 0.3000000119
35462  45.060  -29.361  -2.038 0.3000000119
124448  44.772  -29.679  -2.715 0.3000000119
37076  49.308  -27.910  -4.479 0.3000000119
37996  48.182  -25.988  -5.055 0.3000000119
38797  46.117  -25.387  -4.235 0.3000000119
38808  47.438  -25.673  -4.810 0.3000000119
112267  43.632  -24.721  -0.528 0.4000000060
38770  43.510  -25.600  -0.892 0.4000000060
38780  44.398  -25.256  -2.127 0.3000000119
128133  44.729  -25.373  -2.831 0.3000000119
39527  43.285  -24.353  0.341 0.4000000060
42043  32.778  -20.902  -3.505 0.6000000238
135545  38.957  -0.533  -9.921 0.3000000119
62782  37.365  0.691  -8.927 0.3000000119
61818  37.745  0.065  -8.207 0.3000000119
37994  49.685  -26.658  -5.642 0.3000000119
31261  43.900  -33.764  -3.559 0.4000000060
130311  43.257  -29.861  -3.933 0.4000000060
37078  46.603  -26.435  -4.392 0.3000000119
37041  42.929  -26.949  -0.935 0.4000000060
61848  38.320  -0.774  -10.594 0.3000000119
60908  33.715  -1.349  -10.545 0.3000000119
62805  35.216  0.285  -10.790 0.3000000119
62797  34.644  0.597  -10.334 0.3000000119
122496  37.218  0.870  -7.585 0.3000000119
30355  44.977  -34.869  -5.209 0.3000000119
30359  45.400  -34.555  -5.518 0.3000000119
30331  32.543  -36.425  -0.297 0.6000000238
132899  32.440  -35.701  -0.264 0.6999999881
131382  32.613  -35.473  0.582 0.6999999881
25051  46.525  -41.791  -5.163 0.3000000119
25061  46.681  -40.932  -5.342 0.3000000119
32118  32.658  -33.533  1.166 0.6999999881
29466  46.262  -35.649  -5.472 0.3000000119
31225  32.713  -34.466  0.907 0.6999999881
121563  32.734  -34.919  1.511 0.6999999881
30357  47.224  -35.073  -5.697 0.3000000119
31271  45.670  -34.081  -5.654 0.3000000119
31235  32.425  -34.960  -0.293 0.6999999881
31269  47.339  -34.453  -5.523 0.3000000119
32142  46.120  -33.813  -3.954 0.3000000119
31259  47.052  -34.066  -4.673 0.3000000119
32156  46.032  -33.728  -5.478 0.3000000119
125938  45.771  -33.603  -2.825 0.3000000119
32143  45.557  -33.117  -3.663 0.3000000119
32149  45.746  -33.197  -4.872 0.3000000119
25920  46.609  -40.287  -5.714 0.3000000119
116496  47.333  -37.585  -5.486 0.4000000060
120448  32.616  -33.088  0.167 0.6999999881
29464  47.691  -35.976  -5.715 0.3000000119
28557  47.098  -36.746  -5.510 0.3000000119
32127  32.569  -33.988  0.253 0.6999999881
30356  48.039  -34.864  -5.458 0.3000000119
31266  47.610  -34.438  -5.205 0.3000000119
31253  47.098  -34.798  -3.414 0.3000000119
32157  45.581  -33.211  -5.533 0.3000000119
121541  45.680  -33.645  -1.615 0.3000000119
115296  47.239  -38.584  -5.538 0.4000000060
33049  32.721  -32.102  0.690 0.6999999881
28555  48.496  -36.826  -5.439 0.3000000119
28556  47.873  -36.812  -5.648 0.3000000119
30353  48.367  -34.969  -4.869 0.3000000119
29463  48.459  -36.104  -5.627 0.3000000119
119159  32.537  -33.069  -1.164 0.6999999881
30348  48.070  -35.295  -3.831 0.3000000119
33070  45.143  -32.336  -3.421 0.3000000119
33078  45.435  -32.494  -4.588 0.3000000119
131493  45.190  -32.640  -1.422 0.3000000119
32139  45.336  -32.949  -2.486 0.3000000119
33059  32.681  -32.345  -0.305 0.6999999881
29460  49.043  -36.225  -5.227 0.3000000119
111811  32.764  -32.108  -1.036 0.6999999881
29456  49.942  -35.993  -3.827 0.3000000119
30347  49.151  -35.622  -4.314 0.3000000119
129928  32.815  -32.626  -1.819 0.6999999881
133811  44.847  -31.870  -1.380 0.3000000119
29455  50.201  -36.340  -4.108 0.3000000119
33991  33.055  -31.841  -2.947 0.6999999881
33063  44.834  -32.131  -2.268 0.3000000119
133851  44.241  -23.736  -0.843 0.3000000119
131479  32.991  -37.621  -0.011 0.5000000000
29401  33.023  -36.321  2.393 0.6999999881
29433  32.676  -37.026  0.271 0.6000000238
28502  32.977  -37.229  1.882 0.6000000238
28540  32.821  -37.235  -0.681 0.6000000238
132606  32.467  -33.441  2.669 0.6999999881
130098  32.655  -32.699  1.247 0.6999999881
25912  47.201  -40.320  -5.020 0.3000000119
33039  32.649  -31.897  1.920 0.6999999881
26841  47.361  -39.326  -5.392 0.4000000060
33974  32.819  -31.186  1.159 0.6999999881
27713  48.450  -37.603  -5.088 0.4000000060
27714  47.873  -37.622  -5.524 0.4000000060
34746  33.258  -30.629  -0.188 0.6999999881
28553  49.236  -36.824  -4.895 0.3000000119
27709  50.134  -37.544  -3.930 0.3000000119
27706  50.051  -37.994  -3.275 0.3000000119
30358  46.160  -34.717  -5.654 0.3000000119
33979  32.903  -31.492  -0.020 0.6999999881
30323  32.636  -36.274  0.706 0.6000000238
29451  50.092  -36.689  -3.463 0.3000000119
26836  48.291  -38.539  -4.692 0.3000000119
27675  35.970  -39.226  0.892 0.5000000000
121042  35.023  -39.363  0.390 0.5000000000
26727  31.732  -40.033  6.356 0.4000000060
24962  30.013  -41.028  5.745 0.5000000000
27676  35.119  -38.728  0.391 0.4000000060
27663  35.802  -38.463  1.144 0.5000000000
27677  34.387  -38.754  0.271 0.5000000000
24108  28.279  -42.320  4.782 0.4000000060
23138  27.509  -42.927  3.827 0.4000000060
25816  30.425  -40.503  5.999 0.5000000000
24119  27.587  -42.373  3.014 0.4000000060
23148  27.221  -43.396  3.170 0.4000000060
24970  29.054  -41.074  4.497 0.4000000060
25817  29.866  -40.473  5.383 0.5000000000
25826  29.425  -40.592  4.820 0.4000000060
26740  31.339  -39.349  6.224 0.5000000000
28459  32.549  -37.443  5.111 0.4000000060
28512  32.737  -37.536  0.889 0.5000000000
122233  33.134  -37.756  2.491 0.4000000060
28487  32.928  -37.212  3.850 0.4000000060
23156  27.226  -43.016  2.096 0.4000000060
25031  27.153  -41.031  -1.202 0.4000000060
24981  28.702  -40.848  3.728 0.4000000060
26806  27.464  -39.640  -1.464 0.4000000060
26742  29.637  -39.780  4.868 0.5000000000
25827  29.146  -40.344  4.185 0.4000000060
26799  27.497  -39.540  -0.259 0.4000000060
27608  30.212  -38.923  5.332 0.5000000000
28504  28.032  -37.820  1.899 0.4000000060
123969  27.430  -38.921  0.189 0.4000000060
127587  30.882  -38.876  5.962 0.5000000000
28460  31.817  -37.723  5.580 0.5000000000
29403  27.848  -36.902  1.598 0.4000000060
30297  27.897  -36.124  1.683 0.4000000060
27607  31.681  -38.556  5.965 0.5000000000
115811  33.134  -36.891  2.898 0.5000000000
25030  27.260  -41.224  -0.807 0.4000000060
24990  27.795  -41.458  2.492 0.4000000060
25884  27.521  -40.429  -0.449 0.4000000060
26751  29.207  -39.512  4.023 0.5000000000
125008  27.555  -40.100  0.641 0.4000000060
27618  30.148  -38.122  5.069 0.5000000000
27653  28.365  -38.653  2.299 0.4000000060
27654  27.595  -38.617  1.292 0.4000000060
28461  30.933  -38.212  5.666 0.5000000000
28469  31.687  -36.922  5.206 0.5000000000
30296  28.064  -35.565  2.087 0.4000000060
29386  32.711  -36.155  3.533 0.6000000238
25018  27.476  -41.338  0.314 0.4000000060
25838  28.327  -40.744  2.924 0.4000000060
25867  27.605  -40.740  0.985 0.4000000060
25851  27.882  -40.767  2.057 0.4000000060
26774  28.700  -39.410  2.722 0.4000000060
28503  28.509  -37.860  2.737 0.4000000060
130455  28.270  -37.218  2.374 0.4000000060
28470  30.929  -37.443  5.373 0.5000000000
117392  28.219  -36.386  2.532 0.4000000060
30313  32.806  -35.715  1.662 0.6000000238
30295  32.750  -35.472  2.779 0.6000000238
29366  31.881  -35.731  4.168 0.6000000238
116381  27.511  -42.156  1.814 0.4000000060
25000  27.635  -41.424  1.456 0.4000000060
25850  28.345  -40.118  2.467 0.4000000060
26775  28.070  -39.438  1.960 0.4000000060
28472  29.490  -37.979  4.412 0.5000000000
27620  29.173  -38.668  3.848 0.5000000000
27636  28.836  -38.623  3.078 0.5000000000
28489  28.950  -37.756  3.623 0.5000000000
121374  30.824  -36.811  5.083 0.5000000000
29387  29.370  -36.329  4.152 0.5000000000
29402  28.526  -37.074  3.141 0.4000000060
29367  31.176  -36.182  4.741 0.6000000238
30283  28.399  -35.497  3.038 0.5000000000
118985  32.668  -34.947  2.238 0.6000000238
30279  32.274  -35.244  3.483 0.6000000238
30263  31.041  -35.482  4.369 0.6000000238
30264  30.214  -35.777  4.400 0.5000000000
29388  28.666  -36.264  3.507 0.5000000000
30281  30.375  -34.906  4.136 0.6000000238
31191  31.925  -34.465  3.507 0.6000000238
31209  32.586  -34.081  2.120 0.6000000238
117203  32.099  -30.626  2.847 0.5000000000
33961  32.298  -31.380  2.778 0.6000000238
33946  31.167  -31.948  3.502 0.5000000000
33027  32.352  -32.227  2.793 0.6000000238
33012  31.230  -32.665  3.562 0.6000000238
33013  30.477  -32.454  3.515 0.5000000000
32087  29.820  -33.140  3.367 0.5000000000
30280  31.455  -35.016  3.938 0.6000000238
30282  29.233  -35.401  3.873 0.5000000000
31194  28.814  -34.713  3.207 0.5000000000
31211  28.672  -34.135  2.446 0.5000000000
33968  32.579  -30.833  2.192 0.5000000000
34723  32.296  -29.948  2.517 0.5000000000
34747  33.058  -30.689  0.612 0.6000000238
32086  30.858  -33.344  3.725 0.6000000238
31193  30.146  -34.030  3.787 0.5000000000
122655  32.349  -32.992  3.012 0.6000000238
32085  31.749  -33.181  3.426 0.6000000238
26798  33.546  -38.804  0.563 0.4000000060
27678  32.992  -38.200  0.655 0.4000000060
28526  33.648  -37.989  0.039 0.4000000060
32084  32.301  -33.796  3.113 0.6000000238
26797  34.247  -39.390  0.554 0.5000000000
26728  30.969  -40.029  6.257 0.5000000000
24109  27.799  -42.230  4.050 0.4000000060
24972  27.987  -41.465  3.461 0.4000000060
122899  27.354  -38.919  -0.806 0.4000000060
28513  27.426  -37.665  1.020 0.4000000060
26762  29.039  -39.285  3.344 0.4000000060
133684  27.461  -41.947  0.880 0.4000000060
31192  31.091  -34.238  3.922 0.6000000238
25893  27.317  -40.270  -1.636 0.3000000119
27666  27.300  -38.265  0.062 0.3000000119
26807  27.256  -39.735  -1.715 0.3000000119
119910  27.373  -36.911  0.745 0.3000000119
27679  27.082  -38.273  -0.488 0.3000000119
28527  27.153  -37.437  0.082 0.3000000119
27692  26.634  -38.133  -0.565 0.3000000119
23223  45.379  -43.304  -5.189 0.3000000119
24953  30.558  -41.219  6.198 0.5000000000
24963  29.486  -41.227  5.236 0.5000000000
24971  28.396  -41.573  4.268 0.4000000060
25062  46.277  -41.089  -6.019 0.4000000060
25806  31.158  -40.675  6.369 0.4000000060
25837  28.933  -40.092  3.256 0.4000000060
25879  38.231  -40.396  0.448 0.5000000000
26741  30.426  -39.700  5.735 0.5000000000
26787  34.177  -39.876  1.055 0.5000000000
26789  27.515  -39.482  1.013 0.4000000060
26812  42.280  -39.164  -1.729 0.6000000238
26828  45.463  -39.618  -3.926 0.5000000000
26840  47.827  -38.324  -5.385 0.4000000060
26842  46.574  -39.625  -5.750 0.5000000000
27619  29.590  -38.841  4.602 0.5000000000
27688  39.922  -38.059  -1.046 0.6000000238
27704  40.518  -38.808  -2.161 0.6000000238
27710  49.284  -37.577  -4.370 0.3000000119
28471  29.440  -37.141  4.280 0.5000000000
28488  28.937  -36.915  3.767 0.5000000000
28550  50.237  -37.149  -3.677 0.3000000119
28552  50.159  -36.823  -4.309 0.3000000119
29365  32.225  -36.503  4.595 0.5000000000
29368  30.131  -36.548  4.685 0.5000000000
29417  32.769  -36.697  1.290 0.6000000238
29449  32.942  -36.755  -1.778 0.6999999881
29459  49.763  -36.174  -4.672 0.3000000119
29465  46.932  -35.983  -5.626 0.3000000119
30330  34.181  -36.202  -1.189 0.8999999762
30343  33.520  -35.135  -3.178 0.8000000119
30345  32.752  -35.606  -2.745 0.8000000119
30346  49.820  -35.905  -4.417 0.3000000119
30350  44.644  -35.207  -3.799 0.5000000000
30352  48.946  -35.606  -5.104 0.3000000119
30354  45.479  -35.288  -5.258 0.3000000119
31190  32.513  -34.642  2.938 0.6000000238
31210  29.322  -33.997  3.249 0.5000000000
31222  41.904  -34.174  1.959 0.6999999881
31232  43.676  -34.412  -0.206 0.6000000238
31265  32.999  -34.657  -3.311 0.8000000119
31267  46.956  -33.977  -5.431 0.3000000119
31270  46.627  -34.275  -5.592 0.3000000119
32107  32.554  -32.966  2.187 0.6999999881
32125  35.789  -33.502  1.042 0.8999999762
32141  32.422  -34.107  -1.965 0.8000000119
32148  46.299  -33.654  -5.197 0.3000000119
32153  34.185  -33.813  -3.760 0.8000000119
32154  33.364  -33.979  -3.542 0.8000000119
32155  32.698  -34.066  -3.228 0.8000000119
32162  33.847  -33.458  -3.780 0.8000000119
33009  38.234  -32.505  3.520 0.8000000119
33011  31.864  -32.450  3.319 0.6000000238
33024  40.292  -32.656  3.118 0.8000000119
33074  35.845  -32.780  -3.217 1.0000000000
33076  32.999  -32.560  -3.263 0.8999999762
33086  35.571  -32.622  -4.420 0.8999999762
33089  45.153  -32.501  -5.763 0.4000000060
33091  44.310  -31.506  -5.515 0.4000000060
33093  35.716  -32.140  -4.910 1.0000000000
33941  40.229  -31.150  3.439 0.8000000119
33945  31.903  -31.783  3.239 0.6000000238
33960  36.563  -31.710  2.247 0.8000000119
33962  31.390  -31.051  3.271 0.5000000000
33973  36.242  -31.732  0.641 0.8000000119
33977  42.669  -31.425  -0.550 0.5000000000
33997  45.083  -30.986  -5.374 0.4000000060
34001  34.364  -32.136  -4.321 1.0000000000
34003  43.992  -30.982  -5.533 0.4000000060
34005  36.023  -31.559  -5.318 1.0000000000
34705  38.688  -30.381  3.725 0.6999999881
34706  37.891  -30.220  3.491 0.6999999881
34754  33.617  -30.413  -1.950 0.8999999762
34756  42.886  -30.230  -2.982 0.4000000060
34759  45.097  -29.789  -5.129 0.4000000060
34760  43.485  -29.911  -4.772 0.4000000060
34762  36.932  -31.220  -4.035 1.0000000000
34764  44.589  -29.941  -5.368 0.4000000060
34766  37.326  -31.199  -5.038 1.0000000000
35423  41.332  -29.360  2.395 0.6000000238
35425  37.145  -29.168  2.806 0.6999999881
35470  33.887  -29.675  -2.299 0.8999999762
35476  43.891  -28.725  -5.322 0.4000000060
35484  37.456  -29.704  -6.123 1.0000000000
36196  40.683  -29.117  3.174 0.6000000238
36232  36.709  -28.896  -2.052 1.0000000000
36241  46.734  -28.359  -2.290 0.3000000119
36254  44.823  -27.264  -4.342 0.4000000060
36257  37.301  -28.628  -3.742 1.0000000000
36264  43.976  -28.623  -5.311 0.4000000060
36268  36.507  -29.291  -6.134 1.0000000000
36271  37.395  -29.083  -6.331 1.0000000000
36991  40.423  -27.540  3.292 0.6000000238
36994  37.848  -26.996  3.299 0.6000000238
37022  36.723  -27.650  1.283 0.8000000119
37061  46.228  -27.434  -3.181 0.3000000119
37085  49.370  -27.153  -5.325 0.3000000119
37903  39.381  -26.511  3.498 0.6000000238
37937  42.735  -26.260  0.368 0.5000000000
37939  36.886  -26.850  0.184 0.8000000119
37959  37.167  -26.682  -1.661 1.0000000000
37960  34.348  -26.594  -1.489 0.8999999762
37970  34.400  -26.685  -2.461 0.8999999762
37974  45.228  -26.188  -4.128 0.3000000119
37976  44.171  -26.698  -3.353 0.4000000060
37977  38.335  -25.835  -4.133 1.0000000000
37985  47.401  -26.183  -4.825 0.3000000119
38730  40.203  -25.397  3.398 0.6999999881
38752  38.179  -25.306  2.922 0.6999999881
38753  37.669  -25.640  2.283 0.8000000119
38772  33.270  -25.541  -0.438 0.6999999881
38790  45.192  -25.124  -3.203 0.3000000119
38792  37.596  -25.522  -2.335 1.0000000000
39490  41.461  -24.597  3.128 0.6999999881
39493  38.818  -25.031  3.278 0.6999999881
39543  44.015  -25.029  -1.320 0.4000000060
39555  44.880  -24.761  -2.459 0.3000000119
39585  40.127  -24.622  -6.462 1.0000000000
39592  40.048  -24.866  -6.993 1.0000000000
40281  39.898  -23.921  3.333 0.6999999881
40295  41.308  -23.200  3.108 0.6000000238
40319  38.101  -23.449  0.804 0.6999999881
40380  33.423  -23.497  -4.398 0.8000000119
41130  39.953  -22.410  2.812 0.6999999881
41173  32.827  -21.718  -2.227 0.6999999881
41197  40.551  -22.530  -5.844 0.8999999762
41205  40.365  -22.514  -6.371 0.8999999762
41967  41.595  -21.141  2.544 0.6999999881
41969  39.739  -21.518  2.401 0.6999999881
41975  39.164  -21.314  1.763 0.6999999881
42064  40.222  -21.801  -6.335 0.6999999881
42860  44.092  -20.528  1.223 0.3000000119
42873  39.384  -20.116  1.386 0.6999999881
43722  43.092  -19.693  1.811 0.5000000000
43723  41.413  -18.722  1.924 0.6000000238
43749  38.724  -19.041  -0.517 0.6000000238
43811  33.967  -19.741  -7.437 0.6000000238
44633  39.920  -18.011  0.997 0.6000000238
44699  35.134  -18.896  -4.665 1.0000000000
45666  43.146  -17.623  1.056 0.5000000000
45680  42.691  -17.128  0.784 0.4000000060
45755  39.621  -17.387  -4.465 0.5000000000
46792  42.421  -16.253  -0.471 0.4000000060
46795  39.766  -16.759  -0.421 0.6000000238
46810  39.703  -16.081  -1.794 0.5000000000
46843  38.254  -16.068  -4.937 0.6999999881
46844  37.503  -16.275  -4.505 0.6999999881
47777  41.858  -15.612  -1.925 0.4000000060
47780  39.972  -15.809  -3.204 0.4000000060
47786  41.143  -15.412  -3.203 0.4000000060
47796  41.314  -15.462  -4.627 0.4000000060
47814  38.972  -15.296  -6.222 0.4000000060
47825  41.953  -15.808  -5.844 0.4000000060
48787  36.815  -14.623  -4.398 0.6000000238
50645  35.012  -12.505  -6.271 0.4000000060
52606  39.278  -10.730  -5.819 0.3000000119
52615  39.402  -10.278  -6.508 0.3000000119
53533  38.443  -9.445  -8.531 0.4000000060
54368  38.203  -8.868  -5.916 0.3000000119
54369  37.669  -9.161  -5.651 0.4000000060
55247  36.083  -7.688  -6.356 0.3000000119
56171  37.914  -6.812  -6.783 0.3000000119
56196  38.623  -6.322  -8.512 0.3000000119
57110  38.112  -4.950  -8.377 0.3000000119
58111  41.325  -4.351  -9.847 0.3000000119
59066  34.466  -3.047  -10.847 0.3000000119
59074  38.819  -2.757  -11.067 0.4000000060
60916  37.967  -0.991  -10.641 0.3000000119
60920  33.997  -0.727  -10.913 0.3000000119
61843  33.776  -0.470  -10.690 0.3000000119
61849  36.053  0.056  -11.033 0.3000000119
61850  34.988  -0.003  -10.948 0.3000000119
61851  34.142  -0.191  -11.113 0.3000000119
112625  36.562  -31.953  -4.082 1.0000000000
113964  37.559  -5.095  -7.434 0.3000000119
114057  33.129  -3.038  -10.640 0.3000000119
114268  38.598  -22.338  1.194 0.6999999881
114873  36.737  -27.722  -0.884 0.8999999762
115397  36.728  -21.347  -4.647 1.0000000000
115418  33.422  -31.118  -2.458 0.8000000119
115475  43.400  -19.077  1.567 0.5000000000
115716  33.605  -23.804  -5.694 0.8999999762
116549  48.939  -28.210  -3.583 0.3000000119
117106  38.701  -23.981  2.478 0.6999999881
118134  43.779  -27.673  -4.041 0.4000000060
118492  38.600  -21.047  0.335 0.6999999881
118752  27.782  -40.154  1.589 0.4000000060
119278  43.538  -30.666  -4.796 0.4000000060
119416  29.535  -34.601  3.716 0.5000000000
119580  39.275  -18.103  -3.255 0.5000000000
119830  35.111  -24.509  -6.351 1.0000000000
119927  43.183  -22.282  1.425 0.4000000060
120397  39.274  -22.624  2.457 0.6999999881
120499  30.102  -37.319  4.879 0.5000000000
120558  38.124  -14.169  -4.718 0.4000000060
121533  38.448  -21.291  -5.681 0.8999999762
121923  43.810  -31.831  -5.143 0.4000000060
122099  45.450  -32.690  -5.415 0.4000000060
122867  37.478  -28.988  -4.482 1.0000000000
123207  38.664  -8.578  -6.454 0.3000000119
123989  47.075  -27.038  -3.867 0.3000000119
124406  31.613  -33.810  3.573 0.6000000238
124768  43.654  -37.247  -0.478 0.5000000000
124875  45.577  -40.709  -6.181 0.4000000060
125263  41.757  -15.503  -2.661 0.4000000060
125598  43.785  -29.272  -5.277 0.4000000060
126259  48.131  -35.447  -5.598 0.3000000119
126524  36.881  -0.651  -10.578 0.3000000119
127677  45.359  -41.937  -6.227 0.4000000060
127783  43.071  -20.846  1.853 0.4000000060
128584  39.073  -18.960  0.147 0.6000000238
129240  42.305  -37.130  0.218 0.6999999881
130134  38.807  -19.550  -6.967 0.5000000000
130427  38.461  -26.352  -6.937 1.0000000000
130998  37.237  -30.957  -5.616 1.0000000000
132152  44.808  -32.689  -5.837 0.4000000060
132291  47.662  -34.670  -4.481 0.3000000119
132680  33.764  -30.316  -3.576 0.8999999762
132917  38.241  -27.171  -6.830 1.0000000000
133646  43.086  -20.279  1.871 0.4000000060
133962  46.601  -34.293  -3.664 0.3000000119
134024  35.412  -23.561  -6.361 1.0000000000
134205  40.092  -22.264  -6.557 0.8999999762
134570  38.424  -23.915  -3.245 0.8999999762
135347  39.267  -23.747  2.926 0.6999999881
135379  42.181  -27.847  1.227 0.5000000000
135492  45.987  -42.067  -6.092 0.4000000060
