#!ascii label  , from subject sub-v1s15x0050198_ses-1 vox2ras=TkReg
1148
101598  54.728  26.001  40.810 0.0000000000
104455  59.445  30.142  41.059 0.0000000000
100769  53.757  25.647  45.705 0.0000000000
101587  47.927  26.822  41.321 0.0000000000
100881  49.736  25.313  36.665 0.0000000000
104497  56.774  30.142  35.735 0.0000000000
137844  53.230  33.308  42.253 0.0000000000
108767  57.400  36.016  42.034 0.0000000000
100709  52.674  25.490  52.808 0.0000000000
97555  48.534  21.834  48.330 0.0000000000
101617  61.751  26.199  37.665 0.0000000000
99115  55.981  23.156  39.749 0.0000000000
100778  59.541  26.251  44.130 0.0000000000
102913  58.826  29.598  51.558 0.0000000000
109993  56.549  39.159  38.229 0.0000000000
105983  58.438  32.205  36.518 0.0000000000
97593  50.280  22.070  40.801 0.0000000000
100820  51.124  25.602  41.157 0.0000000000
101620  48.892  26.250  38.555 0.0000000000
99947  51.623  24.801  38.618 0.0000000000
103003  56.428  28.643  39.457 0.0000000000
102998  52.748  28.811  41.363 0.0000000000
108743  53.326  36.591  44.830 0.0000000000
98997  55.350  23.971  56.135 0.0000000000
97532  51.673  21.248  54.379 0.0000000000
95924  54.163  19.839  56.456 0.0000000000
110584  57.807  40.206  33.245 0.0000000000
132378  61.553  27.988  38.589 0.0000000000
100816  61.722  25.060  41.012 0.0000000000
102973  60.321  27.950  42.394 0.0000000000
104395  54.180  30.219  48.881 0.0000000000
103656  57.484  29.582  49.079 0.0000000000
105114  56.892  31.738  51.449 0.0000000000
103590  56.445  30.468  54.672 0.0000000000
106653  57.584  33.479  40.009 0.0000000000
107436  57.295  34.289  38.448 0.0000000000
105224  59.963  31.856  38.347 0.0000000000
103767  60.736  28.870  35.576 0.0000000000
99910  54.917  24.401  42.363 0.0000000000
144391  53.432  22.582  40.217 0.0000000000
99900  51.963  24.005  43.784 0.0000000000
99974  47.187  24.316  37.944 0.0000000000
98415  47.581  22.424  34.601 0.0000000000
105274  57.157  31.332  31.831 0.0000000000
142258  54.399  31.866  35.921 0.0000000000
105193  55.594  31.475  41.252 0.0000000000
103700  57.860  29.220  43.290 0.0000000000
110481  53.998  39.434  46.816 0.0000000000
127328  55.941  39.155  42.887 0.0000000000
107376  56.509  34.739  42.045 0.0000000000
100746  53.410  25.599  49.298 0.0000000000
99875  50.903  24.921  46.919 0.0000000000
99053  50.287  23.613  50.866 0.0000000000
96779  50.854  20.287  51.002 0.0000000000
101609  57.825  26.756  40.092 0.0000000000
99943  55.917  24.392  37.816 0.0000000000
99129  59.186  23.155  38.122 0.0000000000
144115  58.347  24.757  41.845 0.0000000000
100766  56.333  26.117  45.173 0.0000000000
102949  58.323  28.557  45.872 0.0000000000
101534  59.091  26.623  47.585 0.0000000000
101529  55.885  26.275  48.635 0.0000000000
102238  54.484  27.627  51.612 0.0000000000
102204  56.075  27.016  54.836 0.0000000000
110013  54.879  38.823  35.833 0.0000000000
109414  58.743  38.449  35.740 0.0000000000
145323  55.900  36.300  37.209 0.0000000000
144309  56.721  33.604  34.115 0.0000000000
104510  58.792  29.907  33.642 0.0000000000
103016  59.283  28.532  36.732 0.0000000000
99145  53.104  23.469  36.590 0.0000000000
98394  50.529  22.506  37.115 0.0000000000
97616  47.706  21.498  38.156 0.0000000000
98329  48.886  22.185  44.807 0.0000000000
100818  52.892  25.746  41.211 0.0000000000
100833  51.608  25.247  40.444 0.0000000000
100831  53.444  25.195  40.399 0.0000000000
102319  55.207  27.379  40.815 0.0000000000
142468  54.181  28.797  40.661 0.0000000000
102304  53.585  27.360  41.436 0.0000000000
102305  52.685  27.292  41.622 0.0000000000
98254  56.365  23.072  56.820 0.0000000000
136779  54.998  22.197  56.243 0.0000000000
96709  57.120  21.825  58.371 0.0000000000
97631  44.841  21.196  35.806 0.0000000000
103735  61.028  29.201  40.024 0.0000000000
102982  61.053  27.758  41.020 0.0000000000
103726  60.247  29.038  41.089 0.0000000000
104363  53.432  31.381  50.239 0.0000000000
140426  55.140  31.118  50.284 0.0000000000
105205  57.936  31.708  40.413 0.0000000000
148278  58.480  32.814  39.409 0.0000000000
105203  59.604  31.276  39.809 0.0000000000
104474  60.647  30.564  38.935 0.0000000000
100798  54.269  25.295  43.847 0.0000000000
99912  53.149  24.120  42.846 0.0000000000
99887  52.941  24.990  44.274 0.0000000000
101588  46.794  26.992  41.020 0.0000000000
131010  47.340  26.830  39.972 0.0000000000
101627  49.004  26.134  37.727 0.0000000000
100867  47.703  26.036  38.395 0.0000000000
99972  48.551  25.073  36.878 0.0000000000
99141  46.950  23.557  37.106 0.0000000000
99148  48.859  24.207  35.788 0.0000000000
104512  57.397  30.186  33.294 0.0000000000
105255  55.586  31.203  34.247 0.0000000000
105238  55.558  30.939  36.076 0.0000000000
102308  49.349  27.384  41.772 0.0000000000
102310  47.438  27.373  41.869 0.0000000000
105194  54.791  31.770  41.585 0.0000000000
105180  55.215  30.978  41.943 0.0000000000
105182  53.673  31.538  42.576 0.0000000000
108080  53.009  35.189  42.887 0.0000000000
108068  55.188  35.716  43.283 0.0000000000
107393  53.951  34.290  42.059 0.0000000000
105951  55.089  33.164  40.795 0.0000000000
101515  52.762  26.040  50.932 0.0000000000
100742  51.851  24.902  50.558 0.0000000000
100720  51.666  24.678  52.155 0.0000000000
95956  52.378  19.648  53.664 0.0000000000
131653  51.137  20.515  52.656 0.0000000000
95977  52.553  19.465  52.592 0.0000000000
101619  59.511  26.711  38.664 0.0000000000
100844  58.933  25.116  38.902 0.0000000000
100861  60.366  24.928  38.706 0.0000000000
99905  60.822  25.393  42.172 0.0000000000
99919  59.794  24.792  41.306 0.0000000000
100807  59.552  25.480  42.779 0.0000000000
100809  57.199  25.225  42.660 0.0000000000
100779  58.584  26.156  44.199 0.0000000000
103688  56.763  28.747  44.339 0.0000000000
102966  58.235  28.804  44.208 0.0000000000
102950  57.335  28.618  45.841 0.0000000000
103640  59.226  29.912  50.290 0.0000000000
102935  59.231  28.115  48.861 0.0000000000
102255  59.132  27.909  49.218 0.0000000000
101527  58.139  26.652  48.451 0.0000000000
102257  57.315  27.344  49.613 0.0000000000
102259  55.078  26.910  49.968 0.0000000000
102922  56.299  28.359  51.010 0.0000000000
103576  55.794  29.890  55.464 0.0000000000
149055  55.855  28.460  54.880 0.0000000000
110003  55.849  38.802  37.287 0.0000000000
110560  57.834  39.959  35.960 0.0000000000
109401  57.885  39.359  37.453 0.0000000000
109375  56.625  37.495  43.359 0.0000000000
125575  56.192  39.549  42.006 0.0000000000
108768  55.897  37.617  41.355 0.0000000000
106684  57.185  33.860  37.488 0.0000000000
108122  55.761  35.623  37.920 0.0000000000
106685  56.519  34.176  36.696 0.0000000000
125499  56.260  35.057  35.631 0.0000000000
106710  57.111  32.785  35.307 0.0000000000
105992  57.332  32.356  34.193 0.0000000000
105245  58.498  31.232  34.492 0.0000000000
102344  61.122  27.611  36.253 0.0000000000
103023  60.362  28.221  35.436 0.0000000000
102339  60.640  27.570  36.446 0.0000000000
102334  59.082  27.531  38.412 0.0000000000
139560  56.482  23.492  37.687 0.0000000000
99959  54.622  24.036  37.447 0.0000000000
98389  55.001  22.906  37.631 0.0000000000
124016  51.157  22.421  41.028 0.0000000000
127592  51.878  22.433  38.193 0.0000000000
98373  49.803  22.209  39.311 0.0000000000
98384  49.049  22.278  37.622 0.0000000000
97607  48.977  21.936  39.281 0.0000000000
99063  49.102  23.583  47.781 0.0000000000
99070  49.737  23.401  45.819 0.0000000000
98316  48.650  22.584  46.553 0.0000000000
142154  49.472  26.175  41.137 0.0000000000
101600  48.632  26.421  40.596 0.0000000000
100834  50.265  25.593  39.934 0.0000000000
100850  50.222  25.576  38.733 0.0000000000
100873  50.568  25.263  37.119 0.0000000000
103763  56.868  29.777  37.367 0.0000000000
102307  50.818  26.759  41.609 0.0000000000
99818  53.489  24.295  54.394 0.0000000000
99028  52.433  23.961  53.966 0.0000000000
99013  53.114  23.066  54.913 0.0000000000
96733  52.800  20.697  55.360 0.0000000000
102331  62.184  26.788  37.903 0.0000000000
99952  61.883  25.000  38.670 0.0000000000
101607  62.059  26.651  39.999 0.0000000000
101580  61.542  26.030  41.634 0.0000000000
102283  60.411  26.731  43.476 0.0000000000
103664  55.070  29.277  47.439 0.0000000000
102941  56.684  28.997  47.422 0.0000000000
103657  56.193  29.618  48.831 0.0000000000
133413  56.727  30.707  50.087 0.0000000000
144221  58.811  30.817  51.708 0.0000000000
103605  57.837  30.951  53.030 0.0000000000
105097  57.312  32.264  52.993 0.0000000000
105071  55.155  31.586  54.852 0.0000000000
104310  53.502  31.296  55.380 0.0000000000
145114  54.572  38.284  39.249 0.0000000000
138032  58.027  34.894  40.844 0.0000000000
108093  57.602  35.160  40.561 0.0000000000
130276  57.733  34.286  39.820 0.0000000000
106672  58.643  33.051  38.539 0.0000000000
105974  59.002  32.380  37.475 0.0000000000
149831  59.877  30.976  36.134 0.0000000000
104489  60.331  30.588  37.230 0.0000000000
130651  60.978  29.203  37.490 0.0000000000
99102  55.650  23.425  41.030 0.0000000000
98368  54.569  22.661  39.371 0.0000000000
129816  54.055  23.356  41.498 0.0000000000
99096  52.700  23.244  42.086 0.0000000000
135416  51.364  22.638  42.199 0.0000000000
96022  49.435  19.893  48.269 0.0000000000
96795  48.419  20.330  46.907 0.0000000000
136301  45.915  24.134  40.477 0.0000000000
101612  47.530  26.478  39.028 0.0000000000
99948  46.600  24.836  39.151 0.0000000000
99125  46.072  23.317  38.669 0.0000000000
99135  46.009  22.965  37.553 0.0000000000
98398  45.577  22.408  36.534 0.0000000000
98416  46.058  21.875  34.790 0.0000000000
106026  56.351  32.464  31.960 0.0000000000
106004  54.115  32.558  33.990 0.0000000000
105191  57.429  31.084  40.938 0.0000000000
104442  58.350  30.080  42.092 0.0000000000
104444  56.709  30.167  42.228 0.0000000000
103716  55.916  29.527  43.102 0.0000000000
103690  54.933  29.014  44.888 0.0000000000
146098  54.154  29.034  46.227 0.0000000000
103665  53.299  29.410  47.316 0.0000000000
126250  54.900  38.659  44.763 0.0000000000
109926  56.224  38.602  44.589 0.0000000000
108753  57.392  36.224  43.798 0.0000000000
107375  57.786  35.021  41.901 0.0000000000
106655  55.905  33.498  40.635 0.0000000000
105206  56.986  31.811  40.493 0.0000000000
100757  53.494  25.556  47.986 0.0000000000
100764  52.672  25.505  46.732 0.0000000000
136146  52.022  25.153  48.067 0.0000000000
99864  50.551  24.204  49.489 0.0000000000
126544  49.351  23.107  49.996 0.0000000000
98292  50.894  22.801  52.897 0.0000000000
97546  49.708  22.005  51.933 0.0000000000
96783  49.288  21.409  50.353 0.0000000000
101596  56.635  26.432  40.370 0.0000000000
100829  55.418  25.354  40.164 0.0000000000
100846  57.073  24.790  39.066 0.0000000000
99956  57.529  23.689  37.664 0.0000000000
135184  57.633  23.229  38.200 0.0000000000
99119  61.054  23.749  39.323 0.0000000000
99112  58.795  23.205  39.258 0.0000000000
99101  56.951  23.519  40.648 0.0000000000
99909  56.562  24.501  41.989 0.0000000000
100796  55.913  25.488  43.596 0.0000000000
100767  55.426  25.930  45.329 0.0000000000
103698  59.112  29.029  43.080 0.0000000000
125411  59.756  27.937  44.066 0.0000000000
102277  59.847  27.104  44.783 0.0000000000
102940  57.650  28.885  47.399 0.0000000000
102943  59.315  27.981  46.799 0.0000000000
101547  58.996  26.560  45.595 0.0000000000
101542  57.953  26.464  46.601 0.0000000000
101536  56.738  26.338  47.266 0.0000000000
100755  55.184  26.126  47.091 0.0000000000
101530  54.913  26.102  48.829 0.0000000000
101513  54.220  26.690  50.250 0.0000000000
102239  53.833  27.195  52.003 0.0000000000
102906  55.879  29.226  52.947 0.0000000000
102216  55.123  27.423  53.871 0.0000000000
101487  54.350  26.088  53.843 0.0000000000
100700  54.946  25.362  54.948 0.0000000000
110571  57.312  40.016  34.510 0.0000000000
110579  58.786  39.410  34.439 0.0000000000
108812  58.660  37.343  33.802 0.0000000000
142113  55.770  36.420  39.819 0.0000000000
109402  57.167  38.770  38.163 0.0000000000
108795  57.604  37.367  36.224 0.0000000000
108814  57.560  35.846  34.117 0.0000000000
108161  57.424  35.038  33.245 0.0000000000
130848  57.325  32.907  32.389 0.0000000000
105263  57.968  30.748  32.404 0.0000000000
103781  57.841  29.826  33.622 0.0000000000
104503  59.699  29.482  34.641 0.0000000000
103774  59.270  29.158  34.207 0.0000000000
103769  58.308  29.362  35.552 0.0000000000
103009  57.748  28.690  38.420 0.0000000000
102326  57.652  27.479  39.869 0.0000000000
99932  54.025  24.627  39.228 0.0000000000
99961  52.392  24.552  37.806 0.0000000000
99979  51.500  24.303  36.242 0.0000000000
98380  53.701  22.491  38.214 0.0000000000
98404  51.775  23.136  36.286 0.0000000000
99147  50.537  23.543  35.433 0.0000000000
98413  48.989  22.769  34.753 0.0000000000
97634  48.007  21.976  34.525 0.0000000000
99879  51.485  24.772  45.567 0.0000000000
99088  50.795  23.256  43.826 0.0000000000
97578  49.281  21.786  42.962 0.0000000000
96798  48.164  20.681  45.269 0.0000000000
97595  48.674  21.438  41.857 0.0000000000
95915  55.819  19.491  57.815 0.0000000000
95127  55.718  18.758  56.492 0.0000000000
101599  53.805  25.918  40.953 0.0000000000
101581  54.823  26.736  40.972 0.0000000000
102303  54.425  27.410  41.140 0.0000000000
101582  54.101  26.653  41.172 0.0000000000
101583  53.216  26.535  41.420 0.0000000000
97504  56.932  22.604  57.604 0.0000000000
103737  60.108  29.738  40.674 0.0000000000
103736  60.581  29.367  40.464 0.0000000000
104468  59.127  30.814  40.578 0.0000000000
105204  58.796  31.529  40.157 0.0000000000
104467  59.898  30.488  40.219 0.0000000000
104466  60.575  30.057  39.873 0.0000000000
133644  53.962  25.609  45.011 0.0000000000
100784  53.744  25.353  44.357 0.0000000000
100785  53.229  25.450  45.006 0.0000000000
101601  46.280  26.862  40.067 0.0000000000
138705  49.261  25.848  37.132 0.0000000000
100875  48.843  25.927  37.305 0.0000000000
100882  49.198  25.302  36.654 0.0000000000
99982  48.201  24.161  36.360 0.0000000000
104504  57.124  30.046  34.441 0.0000000000
104513  56.347  30.613  34.356 0.0000000000
104505  56.212  30.613  35.461 0.0000000000
127071  48.969  26.705  41.469 0.0000000000
102309  48.392  27.356  41.835 0.0000000000
105940  53.899  32.977  41.843 0.0000000000
105195  54.113  32.099  42.044 0.0000000000
105929  53.410  32.402  42.390 0.0000000000
106630  53.267  34.086  42.306 0.0000000000
107378  53.540  34.653  42.468 0.0000000000
106643  53.904  33.772  41.859 0.0000000000
101508  52.632  26.122  51.966 0.0000000000
100719  52.050  25.289  52.056 0.0000000000
99841  52.094  24.810  52.767 0.0000000000
101618  60.686  26.242  38.289 0.0000000000
100843  59.760  25.597  38.773 0.0000000000
100860  61.328  25.296  38.433 0.0000000000
100792  60.033  25.876  43.470 0.0000000000
100793  59.010  25.818  43.448 0.0000000000
103689  55.953  28.757  44.869 0.0000000000
133021  56.817  28.607  45.158 0.0000000000
103676  56.459  28.655  45.838 0.0000000000
103629  59.372  29.904  51.325 0.0000000000
102919  59.250  29.576  50.693 0.0000000000
102920  59.004  29.176  50.923 0.0000000000
102256  58.596  27.619  49.435 0.0000000000
102244  58.139  28.242  50.136 0.0000000000
102245  56.784  27.870  50.290 0.0000000000
102921  57.658  28.765  50.871 0.0000000000
103557  55.069  29.759  55.890 0.0000000000
124797  55.806  38.830  38.586 0.0000000000
109994  55.114  38.337  37.687 0.0000000000
144583  56.796  39.305  37.479 0.0000000000
109992  57.519  39.358  37.683 0.0000000000
108763  57.441  36.098  42.942 0.0000000000
109378  56.138  37.450  42.366 0.0000000000
105975  58.070  33.005  37.269 0.0000000000
133974  57.159  33.480  36.742 0.0000000000
106700  56.680  33.569  35.855 0.0000000000
106699  57.525  32.813  36.224 0.0000000000
105991  57.900  32.033  35.296 0.0000000000
105990  58.815  31.475  35.639 0.0000000000
101626  61.373  27.187  37.069 0.0000000000
102345  60.999  27.543  36.183 0.0000000000
102332  61.093  26.874  37.130 0.0000000000
102333  60.192  27.217  37.830 0.0000000000
99123  56.740  23.241  38.441 0.0000000000
99133  55.647  23.318  37.792 0.0000000000
99124  55.861  23.223  38.588 0.0000000000
98362  50.910  22.334  40.145 0.0000000000
98363  50.093  22.112  40.036 0.0000000000
97600  49.446  21.779  40.567 0.0000000000
99061  48.699  23.090  48.424 0.0000000000
99067  48.836  23.251  47.032 0.0000000000
98313  48.513  22.558  47.318 0.0000000000
101586  50.736  26.156  41.387 0.0000000000
100821  50.275  25.756  41.033 0.0000000000
100849  52.032  24.919  39.594 0.0000000000
130004  51.046  25.161  39.445 0.0000000000
124365  50.842  25.183  38.390 0.0000000000
100864  50.271  25.454  37.804 0.0000000000
103754  56.613  29.569  38.221 0.0000000000
103745  56.016  29.422  38.902 0.0000000000
103738  53.943  29.414  40.278 0.0000000000
101585  51.427  26.291  41.496 0.0000000000
102306  51.600  27.238  41.676 0.0000000000
133311  50.001  26.594  41.539 0.0000000000
99012  54.229  23.892  55.134 0.0000000000
145064  53.053  23.626  54.493 0.0000000000
98998  54.251  23.103  55.450 0.0000000000
97511  54.746  21.288  56.558 0.0000000000
97520  53.744  21.296  55.980 0.0000000000
96722  53.955  20.446  56.277 0.0000000000
146280  53.365  19.467  55.462 0.0000000000
95931  54.222  19.285  56.291 0.0000000000
111193  56.813  40.995  33.408 0.0000000000
111215  56.653  41.382  32.859 0.0000000000
102323  62.271  26.513  38.984 0.0000000000
102324  61.880  27.298  39.234 0.0000000000
102983  60.507  28.303  41.486 0.0000000000
102301  61.198  26.903  41.540 0.0000000000
102302  60.807  27.442  41.894 0.0000000000
102290  61.096  26.533  42.195 0.0000000000
102291  60.636  27.048  42.711 0.0000000000
103658  54.246  29.602  48.110 0.0000000000
125388  55.290  29.554  48.229 0.0000000000
104394  55.119  30.070  48.974 0.0000000000
105115  55.474  31.641  51.093 0.0000000000
104361  56.154  31.152  50.588 0.0000000000
104360  57.437  31.212  50.814 0.0000000000
104359  58.583  30.915  51.050 0.0000000000
140144  57.603  31.949  52.418 0.0000000000
105106  56.458  32.237  52.284 0.0000000000
105084  55.066  31.807  54.061 0.0000000000
105072  54.111  31.742  54.705 0.0000000000
104309  54.750  31.222  55.324 0.0000000000
133385  57.557  34.483  40.305 0.0000000000
105959  59.654  32.250  38.792 0.0000000000
106663  58.419  33.212  39.163 0.0000000000
105967  59.363  32.511  38.252 0.0000000000
106683  58.763  32.907  37.956 0.0000000000
105973  59.610  31.934  37.589 0.0000000000
144274  61.193  29.028  39.140 0.0000000000
132805  60.889  29.671  38.570 0.0000000000
103752  61.223  28.696  38.084 0.0000000000
103007  61.566  27.899  37.526 0.0000000000
149312  55.395  24.203  42.009 0.0000000000
99103  54.735  23.410  41.238 0.0000000000
99094  54.389  23.824  41.920 0.0000000000
99899  52.696  24.363  43.596 0.0000000000
149729  52.904  23.666  42.495 0.0000000000
99086  52.395  23.661  42.964 0.0000000000
98342  52.052  22.832  41.813 0.0000000000
99087  51.563  23.386  43.354 0.0000000000
99934  46.271  24.956  39.922 0.0000000000
101611  48.219  26.521  39.220 0.0000000000
101621  48.388  26.242  38.452 0.0000000000
99962  47.494  25.137  38.190 0.0000000000
100868  46.954  25.595  38.721 0.0000000000
99963  46.916  24.622  38.545 0.0000000000
145086  46.553  24.033  38.874 0.0000000000
99134  46.629  23.766  38.170 0.0000000000
99150  47.188  22.968  35.668 0.0000000000
98397  46.354  22.739  36.226 0.0000000000
98408  46.612  22.242  34.949 0.0000000000
128853  45.930  22.254  35.430 0.0000000000
106025  57.090  31.913  31.799 0.0000000000
105275  56.539  31.686  32.038 0.0000000000
105247  54.880  31.603  35.205 0.0000000000
105256  54.799  31.824  34.153 0.0000000000
105993  54.150  32.346  35.213 0.0000000000
141724  53.790  32.275  36.209 0.0000000000
105192  56.487  31.243  41.035 0.0000000000
104458  57.045  30.601  41.597 0.0000000000
104459  56.101  30.738  41.712 0.0000000000
104445  55.786  30.228  42.455 0.0000000000
103702  55.224  29.492  43.504 0.0000000000
103679  53.625  29.252  45.586 0.0000000000
125991  54.206  29.160  47.022 0.0000000000
109918  54.002  38.763  45.347 0.0000000000
109905  54.600  38.954  46.195 0.0000000000
130185  56.112  38.532  45.698 0.0000000000
109916  56.616  38.122  45.201 0.0000000000
109373  57.203  37.194  44.277 0.0000000000
108078  56.002  35.047  42.715 0.0000000000
108077  57.405  35.165  42.651 0.0000000000
107391  56.713  34.454  41.249 0.0000000000
105938  55.227  32.309  40.913 0.0000000000
105950  55.853  32.834  40.538 0.0000000000
105207  56.060  31.998  40.629 0.0000000000
100751  53.638  25.592  48.675 0.0000000000
100752  52.882  25.347  48.585 0.0000000000
100747  52.724  25.259  49.491 0.0000000000
99860  51.298  24.515  50.713 0.0000000000
99863  51.321  24.564  50.024 0.0000000000
99861  50.731  24.165  50.397 0.0000000000
99057  49.690  23.635  49.382 0.0000000000
99054  49.696  23.212  50.599 0.0000000000
99014  52.065  23.065  54.294 0.0000000000
99029  51.581  23.518  53.360 0.0000000000
98285  51.276  22.528  53.625 0.0000000000
96773  50.966  20.332  51.825 0.0000000000
97540  50.209  21.616  52.419 0.0000000000
96780  50.261  20.716  51.480 0.0000000000
97549  49.365  21.819  51.143 0.0000000000
139091  50.182  20.555  50.806 0.0000000000
96785  49.933  20.262  49.659 0.0000000000
96001  50.551  20.132  50.193 0.0000000000
101595  57.304  26.448  40.230 0.0000000000
100828  56.327  25.581  39.956 0.0000000000
140606  57.750  26.047  39.866 0.0000000000
137663  59.116  23.262  37.961 0.0000000000
99955  58.534  23.633  37.989 0.0000000000
99130  59.024  23.063  37.832 0.0000000000
99131  58.442  23.377  37.965 0.0000000000
99121  59.105  22.958  38.000 0.0000000000
99927  61.963  24.285  39.810 0.0000000000
99939  61.190  23.853  38.941 0.0000000000
99110  61.284  23.894  40.053 0.0000000000
99920  58.840  24.493  41.211 0.0000000000
99930  59.469  23.976  40.175 0.0000000000
99931  58.541  23.909  40.446 0.0000000000
99113  57.780  23.616  40.158 0.0000000000
129021  58.004  24.241  41.229 0.0000000000
99921  57.191  23.986  41.299 0.0000000000
99908  57.572  24.693  41.952 0.0000000000
100795  56.854  25.589  43.484 0.0000000000
100781  56.563  25.883  44.333 0.0000000000
100782  55.629  25.717  44.456 0.0000000000
139100  57.940  29.717  42.581 0.0000000000
103713  58.628  29.497  42.720 0.0000000000
102957  58.772  28.498  45.080 0.0000000000
102965  59.089  28.569  44.310 0.0000000000
133831  59.519  27.964  45.055 0.0000000000
126924  56.769  29.286  48.288 0.0000000000
103662  57.727  29.119  48.300 0.0000000000
102263  59.335  27.758  48.087 0.0000000000
102938  59.146  28.181  47.418 0.0000000000
102266  59.435  27.508  47.318 0.0000000000
101540  59.349  26.793  46.250 0.0000000000
101541  58.983  26.537  46.920 0.0000000000
136192  58.773  26.548  46.247 0.0000000000
101528  56.974  26.489  48.519 0.0000000000
134460  57.265  26.413  47.782 0.0000000000
101537  56.163  26.287  47.774 0.0000000000
101544  56.040  26.334  46.837 0.0000000000
101538  55.088  26.121  48.008 0.0000000000
102247  54.676  27.381  50.713 0.0000000000
102248  53.903  27.067  51.051 0.0000000000
149586  56.762  30.299  53.286 0.0000000000
103620  56.758  29.900  52.403 0.0000000000
103606  56.590  29.894  54.113 0.0000000000
102215  55.688  27.904  54.432 0.0000000000
101486  55.252  26.647  54.464 0.0000000000
100707  55.252  25.954  54.748 0.0000000000
110004  54.791  38.475  36.614 0.0000000000
110005  53.724  38.434  36.446 0.0000000000
145360  54.162  38.758  35.953 0.0000000000
110561  56.643  39.515  35.492 0.0000000000
110552  58.601  39.398  36.107 0.0000000000
110569  58.722  39.408  35.294 0.0000000000
109418  59.003  38.085  34.822 0.0000000000
109423  59.009  38.332  34.093 0.0000000000
109419  58.547  37.210  34.568 0.0000000000
107419  57.329  34.723  39.334 0.0000000000
108100  56.837  35.315  39.549 0.0000000000
108134  55.775  35.690  37.201 0.0000000000
108787  55.705  36.282  38.035 0.0000000000
108786  56.416  37.299  37.760 0.0000000000
109410  57.428  38.141  37.290 0.0000000000
108796  56.585  36.865  36.784 0.0000000000
107481  56.421  34.134  35.048 0.0000000000
108804  56.668  35.846  35.212 0.0000000000
108146  56.683  35.030  34.539 0.0000000000
132295  56.809  34.282  33.953 0.0000000000
128430  57.268  33.832  32.846 0.0000000000
106722  56.980  32.939  33.576 0.0000000000
105254  58.290  30.900  33.318 0.0000000000
106002  57.837  31.518  32.987 0.0000000000
105253  58.357  30.181  33.133 0.0000000000
104511  58.012  29.957  32.839 0.0000000000
103786  58.263  29.909  33.234 0.0000000000
104495  60.343  29.925  36.138 0.0000000000
104496  59.986  30.305  35.481 0.0000000000
104502  60.186  29.326  35.213 0.0000000000
103024  59.779  28.596  35.556 0.0000000000
103029  59.806  28.797  35.099 0.0000000000
103768  59.239  29.061  35.059 0.0000000000
103761  58.843  29.076  36.165 0.0000000000
103762  57.867  29.558  36.875 0.0000000000
103017  58.340  29.091  37.424 0.0000000000
102325  58.564  27.020  39.438 0.0000000000
102335  58.091  27.856  38.896 0.0000000000
102317  57.162  27.066  40.433 0.0000000000
100847  56.152  24.782  39.044 0.0000000000
100848  55.152  24.688  39.242 0.0000000000
99944  54.924  24.366  38.071 0.0000000000
99969  54.040  23.665  36.991 0.0000000000
99960  53.575  24.246  37.393 0.0000000000
125858  52.832  24.118  36.759 0.0000000000
124212  51.924  24.544  37.169 0.0000000000
99978  52.313  23.865  36.361 0.0000000000
98360  54.047  22.641  40.184 0.0000000000
98369  53.774  22.549  39.363 0.0000000000
141362  53.107  22.494  38.973 0.0000000000
126692  51.101  22.440  37.910 0.0000000000
98393  51.653  22.648  36.981 0.0000000000
98405  50.886  22.902  36.031 0.0000000000
141690  51.275  23.471  35.847 0.0000000000
99153  49.566  23.292  35.006 0.0000000000
98406  49.346  22.592  35.513 0.0000000000
97622  48.333  21.830  37.208 0.0000000000
97627  48.138  21.809  35.614 0.0000000000
97623  47.586  21.485  36.675 0.0000000000
97628  47.311  21.718  35.093 0.0000000000
97624  46.868  21.166  36.284 0.0000000000
100759  51.770  25.308  47.057 0.0000000000
100771  52.055  25.277  46.093 0.0000000000
124163  50.826  24.567  46.140 0.0000000000
144642  49.490  22.867  45.210 0.0000000000
127086  50.216  23.509  45.220 0.0000000000
98328  49.549  22.459  44.280 0.0000000000
127132  50.188  22.669  43.682 0.0000000000
98336  49.601  22.206  43.560 0.0000000000
128133  48.204  20.198  46.091 0.0000000000
129735  48.345  21.002  46.130 0.0000000000
96047  47.874  19.645  45.561 0.0000000000
100819  51.991  25.682  41.228 0.0000000000
100832  52.512  25.200  40.539 0.0000000000
99933  52.943  24.724  39.600 0.0000000000
102994  56.056  28.218  40.007 0.0000000000
103004  55.633  28.868  39.702 0.0000000000
102995  55.427  28.208  40.366 0.0000000000
102984  53.956  28.171  41.152 0.0000000000
102985  53.144  28.138  41.484 0.0000000000
102986  52.261  28.144  41.627 0.0000000000
101584  52.309  26.424  41.513 0.0000000000
127243  55.369  23.121  56.064 0.0000000000
141285  55.776  22.072  56.798 0.0000000000
96721  54.764  20.405  56.907 0.0000000000
103001  61.433  28.315  39.675 0.0000000000
102992  61.210  28.391  40.385 0.0000000000
102993  60.744  28.705  40.733 0.0000000000
103711  59.998  28.777  41.975 0.0000000000
104376  53.709  31.161  49.777 0.0000000000
104375  54.455  30.774  49.583 0.0000000000
104362  54.366  31.268  50.310 0.0000000000
147996  55.156  31.948  51.828 0.0000000000
105948  57.673  32.446  40.093 0.0000000000
106652  58.100  32.998  39.670 0.0000000000
105947  58.475  32.340  39.785 0.0000000000
105216  59.336  32.035  39.443 0.0000000000
105215  60.022  31.744  39.095 0.0000000000
105214  60.316  31.336  38.803 0.0000000000
104475  60.283  30.970  39.435 0.0000000000
103744  60.866  29.797  39.377 0.0000000000
99897  54.506  24.918  43.150 0.0000000000
99911  53.981  24.330  42.623 0.0000000000
99898  53.588  24.793  43.522 0.0000000000
99888  52.270  24.575  44.242 0.0000000000
100866  48.507  26.079  37.932 0.0000000000
100876  48.215  25.610  37.716 0.0000000000
99973  47.772  24.541  37.306 0.0000000000
99140  47.627  23.700  36.382 0.0000000000
99149  48.073  23.345  35.233 0.0000000000
105264  56.913  31.012  32.100 0.0000000000
104520  56.569  30.782  33.162 0.0000000000
105246  55.567  31.079  35.315 0.0000000000
105239  54.909  31.332  36.173 0.0000000000
102292  47.882  27.939  42.242 0.0000000000
102311  46.319  27.400  41.653 0.0000000000
101589  45.663  27.102  40.601 0.0000000000
105181  54.429  31.273  42.261 0.0000000000
108069  53.550  35.707  43.299 0.0000000000
108756  54.246  36.259  43.978 0.0000000000
108079  54.195  35.166  42.713 0.0000000000
107377  54.645  34.682  42.146 0.0000000000
107392  54.893  34.193  41.538 0.0000000000
106642  54.550  33.506  41.348 0.0000000000
105939  54.542  32.663  41.366 0.0000000000
100740  53.157  25.707  50.072 0.0000000000
100741  52.498  25.321  50.320 0.0000000000
100732  52.203  25.410  51.189 0.0000000000
100733  51.595  24.734  51.403 0.0000000000
99853  51.192  24.164  51.922 0.0000000000
96748  52.200  20.672  54.706 0.0000000000
97535  51.150  21.620  53.681 0.0000000000
96762  51.844  20.295  54.086 0.0000000000
95957  51.731  20.021  53.156 0.0000000000
95978  51.672  19.865  52.194 0.0000000000
101608  59.084  26.228  39.193 0.0000000000
139865  58.464  26.129  39.572 0.0000000000
100862  59.291  24.245  38.561 0.0000000000
137454  59.720  24.204  38.883 0.0000000000
100817  61.221  25.279  41.668 0.0000000000
99917  61.328  24.723  40.866 0.0000000000
99918  60.731  25.011  41.564 0.0000000000
99907  59.158  25.006  42.039 0.0000000000
100808  58.353  25.308  42.577 0.0000000000
100794  57.899  25.695  43.428 0.0000000000
101562  57.283  26.280  45.041 0.0000000000
103701  56.810  29.154  43.384 0.0000000000
103687  57.449  28.830  44.004 0.0000000000
102958  57.664  28.665  44.932 0.0000000000
103641  58.497  30.170  49.865 0.0000000000
102936  58.697  28.699  48.635 0.0000000000
102929  58.877  28.868  49.730 0.0000000000
102264  59.299  27.359  48.658 0.0000000000
101526  59.047  26.728  48.324 0.0000000000
101518  59.012  27.033  48.997 0.0000000000
101519  57.886  26.838  49.101 0.0000000000
101520  56.604  26.654  49.132 0.0000000000
101521  55.518  26.483  49.271 0.0000000000
102258  56.094  27.120  49.754 0.0000000000
102246  55.622  27.619  50.460 0.0000000000
102237  55.277  27.996  51.278 0.0000000000
131243  56.140  29.383  54.869 0.0000000000
102887  55.904  28.776  55.560 0.0000000000
128575  54.113  37.906  37.641 0.0000000000
125228  54.160  38.124  37.063 0.0000000000
110012  55.921  38.902  36.309 0.0000000000
110002  57.261  39.566  36.750 0.0000000000
110553  58.092  39.893  37.086 0.0000000000
109409  58.318  38.615  36.607 0.0000000000
137950  56.112  38.938  43.017 0.0000000000
109376  56.256  38.919  42.440 0.0000000000
109379  56.316  39.234  41.612 0.0000000000
107420  56.402  35.161  38.513 0.0000000000
107453  56.272  34.808  37.514 0.0000000000
134018  56.060  34.976  36.559 0.0000000000
108133  56.105  35.902  36.321 0.0000000000
107469  56.320  34.384  35.999 0.0000000000
106711  56.743  33.229  34.761 0.0000000000
129256  57.894  31.594  34.140 0.0000000000
147337  58.672  30.458  33.787 0.0000000000
103021  61.087  27.920  35.725 0.0000000000
141952  60.875  27.806  35.745 0.0000000000
102346  60.684  27.878  35.713 0.0000000000
102340  59.687  27.835  37.204 0.0000000000
103008  58.716  28.345  37.958 0.0000000000
141902  56.315  24.079  37.422 0.0000000000
99958  55.589  24.064  37.512 0.0000000000
99967  55.985  23.794  37.502 0.0000000000
99968  55.080  23.681  37.399 0.0000000000
99138  54.665  23.197  37.171 0.0000000000
124554  51.927  22.444  40.193 0.0000000000
98370  52.338  22.459  39.138 0.0000000000
98371  51.445  22.401  39.323 0.0000000000
98382  51.071  22.390  38.696 0.0000000000
98383  50.313  22.393  38.452 0.0000000000
98395  49.603  22.445  36.765 0.0000000000
97614  49.399  22.252  38.546 0.0000000000
97615  48.592  21.946  38.403 0.0000000000
97608  48.135  21.665  39.199 0.0000000000
99872  50.414  24.500  47.558 0.0000000000
99876  50.277  24.298  46.756 0.0000000000
99066  49.596  23.657  46.602 0.0000000000
98315  49.115  23.068  46.148 0.0000000000
98318  48.802  22.430  45.705 0.0000000000
100835  49.553  26.013  40.380 0.0000000000
100851  49.544  25.969  39.165 0.0000000000
143110  50.865  25.369  40.509 0.0000000000
100865  49.547  25.970  38.088 0.0000000000
100874  49.750  25.683  37.311 0.0000000000
100880  50.248  25.251  36.756 0.0000000000
104490  56.390  30.195  36.862 0.0000000000
103755  55.394  29.917  38.609 0.0000000000
103005  54.768  29.014  40.106 0.0000000000
131569  50.425  27.579  41.772 0.0000000000
108757  52.856  36.204  43.828 0.0000000000
108070  52.404  35.734  43.325 0.0000000000
107379  52.727  34.574  42.753 0.0000000000
100708  53.587  25.458  53.579 0.0000000000
99829  52.876  24.730  53.566 0.0000000000
98278  52.309  22.223  54.690 0.0000000000
98263  54.039  22.293  55.743 0.0000000000
97521  53.145  21.658  55.530 0.0000000000
97531  52.490  21.464  54.990 0.0000000000
95942  52.528  19.886  54.658 0.0000000000
95941  53.300  19.248  54.852 0.0000000000
101625  61.878  26.483  37.572 0.0000000000
100859  61.934  25.461  38.148 0.0000000000
100858  62.167  25.613  38.115 0.0000000000
100842  62.248  25.312  39.010 0.0000000000
101594  61.996  25.739  40.745 0.0000000000
102316  61.572  27.572  40.235 0.0000000000
148998  61.608  25.506  41.337 0.0000000000
101574  61.233  25.892  42.228 0.0000000000
101575  60.808  26.183  42.847 0.0000000000
101568  60.324  26.184  43.528 0.0000000000
103671  55.707  28.978  46.974 0.0000000000
103670  56.248  28.785  46.572 0.0000000000
103663  55.907  29.195  47.890 0.0000000000
104374  55.557  30.609  49.853 0.0000000000
103643  56.093  30.177  49.490 0.0000000000
103642  57.148  30.145  49.615 0.0000000000
104373  57.946  30.635  50.361 0.0000000000
103617  59.304  30.490  51.241 0.0000000000
103618  59.086  30.435  51.752 0.0000000000
103619  57.958  30.377  52.014 0.0000000000
104353  58.184  31.124  52.264 0.0000000000
104341  57.783  31.676  53.115 0.0000000000
103589  57.271  31.066  53.872 0.0000000000
105083  56.234  32.057  53.867 0.0000000000
104325  56.578  31.352  54.225 0.0000000000
104308  55.774  31.004  55.047 0.0000000000
104296  54.347  30.537  55.717 0.0000000000
103558  54.254  29.704  55.945 0.0000000000
109985  55.770  38.919  39.199 0.0000000000
108086  57.965  35.140  41.441 0.0000000000
107405  57.665  34.786  40.210 0.0000000000
143389  57.693  34.189  39.217 0.0000000000
106673  58.039  33.665  38.842 0.0000000000
128416  58.046  33.458  38.117 0.0000000000
105982  59.249  31.717  36.715 0.0000000000
105235  60.055  30.875  36.562 0.0000000000
104482  60.604  30.179  37.937 0.0000000000
103760  60.713  29.537  36.769 0.0000000000
103014  61.326  27.795  36.432 0.0000000000
102338  61.470  27.186  37.083 0.0000000000
98358  55.205  22.869  39.488 0.0000000000
98359  55.036  23.097  40.412 0.0000000000
98351  54.197  22.938  40.813 0.0000000000
123974  53.476  22.744  40.785 0.0000000000
99095  53.512  23.643  42.127 0.0000000000
99104  53.449  23.111  41.410 0.0000000000
98352  52.764  22.843  41.310 0.0000000000
124413  52.031  22.616  41.108 0.0000000000
98353  51.527  22.580  41.609 0.0000000000
98354  50.427  22.140  41.610 0.0000000000
129765  49.171  20.647  48.549 0.0000000000
125824  48.558  20.957  47.447 0.0000000000
96792  48.857  20.252  47.759 0.0000000000
101613  46.713  26.571  39.464 0.0000000000
100852  46.974  26.232  38.929 0.0000000000
100853  46.404  25.916  39.358 0.0000000000
99116  46.230  23.822  39.589 0.0000000000
98374  45.561  22.847  39.292 0.0000000000
97630  45.459  21.853  35.629 0.0000000000
105265  55.781  31.531  33.015 0.0000000000
105266  54.788  32.052  33.240 0.0000000000
104499  55.200  30.855  36.775 0.0000000000
105190  58.310  30.992  40.832 0.0000000000
104456  58.740  30.460  41.409 0.0000000000
104457  57.920  30.532  41.520 0.0000000000
104443  57.557  30.118  42.137 0.0000000000
103714  57.234  29.636  42.704 0.0000000000
103715  56.502  29.684  42.753 0.0000000000
123897  55.977  29.049  43.848 0.0000000000
103678  54.531  29.009  45.655 0.0000000000
103672  54.903  28.993  46.549 0.0000000000
109939  55.637  38.765  43.996 0.0000000000
109917  55.231  38.718  45.560 0.0000000000
109927  55.853  38.746  44.934 0.0000000000
109938  56.155  38.736  43.805 0.0000000000
109937  56.541  38.116  43.840 0.0000000000
108742  54.845  36.584  44.931 0.0000000000
108754  57.328  35.845  44.024 0.0000000000
108066  57.401  35.602  43.177 0.0000000000
108076  57.562  35.324  42.329 0.0000000000
107390  58.027  34.908  41.210 0.0000000000
107406  57.001  34.192  40.717 0.0000000000
106654  56.818  33.563  40.357 0.0000000000
106641  55.479  33.802  40.946 0.0000000000
105949  56.775  32.619  40.323 0.0000000000
100763  53.542  25.641  46.541 0.0000000000
134540  53.302  25.581  47.253 0.0000000000
100758  52.671  25.424  47.610 0.0000000000
99871  51.198  24.903  47.752 0.0000000000
100748  52.038  24.886  49.748 0.0000000000
149766  51.509  24.802  48.495 0.0000000000
99868  50.685  24.482  48.490 0.0000000000
99865  50.004  24.041  48.812 0.0000000000
99058  48.935  23.105  49.245 0.0000000000
98308  48.610  22.337  48.959 0.0000000000
99830  52.059  24.276  53.301 0.0000000000
99040  51.050  23.534  52.459 0.0000000000
99041  50.472  22.987  52.325 0.0000000000
98286  50.699  21.988  53.055 0.0000000000
98293  50.238  22.311  52.459 0.0000000000
98300  49.964  22.685  51.893 0.0000000000
98304  49.317  22.556  50.682 0.0000000000
126772  49.015  22.010  50.390 0.0000000000
97551  48.863  21.779  49.691 0.0000000000
96786  49.353  20.917  49.473 0.0000000000
101597  55.609  26.371  40.613 0.0000000000
100845  58.031  25.061  38.818 0.0000000000
99941  57.619  24.199  37.843 0.0000000000
99942  56.793  24.254  37.613 0.0000000000
99957  56.800  23.833  37.395 0.0000000000
99132  57.339  23.498  37.728 0.0000000000
99953  61.481  24.647  38.698 0.0000000000
99940  60.814  23.930  38.819 0.0000000000
99120  59.877  24.148  39.207 0.0000000000
99929  60.508  24.440  40.605 0.0000000000
99111  60.341  23.925  39.710 0.0000000000
138272  59.412  23.358  38.953 0.0000000000
99122  58.219  23.095  38.627 0.0000000000
99114  57.066  23.291  39.466 0.0000000000
99922  56.426  23.729  41.277 0.0000000000
133566  55.810  24.002  41.746 0.0000000000
141392  55.699  24.545  42.292 0.0000000000
100810  56.224  25.152  42.767 0.0000000000
99896  55.358  25.042  42.937 0.0000000000
100797  55.031  25.382  43.746 0.0000000000
100783  54.644  25.595  44.595 0.0000000000
100768  54.565  25.781  45.525 0.0000000000
103728  59.128  29.987  41.996 0.0000000000
103712  59.403  29.279  42.416 0.0000000000
102974  59.680  28.444  42.964 0.0000000000
103699  58.668  28.970  43.540 0.0000000000
126741  59.260  28.658  43.623 0.0000000000
102964  60.190  27.533  43.302 0.0000000000
101558  60.111  26.616  44.110 0.0000000000
101559  59.772  26.608  44.570 0.0000000000
102946  57.018  28.743  46.616 0.0000000000
102945  57.929  28.743  46.646 0.0000000000
102944  58.741  28.398  46.703 0.0000000000
129530  58.469  28.616  47.544 0.0000000000
102948  59.272  28.094  45.998 0.0000000000
102270  59.604  27.295  45.717 0.0000000000
101546  59.579  26.806  45.350 0.0000000000
101560  59.196  26.506  44.837 0.0000000000
101548  58.071  26.463  45.716 0.0000000000
101549  57.093  26.364  45.867 0.0000000000
101535  58.306  26.527  47.552 0.0000000000
101543  56.892  26.348  46.653 0.0000000000
101550  56.156  26.274  46.013 0.0000000000
100761  55.283  26.092  46.194 0.0000000000
100762  54.411  25.837  46.396 0.0000000000
100756  54.193  25.767  47.375 0.0000000000
100750  54.259  25.788  48.340 0.0000000000
101531  54.114  25.844  49.094 0.0000000000
101522  54.588  26.319  49.518 0.0000000000
101523  53.814  26.075  49.787 0.0000000000
101514  53.477  26.397  50.569 0.0000000000
101507  53.276  26.615  51.455 0.0000000000
100718  53.415  26.139  52.870 0.0000000000
102914  57.102  29.295  51.570 0.0000000000
102915  55.915  28.835  51.836 0.0000000000
102916  55.122  28.270  52.227 0.0000000000
102896  55.883  28.830  54.151 0.0000000000
102897  55.319  28.205  53.345 0.0000000000
102227  54.589  27.632  52.684 0.0000000000
101496  54.252  26.830  53.127 0.0000000000
135132  54.357  25.571  54.313 0.0000000000
99817  54.624  24.717  55.053 0.0000000000
99806  55.317  24.677  55.993 0.0000000000
110581  57.681  40.373  33.687 0.0000000000
110570  58.130  39.789  34.828 0.0000000000
110580  58.385  39.761  33.819 0.0000000000
109424  58.644  38.254  33.420 0.0000000000
108820  58.218  36.379  33.068 0.0000000000
138460  55.711  39.130  39.912 0.0000000000
109984  56.421  39.038  39.062 0.0000000000
149657  56.925  35.939  40.832 0.0000000000
108773  55.729  37.062  40.659 0.0000000000
108111  55.634  35.951  38.699 0.0000000000
125967  56.656  38.675  38.783 0.0000000000
109983  56.774  39.001  38.530 0.0000000000
144664  56.787  36.504  35.870 0.0000000000
108803  57.759  36.681  35.001 0.0000000000
108813  58.294  36.490  33.911 0.0000000000
108160  57.963  35.898  33.290 0.0000000000
107504  57.700  35.515  32.541 0.0000000000
107505  57.419  34.588  32.370 0.0000000000
106014  57.227  32.236  31.914 0.0000000000
106003  57.429  32.198  32.721 0.0000000000
106013  57.529  31.413  32.116 0.0000000000
104527  57.508  30.926  32.084 0.0000000000
104519  57.591  30.473  32.451 0.0000000000
103776  57.824  29.572  34.754 0.0000000000
105244  59.118  30.664  34.638 0.0000000000
104509  59.136  29.643  34.062 0.0000000000
103028  59.902  28.774  35.091 0.0000000000
103773  59.217  29.178  34.548 0.0000000000
103779  58.798  29.644  33.838 0.0000000000
103780  58.612  29.600  33.952 0.0000000000
103770  57.285  29.760  36.211 0.0000000000
103753  57.391  29.390  37.913 0.0000000000
103010  56.898  29.039  38.749 0.0000000000
103002  57.270  28.287  39.298 0.0000000000
102327  56.798  27.872  40.017 0.0000000000
102318  56.123  27.361  40.487 0.0000000000
100830  54.432  25.236  40.259 0.0000000000
99946  52.430  24.627  38.836 0.0000000000
145231  54.095  24.336  38.008 0.0000000000
99945  53.241  24.490  38.448 0.0000000000
100863  51.213  24.929  37.654 0.0000000000
99971  50.801  24.874  36.508 0.0000000000
98378  55.168  22.793  38.468 0.0000000000
98390  54.304  22.740  37.380 0.0000000000
98391  53.482  22.641  37.225 0.0000000000
98381  52.872  22.429  38.133 0.0000000000
98392  52.616  22.605  37.188 0.0000000000
98403  52.465  23.397  36.349 0.0000000000
99146  51.798  23.752  36.099 0.0000000000
134309  50.896  24.459  36.010 0.0000000000
99981  49.642  24.611  35.852 0.0000000000
99989  49.303  23.661  35.130 0.0000000000
143608  48.680  23.260  34.838 0.0000000000
99155  48.263  22.831  34.459 0.0000000000
98396  48.818  22.290  36.357 0.0000000000
98407  48.545  22.248  34.845 0.0000000000
97635  47.496  22.126  34.571 0.0000000000
144714  46.761  21.888  34.663 0.0000000000
100770  52.884  25.508  45.841 0.0000000000
99878  52.306  25.080  45.053 0.0000000000
99889  51.552  24.323  44.620 0.0000000000
99880  50.827  24.155  45.328 0.0000000000
99080  50.797  23.687  44.570 0.0000000000
99079  51.345  23.730  44.023 0.0000000000
98335  50.949  22.785  42.985 0.0000000000
98344  50.623  22.350  42.317 0.0000000000
98345  49.867  21.953  42.278 0.0000000000
97560  48.423  21.333  46.874 0.0000000000
97562  48.510  21.650  45.414 0.0000000000
97570  48.497  21.414  44.562 0.0000000000
96816  47.566  20.168  43.891 0.0000000000
140226  48.461  21.224  43.872 0.0000000000
98337  48.960  21.825  43.880 0.0000000000
97586  49.186  21.664  42.236 0.0000000000
97594  49.516  21.738  41.497 0.0000000000
97601  48.584  21.677  40.094 0.0000000000
145784  47.725  21.490  39.883 0.0000000000
96710  55.902  20.405  58.017 0.0000000000
95923  54.818  19.680  56.961 0.0000000000
95117  56.004  18.948  57.612 0.0000000000
95128  54.978  19.084  56.839 0.0000000000
95932  53.579  19.711  55.954 0.0000000000
95933  53.030  19.846  55.417 0.0000000000
96041  48.299  19.428  46.454 0.0000000000
96732  53.319  20.371  55.833 0.0000000000
96763  51.285  20.772  53.542 0.0000000000
96764  50.772  21.221  52.965 0.0000000000
96774  50.422  20.906  52.252 0.0000000000
96782  49.754  20.677  50.274 0.0000000000
96790  48.720  21.150  48.086 0.0000000000
96807  48.099  20.685  44.326 0.0000000000
96808  47.654  20.047  44.725 0.0000000000
97545  49.841  21.347  51.763 0.0000000000
97548  49.672  21.049  51.020 0.0000000000
97554  48.813  21.432  48.859 0.0000000000
97557  48.465  21.765  47.588 0.0000000000
98264  53.156  22.346  55.263 0.0000000000
98279  51.585  22.133  54.213 0.0000000000
98307  48.942  22.484  49.842 0.0000000000
98311  48.509  22.454  48.072 0.0000000000
98327  50.167  23.072  44.464 0.0000000000
98343  51.837  23.083  42.556 0.0000000000
98361  52.891  22.494  39.798 0.0000000000
98372  50.608  22.328  39.373 0.0000000000
98379  54.478  22.587  38.351 0.0000000000
98402  53.072  22.939  36.617 0.0000000000
98412  49.933  22.920  35.302 0.0000000000
98414  48.165  22.493  34.485 0.0000000000
99046  50.494  23.475  51.708 0.0000000000
99047  49.790  23.019  51.236 0.0000000000
99056  50.069  23.650  50.108 0.0000000000
99060  49.317  23.625  48.627 0.0000000000
99064  48.624  23.052  47.723 0.0000000000
99069  50.264  23.912  45.975 0.0000000000
99093  55.146  23.878  41.710 0.0000000000
99137  55.275  23.397  37.546 0.0000000000
99139  53.882  23.066  36.779 0.0000000000
99152  51.147  23.976  35.794 0.0000000000
99154  48.755  22.990  34.591 0.0000000000
99828  53.896  25.027  54.345 0.0000000000
99842  51.604  24.174  52.658 0.0000000000
99854  50.930  24.130  51.167 0.0000000000
99867  51.398  24.627  49.202 0.0000000000
99869  49.811  24.123  48.107 0.0000000000
99873  49.731  23.995  47.336 0.0000000000
99906  60.170  25.233  42.174 0.0000000000
99928  61.808  24.321  40.294 0.0000000000
99938  62.070  24.701  39.379 0.0000000000
99954  60.893  24.125  38.657 0.0000000000
99970  51.324  24.775  36.881 0.0000000000
99980  50.315  24.776  36.034 0.0000000000
99987  50.615  24.214  35.624 0.0000000000
99988  50.053  24.109  35.281 0.0000000000
100753  52.149  24.934  48.932 0.0000000000
100780  57.553  26.035  44.250 0.0000000000
100791  60.567  25.873  43.012 0.0000000000
100804  61.364  25.521  41.740 0.0000000000
100805  61.001  25.642  42.394 0.0000000000
100806  60.442  25.605  42.706 0.0000000000
100826  62.226  24.885  40.085 0.0000000000
100827  57.168  25.718  39.864 0.0000000000
100872  62.133  25.934  37.724 0.0000000000
101525  59.379  27.010  47.911 0.0000000000
101533  59.357  26.802  47.104 0.0000000000
101561  58.266  26.403  44.936 0.0000000000
101569  59.993  26.261  44.013 0.0000000000
101606  62.321  25.837  39.571 0.0000000000
101610  48.930  26.274  39.565 0.0000000000
101616  62.365  25.986  38.403 0.0000000000
101624  62.243  26.074  37.769 0.0000000000
102268  59.528  27.358  46.550 0.0000000000
102284  60.160  27.143  44.027 0.0000000000
102930  58.847  28.698  49.921 0.0000000000
102939  59.081  28.289  48.122 0.0000000000
102996  54.689  28.193  40.758 0.0000000000
103015  60.124  27.894  36.116 0.0000000000
103022  60.394  28.155  35.549 0.0000000000
103628  59.424  30.172  50.901 0.0000000000
103655  58.562  29.398  49.417 0.0000000000
103727  59.716  29.495  41.523 0.0000000000
103759  61.182  28.506  36.342 0.0000000000
103775  58.738  29.332  34.576 0.0000000000
104324  57.185  31.937  53.589 0.0000000000
104372  59.126  30.520  50.591 0.0000000000
104498  55.952  30.601  36.416 0.0000000000
104518  57.904  30.329  32.621 0.0000000000
105070  55.812  31.593  54.440 0.0000000000
105105  57.951  31.267  51.671 0.0000000000
105223  60.322  31.093  38.194 0.0000000000
105229  59.992  31.386  37.517 0.0000000000
105236  59.730  31.354  36.776 0.0000000000
105237  59.604  30.981  35.702 0.0000000000
105243  59.541  30.127  34.572 0.0000000000
105252  59.022  30.018  33.789 0.0000000000
105960  58.984  32.674  39.061 0.0000000000
106015  55.437  32.171  32.454 0.0000000000
106024  57.319  31.485  31.851 0.0000000000
106664  57.960  33.686  39.484 0.0000000000
108772  57.041  36.099  41.425 0.0000000000
109371  57.123  37.266  44.847 0.0000000000
109405  53.505  37.718  37.986 0.0000000000
109415  58.457  37.683  35.507 0.0000000000
109925  56.700  38.039  44.484 0.0000000000
110000  58.690  39.065  36.253 0.0000000000
110001  58.283  39.678  36.889 0.0000000000
110011  59.001  38.889  35.494 0.0000000000
110018  59.131  38.894  34.638 0.0000000000
110020  58.938  39.059  33.867 0.0000000000
110546  58.027  39.774  37.386 0.0000000000
110559  58.243  39.800  36.211 0.0000000000
124146  50.085  22.284  42.968 0.0000000000
124220  56.404  23.372  40.516 0.0000000000
124888  51.032  22.409  41.767 0.0000000000
126195  46.775  21.985  34.644 0.0000000000
126477  61.519  26.768  40.880 0.0000000000
128018  51.385  25.040  46.335 0.0000000000
128764  49.749  22.397  37.786 0.0000000000
131809  48.438  22.048  46.917 0.0000000000
132706  55.289  29.135  44.182 0.0000000000
135379  52.761  22.600  40.604 0.0000000000
136628  53.388  26.639  52.256 0.0000000000
136860  48.485  21.869  46.248 0.0000000000
138664  55.863  21.353  57.327 0.0000000000
138781  48.657  21.515  41.064 0.0000000000
139050  61.533  23.922  39.619 0.0000000000
140371  61.669  24.342  39.176 0.0000000000
141588  61.332  28.385  37.091 0.0000000000
141677  57.244  40.887  33.115 0.0000000000
141837  49.396  21.903  39.887 0.0000000000
142313  49.561  22.389  51.416 0.0000000000
142555  50.141  22.639  35.989 0.0000000000
143330  52.384  22.892  36.621 0.0000000000
143701  54.602  22.774  40.102 0.0000000000
144317  47.069  21.224  37.500 0.0000000000
145431  51.991  24.332  36.631 0.0000000000
145487  58.384  29.839  33.387 0.0000000000
145546  57.413  26.393  47.178 0.0000000000
146472  55.233  30.531  55.582 0.0000000000
146638  58.154  28.846  47.962 0.0000000000
147659  49.286  23.638  47.191 0.0000000000
148598  56.219  38.580  45.095 0.0000000000
