#!ascii label  , from subject sub-v1s15x0050198_ses-1 vox2ras=TkReg
1144
93389  45.972  16.064  57.560 0.0000000000
93488  53.187  16.089  49.470 0.0000000000
94383  52.302  17.650  45.570 0.0000000000
90085  60.955  13.297  40.008 0.0000000000
89127  45.613  11.297  53.738 0.0000000000
95178  53.832  18.859  53.248 0.0000000000
91781  56.490  14.256  42.894 0.0000000000
91835  45.978  15.151  37.976 0.0000000000
93397  57.743  16.029  56.381 0.0000000000
146655  50.580  14.308  55.271 0.0000000000
129073  49.953  10.483  50.317 0.0000000000
94433  46.814  17.345  41.734 0.0000000000
92715  50.912  15.112  36.722 0.0000000000
145912  59.778  19.224  46.965 0.0000000000
93589  56.329  16.779  39.097 0.0000000000
94462  44.687  17.870  35.808 0.0000000000
92512  51.312  14.943  59.767 0.0000000000
148375  48.172  14.242  58.131 0.0000000000
88244  47.600  10.674  51.958 0.0000000000
95204  50.237  18.780  47.388 0.0000000000
95227  47.658  18.965  45.263 0.0000000000
93538  49.342  16.553  43.703 0.0000000000
92689  49.046  15.743  39.630 0.0000000000
92658  51.387  15.734  41.434 0.0000000000
129247  55.189  16.601  52.912 0.0000000000
94328  59.450  18.186  52.645 0.0000000000
94356  56.515  17.157  48.241 0.0000000000
91815  60.646  15.329  40.187 0.0000000000
93559  58.253  17.280  40.514 0.0000000000
91840  59.629  15.895  37.695 0.0000000000
90980  55.963  14.383  37.098 0.0000000000
131767  57.389  12.701  39.523 0.0000000000
89236  54.728  11.332  42.582 0.0000000000
91677  42.809  13.985  57.107 0.0000000000
90805  45.324  13.362  56.188 0.0000000000
136344  54.080  19.350  49.144 0.0000000000
134718  52.897  12.580  46.316 0.0000000000
92620  53.816  15.519  44.845 0.0000000000
90882  56.883  12.933  45.148 0.0000000000
90913  60.276  14.061  43.916 0.0000000000
95109  57.297  19.088  59.637 0.0000000000
93354  54.482  16.792  60.491 0.0000000000
124000  54.169  15.592  56.074 0.0000000000
92584  51.919  16.123  52.272 0.0000000000
90830  48.164  13.018  54.022 0.0000000000
129634  48.896  13.963  51.408 0.0000000000
130437  50.449  14.154  49.227 0.0000000000
88277  52.765  10.276  49.210 0.0000000000
91698  41.395  14.728  54.646 0.0000000000
96829  46.539  20.268  41.742 0.0000000000
96087  45.615  19.563  37.629 0.0000000000
94459  47.098  16.860  36.129 0.0000000000
91863  48.074  14.686  35.440 0.0000000000
90117  50.138  12.724  37.808 0.0000000000
95136  57.667  18.461  55.516 0.0000000000
127322  58.133  19.575  50.812 0.0000000000
95209  55.857  19.118  46.093 0.0000000000
94395  56.673  17.037  44.666 0.0000000000
95251  58.478  18.732  42.524 0.0000000000
94425  54.018  17.361  43.034 0.0000000000
92698  53.816  15.516  38.352 0.0000000000
90982  52.734  13.554  36.468 0.0000000000
95293  43.766  18.877  36.704 0.0000000000
96102  44.621  19.392  35.169 0.0000000000
93373  48.449  15.678  59.343 0.0000000000
91649  47.196  14.870  58.666 0.0000000000
95213  51.642  18.211  46.786 0.0000000000
135964  49.751  17.316  45.741 0.0000000000
93510  50.953  16.933  45.188 0.0000000000
124050  50.793  16.325  42.884 0.0000000000
93521  52.150  16.797  43.954 0.0000000000
127127  53.865  16.518  50.853 0.0000000000
93480  55.494  16.839  50.707 0.0000000000
93486  54.674  16.605  49.373 0.0000000000
91823  62.311  15.553  39.046 0.0000000000
92681  60.478  15.971  38.830 0.0000000000
90967  60.288  13.997  38.255 0.0000000000
131274  58.240  13.592  38.311 0.0000000000
90100  59.374  13.048  39.292 0.0000000000
90076  57.964  12.439  41.083 0.0000000000
90075  58.914  12.501  41.393 0.0000000000
89932  43.125  12.790  57.161 0.0000000000
95999  52.044  19.562  50.137 0.0000000000
143030  54.162  19.342  51.363 0.0000000000
89190  55.055  11.702  46.848 0.0000000000
90035  54.348  12.811  45.319 0.0000000000
90015  56.555  12.257  46.280 0.0000000000
125074  60.425  13.408  45.283 0.0000000000
90897  62.470  14.088  44.672 0.0000000000
91776  62.365  14.757  42.829 0.0000000000
91657  51.351  14.707  57.387 0.0000000000
127289  52.939  15.272  57.373 0.0000000000
92547  51.939  15.014  55.499 0.0000000000
133728  52.600  15.914  54.374 0.0000000000
92558  51.394  15.184  53.973 0.0000000000
89958  45.671  12.666  54.592 0.0000000000
124763  46.852  13.423  55.074 0.0000000000
89972  46.922  12.280  53.569 0.0000000000
88253  48.673  10.370  50.997 0.0000000000
89978  48.197  12.451  51.512 0.0000000000
89137  48.582  11.941  50.453 0.0000000000
90839  49.250  13.834  50.012 0.0000000000
89147  49.771  11.824  49.599 0.0000000000
89162  51.656  11.642  48.407 0.0000000000
127262  51.213  10.660  49.685 0.0000000000
87343  55.135  9.072  52.112 0.0000000000
94416  46.737  18.532  43.231 0.0000000000
96063  47.043  19.685  43.438 0.0000000000
133109  46.027  18.780  41.742 0.0000000000
96837  45.832  19.983  40.238 0.0000000000
95270  45.638  18.670  40.047 0.0000000000
134499  46.258  18.147  37.377 0.0000000000
94446  46.575  17.336  39.053 0.0000000000
92701  49.892  15.328  38.564 0.0000000000
92717  49.104  15.610  36.368 0.0000000000
92728  49.738  15.253  35.775 0.0000000000
90995  49.394  13.593  36.387 0.0000000000
135745  50.295  13.613  35.882 0.0000000000
93365  58.064  16.880  58.535 0.0000000000
136944  58.016  18.440  57.251 0.0000000000
94294  59.057  17.376  56.000 0.0000000000
94344  59.040  18.319  50.033 0.0000000000
95985  59.450  19.122  51.627 0.0000000000
96003  59.263  19.431  49.246 0.0000000000
96015  56.630  19.520  48.250 0.0000000000
96026  58.676  19.452  47.189 0.0000000000
92640  54.969  15.069  43.360 0.0000000000
93519  55.394  16.558  44.871 0.0000000000
93533  55.644  15.820  43.146 0.0000000000
93575  57.989  17.509  40.419 0.0000000000
94422  58.535  18.050  41.475 0.0000000000
143930  57.299  17.813  41.006 0.0000000000
94410  56.119  18.118  42.405 0.0000000000
93562  55.047  16.795  41.195 0.0000000000
93577  54.041  16.253  40.995 0.0000000000
92697  54.706  15.941  38.404 0.0000000000
90112  55.397  12.592  38.366 0.0000000000
134887  54.365  13.989  36.992 0.0000000000
90114  53.614  12.327  38.126 0.0000000000
89268  51.858  11.700  38.645 0.0000000000
131463  53.785  19.065  55.571 0.0000000000
93616  44.517  16.855  37.354 0.0000000000
92720  45.290  16.282  36.960 0.0000000000
93356  52.173  16.145  60.551 0.0000000000
93358  50.303  15.840  59.989 0.0000000000
91647  50.128  14.548  58.825 0.0000000000
91672  49.961  14.061  56.951 0.0000000000
88237  46.717  10.612  53.176 0.0000000000
95216  48.695  18.506  46.698 0.0000000000
94400  48.334  17.396  44.813 0.0000000000
93540  48.032  16.966  43.117 0.0000000000
126671  47.923  16.509  40.876 0.0000000000
134089  49.156  16.362  42.360 0.0000000000
92660  50.004  15.681  40.909 0.0000000000
92686  51.249  14.936  38.923 0.0000000000
93429  55.966  16.429  54.391 0.0000000000
93446  58.346  16.953  54.487 0.0000000000
93462  56.826  16.872  52.916 0.0000000000
94346  57.378  17.474  50.932 0.0000000000
94354  58.505  17.891  48.138 0.0000000000
91795  58.388  14.515  41.979 0.0000000000
91797  57.217  15.350  41.671 0.0000000000
91816  59.333  15.336  40.436 0.0000000000
93586  59.056  17.249  38.768 0.0000000000
93599  58.176  17.226  38.310 0.0000000000
93611  55.981  16.267  36.809 0.0000000000
91842  57.844  15.139  36.930 0.0000000000
129775  56.666  13.626  37.622 0.0000000000
90090  55.737  12.080  39.738 0.0000000000
146159  56.690  11.934  42.337 0.0000000000
92527  44.195  14.926  57.526 0.0000000000
91663  45.573  14.602  58.104 0.0000000000
90785  44.268  13.814  57.697 0.0000000000
89942  44.484  12.481  55.452 0.0000000000
137027  44.355  10.845  54.505 0.0000000000
96011  50.553  19.812  49.284 0.0000000000
96019  52.765  19.213  48.443 0.0000000000
95201  53.253  18.665  47.195 0.0000000000
136028  52.288  14.512  47.154 0.0000000000
93497  53.747  16.133  47.261 0.0000000000
91751  52.917  14.406  45.364 0.0000000000
90903  54.441  13.774  44.274 0.0000000000
90916  57.015  13.670  43.694 0.0000000000
90013  58.504  12.578  46.187 0.0000000000
90899  58.522  13.555  44.592 0.0000000000
91779  58.719  14.116  42.988 0.0000000000
131585  60.526  14.522  42.273 0.0000000000
91805  62.769  15.237  40.803 0.0000000000
90936  62.706  14.155  40.379 0.0000000000
134046  60.585  12.599  41.393 0.0000000000
149018  56.971  17.520  60.399 0.0000000000
93382  56.593  16.040  58.211 0.0000000000
92510  53.246  15.571  59.545 0.0000000000
92523  54.802  15.614  57.864 0.0000000000
92532  55.828  15.549  56.499 0.0000000000
93430  54.856  16.336  54.573 0.0000000000
93465  53.575  16.533  52.553 0.0000000000
92592  52.416  16.094  50.725 0.0000000000
90792  46.444  13.848  57.137 0.0000000000
90790  48.409  13.824  56.127 0.0000000000
90802  49.114  13.559  55.335 0.0000000000
89976  47.726  12.055  52.708 0.0000000000
148607  48.628  13.254  53.612 0.0000000000
91712  49.599  14.159  53.182 0.0000000000
91722  50.112  14.817  51.819 0.0000000000
92598  50.970  15.296  50.624 0.0000000000
91732  52.026  14.947  48.701 0.0000000000
90849  51.602  13.266  47.266 0.0000000000
89175  52.652  11.769  47.606 0.0000000000
139929  54.730  10.601  48.514 0.0000000000
87368  53.533  9.486  50.371 0.0000000000
87375  54.965  9.776  49.854 0.0000000000
92550  43.146  15.294  55.886 0.0000000000
91686  41.715  14.305  55.676 0.0000000000
145302  39.929  13.011  55.384 0.0000000000
97579  48.588  21.335  43.236 0.0000000000
96835  46.993  21.104  40.161 0.0000000000
138767  45.734  18.970  35.720 0.0000000000
94467  46.257  17.228  35.282 0.0000000000
92732  46.560  16.351  35.530 0.0000000000
93603  47.737  16.375  37.933 0.0000000000
93621  47.477  16.212  35.678 0.0000000000
91857  47.032  14.911  36.176 0.0000000000
146435  55.426  18.532  54.403 0.0000000000
95157  59.552  18.308  53.858 0.0000000000
95175  57.465  19.121  53.028 0.0000000000
95974  55.785  19.213  52.030 0.0000000000
132124  55.345  19.603  49.824 0.0000000000
96028  55.062  18.968  47.541 0.0000000000
95224  54.100  18.456  45.742 0.0000000000
93499  55.308  16.709  47.035 0.0000000000
94366  57.002  17.379  46.612 0.0000000000
94379  59.013  18.026  44.935 0.0000000000
130470  58.175  17.274  41.933 0.0000000000
134032  58.993  17.979  43.083 0.0000000000
96044  59.998  19.768  44.251 0.0000000000
95222  58.100  19.484  44.498 0.0000000000
124592  55.369  18.657  44.622 0.0000000000
94397  53.462  17.754  44.554 0.0000000000
93550  52.637  16.403  42.461 0.0000000000
92672  52.462  15.348  40.177 0.0000000000
92700  52.004  15.019  37.962 0.0000000000
92711  55.069  15.903  36.722 0.0000000000
92724  53.387  15.096  36.441 0.0000000000
91852  52.389  14.611  35.920 0.0000000000
90124  51.517  12.715  37.117 0.0000000000
88347  53.433  10.522  42.467 0.0000000000
146880  44.339  19.840  35.672 0.0000000000
136438  44.755  19.926  34.919 0.0000000000
93388  46.787  16.228  57.673 0.0000000000
93375  47.091  15.918  58.374 0.0000000000
92515  46.439  15.589  58.268 0.0000000000
143604  52.527  17.977  46.067 0.0000000000
94384  51.391  17.377  45.722 0.0000000000
94399  51.691  17.188  45.161 0.0000000000
93522  51.478  16.825  44.573 0.0000000000
94398  52.440  17.316  44.729 0.0000000000
93482  53.889  16.436  49.858 0.0000000000
93481  54.701  16.631  50.264 0.0000000000
93487  53.873  16.330  48.987 0.0000000000
90946  61.618  13.877  39.433 0.0000000000
90966  61.224  14.695  38.709 0.0000000000
90955  60.808  13.756  38.950 0.0000000000
90956  59.843  13.275  38.728 0.0000000000
90086  59.951  13.112  39.803 0.0000000000
90087  58.901  12.750  40.227 0.0000000000
90074  60.032  12.756  40.734 0.0000000000
95955  53.072  19.230  53.964 0.0000000000
95976  53.588  19.086  52.513 0.0000000000
127590  53.457  19.285  51.694 0.0000000000
95975  54.558  19.194  51.889 0.0000000000
89172  55.749  11.330  47.506 0.0000000000
89171  56.643  11.455  47.415 0.0000000000
90878  62.298  13.560  45.427 0.0000000000
90877  63.150  13.693  45.214 0.0000000000
91763  63.010  14.477  43.935 0.0000000000
91834  46.527  14.520  38.065 0.0000000000
91682  51.175  14.544  55.877 0.0000000000
92536  51.940  14.811  56.464 0.0000000000
124030  51.984  15.328  54.618 0.0000000000
91694  51.206  14.737  54.842 0.0000000000
89117  45.296  11.878  54.292 0.0000000000
89973  46.027  12.192  53.841 0.0000000000
87372  49.420  10.012  50.797 0.0000000000
88267  48.562  11.196  50.689 0.0000000000
88280  49.665  11.126  50.052 0.0000000000
89985  48.949  12.502  49.875 0.0000000000
88279  50.420  10.988  49.782 0.0000000000
145921  50.910  11.090  49.460 0.0000000000
88265  50.815  10.282  50.231 0.0000000000
94426  46.789  17.901  42.598 0.0000000000
95259  46.376  18.686  42.508 0.0000000000
130033  46.392  18.102  42.018 0.0000000000
95264  45.745  18.712  40.902 0.0000000000
95269  46.094  17.964  40.436 0.0000000000
95275  46.059  17.996  39.541 0.0000000000
94441  46.509  17.281  39.956 0.0000000000
127382  50.294  15.213  37.642 0.0000000000
92716  50.017  15.331  36.587 0.0000000000
92727  50.673  15.103  35.917 0.0000000000
91003  50.433  14.218  35.491 0.0000000000
91853  51.171  14.773  35.747 0.0000000000
136881  57.994  16.127  57.106 0.0000000000
141144  58.699  17.455  57.058 0.0000000000
93396  58.490  16.555  56.581 0.0000000000
95194  59.740  18.940  48.759 0.0000000000
95193  59.643  19.102  49.183 0.0000000000
96013  59.555  19.227  48.434 0.0000000000
128856  59.296  19.353  47.751 0.0000000000
96025  59.711  19.317  46.570 0.0000000000
91782  55.679  14.627  43.029 0.0000000000
91798  56.395  14.957  42.351 0.0000000000
93588  57.451  17.301  39.638 0.0000000000
126483  57.780  17.743  40.690 0.0000000000
145101  56.590  17.169  40.138 0.0000000000
93561  56.238  17.318  40.834 0.0000000000
93576  55.147  16.595  40.547 0.0000000000
92683  55.165  16.339  39.532 0.0000000000
90104  54.924  11.838  38.962 0.0000000000
90113  54.497  12.410  38.253 0.0000000000
89265  54.006  11.839  38.686 0.0000000000
89266  53.222  11.487  38.575 0.0000000000
95292  44.172  18.277  36.490 0.0000000000
94454  44.304  17.628  36.825 0.0000000000
93623  44.956  17.133  36.284 0.0000000000
93384  50.325  16.663  58.381 0.0000000000
93385  49.328  16.459  58.393 0.0000000000
145658  47.958  14.623  58.839 0.0000000000
91641  49.226  14.934  59.580 0.0000000000
91660  48.738  14.364  58.517 0.0000000000
91659  49.614  14.245  58.045 0.0000000000
126079  48.906  14.127  57.272 0.0000000000
96033  49.843  19.341  47.885 0.0000000000
142415  49.168  19.550  47.736 0.0000000000
95205  49.263  18.896  47.400 0.0000000000
93524  49.640  16.691  44.469 0.0000000000
94386  49.097  17.042  45.290 0.0000000000
93525  48.817  16.813  44.338 0.0000000000
94414  48.116  17.206  43.936 0.0000000000
93539  48.650  16.730  43.528 0.0000000000
93553  48.223  16.655  42.342 0.0000000000
142843  49.107  16.513  43.092 0.0000000000
92647  50.878  16.072  42.067 0.0000000000
92659  50.456  15.835  41.504 0.0000000000
130898  50.717  15.500  40.745 0.0000000000
136331  50.917  15.187  39.895 0.0000000000
92673  51.551  15.377  40.527 0.0000000000
93448  55.957  16.611  53.357 0.0000000000
93447  57.323  16.777  53.849 0.0000000000
93463  55.791  16.697  52.520 0.0000000000
94351  56.361  17.188  49.328 0.0000000000
94347  56.312  17.191  50.308 0.0000000000
94350  57.222  17.495  49.881 0.0000000000
129452  57.499  17.490  48.835 0.0000000000
91807  59.349  14.794  41.188 0.0000000000
92695  60.157  16.077  38.294 0.0000000000
93585  59.607  16.711  38.429 0.0000000000
92696  59.509  16.580  37.867 0.0000000000
92708  58.854  16.417  37.429 0.0000000000
92709  57.951  16.152  36.845 0.0000000000
91841  58.792  15.563  37.223 0.0000000000
90110  57.875  13.047  38.977 0.0000000000
90969  57.613  14.026  37.527 0.0000000000
143294  57.104  12.769  38.910 0.0000000000
90111  56.376  12.818  38.454 0.0000000000
90102  56.521  12.501  39.298 0.0000000000
90089  56.732  12.444  40.072 0.0000000000
90065  58.083  12.292  42.130 0.0000000000
90066  57.195  12.226  41.782 0.0000000000
91676  43.570  14.499  57.301 0.0000000000
91665  44.070  14.280  57.665 0.0000000000
90786  43.561  13.813  57.500 0.0000000000
90806  43.839  12.746  56.540 0.0000000000
89943  43.727  11.949  55.481 0.0000000000
89118  44.508  11.646  54.764 0.0000000000
89119  43.785  11.035  54.910 0.0000000000
134397  52.763  19.488  49.835 0.0000000000
96009  52.133  19.462  49.285 0.0000000000
96008  53.168  19.403  49.196 0.0000000000
96030  52.842  18.888  47.759 0.0000000000
96029  53.789  18.935  47.866 0.0000000000
91740  52.240  14.098  46.591 0.0000000000
92613  52.636  14.810  46.516 0.0000000000
90885  52.905  13.686  45.372 0.0000000000
90034  55.260  12.607  45.468 0.0000000000
90883  54.143  13.294  44.819 0.0000000000
90043  55.845  12.985  44.936 0.0000000000
90902  55.335  13.489  44.144 0.0000000000
90901  56.355  13.376  44.342 0.0000000000
89996  57.872  12.160  46.663 0.0000000000
90012  59.288  12.569  46.311 0.0000000000
90898  60.770  13.745  44.575 0.0000000000
90879  59.552  13.543  44.906 0.0000000000
90914  59.172  13.834  43.918 0.0000000000
91778  59.850  14.223  43.091 0.0000000000
91777  61.164  14.516  42.881 0.0000000000
91791  63.174  14.810  42.094 0.0000000000
91792  62.807  15.115  41.764 0.0000000000
91804  63.248  14.978  41.246 0.0000000000
90944  62.908  14.939  40.462 0.0000000000
90935  63.223  14.150  40.997 0.0000000000
90072  62.468  13.336  40.888 0.0000000000
147099  55.045  17.566  60.601 0.0000000000
94251  55.754  18.058  60.744 0.0000000000
93353  55.750  16.957  60.169 0.0000000000
93367  56.221  16.445  59.297 0.0000000000
92500  51.863  15.706  60.370 0.0000000000
92499  52.664  15.718  60.575 0.0000000000
92511  52.238  15.317  59.651 0.0000000000
92534  53.441  15.416  56.649 0.0000000000
92524  53.766  15.402  57.907 0.0000000000
92533  54.697  15.476  56.878 0.0000000000
92544  55.036  15.651  55.954 0.0000000000
93412  55.366  16.107  55.248 0.0000000000
93413  54.270  16.057  55.272 0.0000000000
92571  52.244  16.165  53.098 0.0000000000
93451  52.967  16.423  53.212 0.0000000000
93466  52.710  16.420  52.409 0.0000000000
93476  53.299  16.517  51.703 0.0000000000
93477  52.471  16.307  51.567 0.0000000000
133631  45.519  13.685  57.172 0.0000000000
90783  45.790  14.127  57.714 0.0000000000
90815  47.499  13.230  54.587 0.0000000000
90803  47.561  13.529  55.535 0.0000000000
90814  48.397  13.292  55.017 0.0000000000
88245  47.242  10.607  52.688 0.0000000000
89130  47.060  11.086  52.977 0.0000000000
89129  47.409  11.303  52.384 0.0000000000
90837  48.480  13.251  51.658 0.0000000000
89975  48.170  12.596  52.295 0.0000000000
90834  48.608  13.397  52.782 0.0000000000
90829  49.109  13.667  53.496 0.0000000000
129707  49.059  13.953  52.760 0.0000000000
91719  50.151  14.643  52.777 0.0000000000
91720  49.396  14.322  52.181 0.0000000000
91730  49.784  14.014  49.614 0.0000000000
91729  50.469  14.661  49.934 0.0000000000
92604  51.274  15.093  49.896 0.0000000000
91728  51.203  14.615  49.143 0.0000000000
91733  51.500  14.271  48.230 0.0000000000
90847  50.800  13.279  48.344 0.0000000000
88289  52.213  10.881  48.794 0.0000000000
89176  51.941  12.067  47.758 0.0000000000
88288  53.096  10.682  48.599 0.0000000000
89160  53.444  11.248  47.924 0.0000000000
88287  54.001  10.613  48.544 0.0000000000
86481  53.235  8.817  51.646 0.0000000000
87354  54.772  9.220  51.285 0.0000000000
87366  55.326  9.504  50.616 0.0000000000
92560  43.346  15.789  54.999 0.0000000000
91697  42.031  14.861  55.138 0.0000000000
90797  41.456  13.454  56.277 0.0000000000
91687  40.952  14.017  55.279 0.0000000000
96823  46.792  19.973  42.631 0.0000000000
129751  47.490  20.345  43.073 0.0000000000
96822  47.406  20.711  42.194 0.0000000000
140656  48.150  21.140  42.188 0.0000000000
97596  47.929  21.229  41.564 0.0000000000
97602  47.775  21.392  40.696 0.0000000000
96828  47.099  20.947  41.223 0.0000000000
96083  45.558  19.495  38.721 0.0000000000
96092  45.669  19.611  36.329 0.0000000000
95291  45.789  18.876  36.886 0.0000000000
94453  46.683  17.437  36.693 0.0000000000
95290  46.331  18.130  35.910 0.0000000000
94460  46.520  17.319  35.577 0.0000000000
93628  46.134  17.126  35.237 0.0000000000
94466  46.853  16.669  35.516 0.0000000000
93579  48.456  16.152  40.371 0.0000000000
93591  47.674  16.411  39.072 0.0000000000
93590  48.516  15.943  38.587 0.0000000000
92729  48.805  15.412  35.610 0.0000000000
93613  48.227  15.844  36.012 0.0000000000
92737  48.102  15.219  35.355 0.0000000000
92738  47.532  15.692  35.478 0.0000000000
91856  47.645  14.397  36.013 0.0000000000
91833  47.202  14.278  37.159 0.0000000000
90997  47.977  13.858  36.656 0.0000000000
90985  49.520  13.206  37.275 0.0000000000
95914  57.136  19.462  58.864 0.0000000000
95126  57.953  18.505  56.324 0.0000000000
141846  56.768  18.652  57.087 0.0000000000
128118  56.753  18.504  56.152 0.0000000000
95137  56.268  18.519  55.353 0.0000000000
95147  56.704  18.547  54.351 0.0000000000
94317  59.018  17.418  53.905 0.0000000000
135971  59.583  17.915  54.202 0.0000000000
94316  59.625  17.981  53.507 0.0000000000
95986  58.652  19.462  51.672 0.0000000000
95972  59.279  19.116  52.589 0.0000000000
141399  57.585  19.463  51.808 0.0000000000
95973  56.935  19.301  52.241 0.0000000000
95987  56.616  19.496  51.460 0.0000000000
147252  56.183  19.580  50.993 0.0000000000
95995  56.859  19.654  50.744 0.0000000000
144072  56.938  19.446  46.761 0.0000000000
96040  55.964  19.298  46.795 0.0000000000
95199  55.127  18.779  46.722 0.0000000000
95210  55.020  18.679  46.005 0.0000000000
93501  53.686  15.893  46.342 0.0000000000
93500  54.415  16.370  46.651 0.0000000000
93508  54.283  16.148  45.506 0.0000000000
147413  56.199  16.714  44.154 0.0000000000
94381  56.062  16.906  45.576 0.0000000000
94380  57.277  17.389  45.588 0.0000000000
94365  58.523  17.848  46.271 0.0000000000
94394  58.178  17.534  44.244 0.0000000000
92655  58.005  16.397  40.951 0.0000000000
92646  56.948  15.831  41.803 0.0000000000
92645  57.874  16.403  41.195 0.0000000000
94421  58.536  18.242  42.040 0.0000000000
94409  58.741  17.978  42.124 0.0000000000
95250  59.040  18.907  42.835 0.0000000000
95236  59.959  19.535  43.995 0.0000000000
95237  59.550  19.386  43.660 0.0000000000
96045  59.176  19.624  44.833 0.0000000000
95238  58.651  19.262  43.357 0.0000000000
94424  55.089  17.500  42.293 0.0000000000
95239  55.995  18.668  43.839 0.0000000000
94411  54.814  17.916  43.254 0.0000000000
94396  54.226  17.986  44.072 0.0000000000
93535  53.024  16.894  43.302 0.0000000000
93549  53.728  16.839  42.481 0.0000000000
92684  54.085  15.713  39.420 0.0000000000
92671  53.496  15.638  40.246 0.0000000000
92685  53.161  15.371  39.296 0.0000000000
142545  52.238  15.095  39.087 0.0000000000
92699  52.930  15.210  38.175 0.0000000000
147487  56.262  16.100  36.563 0.0000000000
93612  55.310  16.226  37.371 0.0000000000
91849  55.534  15.891  36.529 0.0000000000
129026  53.549  13.803  36.691 0.0000000000
90991  53.841  14.826  36.416 0.0000000000
90992  52.954  14.455  36.158 0.0000000000
91851  53.108  14.918  36.167 0.0000000000
132443  52.374  14.071  35.864 0.0000000000
90983  51.867  13.409  36.111 0.0000000000
90123  52.380  12.785  37.114 0.0000000000
89259  52.051  10.726  38.905 0.0000000000
89244  55.045  11.650  41.672 0.0000000000
88354  54.146  10.954  42.035 0.0000000000
134528  43.329  19.080  37.611 0.0000000000
95298  44.490  18.704  35.630 0.0000000000
131011  48.548  16.191  58.920 0.0000000000
93374  47.781  15.930  58.855 0.0000000000
92513  47.902  15.148  59.219 0.0000000000
91661  47.452  14.401  58.231 0.0000000000
95203  51.263  18.635  47.409 0.0000000000
95214  50.643  18.197  46.846 0.0000000000
94369  51.042  17.670  46.324 0.0000000000
94385  50.545  17.289  45.751 0.0000000000
93523  50.562  16.670  44.499 0.0000000000
127451  49.778  16.380  43.000 0.0000000000
93537  50.191  16.482  43.733 0.0000000000
93551  51.634  16.173  42.274 0.0000000000
126901  54.320  16.608  51.831 0.0000000000
128541  55.439  16.746  51.660 0.0000000000
139488  54.764  16.644  51.048 0.0000000000
93485  55.491  16.884  49.807 0.0000000000
93491  55.491  16.853  48.862 0.0000000000
133809  62.027  15.781  39.529 0.0000000000
92667  61.415  15.896  39.110 0.0000000000
92680  62.121  15.830  38.917 0.0000000000
91830  60.562  15.218  38.310 0.0000000000
91831  59.614  14.782  37.715 0.0000000000
90968  59.287  13.784  38.209 0.0000000000
90957  58.863  13.156  38.859 0.0000000000
90101  58.388  12.890  39.524 0.0000000000
90088  57.724  12.598  40.212 0.0000000000
90796  42.266  13.220  56.983 0.0000000000
90795  42.985  13.192  57.345 0.0000000000
89933  42.422  12.580  56.912 0.0000000000
130462  52.006  19.605  50.830 0.0000000000
95991  52.418  19.532  51.515 0.0000000000
147163  53.140  19.442  51.187 0.0000000000
95998  53.712  19.492  49.958 0.0000000000
89191  53.924  12.068  46.556 0.0000000000
124115  53.699  12.643  45.815 0.0000000000
90017  54.662  12.324  46.043 0.0000000000
90016  55.667  12.192  46.214 0.0000000000
145635  56.926  12.591  45.810 0.0000000000
90011  60.170  12.564  46.471 0.0000000000
90859  60.770  13.014  45.860 0.0000000000
129504  61.421  13.564  45.192 0.0000000000
132221  61.670  14.071  44.453 0.0000000000
91765  61.397  14.303  43.786 0.0000000000
91764  62.331  14.489  43.848 0.0000000000
91775  63.102  14.662  43.099 0.0000000000
94268  54.243  17.010  60.735 0.0000000000
91646  50.936  14.691  58.661 0.0000000000
92526  51.811  14.900  58.596 0.0000000000
133199  52.238  14.993  57.439 0.0000000000
92535  52.618  15.204  56.756 0.0000000000
130680  52.647  15.300  56.034 0.0000000000
92556  53.310  16.089  54.831 0.0000000000
92546  52.627  15.588  55.186 0.0000000000
92557  52.050  15.717  53.811 0.0000000000
92572  51.443  15.676  53.041 0.0000000000
89941  45.212  12.918  55.364 0.0000000000
138925  46.012  13.545  56.360 0.0000000000
90816  46.041  13.294  55.338 0.0000000000
89957  46.572  13.001  54.297 0.0000000000
89956  47.353  12.871  53.898 0.0000000000
87361  48.172  9.987  51.720 0.0000000000
145941  47.739  11.319  51.695 0.0000000000
88254  48.087  10.873  51.308 0.0000000000
89981  48.469  12.701  50.735 0.0000000000
139919  48.660  13.490  50.861 0.0000000000
90836  49.047  13.948  50.613 0.0000000000
90840  48.846  13.337  50.196 0.0000000000
90843  49.365  13.325  49.639 0.0000000000
145790  50.209  13.340  49.039 0.0000000000
89990  50.705  12.774  48.453 0.0000000000
89163  50.896  11.989  48.664 0.0000000000
89145  51.352  11.180  49.106 0.0000000000
88278  51.970  10.459  49.424 0.0000000000
146219  54.165  8.863  52.015 0.0000000000
87342  56.019  9.267  52.381 0.0000000000
95243  47.350  18.789  44.549 0.0000000000
96056  47.295  19.525  44.213 0.0000000000
95244  46.867  19.062  43.771 0.0000000000
96057  46.574  19.271  43.000 0.0000000000
96836  46.382  20.477  40.765 0.0000000000
138791  45.890  19.635  41.177 0.0000000000
96079  45.573  19.410  39.673 0.0000000000
95276  45.610  18.704  39.142 0.0000000000
95283  45.636  18.775  38.118 0.0000000000
95282  46.112  18.057  38.568 0.0000000000
141887  46.632  17.381  37.968 0.0000000000
129708  49.284  15.612  38.785 0.0000000000
92702  49.347  15.581  37.684 0.0000000000
92735  49.336  15.045  35.480 0.0000000000
91855  48.281  14.174  35.825 0.0000000000
91004  49.612  14.118  35.654 0.0000000000
90984  50.158  13.121  36.767 0.0000000000
95108  57.859  17.744  58.998 0.0000000000
149348  57.581  18.424  59.039 0.0000000000
95115  58.093  18.180  58.114 0.0000000000
95114  58.586  17.990  57.169 0.0000000000
95135  58.843  18.280  55.490 0.0000000000
139509  58.987  18.276  50.792 0.0000000000
129498  59.512  18.726  52.203 0.0000000000
95188  59.525  18.790  50.679 0.0000000000
95190  59.446  19.259  50.064 0.0000000000
131577  58.757  19.560  50.078 0.0000000000
132126  57.571  19.647  50.030 0.0000000000
96004  58.309  19.648  49.229 0.0000000000
96027  57.439  19.514  47.317 0.0000000000
92631  54.249  15.218  44.168 0.0000000000
93520  54.577  15.946  44.419 0.0000000000
93534  54.883  15.698  43.740 0.0000000000
93532  55.628  16.318  43.745 0.0000000000
147020  56.600  16.432  42.856 0.0000000000
93560  58.270  17.598  40.775 0.0000000000
94431  58.264  17.977  41.080 0.0000000000
95252  57.654  18.418  42.066 0.0000000000
94423  57.210  18.053  41.501 0.0000000000
94432  55.812  17.399  41.451 0.0000000000
93548  54.444  16.791  41.756 0.0000000000
92670  54.343  16.013  40.206 0.0000000000
90970  55.742  13.374  37.743 0.0000000000
90981  55.153  14.148  37.157 0.0000000000
90971  54.879  13.190  37.682 0.0000000000
90121  54.025  13.060  37.532 0.0000000000
90122  53.196  12.918  37.302 0.0000000000
90115  52.820  12.238  38.020 0.0000000000
95162  53.738  18.811  54.086 0.0000000000
94455  43.722  18.254  37.403 0.0000000000
127617  45.430  15.649  37.789 0.0000000000
93357  51.169  15.998  60.268 0.0000000000
92501  50.740  15.267  60.220 0.0000000000
93359  49.136  15.486  59.647 0.0000000000
91640  49.922  14.818  59.612 0.0000000000
91639  50.543  14.798  59.728 0.0000000000
91658  50.461  14.445  57.711 0.0000000000
91671  50.764  14.460  56.698 0.0000000000
91683  50.322  14.157  55.970 0.0000000000
88238  45.992  10.587  53.448 0.0000000000
146706  46.387  10.043  53.399 0.0000000000
87346  47.064  9.914  53.117 0.0000000000
87345  47.578  10.010  52.434 0.0000000000
87344  48.066  9.333  52.392 0.0000000000
130389  48.927  9.564  51.339 0.0000000000
87359  49.723  9.293  51.210 0.0000000000
87371  50.268  9.774  50.689 0.0000000000
132199  51.156  9.624  50.655 0.0000000000
96034  48.693  19.409  47.256 0.0000000000
95226  48.117  18.763  45.897 0.0000000000
94371  49.057  17.610  46.197 0.0000000000
94372  48.486  18.032  46.003 0.0000000000
95242  47.973  18.198  45.235 0.0000000000
94401  47.649  17.918  44.326 0.0000000000
94415  47.375  17.720  43.383 0.0000000000
93554  47.433  17.195  42.503 0.0000000000
93568  47.164  16.764  40.919 0.0000000000
93567  47.651  16.742  41.667 0.0000000000
93566  48.620  16.312  41.409 0.0000000000
93578  49.274  15.835  40.658 0.0000000000
92648  50.112  16.148  42.235 0.0000000000
93565  49.606  16.005  41.529 0.0000000000
92688  49.691  15.456  39.286 0.0000000000
144168  50.564  15.063  38.466 0.0000000000
127323  51.119  14.960  37.785 0.0000000000
93411  56.453  16.096  55.329 0.0000000000
93427  58.524  16.740  55.169 0.0000000000
93428  57.335  16.443  54.759 0.0000000000
142404  57.967  17.250  53.256 0.0000000000
94330  57.644  17.311  52.492 0.0000000000
94342  56.327  17.098  51.229 0.0000000000
94341  57.191  17.338  51.733 0.0000000000
94340  58.488  17.860  51.130 0.0000000000
94345  58.173  17.797  50.377 0.0000000000
140053  58.543  17.910  48.791 0.0000000000
139689  59.453  18.624  47.545 0.0000000000
145024  56.894  14.627  42.240 0.0000000000
91796  57.560  14.773  41.808 0.0000000000
126641  58.362  15.137  41.060 0.0000000000
92654  58.190  16.041  40.594 0.0000000000
92668  59.979  15.867  39.472 0.0000000000
92682  59.560  16.794  39.115 0.0000000000
144361  58.467  16.947  40.133 0.0000000000
148435  58.451  17.331  39.231 0.0000000000
93587  57.925  17.330  39.211 0.0000000000
93600  57.229  17.059  38.609 0.0000000000
148835  56.300  16.562  37.806 0.0000000000
142200  57.239  16.773  37.569 0.0000000000
93610  56.975  16.359  36.891 0.0000000000
90979  56.896  14.699  36.917 0.0000000000
91832  58.580  14.445  37.603 0.0000000000
90103  55.801  12.346  38.984 0.0000000000
89249  54.730  11.501  39.777 0.0000000000
90077  56.981  12.345  40.889 0.0000000000
89242  56.225  12.034  41.552 0.0000000000
89234  55.966  11.723  42.408 0.0000000000
141956  44.858  15.193  57.790 0.0000000000
91651  45.602  15.297  58.092 0.0000000000
91664  44.746  14.494  57.861 0.0000000000
90784  45.063  13.932  57.759 0.0000000000
90793  44.578  13.420  57.110 0.0000000000
90794  43.687  13.293  57.339 0.0000000000
147459  44.675  13.060  56.076 0.0000000000
89959  45.052  12.323  54.859 0.0000000000
136464  44.926  11.061  54.220 0.0000000000
96789  49.727  20.136  48.979 0.0000000000
142563  50.918  19.488  48.718 0.0000000000
138359  51.319  19.696  49.754 0.0000000000
96010  51.314  19.552  49.126 0.0000000000
96032  50.872  19.198  48.043 0.0000000000
96031  51.953  19.011  47.929 0.0000000000
95202  52.267  18.623  47.293 0.0000000000
95212  52.644  18.294  46.569 0.0000000000
92607  52.643  15.335  48.287 0.0000000000
92606  53.196  15.742  47.811 0.0000000000
92610  52.664  15.131  47.451 0.0000000000
92612  53.120  15.307  46.029 0.0000000000
92621  53.230  15.016  45.223 0.0000000000
90884  53.570  13.182  45.222 0.0000000000
90904  53.637  13.762  44.751 0.0000000000
91766  53.902  14.431  44.387 0.0000000000
91783  54.451  14.505  43.889 0.0000000000
90917  55.911  13.876  43.543 0.0000000000
89188  57.000  11.936  46.786 0.0000000000
90014  57.311  12.415  46.226 0.0000000000
90032  57.545  12.792  45.662 0.0000000000
90030  59.006  12.988  45.645 0.0000000000
90880  58.631  13.291  45.191 0.0000000000
90881  57.844  13.265  45.079 0.0000000000
90900  57.764  13.540  44.396 0.0000000000
90915  58.122  13.820  43.784 0.0000000000
91780  57.513  14.225  42.754 0.0000000000
91794  59.487  14.435  42.177 0.0000000000
91806  60.579  14.802  41.324 0.0000000000
148903  62.129  14.873  42.302 0.0000000000
91793  61.822  14.966  41.695 0.0000000000
131779  61.996  15.368  40.457 0.0000000000
91814  62.421  15.446  39.738 0.0000000000
90945  62.388  14.726  39.674 0.0000000000
90084  62.064  13.641  40.089 0.0000000000
90073  61.355  12.940  40.691 0.0000000000
90062  61.434  12.683  41.623 0.0000000000
95095  56.989  18.155  60.498 0.0000000000
148151  57.556  17.042  59.399 0.0000000000
93366  57.310  16.511  59.002 0.0000000000
92521  56.911  15.842  57.077 0.0000000000
93369  52.434  16.810  60.166 0.0000000000
93355  53.442  16.313  60.769 0.0000000000
92498  53.862  16.187  60.089 0.0000000000
92525  52.704  15.250  58.391 0.0000000000
92509  54.373  15.789  58.892 0.0000000000
92508  55.460  15.941  58.511 0.0000000000
92522  55.723  15.597  57.464 0.0000000000
92531  56.730  15.762  56.086 0.0000000000
92543  55.872  15.757  55.821 0.0000000000
93449  54.858  16.519  53.664 0.0000000000
93431  54.017  16.364  54.297 0.0000000000
93450  53.815  16.478  53.410 0.0000000000
93464  54.442  16.569  52.774 0.0000000000
148123  53.015  16.404  51.024 0.0000000000
93483  53.134  16.282  50.295 0.0000000000
91650  46.333  14.962  58.506 0.0000000000
91662  46.497  14.483  58.122 0.0000000000
91675  47.147  14.122  57.523 0.0000000000
90804  46.717  13.590  55.972 0.0000000000
90791  47.378  13.841  56.573 0.0000000000
91674  47.923  14.094  57.306 0.0000000000
91673  49.451  13.940  56.080 0.0000000000
91684  49.909  13.710  55.083 0.0000000000
89126  46.500  11.389  53.334 0.0000000000
89971  47.685  12.412  53.371 0.0000000000
89979  47.769  11.925  51.876 0.0000000000
89970  48.198  12.741  53.203 0.0000000000
126600  49.054  13.382  54.438 0.0000000000
91696  49.762  13.821  54.107 0.0000000000
91695  50.408  14.273  54.518 0.0000000000
92559  50.791  14.707  54.070 0.0000000000
92573  50.746  15.022  53.337 0.0000000000
133007  51.250  15.729  52.116 0.0000000000
91723  49.478  14.442  51.177 0.0000000000
92594  50.754  15.374  51.516 0.0000000000
92593  51.628  15.838  51.288 0.0000000000
92597  51.779  15.577  50.306 0.0000000000
92603  51.897  15.285  49.490 0.0000000000
92602  52.576  15.559  49.085 0.0000000000
91736  52.177  14.668  47.887 0.0000000000
91737  51.775  13.976  47.342 0.0000000000
90018  52.100  13.022  46.601 0.0000000000
89989  51.262  12.427  48.057 0.0000000000
89998  51.636  12.736  47.372 0.0000000000
89997  52.323  12.375  47.087 0.0000000000
89174  53.196  11.891  47.113 0.0000000000
89159  54.456  10.995  48.025 0.0000000000
89158  55.347  10.856  48.166 0.0000000000
145121  51.877  9.474  50.600 0.0000000000
87369  52.605  9.559  50.300 0.0000000000
87377  53.183  9.851  49.737 0.0000000000
87355  53.863  9.187  51.119 0.0000000000
87367  54.417  9.478  50.490 0.0000000000
87376  54.051  9.808  49.771 0.0000000000
88275  54.586  10.180  49.098 0.0000000000
88286  55.221  10.444  48.744 0.0000000000
93404  44.965  16.114  56.347 0.0000000000
92538  44.477  15.606  57.088 0.0000000000
92539  43.728  15.290  56.725 0.0000000000
143824  43.120  14.750  56.668 0.0000000000
92561  42.579  15.384  54.949 0.0000000000
91685  42.472  14.671  56.020 0.0000000000
91678  42.132  13.911  56.483 0.0000000000
90817  40.079  13.707  54.826 0.0000000000
90807  40.616  13.256  55.700 0.0000000000
89945  40.322  12.541  55.976 0.0000000000
97609  47.337  21.319  39.216 0.0000000000
129252  46.357  20.550  39.957 0.0000000000
96844  46.665  20.850  39.298 0.0000000000
97617  46.896  21.113  38.440 0.0000000000
96101  44.998  19.452  34.677 0.0000000000
95301  45.026  18.937  34.725 0.0000000000
148140  45.338  18.525  34.951 0.0000000000
95296  46.055  17.999  35.011 0.0000000000
94461  45.500  17.563  35.304 0.0000000000
93622  45.749  16.761  35.700 0.0000000000
142806  45.973  16.100  36.250 0.0000000000
92719  45.901  15.591  37.090 0.0000000000
93592  46.965  16.737  39.533 0.0000000000
93604  47.063  16.773  38.520 0.0000000000
93615  47.141  16.830  37.314 0.0000000000
93602  48.406  15.912  37.201 0.0000000000
93614  47.702  16.340  36.639 0.0000000000
149442  47.066  16.041  35.316 0.0000000000
92718  46.475  15.564  36.236 0.0000000000
91846  46.478  14.954  37.130 0.0000000000
90986  48.705  13.520  37.277 0.0000000000
95116  57.323  18.770  58.339 0.0000000000
95138  54.753  18.724  55.764 0.0000000000
95148  54.192  18.726  54.734 0.0000000000
95161  54.554  18.663  53.748 0.0000000000
93426  59.119  17.372  55.540 0.0000000000
95144  59.396  17.970  54.867 0.0000000000
95145  59.034  18.471  54.553 0.0000000000
95173  59.570  18.495  53.074 0.0000000000
95158  59.147  18.760  53.735 0.0000000000
95159  57.932  18.698  53.873 0.0000000000
95160  56.509  18.689  53.571 0.0000000000
95176  56.168  18.882  52.769 0.0000000000
95177  54.949  18.908  52.762 0.0000000000
95988  55.595  19.448  51.308 0.0000000000
95997  54.684  19.577  50.339 0.0000000000
139830  54.542  19.520  49.675 0.0000000000
96006  55.922  19.503  49.106 0.0000000000
96017  54.498  19.205  48.396 0.0000000000
95200  54.240  18.734  47.073 0.0000000000
95211  53.624  18.506  46.499 0.0000000000
95225  53.121  18.115  45.860 0.0000000000
93493  53.814  16.245  48.135 0.0000000000
93496  54.517  16.480  47.596 0.0000000000
93495  55.435  16.774  47.941 0.0000000000
93507  55.187  16.652  46.033 0.0000000000
94367  56.123  16.995  46.424 0.0000000000
94362  56.240  17.050  47.306 0.0000000000
94361  57.342  17.456  47.318 0.0000000000
94360  58.555  17.924  47.315 0.0000000000
94359  59.682  18.721  46.544 0.0000000000
93547  56.829  16.191  42.219 0.0000000000
93518  57.491  17.082  43.290 0.0000000000
93546  58.313  17.323  41.185 0.0000000000
94393  59.339  18.218  43.883 0.0000000000
94364  59.955  18.770  45.392 0.0000000000
95207  60.136  19.529  45.839 0.0000000000
96037  60.007  19.727  45.259 0.0000000000
96046  57.814  19.504  45.416 0.0000000000
95208  56.763  19.325  45.333 0.0000000000
128109  57.305  18.786  43.124 0.0000000000
144070  56.793  19.051  44.307 0.0000000000
126925  55.726  18.895  45.328 0.0000000000
95223  54.855  18.600  45.322 0.0000000000
141522  53.582  18.123  45.236 0.0000000000
94382  53.004  17.781  45.211 0.0000000000
94413  52.956  17.258  44.061 0.0000000000
93564  52.331  15.949  41.688 0.0000000000
93563  53.338  16.286  41.774 0.0000000000
92656  52.958  15.726  41.033 0.0000000000
92657  52.141  15.571  41.008 0.0000000000
139439  51.675  15.135  39.742 0.0000000000
92714  51.800  15.020  36.834 0.0000000000
93601  55.518  16.361  38.427 0.0000000000
124504  54.477  15.689  37.381 0.0000000000
91850  54.653  15.352  36.604 0.0000000000
92723  54.262  15.307  36.747 0.0000000000
92712  53.638  15.328  37.220 0.0000000000
92713  52.746  15.158  36.955 0.0000000000
92725  52.442  14.895  36.146 0.0000000000
92726  51.508  14.978  36.020 0.0000000000
90994  51.111  13.769  35.563 0.0000000000
90128  50.945  13.176  36.324 0.0000000000
90125  50.748  12.782  37.227 0.0000000000
90116  52.033  12.265  38.024 0.0000000000
90105  51.168  12.372  38.146 0.0000000000
90063  59.709  12.460  41.818 0.0000000000
87360  48.591  9.214  51.891 0.0000000000
87370  51.731  9.998  50.085 0.0000000000
87378  52.465  9.998  49.736 0.0000000000
88266  49.174  10.770  50.454 0.0000000000
88274  55.503  10.137  49.290 0.0000000000
88276  53.620  10.190  49.144 0.0000000000
89125  47.271  11.674  53.090 0.0000000000
89132  48.152  11.778  51.139 0.0000000000
89136  49.047  11.566  50.138 0.0000000000
89146  50.609  11.566  49.280 0.0000000000
89161  52.500  11.364  48.182 0.0000000000
89170  57.486  11.625  47.306 0.0000000000
89173  54.164  11.488  47.331 0.0000000000
89189  56.123  11.768  46.834 0.0000000000
89235  55.308  11.511  42.656 0.0000000000
89267  52.489  11.417  38.579 0.0000000000
89983  50.301  12.370  49.082 0.0000000000
89984  49.674  12.699  49.395 0.0000000000
89999  51.117  13.008  47.819 0.0000000000
90029  59.838  13.056  45.758 0.0000000000
90031  58.248  12.936  45.634 0.0000000000
90033  56.217  12.572  45.662 0.0000000000
90036  53.029  13.009  45.625 0.0000000000
90037  52.644  13.176  45.960 0.0000000000
90044  54.865  13.067  44.749 0.0000000000
90098  60.650  13.407  39.439 0.0000000000
90099  60.073  13.181  39.138 0.0000000000
90833  48.839  13.851  52.150 0.0000000000
90846  51.248  13.559  47.914 0.0000000000
90860  52.415  13.608  46.163 0.0000000000
90861  52.002  13.562  46.764 0.0000000000
90896  63.435  14.136  44.364 0.0000000000
90918  55.008  14.180  43.571 0.0000000000
90954  62.002  14.685  38.956 0.0000000000
90965  61.607  15.436  38.749 0.0000000000
90993  51.810  14.166  35.624 0.0000000000
90996  48.622  13.815  36.357 0.0000000000
91002  51.165  14.416  35.548 0.0000000000
91005  48.928  14.079  35.873 0.0000000000
91648  49.347  14.558  59.048 0.0000000000
91711  50.263  14.396  53.671 0.0000000000
91725  50.203  14.864  50.867 0.0000000000
91726  49.632  14.342  50.321 0.0000000000
91734  50.825  13.869  48.597 0.0000000000
91752  52.573  14.214  45.873 0.0000000000
91767  53.297  14.378  44.887 0.0000000000
91808  57.811  15.436  41.263 0.0000000000
91843  56.141  15.481  36.583 0.0000000000
91844  55.322  15.141  36.606 0.0000000000
91845  54.646  14.811  36.639 0.0000000000
91854  50.368  14.769  35.653 0.0000000000
91861  49.747  14.638  35.544 0.0000000000
91862  48.821  14.692  35.418 0.0000000000
92502  49.905  15.249  59.926 0.0000000000
92503  48.603  15.135  59.504 0.0000000000
92514  47.111  15.341  58.696 0.0000000000
92537  45.202  15.840  57.350 0.0000000000
92545  53.395  15.682  55.678 0.0000000000
92562  41.963  15.202  54.504 0.0000000000
92585  50.685  15.288  52.435 0.0000000000
92596  52.511  15.815  49.895 0.0000000000
92601  53.206  15.902  48.652 0.0000000000
92609  53.146  15.555  46.922 0.0000000000
92622  52.844  14.752  45.751 0.0000000000
92632  53.608  14.959  44.640 0.0000000000
92639  55.939  15.391  42.667 0.0000000000
92666  62.195  15.866  39.037 0.0000000000
92669  58.844  16.026  40.049 0.0000000000
92674  49.990  15.483  40.079 0.0000000000
92687  50.362  15.192  39.239 0.0000000000
92694  61.171  15.694  38.855 0.0000000000
92710  57.006  15.788  36.622 0.0000000000
92730  47.590  15.080  35.533 0.0000000000
92731  47.082  15.641  35.535 0.0000000000
92736  48.548  15.217  35.437 0.0000000000
93352  56.920  16.963  60.034 0.0000000000
93368  55.021  16.379  59.611 0.0000000000
93371  50.722  16.425  59.475 0.0000000000
93372  49.862  16.246  59.315 0.0000000000
93381  57.704  16.258  57.931 0.0000000000
93395  58.852  17.118  56.544 0.0000000000
93408  58.984  16.980  56.105 0.0000000000
93409  58.514  16.563  55.891 0.0000000000
93410  57.560  16.179  55.596 0.0000000000
93432  53.163  16.337  53.995 0.0000000000
93475  56.485  17.012  52.082 0.0000000000
93492  54.602  16.550  48.477 0.0000000000
93509  53.583  15.593  45.570 0.0000000000
93511  50.071  16.956  45.158 0.0000000000
93536  51.161  16.528  43.805 0.0000000000
93552  48.622  16.625  42.889 0.0000000000
93573  58.818  17.091  39.574 0.0000000000
93574  58.277  17.318  39.931 0.0000000000
93580  47.585  16.459  40.095 0.0000000000
93598  58.993  17.021  37.918 0.0000000000
93609  58.071  16.706  37.382 0.0000000000
93620  47.918  15.605  35.512 0.0000000000
93627  46.711  16.600  35.491 0.0000000000
94252  52.753  16.425  60.733 0.0000000000
94265  57.326  17.591  59.992 0.0000000000
94266  56.350  17.589  60.535 0.0000000000
94267  55.258  17.351  60.580 0.0000000000
94284  58.875  17.689  56.412 0.0000000000
94306  59.271  17.528  54.760 0.0000000000
94329  59.019  17.584  52.986 0.0000000000
94339  59.330  18.432  51.600 0.0000000000
94348  59.216  18.374  49.174 0.0000000000
94349  58.225  17.804  49.506 0.0000000000
94353  59.340  18.501  48.381 0.0000000000
94355  57.618  17.514  47.986 0.0000000000
94368  51.929  17.846  46.196 0.0000000000
94370  50.086  17.718  46.285 0.0000000000
94378  59.944  18.880  44.269 0.0000000000
94387  48.574  17.587  45.572 0.0000000000
94407  59.486  18.915  43.358 0.0000000000
94408  58.929  18.529  42.599 0.0000000000
94412  53.727  17.530  43.731 0.0000000000
94436  46.584  17.276  40.786 0.0000000000
94468  45.793  17.985  34.955 0.0000000000
94469  45.125  18.145  34.968 0.0000000000
95094  57.403  18.384  59.868 0.0000000000
95125  58.635  18.125  56.335 0.0000000000
95134  59.127  17.841  55.732 0.0000000000
95146  57.685  18.466  54.767 0.0000000000
95174  58.765  19.128  53.225 0.0000000000
95185  59.560  18.874  51.435 0.0000000000
95187  59.575  19.098  50.834 0.0000000000
95191  59.624  18.850  49.642 0.0000000000
95197  59.691  19.064  48.363 0.0000000000
95198  59.780  19.093  47.951 0.0000000000
95215  49.618  18.263  46.834 0.0000000000
95220  60.130  19.587  44.739 0.0000000000
95221  59.393  19.634  43.941 0.0000000000
95240  55.012  18.411  43.943 0.0000000000
95241  54.313  18.317  44.776 0.0000000000
95253  56.058  18.437  43.087 0.0000000000
95254  47.141  18.435  43.861 0.0000000000
95258  58.356  18.211  41.387 0.0000000000
95263  46.222  17.990  41.298 0.0000000000
95297  45.309  18.717  34.883 0.0000000000
95306  44.948  19.526  34.664 0.0000000000
95954  59.374  18.804  53.324 0.0000000000
95989  54.782  19.486  51.042 0.0000000000
95990  53.841  19.462  50.881 0.0000000000
95992  51.538  19.872  51.316 0.0000000000
95994  59.157  19.405  50.894 0.0000000000
95996  55.698  19.584  50.600 0.0000000000
96000  51.388  19.836  50.524 0.0000000000
96005  57.087  19.628  49.148 0.0000000000
96007  54.940  19.458  49.072 0.0000000000
96014  58.055  19.625  48.206 0.0000000000
96016  55.495  19.381  48.291 0.0000000000
96018  53.660  19.217  48.592 0.0000000000
96020  51.656  19.346  48.586 0.0000000000
96021  50.203  19.590  48.545 0.0000000000
96038  58.476  19.526  46.166 0.0000000000
96039  56.882  19.450  46.119 0.0000000000
96047  47.874  19.645  45.561 0.0000000000
96048  47.521  19.414  44.879 0.0000000000
96069  46.296  19.476  42.167 0.0000000000
96097  45.383  19.633  34.973 0.0000000000
96815  48.077  20.762  43.516 0.0000000000
96877  44.958  19.852  34.662 0.0000000000
97587  48.657  21.393  42.540 0.0000000000
97588  48.089  20.929  42.783 0.0000000000
124090  48.253  16.135  39.572 0.0000000000
125276  51.890  16.458  43.127 0.0000000000
125403  53.039  19.242  53.212 0.0000000000
125778  48.573  14.773  59.259 0.0000000000
127107  52.828  19.502  50.626 0.0000000000
129807  56.195  19.431  47.463 0.0000000000
130748  57.317  13.235  38.318 0.0000000000
131107  51.770  14.653  35.811 0.0000000000
132125  56.382  19.630  49.954 0.0000000000
132481  55.504  18.669  53.385 0.0000000000
133527  58.186  19.350  52.452 0.0000000000
138281  57.193  13.325  44.554 0.0000000000
138461  58.472  17.675  51.920 0.0000000000
138531  54.965  11.241  47.580 0.0000000000
138540  49.107  16.085  59.307 0.0000000000
138832  58.467  17.551  57.907 0.0000000000
139265  59.705  19.092  47.645 0.0000000000
139976  54.432  18.629  46.448 0.0000000000
140600  57.906  12.605  46.076 0.0000000000
140666  49.641  15.829  59.708 0.0000000000
141029  52.806  15.933  60.906 0.0000000000
141616  55.022  16.624  52.323 0.0000000000
141905  59.667  19.043  50.083 0.0000000000
141972  58.483  16.758  57.427 0.0000000000
142392  45.627  19.293  40.437 0.0000000000
143206  54.228  18.940  52.576 0.0000000000
143435  46.879  16.794  40.267 0.0000000000
143866  47.233  16.107  35.412 0.0000000000
144047  47.581  9.454  52.897 0.0000000000
144631  57.569  19.569  51.284 0.0000000000
144643  61.769  15.964  38.961 0.0000000000
145567  53.105  15.838  60.786 0.0000000000
146510  56.614  16.497  37.124 0.0000000000
146935  53.870  15.042  36.477 0.0000000000
147123  50.323  14.942  60.000 0.0000000000
147541  62.076  15.371  38.823 0.0000000000
147835  55.661  11.924  41.124 0.0000000000
147899  45.172  14.898  58.046 0.0000000000
148407  58.516  18.403  55.105 0.0000000000
148535  58.989  19.517  48.552 0.0000000000
149142  51.313  14.629  56.558 0.0000000000
149670  52.579  16.170  53.712 0.0000000000
