#!ascii label  , from subject sub-v1s15x0050200_ses-1 vox2ras=TkReg
738
9051  28.701  -60.081  12.433 0.3000000119
14253  30.455  -52.109  17.361 0.6000000238
17394  28.684  -48.280  16.748 0.6999999881
17418  28.006  -47.965  16.154 0.6999999881
9665  28.228  -59.609  13.002 0.4000000060
11529  27.799  -56.240  15.168 0.4000000060
9680  28.223  -58.888  12.391 0.5000000000
9067  28.948  -59.377  11.671 0.5000000000
15758  30.029  -50.517  17.391 0.6999999881
15000  30.591  -51.206  17.062 0.5000000000
16587  29.431  -49.025  17.116 0.6000000238
18196  29.313  -47.528  16.451 0.6999999881
18228  28.349  -47.325  15.780 0.6999999881
9666  27.729  -58.843  13.272 0.5000000000
12190  28.114  -55.976  14.472 0.4000000060
12172  29.377  -55.441  15.998 0.4000000060
12151  30.022  -54.835  16.549 0.5000000000
10974  27.002  -57.262  11.895 0.6000000238
12834  30.429  -54.031  16.974 0.6000000238
10332  27.814  -57.959  12.446 0.6000000238
14263  30.916  -52.544  16.563 0.6000000238
15775  30.100  -49.667  17.074 0.6000000238
16586  30.161  -48.937  16.727 0.6000000238
18195  30.178  -47.591  16.237 0.6999999881
17393  29.765  -48.257  16.677 0.6999999881
18226  29.780  -46.923  16.021 0.6999999881
18227  28.947  -46.966  16.052 0.6999999881
19043  28.621  -46.570  14.791 0.6999999881
19027  29.370  -46.357  15.445 0.6999999881
19042  29.205  -46.068  14.511 0.6999999881
19823  29.957  -45.993  15.397 0.6999999881
10312  26.828  -57.978  13.326 0.5000000000
10938  26.304  -57.290  13.575 0.5000000000
119553  26.334  -57.258  14.690 0.5000000000
12173  28.535  -55.874  15.518 0.4000000060
114229  26.760  -57.395  12.475 0.5000000000
12859  30.073  -55.008  15.416 0.5000000000
13547  30.840  -53.491  16.257 0.6000000238
10973  27.363  -57.211  11.874 0.6000000238
113130  26.854  -56.811  11.519 0.5000000000
12221  28.088  -55.891  11.699 0.5000000000
114223  30.910  -51.788  16.676 0.6999999881
15774  30.691  -50.361  16.664 0.6000000238
17417  30.721  -48.466  16.044 0.6000000238
128767  30.751  -49.460  16.245 0.6000000238
18225  30.768  -46.942  15.804 0.6000000238
19026  30.252  -46.353  15.607 0.6999999881
19058  29.200  -46.154  13.652 0.6999999881
19025  31.334  -46.200  15.499 0.6000000238
19848  29.848  -45.705  14.978 0.6999999881
19859  29.802  -45.533  14.036 0.6999999881
12189  29.077  -55.443  14.664 0.4000000060
10954  26.433  -57.315  12.882 0.5000000000
12191  27.523  -56.049  13.243 0.4000000060
127991  30.841  -53.988  15.661 0.6000000238
11558  26.696  -56.529  12.854 0.4000000060
11572  26.758  -56.717  11.892 0.4000000060
12206  28.014  -55.620  12.471 0.4000000060
12887  28.552  -54.922  11.957 0.4000000060
12886  28.834  -54.627  11.996 0.4000000060
14262  31.217  -51.861  15.937 0.6999999881
15007  31.134  -51.089  16.282 0.6000000238
129772  30.914  -47.718  15.791 0.6000000238
19067  29.597  -46.076  13.006 0.6999999881
19858  30.514  -45.117  13.848 0.6999999881
19822  30.527  -45.784  15.290 0.6000000238
19847  30.662  -45.214  14.607 0.6000000238
122492  28.322  -55.622  13.634 0.4000000060
12874  29.796  -54.769  14.148 0.4000000060
13559  31.154  -52.737  15.634 0.6999999881
12205  28.808  -55.034  13.048 0.4000000060
12899  28.830  -54.802  11.333 0.5000000000
15790  31.278  -50.207  15.765 0.6000000238
17416  31.532  -48.326  15.390 0.5000000000
16603  31.488  -49.269  15.304 0.6000000238
19066  30.076  -46.091  12.233 0.6999999881
121240  31.769  -46.814  15.603 0.6000000238
114261  30.236  -45.507  13.160 0.8000000119
19864  30.712  -45.508  12.368 0.8000000119
19821  31.501  -45.530  15.145 0.6000000238
13570  30.877  -53.611  14.166 0.5000000000
12858  30.612  -54.319  14.932 0.6000000238
12873  30.281  -54.147  13.636 0.5000000000
13593  31.089  -53.166  12.157 0.6999999881
128175  29.885  -53.913  12.329 0.4000000060
15018  31.454  -50.977  15.175 0.6999999881
19074  30.652  -46.250  11.454 0.6000000238
20691  30.901  -44.966  13.233 0.6999999881
20698  31.405  -44.968  12.474 0.6999999881
19820  32.616  -45.413  15.105 0.6999999881
19846  31.824  -44.951  14.563 0.6999999881
20683  31.173  -44.695  13.968 0.6999999881
13569  31.311  -52.909  14.592 0.6000000238
123099  31.030  -53.560  15.260 0.6000000238
14296  31.710  -52.467  12.780 0.6999999881
13581  30.586  -53.543  12.884 0.6000000238
14272  31.342  -51.947  14.885 0.6999999881
14313  31.632  -52.787  11.628 0.6999999881
115662  30.971  -53.562  10.882 0.6999999881
15789  31.738  -50.088  14.837 0.6999999881
16602  32.169  -48.873  14.950 0.5000000000
19083  30.755  -47.287  10.421 0.5000000000
17415  32.375  -48.109  15.303 0.6000000238
19869  31.998  -45.972  10.857 0.6000000238
19082  32.083  -46.875  9.961 0.5000000000
19024  32.537  -46.465  15.583 0.6000000238
18224  31.623  -47.491  15.548 0.6000000238
20697  32.207  -44.553  12.511 0.6000000238
19868  32.717  -45.486  10.924 0.5000000000
121316  32.254  -45.888  15.369 0.6999999881
20681  32.940  -44.760  14.535 0.6999999881
20682  31.973  -44.453  14.001 0.6999999881
130874  33.036  -44.393  12.510 0.5000000000
20689  32.831  -44.409  13.390 0.6000000238
13580  31.278  -53.063  13.443 0.6999999881
14280  31.580  -52.150  13.847 0.6000000238
14295  32.225  -52.188  12.478 0.6999999881
15029  31.681  -51.228  14.170 0.6999999881
16614  32.150  -49.516  14.607 0.6999999881
126070  31.798  -50.553  14.353 0.6999999881
114459  32.700  -47.038  9.386 0.4000000060
116531  33.602  -46.138  10.181 0.4000000060
19023  33.082  -46.571  15.802 0.6000000238
131496  32.552  -47.228  15.610 0.6000000238
112401  32.766  -44.692  11.715 0.5000000000
20702  33.515  -45.043  10.942 0.5000000000
117156  33.677  -44.340  11.903 0.4000000060
116174  32.955  -45.875  15.515 0.6000000238
20680  33.258  -44.506  14.870 0.6999999881
20688  33.355  -44.219  13.895 0.5000000000
15043  32.010  -51.605  13.406 0.6000000238
15041  33.315  -51.474  13.169 0.6999999881
15042  32.570  -51.508  13.284 0.6999999881
15805  32.202  -50.075  14.225 0.6000000238
17414  33.113  -48.433  15.689 0.6000000238
116987  32.769  -48.891  15.122 0.5000000000
18223  33.014  -47.822  15.711 0.6000000238
114989  34.300  -44.638  11.001 0.4000000060
20707  34.371  -45.633  10.199 0.4000000060
19819  33.181  -45.779  15.807 0.6000000238
20701  34.909  -44.049  11.112 0.4000000060
20663  33.124  -45.262  15.247 0.6000000238
21500  33.595  -43.595  14.261 0.5000000000
15804  32.917  -50.705  13.663 0.6999999881
15028  32.236  -50.705  13.809 0.6000000238
15027  33.703  -50.905  13.759 0.6999999881
15803  33.322  -50.141  14.137 0.6000000238
134248  32.672  -50.177  13.959 0.6000000238
122518  34.130  -51.453  13.386 0.6999999881
16613  32.743  -49.705  14.289 0.5000000000
18194  33.247  -47.322  16.248 0.5000000000
20662  33.233  -44.987  15.591 0.6000000238
15802  34.129  -50.783  14.571 0.6999999881
16601  33.248  -49.523  14.779 0.6000000238
16585  33.403  -49.182  15.734 0.5000000000
120441  33.414  -48.132  16.504 0.6000000238
17392  33.589  -48.804  16.547 0.6000000238
18982  33.221  -46.803  17.200 0.6000000238
19799  33.038  -45.908  16.869 0.6000000238
126591  33.280  -44.305  15.534 0.5000000000
12219  30.098  -55.262  11.393 0.5000000000
12910  29.773  -54.314  10.437 0.5000000000
12898  30.968  -54.637  10.718 0.5000000000
12227  30.038  -54.508  10.437 0.5000000000
13605  32.114  -53.810  10.144 0.6999999881
13606  31.126  -54.031  10.256 0.5000000000
122858  31.611  -54.070  10.155 0.5000000000
14312  32.416  -52.618  11.298 0.6999999881
14328  31.764  -53.370  10.665 0.6999999881
14294  32.965  -51.946  12.269 0.6999999881
129684  29.198  -60.201  11.676 0.3000000119
18197  28.617  -47.553  16.289 0.6999999881
135456  28.674  -46.811  15.508 0.6999999881
19059  28.617  -46.551  13.840 0.6999999881
13594  30.047  -53.652  11.199 0.6000000238
19863  31.298  -45.640  11.602 0.6000000238
20690  31.675  -44.534  13.322 0.6999999881
20703  31.999  -45.130  11.690 0.6000000238
19872  32.854  -46.581  10.141 0.5000000000
19081  33.413  -46.725  9.425 0.5000000000
112465  33.521  -44.177  12.988 0.5000000000
122240  32.644  -49.307  14.685 0.5000000000
19004  33.226  -46.552  16.225 0.6000000238
123566  33.205  -45.245  16.184 0.6000000238
15788  33.808  -50.151  14.865 0.5000000000
14336  34.334  -52.751  9.961 0.6000000238
13620  37.383  -53.112  9.637 0.6000000238
15055  38.738  -52.316  9.210 0.4000000060
14335  35.179  -52.559  9.968 0.5000000000
120472  33.834  -52.582  10.490 0.6000000238
12819  29.502  -54.095  18.242 0.5000000000
15060  38.879  -52.797  8.893 0.4000000060
13537  30.040  -53.635  17.760 0.5000000000
13523  29.582  -53.225  18.422 0.5000000000
115773  35.686  -52.977  9.618 0.5000000000
15059  39.483  -51.859  8.666 0.4000000060
14254  30.036  -52.742  17.913 0.5000000000
14993  29.332  -51.375  18.359 0.5000000000
134673  36.858  -52.763  9.876 0.6000000238
131347  29.864  -51.958  17.989 0.5000000000
14324  35.480  -52.256  10.507 0.5000000000
14311  33.305  -52.378  11.341 0.6000000238
15057  41.195  -51.400  8.638 0.4000000060
15052  41.729  -51.748  9.684 0.4000000060
14321  38.026  -52.381  9.936 0.4000000060
15727  28.090  -50.573  18.724 0.5000000000
130799  36.793  -52.512  10.115 0.5000000000
15744  29.334  -50.698  17.869 0.5000000000
16570  28.025  -50.078  17.454 0.5000000000
114685  34.986  -52.098  11.173 0.6000000238
14310  34.158  -52.176  11.464 0.6000000238
16589  27.441  -49.921  16.707 0.4000000060
14309  35.693  -52.175  11.655 0.5000000000
14323  36.388  -52.293  10.736 0.5000000000
14292  35.489  -52.076  12.787 0.6000000238
113999  34.856  -51.985  12.206 0.6000000238
132949  33.573  -52.062  11.924 0.6000000238
15040  34.878  -51.841  13.435 0.6000000238
14293  33.966  -51.799  12.548 0.6000000238
15054  39.173  -51.652  9.321 0.4000000060
15830  40.517  -50.788  8.436 0.4000000060
17395  27.777  -48.887  16.424 0.5000000000
16590  26.644  -50.461  16.386 0.4000000060
16588  28.376  -49.340  17.102 0.6000000238
15776  26.978  -50.475  17.030 0.4000000060
14307  37.181  -52.255  11.508 0.6000000238
14291  36.232  -52.193  12.714 0.6000000238
14279  35.803  -52.071  13.688 0.6000000238
15828  42.131  -50.267  9.371 0.4000000060
17419  27.449  -48.615  15.662 0.5000000000
17420  26.820  -49.216  15.096 0.4000000060
16605  26.169  -50.224  14.870 0.4000000060
15050  38.653  -51.823  10.421 0.6000000238
14289  37.890  -52.145  12.350 0.6000000238
14306  37.939  -52.157  11.102 0.6000000238
14308  36.509  -52.251  11.824 0.5000000000
15039  36.746  -51.960  13.595 0.6000000238
15038  37.671  -51.853  13.406 0.5000000000
15025  35.285  -51.791  14.521 0.6000000238
15825  42.810  -50.780  9.879 0.4000000060
15053  39.720  -51.095  8.981 0.4000000060
18229  27.754  -47.782  15.361 0.6000000238
17435  27.175  -48.455  14.733 0.5000000000
17436  26.386  -49.444  14.040 0.5000000000
16615  25.584  -50.594  13.846 0.5000000000
128862  39.250  -51.527  11.588 0.4000000060
15049  39.545  -51.344  10.500 0.4000000060
15045  39.134  -51.341  12.580 0.5000000000
15022  38.152  -51.268  13.999 0.5000000000
15023  37.259  -51.505  14.296 0.5000000000
15024  36.264  -51.777  14.519 0.6000000238
15016  35.700  -51.486  15.344 0.6000000238
15026  34.522  -51.500  14.248 0.6000000238
116036  41.463  -49.271  10.410 0.4000000060
15826  40.949  -50.317  8.894 0.4000000060
16641  42.303  -49.341  9.458 0.4000000060
16646  42.791  -49.367  9.280 0.4000000060
16635  40.882  -49.629  10.943 0.4000000060
16643  40.874  -49.959  9.717 0.4000000060
17446  27.002  -48.445  13.506 0.6000000238
116792  26.632  -48.864  12.308 0.5000000000
17447  26.156  -49.410  12.816 0.4000000060
15818  40.480  -50.161  11.917 0.4000000060
15037  38.425  -51.612  13.037 0.5000000000
15015  36.761  -51.187  15.150 0.5000000000
15017  34.833  -51.427  15.168 0.6000000238
15787  34.417  -50.671  15.477 0.6000000238
17469  42.144  -48.860  9.890 0.4000000060
18256  28.127  -47.290  13.105 0.6000000238
18257  27.619  -47.641  13.557 0.6000000238
18266  27.401  -48.240  12.356 0.5000000000
16636  25.506  -49.549  11.135 0.5000000000
16627  40.982  -49.282  12.093 0.4000000060
15819  39.938  -51.068  11.964 0.4000000060
15814  39.459  -50.596  13.045 0.5000000000
15800  38.465  -50.297  14.304 0.5000000000
17468  42.981  -48.393  9.249 0.4000000060
17463  26.870  -49.707  9.752 0.5000000000
15036  38.810  -50.893  13.511 0.5000000000
15801  37.653  -50.744  14.719 0.4000000060
15785  36.245  -50.691  15.948 0.4000000060
15786  35.191  -51.010  15.898 0.4000000060
15773  34.694  -50.223  16.207 0.6000000238
16600  33.925  -49.901  15.665 0.4000000060
18271  43.052  -47.216  10.477 0.4000000060
17461  41.843  -48.493  10.837 0.4000000060
19068  28.901  -46.816  12.687 0.6000000238
17453  41.450  -48.357  11.993 0.4000000060
19075  29.999  -46.936  11.287 0.5000000000
18265  28.196  -47.798  11.759 0.5000000000
18275  27.497  -48.886  10.772 0.5000000000
17471  27.247  -49.619  9.069 0.4000000060
18274  28.402  -48.748  10.357 0.4000000060
129527  38.505  -49.527  14.721 0.5000000000
16612  37.980  -49.924  15.043 0.5000000000
16598  37.574  -49.460  15.645 0.6000000238
15772  35.541  -50.309  16.332 0.4000000060
16583  35.250  -49.572  16.825 0.4000000060
16584  34.113  -49.483  16.580 0.4000000060
16582  36.241  -49.778  16.457 0.5000000000
19084  30.055  -48.060  10.121 0.6000000238
16568  34.540  -49.116  17.158 0.5000000000
17390  36.880  -48.376  16.857 0.5000000000
16599  36.914  -49.859  16.006 0.5000000000
17391  36.219  -48.996  16.928 0.5000000000
17370  35.327  -48.685  17.385 0.5000000000
17372  33.721  -48.377  17.188 0.4000000060
127607  33.972  -48.939  17.085 0.5000000000
116940  35.850  -47.909  17.692 0.5000000000
131707  36.230  -48.373  17.290 0.5000000000
118569  31.962  -47.209  9.252 0.4000000060
18983  32.844  -46.235  17.930 0.4000000060
131611  33.131  -46.868  17.938 0.4000000060
18171  33.494  -47.542  17.373 0.5000000000
17371  34.320  -48.553  17.454 0.5000000000
18170  33.941  -47.891  17.791 0.5000000000
115041  34.837  -47.982  17.844 0.5000000000
18158  34.321  -47.332  18.312 0.4000000060
16569  29.188  -49.968  17.492 0.5000000000
131875  28.164  -47.150  15.038 0.6000000238
122810  29.789  -54.463  17.464 0.5000000000
19073  31.360  -46.544  10.686 0.5000000000
15745  28.807  -50.793  18.372 0.5000000000
16604  26.928  -49.746  15.863 0.4000000060
15046  38.594  -51.811  11.929 0.6000000238
15823  40.292  -50.598  10.414 0.4000000060
18245  28.065  -47.048  14.155 0.6000000238
18246  27.594  -47.654  14.429 0.6000000238
16628  25.452  -49.908  12.227 0.5000000000
15807  25.089  -51.243  13.846 0.5000000000
17456  26.009  -49.521  11.584 0.5000000000
17455  26.678  -49.161  11.109 0.5000000000
15784  37.219  -50.326  15.447 0.5000000000
17464  26.069  -49.621  10.318 0.5000000000
15799  39.068  -50.171  13.739 0.5000000000
19076  29.128  -47.582  11.165 0.6000000238
18159  33.515  -47.156  18.191 0.4000000060
113174  26.099  -64.521  15.915 0.3000000119
5751  26.811  -65.173  14.299 0.3000000119
6367  27.220  -64.736  14.993 0.3000000119
5197  27.812  -66.369  12.695 0.3000000119
5773  27.313  -65.716  13.509 0.3000000119
5772  28.249  -65.800  13.531 0.3000000119
5219  28.179  -66.873  11.852 0.3000000119
5196  28.843  -66.463  12.707 0.3000000119
128362  31.037  -66.305  14.746 0.3000000119
5771  29.245  -66.029  13.733 0.3000000119
5218  29.623  -66.582  12.238 0.3000000119
132362  28.897  -66.803  11.800 0.3000000119
5179  30.308  -66.314  14.131 0.3000000119
5193  32.113  -66.056  13.851 0.3000000119
5194  30.781  -66.532  13.378 0.3000000119
122282  31.110  -66.523  12.735 0.4000000060
5217  30.434  -66.468  11.931 0.4000000060
5806  31.485  -65.667  11.036 0.4000000060
5807  30.362  -65.985  10.514 0.3000000119
6393  32.818  -64.923  12.381 0.3000000119
5785  32.353  -65.565  12.703 0.4000000060
5796  31.931  -65.913  11.979 0.4000000060
5238  30.996  -66.252  11.446 0.4000000060
7021  32.420  -64.348  13.118 0.3000000119
6415  32.084  -64.983  10.598 0.4000000060
7742  32.212  -62.387  13.794 0.4000000060
6416  31.062  -65.125  10.102 0.4000000060
6431  31.782  -64.232  9.582 0.3000000119
7047  33.262  -64.026  12.248 0.4000000060
6403  32.980  -64.897  11.612 0.4000000060
7762  32.777  -63.107  12.928 0.4000000060
6402  33.590  -64.308  10.910 0.5000000000
132311  32.851  -64.860  11.028 0.4000000060
10331  28.494  -58.068  12.414 0.5000000000
8456  33.109  -62.323  13.329 0.4000000060
6414  32.804  -64.347  10.303 0.4000000060
123116  29.465  -59.713  10.963 0.3000000119
9690  29.851  -58.970  10.647 0.4000000060
8495  32.132  -61.162  8.706 0.3000000119
12835  29.129  -54.876  17.909 0.4000000060
12911  29.262  -54.750  10.852 0.4000000060
12228  29.386  -54.731  10.735 0.4000000060
11579  28.395  -55.796  11.497 0.4000000060
7780  33.718  -63.321  12.305 0.4000000060
6392  33.479  -64.274  11.579 0.3000000119
11570  28.756  -56.409  12.208 0.4000000060
10972  28.513  -57.222  12.416 0.4000000060
7761  33.847  -62.698  12.739 0.4000000060
9691  29.368  -59.154  11.118 0.4000000060
7092  33.454  -63.799  10.151 0.4000000060
10330  29.663  -58.220  12.595 0.5000000000
7112  32.672  -63.566  9.446 0.5000000000
9689  30.752  -58.976  10.431 0.4000000060
9080  30.008  -60.150  10.132 0.4000000060
125565  32.532  -61.624  8.654 0.3000000119
9695  30.987  -59.309  9.694 0.4000000060
13607  29.682  -54.235  10.605 0.4000000060
7779  34.727  -63.126  12.091 0.4000000060
7046  34.112  -63.556  11.687 0.4000000060
11569  29.731  -56.308  12.524 0.4000000060
10311  29.573  -57.694  12.946 0.5000000000
7045  35.095  -63.120  11.355 0.4000000060
7069  34.339  -63.628  11.101 0.4000000060
7759  36.288  -62.180  12.414 0.4000000060
7777  36.439  -61.961  11.389 0.4000000060
7068  35.108  -63.039  10.809 0.4000000060
7808  35.174  -62.330  10.319 0.5000000000
7809  34.103  -62.015  9.546 0.5000000000
11556  30.337  -56.992  13.518 0.4000000060
10310  30.443  -57.965  13.426 0.5000000000
8453  36.840  -61.221  12.880 0.4000000060
8485  34.112  -60.878  9.574 0.5000000000
10340  30.151  -58.598  11.461 0.4000000060
8486  33.093  -61.153  9.022 0.4000000060
9065  31.842  -60.072  9.573 0.4000000060
112475  31.697  -59.106  10.958 0.4000000060
131088  31.050  -55.409  11.980 0.3000000119
8470  36.510  -61.117  10.757 0.4000000060
8471  35.819  -61.383  10.265 0.4000000060
10953  30.240  -57.543  13.445 0.4000000060
15806  25.413  -51.340  14.580 0.4000000060
9037  37.110  -60.305  13.070 0.4000000060
8464  36.896  -60.959  11.610 0.4000000060
8472  35.068  -60.740  10.145 0.5000000000
9077  34.163  -60.396  9.966 0.5000000000
10952  30.901  -57.592  13.860 0.5000000000
10329  30.831  -58.443  12.882 0.4000000060
9676  36.999  -60.070  11.724 0.4000000060
9078  33.069  -60.586  9.539 0.4000000060
9679  31.181  -58.788  11.688 0.4000000060
113570  31.713  -59.359  10.130 0.4000000060
9678  32.286  -59.087  12.017 0.4000000060
12908  32.411  -54.092  10.182 0.4000000060
11568  30.674  -56.143  12.805 0.3000000119
9048  36.751  -60.179  11.220 0.4000000060
9062  35.988  -60.538  10.509 0.4000000060
11555  31.251  -56.806  13.973 0.3000000119
9677  36.568  -59.871  11.707 0.4000000060
120711  35.274  -59.702  12.025 0.4000000060
134257  35.092  -60.371  10.383 0.4000000060
9063  34.149  -59.943  10.525 0.5000000000
9661  37.020  -59.974  12.506 0.4000000060
9662  35.794  -59.686  12.791 0.4000000060
116444  33.876  -59.645  11.807 0.4000000060
9688  32.745  -59.548  10.925 0.4000000060
10328  31.923  -58.642  13.091 0.4000000060
13617  32.835  -53.597  10.194 0.4000000060
134713  25.883  -64.787  9.151 0.3000000119
5163  31.856  -66.403  14.929 0.3000000119
5769  32.357  -65.603  14.027 0.3000000119
7763  32.008  -63.363  13.652 0.4000000060
8455  34.169  -62.108  13.484 0.4000000060
7760  35.181  -62.666  12.729 0.4000000060
8444  35.018  -61.706  14.110 0.4000000060
8442  37.022  -60.887  13.675 0.4000000060
12218  31.837  -55.109  11.979 0.3000000119
9660  37.247  -60.074  13.715 0.4000000060
12897  32.114  -54.462  10.830 0.4000000060
12203  32.411  -55.513  13.285 0.4000000060
11554  32.046  -56.235  14.167 0.4000000060
10289  36.250  -59.291  14.734 0.4000000060
9650  34.828  -59.231  13.747 0.4000000060
9663  34.345  -59.414  12.882 0.4000000060
9664  33.083  -58.929  12.891 0.4000000060
10293  32.161  -57.982  14.381 0.3000000119
10937  31.693  -57.537  14.358 0.4000000060
10290  35.187  -58.902  14.575 0.4000000060
10341  29.269  -58.751  11.565 0.4000000060
12922  33.161  -54.111  10.234 0.4000000060
5774  26.366  -65.691  13.558 0.3000000119
5750  27.707  -65.229  14.293 0.3000000119
5819  26.183  -65.712  9.382 0.3000000119
5818  26.959  -65.391  9.162 0.3000000119
5178  31.420  -66.371  14.161 0.3000000119
5195  29.875  -66.467  13.148 0.4000000060
5239  30.096  -66.412  11.135 0.4000000060
5786  31.866  -66.109  12.899 0.3000000119
120211  32.413  -65.299  13.278 0.3000000119
5216  31.325  -66.327  12.193 0.4000000060
6404  32.366  -65.346  11.434 0.4000000060
6383  31.798  -63.984  14.003 0.3000000119
8445  32.995  -61.716  13.848 0.4000000060
129980  34.306  -63.298  10.366 0.4000000060
123374  33.181  -62.018  9.000 0.5000000000
9085  32.351  -60.693  9.102 0.3000000119
7810  33.420  -62.940  9.488 0.5000000000
8443  36.364  -61.569  13.919 0.4000000060
9064  32.909  -60.051  10.168 0.4000000060
10308  32.470  -58.447  13.850 0.4000000060
12906  35.923  -54.274  10.815 0.4000000060
123611  34.893  -54.374  10.853 0.4000000060
13604  37.697  -53.958  10.637 0.4000000060
13612  38.070  -53.393  9.634 0.3000000119
12919  36.260  -53.688  10.057 0.5000000000
12921  34.402  -53.672  10.033 0.4000000060
13616  34.080  -53.101  9.780 0.4000000060
12845  38.120  -54.484  16.473 0.3000000119
123346  38.635  -54.265  16.079 0.3000000119
14287  40.950  -52.216  13.604 0.3000000119
14305  39.890  -52.596  12.105 0.3000000119
14318  41.301  -52.420  9.837 0.3000000119
14340  40.258  -51.888  8.425 0.3000000119
13558  39.087  -53.425  15.393 0.3000000119
13557  39.633  -52.972  14.882 0.3000000119
12846  37.192  -54.156  16.873 0.3000000119
14260  38.403  -52.825  16.170 0.3000000119
132343  41.388  -52.247  10.968 0.3000000119
15048  41.847  -51.791  10.961 0.3000000119
14270  39.832  -52.448  15.144 0.3000000119
15035  41.571  -51.826  13.631 0.3000000119
14303  41.746  -51.730  11.955 0.3000000119
15004  39.573  -51.143  15.592 0.3000000119
15013  40.062  -51.879  15.172 0.3000000119
15812  42.166  -51.283  13.941 0.3000000119
15798  41.019  -51.278  14.743 0.3000000119
15797  41.606  -50.827  14.526 0.3000000119
15005  38.604  -51.986  16.136 0.3000000119
15044  42.194  -51.458  12.772 0.3000000119
15822  43.238  -51.116  11.190 0.3000000119
15824  43.007  -50.009  9.378 0.3000000119
15783  39.940  -50.428  15.611 0.3000000119
15033  42.876  -51.172  12.872 0.3000000119
15816  43.973  -50.803  11.778 0.3000000119
16595  41.161  -49.777  15.057 0.3000000119
16619  43.226  -50.602  13.684 0.3000000119
15810  43.783  -50.818  12.966 0.3000000119
130563  43.933  -50.416  13.562 0.3000000119
17473  43.465  -48.512  9.105 0.3000000119
15821  43.644  -50.196  10.371 0.3000000119
16640  44.125  -49.101  10.009 0.3000000119
18281  43.545  -47.433  9.375 0.3000000119
18272  42.169  -47.683  11.199 0.3000000119
18270  43.917  -46.759  9.706 0.3000000119
18262  43.459  -46.730  10.908 0.3000000119
18263  42.536  -47.027  11.618 0.3000000119
127792  38.716  -53.450  9.289 0.3000000119
13613  37.162  -53.612  10.022 0.4000000060
14329  41.028  -52.171  8.783 0.3000000119
12896  35.645  -54.530  11.901 0.5000000000
13544  38.806  -53.577  15.859 0.3000000119
132891  41.917  -51.573  13.196 0.3000000119
125177  40.718  -52.288  12.779 0.3000000119
14320  39.948  -53.125  10.635 0.3000000119
14331  39.842  -53.220  9.349 0.3000000119
14269  40.324  -52.184  14.777 0.3000000119
15014  39.350  -51.924  15.635 0.3000000119
15047  42.555  -51.371  11.920 0.3000000119
15021  41.519  -51.656  14.204 0.3000000119
16609  42.748  -50.118  14.224 0.3000000119
16608  43.401  -49.875  14.054 0.3000000119
15817  43.346  -51.043  12.261 0.3000000119
16596  40.403  -49.707  15.655 0.3000000119
11543  31.951  -56.938  14.618 0.3000000119
10936  32.623  -57.416  14.866 0.4000000060
11527  34.601  -56.365  15.827 0.4000000060
11528  33.732  -56.623  15.567 0.4000000060
12188  32.860  -55.843  14.306 0.3000000119
12170  35.024  -55.656  15.455 0.4000000060
11526  35.452  -56.208  15.906 0.3000000119
12186  34.670  -55.257  14.629 0.4000000060
12185  35.732  -55.130  15.051 0.3000000119
12202  33.313  -55.298  13.492 0.3000000119
12201  34.088  -55.209  13.773 0.4000000060
12871  35.531  -54.817  14.208 0.4000000060
12884  34.007  -54.913  12.521 0.3000000119
132698  34.759  -54.794  12.843 0.4000000060
12883  36.272  -54.500  12.789 0.4000000060
123924  34.180  -54.547  11.353 0.3000000119
127116  33.875  -54.141  10.484 0.3000000119
12217  32.823  -54.919  12.223 0.3000000119
115477  35.423  -54.645  13.075 0.4000000060
11542  33.293  -56.178  15.028 0.4000000060
7743  31.683  -63.024  14.347 0.3000000119
10307  33.589  -58.772  13.736 0.3000000119
129425  32.192  -63.718  17.225 0.3000000119
6975  32.125  -63.840  16.256 0.3000000119
128406  31.705  -63.498  14.781 0.3000000119
10935  33.405  -57.877  15.047 0.3000000119
134288  30.773  -62.122  17.110 0.3000000119
8434  31.150  -62.008  15.718 0.3000000119
7705  30.919  -62.083  16.416 0.3000000119
9028  31.943  -61.327  14.871 0.3000000119
129401  33.821  -61.504  14.133 0.3000000119
10273  34.319  -58.079  15.393 0.3000000119
8400  30.060  -61.035  17.982 0.3000000119
8414  30.545  -61.413  17.112 0.3000000119
133982  31.482  -61.817  15.184 0.3000000119
8424  30.893  -61.325  16.288 0.3000000119
9027  32.930  -61.070  14.537 0.3000000119
8985  30.519  -60.459  17.398 0.3000000119
8998  31.281  -60.434  16.262 0.3000000119
9012  32.345  -60.637  15.283 0.3000000119
132234  31.912  -60.280  15.844 0.3000000119
9026  34.217  -61.042  14.663 0.3000000119
9024  36.898  -61.090  14.481 0.3000000119
9023  37.428  -60.349  14.239 0.3000000119
8973  30.180  -60.175  18.158 0.3000000119
9011  33.402  -60.515  15.276 0.3000000119
9009  36.242  -60.921  15.323 0.3000000119
9608  31.711  -59.396  17.477 0.3000000119
9609  30.823  -59.669  17.715 0.3000000119
8997  32.038  -59.723  16.548 0.3000000119
9638  32.709  -60.042  15.877 0.3000000119
9010  34.736  -60.621  15.449 0.3000000119
9008  37.384  -60.673  15.168 0.3000000119
9648  37.319  -59.774  14.454 0.3000000119
10272  35.515  -58.583  15.382 0.3000000119
11507  35.468  -56.975  16.285 0.3000000119
10292  32.974  -58.179  14.498 0.3000000119
9607  32.772  -59.301  17.428 0.3000000119
9636  34.703  -60.168  16.354 0.3000000119
9635  37.728  -59.740  15.118 0.3000000119
114699  31.486  -62.576  15.095 0.3000000119
7704  31.346  -62.827  16.702 0.3000000119
7724  31.462  -62.928  15.721 0.3000000119
5162  32.502  -66.233  14.988 0.3000000119
5747  30.310  -65.863  14.977 0.3000000119
5770  32.248  -65.711  13.385 0.3000000119
5795  32.554  -65.376  12.071 0.4000000060
6349  26.783  -64.537  15.674 0.3000000119
6382  32.321  -65.078  13.971 0.3000000119
7778  35.696  -62.721  11.824 0.4000000060
7789  35.886  -62.358  10.833 0.4000000060
7835  31.739  -61.795  8.408 0.3000000119
8446  31.712  -62.109  14.587 0.3000000119
8454  35.690  -62.130  13.409 0.4000000060
8484  34.892  -61.429  9.945 0.5000000000
8984  31.096  -59.957  16.950 0.3000000119
8996  35.600  -60.574  16.042 0.3000000119
8999  30.773  -60.683  16.752 0.3000000119
9013  31.463  -61.076  15.584 0.3000000119
9025  35.663  -61.277  14.671 0.3000000119
9038  37.054  -60.181  12.018 0.4000000060
9049  35.595  -60.006  10.979 0.4000000060
9623  33.151  -59.641  16.631 0.3000000119
9637  33.714  -60.099  16.027 0.3000000119
9647  37.720  -59.981  14.688 0.3000000119
9649  36.340  -59.667  13.771 0.4000000060
9651  27.319  -59.008  14.155 0.5000000000
9692  28.696  -58.873  11.985 0.5000000000
9696  30.276  -59.336  9.973 0.4000000060
9697  29.781  -59.370  10.487 0.4000000060
10256  34.949  -58.000  15.967 0.3000000119
10291  34.019  -58.493  14.505 0.3000000119
10309  31.429  -58.133  13.846 0.4000000060
10333  27.412  -57.944  12.661 0.6000000238
10903  35.261  -57.621  16.166 0.3000000119
10918  33.512  -57.324  15.437 0.3000000119
10919  32.597  -56.573  14.797 0.3000000119
11544  27.116  -56.455  14.239 0.4000000060
11545  26.368  -56.858  13.737 0.5000000000
11557  29.558  -57.139  13.023 0.4000000060
11571  27.633  -56.281  11.656 0.4000000060
11580  28.508  -55.542  11.507 0.4000000060
12171  34.095  -55.849  15.259 0.4000000060
12187  33.699  -55.584  14.490 0.4000000060
12204  31.532  -55.845  13.123 0.3000000119
12207  27.232  -56.233  12.052 0.4000000060
12220  29.055  -55.484  11.436 0.4000000060
12229  28.803  -55.077  11.067 0.4000000060
12847  30.535  -54.328  16.019 0.6000000238
12872  34.748  -54.921  13.561 0.4000000060
12885  29.330  -54.307  11.433 0.6000000238
12895  36.514  -54.449  11.728 0.4000000060
12905  36.824  -54.217  10.699 0.4000000060
12907  33.208  -54.426  11.042 0.3000000119
12909  30.485  -54.174  10.298 0.5000000000
12912  28.678  -55.123  11.294 0.5000000000
12920  35.323  -53.726  10.069 0.4000000060
12923  32.318  -53.937  10.114 0.4000000060
13524  29.135  -53.682  18.812 0.4000000060
13536  30.546  -53.130  17.215 0.5000000000
13545  38.225  -53.609  16.263 0.3000000119
13546  37.363  -53.533  16.703 0.3000000119
13614  36.569  -53.062  9.641 0.5000000000
13615  34.799  -53.024  9.702 0.4000000060
13619  38.536  -53.191  9.119 0.4000000060
14271  39.209  -52.838  15.619 0.3000000119
14277  40.830  -52.115  14.286 0.3000000119
14286  41.539  -51.917  12.888 0.3000000119
14290  37.062  -52.144  12.599 0.5000000000
14304  40.883  -52.373  11.692 0.3000000119
14319  40.711  -52.784  10.182 0.3000000119
14322  37.274  -52.374  10.469 0.6000000238
14325  34.689  -52.343  10.467 0.6000000238
14326  33.017  -52.887  10.541 0.6000000238
14327  32.235  -53.049  10.559 0.6999999881
14330  40.535  -52.722  9.007 0.3000000119
14332  38.273  -52.875  9.222 0.4000000060
14333  37.544  -52.780  9.755 0.6000000238
14334  36.095  -52.507  9.943 0.5000000000
14337  33.487  -53.068  10.033 0.6000000238
14338  32.778  -53.407  10.272 0.6999999881
14339  40.716  -51.666  8.476 0.4000000060
14341  38.023  -53.073  9.342 0.6000000238
15012  40.740  -51.853  14.706 0.3000000119
15034  42.176  -51.413  13.437 0.3000000119
15051  42.393  -51.394  10.580 0.3000000119
15056  41.916  -51.009  9.406 0.4000000060
15058  40.050  -51.102  8.292 0.4000000060
15061  40.492  -51.122  8.348 0.4000000060
15759  28.599  -50.450  17.905 0.5000000000
15782  40.718  -50.523  15.087 0.3000000119
15796  42.496  -50.785  14.109 0.3000000119
15811  42.797  -51.001  13.462 0.3000000119
15813  40.028  -50.269  12.703 0.4000000060
15827  40.386  -50.662  8.851 0.4000000060
15829  41.148  -50.592  8.652 0.4000000060
16581  37.065  -49.044  16.322 0.5000000000
16610  42.008  -49.920  14.598 0.3000000119
16611  39.037  -49.537  14.236 0.5000000000
16622  25.663  -50.103  13.125 0.5000000000
16634  41.366  -49.016  11.338 0.4000000060
16642  41.569  -49.669  9.601 0.4000000060
16645  43.459  -49.194  9.214 0.3000000119
16647  41.759  -50.001  9.272 0.4000000060
17443  44.279  -49.857  13.976 0.3000000119
17460  42.628  -47.982  10.125 0.4000000060
17467  43.863  -48.195  9.024 0.3000000119
18280  44.055  -47.293  9.144 0.3000000119
18282  31.504  -47.489  9.605 0.5000000000
19072  43.971  -46.564  10.176 0.3000000119
112432  30.143  -53.992  10.332 0.6999999881
114113  34.818  -54.678  12.073 0.4000000060
119372  26.632  -57.017  12.077 0.5000000000
120767  29.937  -51.307  17.686 0.5000000000
122692  40.108  -52.399  14.653 0.3000000119
123400  27.151  -56.436  11.593 0.4000000060
124146  40.325  -51.192  15.125 0.3000000119
124539  30.386  -66.547  12.678 0.4000000060
124602  33.580  -53.499  10.090 0.4000000060
126691  29.429  -54.396  12.799 0.4000000060
126980  34.425  -57.301  15.983 0.4000000060
129550  29.505  -46.629  12.092 0.6000000238
129594  32.283  -61.656  14.302 0.3000000119
131134  26.395  -56.948  12.719 0.5000000000
131734  43.683  -47.856  9.068 0.3000000119
132728  31.572  -58.718  12.472 0.4000000060
134044  31.510  -66.380  13.394 0.3000000119
134587  25.141  -51.398  14.506 0.5000000000
135190  33.058  -56.849  15.296 0.4000000060
