#!ascii label  , from subject sub-v1s15x0050209_ses-1 vox2ras=TkReg
358
76532  -32.557  -7.563  1.367 0.0000000000
80144  -30.644  -3.907  -1.900 0.0000000000
88536  -32.346  6.792  -3.540 0.0000000000
145821  -33.057  4.047  -1.316 0.0000000000
83532  -34.018  0.534  -0.218 0.0000000000
80958  -35.514  -2.391  2.800 0.0000000000
90138  -32.841  8.668  -5.001 0.0000000000
85272  -33.473  2.287  -0.774 0.0000000000
82747  -30.607  -0.650  -2.208 0.0000000000
78397  -31.079  -5.432  -0.596 0.0000000000
80102  -32.846  -3.522  0.541 0.0000000000
78373  -33.513  -5.389  1.577 0.0000000000
72041  -28.278  -12.988  1.120 0.0000000000
76555  -29.296  -7.707  -1.267 0.0000000000
94045  -30.795  12.825  -6.654 0.0000000000
92449  -33.091  11.555  -6.302 0.0000000000
92442  -33.882  10.952  -4.928 0.0000000000
90934  -33.958  9.930  -3.544 0.0000000000
90911  -34.827  9.224  -1.797 0.0000000000
88503  -33.264  6.146  -2.166 0.0000000000
89273  -35.426  7.488  -0.243 0.0000000000
143197  -36.262  5.433  0.558 0.0000000000
86123  -36.787  3.306  1.101 0.0000000000
84322  -37.067  1.636  2.343 0.0000000000
81022  -31.955  -2.090  -1.249 0.0000000000
81834  -34.824  -1.043  1.541 0.0000000000
83579  -29.982  0.026  -3.800 0.0000000000
81041  -29.417  -1.878  -4.748 0.0000000000
77503  -31.464  -6.655  0.256 0.0000000000
78383  -32.252  -5.135  0.473 0.0000000000
77491  -32.693  -6.671  1.260 0.0000000000
69281  -27.758  -15.734  4.245 0.0000000000
69310  -28.252  -14.978  3.959 0.0000000000
147726  -28.567  -14.015  3.422 0.0000000000
75669  -29.520  -8.187  -3.206 0.0000000000
74790  -28.115  -9.378  -2.369 0.0000000000
92450  -33.777  11.576  -5.472 0.0000000000
90129  -33.160  8.289  -4.403 0.0000000000
90139  -33.456  8.846  -4.494 0.0000000000
90922  -33.724  9.103  -3.575 0.0000000000
90923  -34.407  9.579  -2.688 0.0000000000
90106  -33.812  8.123  -2.171 0.0000000000
86982  -32.875  4.837  -1.680 0.0000000000
88488  -33.997  6.177  -1.114 0.0000000000
141171  -34.485  6.090  -0.470 0.0000000000
88472  -35.657  6.365  0.209 0.0000000000
86966  -34.132  4.649  -0.452 0.0000000000
84377  -33.703  1.317  -0.585 0.0000000000
86133  -34.772  2.923  0.598 0.0000000000
84358  -35.284  1.971  0.971 0.0000000000
85238  -37.119  2.798  1.707 0.0000000000
84337  -35.121  1.247  1.017 0.0000000000
155440  -29.813  -3.239  -2.050 0.0000000000
142821  -30.366  -1.855  -1.922 0.0000000000
140704  -31.053  -2.982  -1.598 0.0000000000
80090  -34.426  -2.988  1.769 0.0000000000
80988  -34.111  -2.017  0.944 0.0000000000
81814  -35.171  -1.494  2.333 0.0000000000
82673  -36.398  -0.261  2.684 0.0000000000
142642  -36.028  -1.614  3.010 0.0000000000
72916  -29.694  -11.921  2.297 0.0000000000
72942  -29.067  -11.388  0.780 0.0000000000
72928  -30.033  -11.193  2.009 0.0000000000
153779  -30.524  -9.742  1.178 0.0000000000
85310  -31.456  2.767  -2.396 0.0000000000
86175  -33.281  3.174  -1.063 0.0000000000
84407  -31.355  1.494  -2.238 0.0000000000
140553  -32.432  0.867  -1.445 0.0000000000
83549  -32.541  0.078  -1.090 0.0000000000
79300  -30.539  -4.872  -2.211 0.0000000000
80133  -31.284  -3.598  -1.216 0.0000000000
79282  -32.003  -4.253  -0.054 0.0000000000
79270  -33.223  -3.972  1.051 0.0000000000
152520  -34.465  -3.764  2.020 0.0000000000
72031  -29.337  -12.643  2.670 0.0000000000
79322  -30.010  -5.165  -3.354 0.0000000000
77541  -30.304  -6.474  -2.913 0.0000000000
77520  -30.239  -6.669  -0.857 0.0000000000
76542  -30.647  -7.860  0.117 0.0000000000
94812  -31.247  14.273  -8.176 0.0000000000
93217  -30.532  12.220  -6.285 0.0000000000
93218  -31.629  12.475  -6.319 0.0000000000
94048  -34.028  12.753  -5.774 0.0000000000
94038  -34.516  13.021  -4.938 0.0000000000
93212  -34.658  12.497  -4.217 0.0000000000
90943  -33.291  9.350  -5.112 0.0000000000
91666  -33.741  10.482  -4.197 0.0000000000
138882  -35.726  11.991  -3.133 0.0000000000
92421  -36.237  11.391  -2.618 0.0000000000
91641  -36.389  10.198  -1.913 0.0000000000
90913  -36.399  9.682  -1.444 0.0000000000
88519  -32.671  6.262  -2.818 0.0000000000
89288  -33.637  7.292  -2.056 0.0000000000
90090  -34.862  8.024  -0.756 0.0000000000
90092  -36.770  8.629  -0.279 0.0000000000
89275  -37.284  7.893  0.061 0.0000000000
87697  -38.057  5.571  0.301 0.0000000000
144054  -34.229  3.813  -0.066 0.0000000000
86944  -36.503  4.643  0.725 0.0000000000
81894  -29.513  -0.724  -2.889 0.0000000000
82734  -31.287  -0.759  -1.709 0.0000000000
82718  -32.709  -0.742  -0.762 0.0000000000
81004  -32.402  -2.256  -0.666 0.0000000000
81866  -33.330  -1.520  0.143 0.0000000000
141948  -34.362  -0.010  0.458 0.0000000000
83501  -36.230  0.507  2.469 0.0000000000
83503  -37.749  0.376  2.537 0.0000000000
74769  -29.026  -9.850  -0.415 0.0000000000
75631  -30.470  -8.604  0.377 0.0000000000
75620  -31.595  -8.709  1.235 0.0000000000
76544  -32.070  -7.094  0.788 0.0000000000
77504  -32.191  -6.197  0.622 0.0000000000
69282  -28.626  -15.444  4.339 0.0000000000
89312  -32.839  7.603  -3.782 0.0000000000
90130  -33.415  8.352  -3.826 0.0000000000
90120  -33.615  8.460  -2.943 0.0000000000
89302  -33.386  7.641  -2.949 0.0000000000
140726  -31.940  3.487  -2.056 0.0000000000
155564  -31.805  4.227  -2.227 0.0000000000
145174  -32.361  4.152  -1.782 0.0000000000
87716  -34.012  5.436  -0.822 0.0000000000
86965  -33.528  4.754  -1.112 0.0000000000
87717  -34.577  5.372  -0.156 0.0000000000
84356  -34.219  1.295  -0.022 0.0000000000
84357  -34.665  1.751  0.507 0.0000000000
84338  -35.822  1.917  1.709 0.0000000000
80132  -30.175  -3.860  -2.189 0.0000000000
143727  -30.533  -3.139  -1.904 0.0000000000
80957  -34.785  -2.317  2.122 0.0000000000
81816  -37.067  -1.727  3.286 0.0000000000
80959  -36.440  -2.415  3.322 0.0000000000
72927  -29.365  -11.652  1.543 0.0000000000
84420  -30.187  1.566  -2.973 0.0000000000
138673  -31.259  2.016  -2.409 0.0000000000
84406  -30.801  1.512  -2.541 0.0000000000
138765  -30.476  0.095  -2.721 0.0000000000
83581  -30.980  0.765  -2.178 0.0000000000
83566  -31.723  0.176  -1.673 0.0000000000
78417  -30.854  -5.128  -1.420 0.0000000000
137287  -31.213  -4.804  -0.834 0.0000000000
78398  -31.588  -4.930  -0.233 0.0000000000
78384  -32.938  -4.807  1.160 0.0000000000
79258  -33.679  -4.533  1.509 0.0000000000
79259  -34.214  -4.313  1.841 0.0000000000
154830  -34.826  -4.518  2.469 0.0000000000
78361  -34.156  -5.045  1.953 0.0000000000
68410  -26.716  -16.224  4.188 0.0000000000
150107  -29.017  -13.405  3.197 0.0000000000
72021  -29.853  -12.905  3.364 0.0000000000
78442  -30.186  -5.661  -3.516 0.0000000000
76566  -29.086  -7.529  -1.910 0.0000000000
76567  -29.941  -7.229  -1.733 0.0000000000
76556  -30.108  -7.444  -0.614 0.0000000000
75648  -29.957  -8.254  -0.309 0.0000000000
151631  -30.453  13.251  -6.561 0.0000000000
94056  -31.267  13.549  -7.178 0.0000000000
94057  -31.934  13.796  -7.805 0.0000000000
93226  -31.881  13.127  -6.745 0.0000000000
92448  -31.867  11.966  -5.901 0.0000000000
93219  -32.824  12.486  -6.532 0.0000000000
94046  -32.642  13.381  -6.791 0.0000000000
94047  -33.434  12.907  -6.387 0.0000000000
93220  -33.595  12.227  -6.068 0.0000000000
93221  -34.316  12.258  -5.306 0.0000000000
92443  -34.368  11.717  -4.722 0.0000000000
145387  -33.576  9.554  -4.403 0.0000000000
147375  -34.223  10.677  -3.488 0.0000000000
92431  -34.070  11.289  -3.930 0.0000000000
91667  -34.978  11.227  -3.091 0.0000000000
91651  -34.707  10.336  -2.817 0.0000000000
90924  -35.466  9.853  -2.086 0.0000000000
90912  -35.619  9.364  -1.426 0.0000000000
87000  -31.582  4.670  -2.878 0.0000000000
87745  -32.074  5.480  -2.785 0.0000000000
88520  -33.291  6.788  -2.549 0.0000000000
134952  -33.532  6.645  -1.972 0.0000000000
152861  -34.598  6.933  -0.709 0.0000000000
90091  -35.759  8.374  -0.404 0.0000000000
90093  -37.812  8.638  -0.498 0.0000000000
89274  -36.347  7.772  0.020 0.0000000000
87695  -35.675  5.748  0.358 0.0000000000
88473  -36.413  6.229  0.429 0.0000000000
88474  -37.369  6.392  0.409 0.0000000000
88490  -38.404  6.660  0.053 0.0000000000
87696  -37.011  5.517  0.617 0.0000000000
85292  -32.889  2.456  -1.357 0.0000000000
86155  -33.793  3.062  -0.384 0.0000000000
86122  -36.053  3.240  0.986 0.0000000000
86943  -35.592  4.015  0.780 0.0000000000
86933  -37.089  3.963  0.834 0.0000000000
86945  -37.469  4.710  0.582 0.0000000000
86124  -37.914  3.927  0.585 0.0000000000
84340  -37.383  2.124  2.084 0.0000000000
136053  -38.254  1.655  1.476 0.0000000000
81893  -28.803  -0.597  -2.559 0.0000000000
81021  -31.354  -2.231  -1.508 0.0000000000
81882  -30.878  -1.529  -1.779 0.0000000000
81883  -31.672  -1.517  -1.479 0.0000000000
82735  -32.078  -0.742  -1.348 0.0000000000
81884  -32.291  -1.503  -1.042 0.0000000000
80116  -31.832  -3.543  -0.575 0.0000000000
141443  -32.236  -2.967  -0.476 0.0000000000
80986  -32.756  -2.796  0.170 0.0000000000
81848  -34.527  -1.436  0.973 0.0000000000
81847  -33.899  -1.509  0.583 0.0000000000
82704  -34.207  -0.822  0.539 0.0000000000
82691  -34.707  -0.586  0.924 0.0000000000
83516  -34.895  0.311  0.986 0.0000000000
82692  -34.958  -0.219  1.673 0.0000000000
82674  -37.281  -0.354  2.818 0.0000000000
152557  -36.933  0.228  2.661 0.0000000000
83504  -38.459  0.074  2.265 0.0000000000
74753  -30.286  -9.264  0.595 0.0000000000
153205  -31.225  -9.336  1.441 0.0000000000
74741  -30.906  -8.987  0.913 0.0000000000
74743  -31.939  -9.283  1.912 0.0000000000
83580  -30.366  0.827  -2.955 0.0000000000
82756  -30.030  -0.530  -4.673 0.0000000000
134041  -29.856  -0.424  -3.138 0.0000000000
77521  -30.859  -6.232  -0.345 0.0000000000
78382  -31.543  -5.748  0.078 0.0000000000
78372  -32.793  -5.733  1.187 0.0000000000
78360  -34.049  -5.918  2.017 0.0000000000
77492  -33.400  -6.285  1.629 0.0000000000
77477  -33.989  -6.826  2.052 0.0000000000
68412  -28.118  -16.413  4.635 0.0000000000
71155  -28.169  -13.839  2.662 0.0000000000
70203  -28.578  -14.417  3.818 0.0000000000
70204  -29.095  -14.002  3.912 0.0000000000
76584  -29.481  -7.875  -3.328 0.0000000000
75677  -28.520  -8.452  -3.187 0.0000000000
75668  -28.450  -8.838  -3.015 0.0000000000
75659  -28.600  -8.520  -1.844 0.0000000000
92441  -33.280  10.845  -5.619 0.0000000000
90121  -34.119  8.874  -2.424 0.0000000000
87746  -32.769  5.534  -2.215 0.0000000000
88504  -33.609  6.263  -1.649 0.0000000000
87730  -33.440  5.583  -1.557 0.0000000000
156576  -34.789  6.469  -0.269 0.0000000000
89256  -35.988  6.953  0.134 0.0000000000
88489  -34.980  6.069  0.103 0.0000000000
87718  -35.086  5.369  0.281 0.0000000000
84378  -34.050  2.150  -0.053 0.0000000000
86156  -34.326  2.997  0.216 0.0000000000
85251  -34.568  2.442  0.409 0.0000000000
85252  -35.042  2.435  0.774 0.0000000000
85236  -35.693  2.561  1.061 0.0000000000
144302  -37.479  3.258  0.939 0.0000000000
85237  -36.448  2.696  1.470 0.0000000000
84339  -36.761  2.191  2.129 0.0000000000
83518  -36.350  1.387  2.298 0.0000000000
81881  -29.847  -1.550  -2.300 0.0000000000
81033  -30.127  -2.644  -2.045 0.0000000000
81020  -30.728  -2.405  -1.776 0.0000000000
80103  -33.404  -3.160  0.791 0.0000000000
80973  -33.959  -2.697  1.198 0.0000000000
80974  -34.432  -2.168  1.419 0.0000000000
81835  -35.152  -0.721  2.176 0.0000000000
81815  -35.758  -0.839  2.628 0.0000000000
143074  -36.680  -0.958  3.014 0.0000000000
81817  -37.661  -1.079  3.047 0.0000000000
81818  -38.456  -1.216  2.607 0.0000000000
72042  -28.953  -12.375  1.854 0.0000000000
72926  -28.646  -12.106  1.019 0.0000000000
73877  -29.384  -10.670  0.631 0.0000000000
156172  -30.018  -10.382  1.005 0.0000000000
73863  -30.369  -10.493  1.658 0.0000000000
86174  -32.623  3.325  -1.565 0.0000000000
85291  -32.202  2.612  -1.875 0.0000000000
84395  -32.463  1.706  -1.609 0.0000000000
84394  -31.853  1.159  -1.946 0.0000000000
84396  -33.113  1.643  -1.127 0.0000000000
154756  -32.797  1.268  -1.293 0.0000000000
84376  -33.122  0.839  -0.990 0.0000000000
153996  -33.602  0.682  -0.614 0.0000000000
79315  -30.059  -4.705  -2.751 0.0000000000
79301  -31.023  -4.390  -1.401 0.0000000000
79281  -31.483  -4.235  -0.689 0.0000000000
79269  -32.583  -4.199  0.568 0.0000000000
80089  -33.924  -3.640  1.444 0.0000000000
80074  -35.044  -3.330  2.538 0.0000000000
135411  -35.930  -3.207  3.292 0.0000000000
138608  -34.671  -5.521  2.425 0.0000000000
68390  -26.993  -16.748  5.002 0.0000000000
72030  -28.552  -13.149  2.197 0.0000000000
72032  -30.123  -12.237  2.973 0.0000000000
78416  -30.476  -5.697  -2.207 0.0000000000
78396  -30.506  -5.897  -1.117 0.0000000000
76585  -30.171  -7.249  -3.083 0.0000000000
77531  -30.344  -6.546  -1.935 0.0000000000
76557  -30.764  -7.071  -0.155 0.0000000000
76543  -31.347  -7.494  0.459 0.0000000000
94055  -30.593  13.998  -6.797 0.0000000000
94032  -35.061  13.367  -3.852 0.0000000000
93206  -35.382  12.646  -3.545 0.0000000000
91676  -33.484  10.164  -5.065 0.0000000000
92432  -34.810  11.930  -3.683 0.0000000000
91652  -35.768  10.619  -2.404 0.0000000000
88518  -31.958  6.027  -3.409 0.0000000000
89301  -33.008  6.983  -3.162 0.0000000000
90107  -34.477  8.486  -1.533 0.0000000000
88505  -33.910  6.808  -1.465 0.0000000000
89272  -34.210  7.613  -1.419 0.0000000000
90108  -35.267  8.798  -1.062 0.0000000000
90899  -36.163  9.107  -0.812 0.0000000000
90900  -37.080  9.310  -0.880 0.0000000000
89257  -36.848  7.097  0.315 0.0000000000
139397  -37.605  7.163  0.219 0.0000000000
88491  -39.192  6.531  -0.627 0.0000000000
87698  -39.008  5.850  -0.120 0.0000000000
144667  -33.639  3.928  -0.713 0.0000000000
86967  -34.794  4.570  0.320 0.0000000000
136424  -35.646  4.976  0.533 0.0000000000
86157  -34.776  3.593  0.546 0.0000000000
86125  -38.365  3.173  0.649 0.0000000000
81895  -30.206  -0.933  -2.386 0.0000000000
83550  -33.329  0.039  -0.557 0.0000000000
81003  -31.735  -2.794  -1.072 0.0000000000
80987  -33.490  -2.256  0.545 0.0000000000
81005  -32.923  -2.062  -0.038 0.0000000000
81865  -32.819  -1.492  -0.439 0.0000000000
82719  -33.283  -0.839  -0.226 0.0000000000
82703  -33.819  -0.335  0.037 0.0000000000
83517  -35.321  0.831  2.024 0.0000000000
83502  -37.016  0.923  2.520 0.0000000000
82672  -35.568  -0.102  2.359 0.0000000000
84323  -37.658  1.302  2.265 0.0000000000
75646  -28.596  -9.521  -1.065 0.0000000000
75647  -29.190  -8.830  -0.752 0.0000000000
74752  -29.689  -9.876  0.505 0.0000000000
75630  -29.730  -9.062  0.088 0.0000000000
75632  -31.164  -8.272  0.686 0.0000000000
76531  -31.878  -7.939  0.994 0.0000000000
73862  -29.710  -10.945  1.291 0.0000000000
75676  -27.434  -8.354  -2.619 0.0000000000
76565  -29.241  -8.184  -2.515 0.0000000000
76575  -30.003  -7.695  -2.781 0.0000000000
76576  -30.179  -7.169  -2.568 0.0000000000
76583  -28.667  -7.424  -3.297 0.0000000000
76598  -29.409  -7.119  -3.377 0.0000000000
76599  -30.078  -7.273  -3.353 0.0000000000
78430  -29.634  -5.213  -3.061 0.0000000000
78431  -30.255  -5.552  -3.244 0.0000000000
79314  -30.214  -4.666  -3.179 0.0000000000
80117  -32.352  -3.528  0.039 0.0000000000
81040  -28.704  -1.843  -4.260 0.0000000000
81903  -29.277  -1.422  -3.803 0.0000000000
81904  -29.775  -1.439  -4.794 0.0000000000
82746  -30.220  -0.170  -3.079 0.0000000000
82748  -30.925  -0.072  -1.988 0.0000000000
83533  -34.529  0.847  0.463 0.0000000000
84408  -31.816  1.949  -2.138 0.0000000000
86134  -35.312  3.117  0.828 0.0000000000
86932  -36.414  3.832  0.882 0.0000000000
89255  -35.217  6.737  -0.091 0.0000000000
143337  -33.694  -1.000  0.242 0.0000000000
150644  -30.016  -7.689  -3.119 0.0000000000
155937  -34.687  -1.672  1.618 0.0000000000
