#!ascii label  , from subject sub-v1s15x0050212_ses-1 vox2ras=TkReg
1387
55448  -43.086  -25.104  57.916 0.0000000000
121851  -57.401  -18.146  53.456 0.0000000000
59063  -50.045  -21.643  56.422 0.0000000000
41373  -10.432  -39.334  78.227 0.0000000000
130621  -40.276  -27.278  62.060 0.0000000000
42321  -28.156  -38.423  77.732 0.0000000000
48481  -35.859  -32.514  74.529 0.0000000000
50438  -41.992  -31.200  69.860 0.0000000000
119167  -44.139  -28.141  67.816 0.0000000000
111090  -19.348  -37.713  73.873 0.0000000000
42281  -23.511  -38.430  79.399 0.0000000000
110635  -23.496  -37.419  73.212 0.0000000000
48543  -31.559  -32.617  70.289 0.0000000000
49464  -36.061  -31.471  69.873 0.0000000000
57265  -45.360  -24.138  64.652 0.0000000000
55352  -48.780  -25.749  63.969 0.0000000000
127701  -54.228  -20.940  54.868 0.0000000000
58214  -46.536  -22.600  57.594 0.0000000000
109605  -55.100  -15.414  50.116 0.0000000000
38618  -7.602  -42.419  80.297 0.0000000000
56336  -42.805  -24.209  66.359 0.0000000000
120016  -40.703  -24.514  60.351 0.0000000000
45341  -27.656  -36.023  71.136 0.0000000000
45288  -32.266  -35.396  75.864 0.0000000000
58173  -51.203  -21.490  62.364 0.0000000000
110329  -63.689  -13.300  47.433 0.0000000000
110455  -38.566  -31.320  67.001 0.0000000000
50483  -40.225  -30.333  66.220 0.0000000000
43284  -21.728  -37.522  73.241 0.0000000000
110019  -33.773  -31.380  67.912 0.0000000000
110016  -36.460  -31.427  67.498 0.0000000000
49488  -38.964  -31.821  69.811 0.0000000000
55379  -44.131  -25.798  61.470 0.0000000000
132487  -46.614  -26.187  64.180 0.0000000000
56412  -45.492  -25.097  61.446 0.0000000000
60721  -55.439  -19.513  53.814 0.0000000000
59869  -57.426  -20.019  56.642 0.0000000000
62442  -59.744  -17.124  53.668 0.0000000000
40479  -9.178  -40.686  75.361 0.0000000000
40403  -8.569  -40.441  79.327 0.0000000000
53420  -43.344  -27.828  64.908 0.0000000000
121108  -43.727  -26.090  66.659 0.0000000000
55336  -41.604  -25.353  63.768 0.0000000000
56375  -41.550  -23.750  63.396 0.0000000000
55361  -40.215  -24.900  61.599 0.0000000000
127623  -26.134  -38.486  79.052 0.0000000000
42241  -25.507  -38.627  82.269 0.0000000000
42263  -27.822  -37.731  82.082 0.0000000000
118736  -29.773  -37.115  81.164 0.0000000000
44372  -25.986  -35.992  69.563 0.0000000000
46508  -27.691  -34.256  68.003 0.0000000000
48515  -33.728  -32.578  72.261 0.0000000000
47482  -31.559  -33.891  72.802 0.0000000000
47466  -33.995  -34.251  75.033 0.0000000000
45271  -33.428  -35.167  78.515 0.0000000000
112336  -14.479  -37.895  75.347 0.0000000000
43148  -15.961  -37.117  78.552 0.0000000000
124210  -16.308  -37.103  81.029 0.0000000000
116476  -48.324  -21.605  57.030 0.0000000000
58193  -48.255  -22.216  59.790 0.0000000000
59838  -50.853  -21.022  59.131 0.0000000000
67988  -65.508  -10.706  47.110 0.0000000000
42213  -9.272  -38.174  82.243 0.0000000000
51336  -42.920  -29.212  72.488 0.0000000000
52319  -43.298  -28.062  71.208 0.0000000000
51365  -42.563  -29.621  69.462 0.0000000000
51425  -41.795  -29.207  65.760 0.0000000000
116825  -19.148  -37.797  76.362 0.0000000000
42299  -20.952  -38.335  78.843 0.0000000000
43202  -21.773  -37.859  76.743 0.0000000000
43204  -23.876  -37.703  76.826 0.0000000000
43231  -25.762  -37.607  75.738 0.0000000000
48584  -29.909  -32.900  68.120 0.0000000000
49525  -31.591  -31.541  67.691 0.0000000000
48564  -33.578  -31.924  70.360 0.0000000000
49422  -35.774  -31.608  72.161 0.0000000000
111055  -38.776  -31.604  72.233 0.0000000000
49427  -41.788  -31.868  72.299 0.0000000000
43279  -16.542  -36.897  73.707 0.0000000000
58117  -46.940  -22.174  67.134 0.0000000000
58921  -50.071  -20.885  70.609 0.0000000000
57225  -48.579  -23.123  67.415 0.0000000000
56341  -50.467  -25.022  66.630 0.0000000000
59083  -51.606  -21.410  55.294 0.0000000000
125451  -52.675  -20.523  58.687 0.0000000000
109459  -55.784  -20.088  58.522 0.0000000000
33833  -3.755  -47.663  82.863 0.0000000000
57325  -44.542  -23.745  57.596 0.0000000000
58259  -45.385  -22.210  54.530 0.0000000000
59913  -49.078  -20.686  52.925 0.0000000000
60736  -51.480  -19.772  53.123 0.0000000000
61558  -52.902  -18.316  52.872 0.0000000000
63366  -54.707  -16.646  52.503 0.0000000000
63387  -56.076  -16.144  51.957 0.0000000000
64278  -53.504  -15.474  50.519 0.0000000000
40359  -7.977  -40.691  82.612 0.0000000000
38597  -6.637  -42.615  83.712 0.0000000000
36778  -4.553  -44.764  83.806 0.0000000000
58059  -46.075  -22.428  71.970 0.0000000000
54349  -44.129  -25.839  70.846 0.0000000000
56295  -44.346  -23.875  69.449 0.0000000000
58097  -44.783  -21.928  68.605 0.0000000000
129073  -43.473  -22.876  65.242 0.0000000000
56394  -42.834  -24.291  62.231 0.0000000000
55403  -42.385  -25.944  59.399 0.0000000000
42238  -22.671  -38.536  83.001 0.0000000000
127919  -26.054  -36.689  72.336 0.0000000000
43261  -28.130  -37.152  74.827 0.0000000000
46479  -29.644  -34.342  70.681 0.0000000000
45308  -29.838  -35.856  74.074 0.0000000000
43210  -30.198  -37.183  76.793 0.0000000000
44219  -31.744  -36.414  78.873 0.0000000000
109881  -11.103  -40.185  75.945 0.0000000000
129592  -13.338  -38.690  75.778 0.0000000000
43168  -12.368  -38.042  77.963 0.0000000000
57294  -47.106  -23.195  60.657 0.0000000000
56400  -50.295  -23.928  62.815 0.0000000000
56385  -53.217  -23.936  63.799 0.0000000000
58183  -53.805  -20.487  61.987 0.0000000000
64268  -58.270  -14.948  52.139 0.0000000000
65327  -60.021  -14.139  52.356 0.0000000000
65338  -62.385  -14.123  51.625 0.0000000000
65384  -61.760  -14.018  47.876 0.0000000000
66274  -64.533  -12.865  51.646 0.0000000000
49544  -37.631  -31.395  66.074 0.0000000000
49567  -38.184  -31.247  65.561 0.0000000000
127842  -37.404  -31.273  64.476 0.0000000000
111050  -35.388  -31.465  66.221 0.0000000000
111049  -36.235  -31.541  66.073 0.0000000000
110015  -37.358  -31.415  67.439 0.0000000000
55405  -43.605  -25.779  60.283 0.0000000000
55380  -44.918  -25.831  61.925 0.0000000000
56420  -44.461  -25.050  60.103 0.0000000000
110532  -56.583  -18.871  53.679 0.0000000000
59891  -56.802  -20.095  54.592 0.0000000000
60723  -57.956  -19.617  54.193 0.0000000000
60742  -59.321  -18.978  53.733 0.0000000000
62441  -58.069  -17.511  53.234 0.0000000000
40443  -9.722  -40.384  77.079 0.0000000000
40442  -8.969  -40.742  77.582 0.0000000000
41371  -9.147  -40.078  78.939 0.0000000000
53449  -41.485  -26.978  63.309 0.0000000000
53435  -41.985  -26.547  63.819 0.0000000000
54419  -41.045  -26.208  62.817 0.0000000000
54418  -40.583  -25.478  62.263 0.0000000000
114525  -40.156  -25.958  61.792 0.0000000000
42276  -18.867  -38.065  80.257 0.0000000000
42305  -26.844  -38.564  78.659 0.0000000000
42284  -26.714  -38.642  79.810 0.0000000000
42286  -28.208  -38.153  79.711 0.0000000000
43115  -28.905  -37.718  81.484 0.0000000000
43158  -28.954  -37.624  79.249 0.0000000000
48499  -34.783  -32.828  73.586 0.0000000000
47484  -33.465  -33.536  73.508 0.0000000000
47467  -34.778  -33.746  74.821 0.0000000000
47448  -34.693  -34.235  75.808 0.0000000000
43199  -17.528  -37.646  76.770 0.0000000000
43149  -16.905  -37.567  78.451 0.0000000000
118524  -17.181  -37.505  79.969 0.0000000000
57191  -47.779  -22.857  70.725 0.0000000000
59061  -48.578  -21.488  56.491 0.0000000000
111193  -49.482  -21.625  58.304 0.0000000000
109620  -50.646  -21.392  58.193 0.0000000000
50428  -42.466  -30.404  71.324 0.0000000000
51352  -42.567  -29.660  70.740 0.0000000000
50452  -42.108  -30.249  69.487 0.0000000000
122744  -41.071  -29.803  65.819 0.0000000000
51441  -40.921  -29.899  64.017 0.0000000000
51457  -41.449  -29.268  63.491 0.0000000000
43253  -18.862  -37.641  74.735 0.0000000000
116824  -20.033  -37.842  76.149 0.0000000000
43226  -20.300  -37.834  75.359 0.0000000000
43285  -22.586  -37.541  73.258 0.0000000000
43256  -22.487  -37.636  74.730 0.0000000000
116819  -24.189  -37.511  74.838 0.0000000000
120719  -24.924  -37.478  75.932 0.0000000000
43257  -24.739  -37.418  74.175 0.0000000000
49524  -29.963  -31.613  67.166 0.0000000000
49503  -35.152  -31.480  68.373 0.0000000000
111097  -33.424  -31.481  68.651 0.0000000000
49485  -35.006  -31.544  69.751 0.0000000000
49444  -34.693  -31.802  71.205 0.0000000000
123498  -36.127  -31.467  70.811 0.0000000000
49447  -37.128  -31.332  71.845 0.0000000000
116894  -37.753  -31.401  71.186 0.0000000000
120886  -40.812  -32.197  69.944 0.0000000000
49469  -39.699  -32.099  71.007 0.0000000000
112207  -41.853  -31.501  70.733 0.0000000000
50417  -42.456  -31.129  72.180 0.0000000000
43281  -18.325  -37.386  73.873 0.0000000000
58151  -45.811  -22.748  65.670 0.0000000000
113974  -47.198  -22.605  66.678 0.0000000000
57256  -46.750  -24.017  66.097 0.0000000000
110542  -47.730  -25.949  63.863 0.0000000000
55327  -48.720  -25.603  65.526 0.0000000000
55328  -49.551  -25.701  65.352 0.0000000000
55318  -51.957  -25.290  66.196 0.0000000000
55341  -50.777  -25.797  64.737 0.0000000000
59100  -53.246  -21.214  55.232 0.0000000000
59066  -53.518  -21.324  56.721 0.0000000000
59879  -55.088  -21.187  55.821 0.0000000000
59050  -58.472  -19.789  57.095 0.0000000000
59927  -49.936  -20.160  52.701 0.0000000000
60756  -49.672  -19.298  52.550 0.0000000000
62457  -51.630  -17.715  52.290 0.0000000000
62479  -52.028  -16.993  52.059 0.0000000000
115802  -53.369  -17.561  52.661 0.0000000000
63384  -53.367  -16.334  51.810 0.0000000000
63385  -54.255  -16.128  52.005 0.0000000000
39530  -7.675  -41.958  77.960 0.0000000000
113953  -7.142  -43.061  79.819 0.0000000000
42197  -8.594  -38.440  83.606 0.0000000000
41315  -8.342  -39.374  82.304 0.0000000000
41304  -8.145  -39.652  83.953 0.0000000000
39450  -6.820  -41.409  85.374 0.0000000000
38591  -5.091  -42.717  85.050 0.0000000000
37698  -5.198  -43.471  83.902 0.0000000000
37688  -4.947  -43.042  85.091 0.0000000000
35829  -5.606  -44.839  84.563 0.0000000000
53361  -43.755  -27.910  69.629 0.0000000000
54335  -43.808  -26.664  71.106 0.0000000000
54355  -43.859  -27.133  69.433 0.0000000000
55314  -43.108  -24.994  66.622 0.0000000000
55295  -43.851  -24.833  68.425 0.0000000000
56307  -43.789  -23.755  68.317 0.0000000000
132263  -44.542  -22.720  68.986 0.0000000000
58114  -43.606  -22.720  67.365 0.0000000000
128216  -44.081  -22.309  67.389 0.0000000000
120177  -42.954  -22.991  65.747 0.0000000000
56392  -41.002  -24.120  62.020 0.0000000000
57277  -42.227  -23.566  62.975 0.0000000000
56410  -41.549  -24.283  61.414 0.0000000000
55377  -42.580  -25.455  60.761 0.0000000000
55402  -41.381  -25.504  59.566 0.0000000000
42280  -22.569  -38.462  79.289 0.0000000000
42258  -22.275  -38.578  80.437 0.0000000000
42259  -23.204  -38.531  80.274 0.0000000000
44350  -27.018  -36.182  70.736 0.0000000000
109669  -26.331  -36.450  70.977 0.0000000000
44301  -27.398  -36.657  72.364 0.0000000000
126898  -27.140  -36.876  73.967 0.0000000000
44302  -28.113  -36.404  72.746 0.0000000000
47546  -29.954  -32.813  69.026 0.0000000000
47528  -29.497  -33.514  69.359 0.0000000000
47518  -30.375  -33.121  70.287 0.0000000000
46434  -31.647  -34.750  74.001 0.0000000000
46448  -30.646  -34.703  72.756 0.0000000000
116009  -31.117  -35.462  74.676 0.0000000000
44247  -30.434  -36.537  75.540 0.0000000000
44248  -31.097  -36.204  75.806 0.0000000000
44218  -31.029  -36.640  78.364 0.0000000000
44231  -31.569  -36.332  77.669 0.0000000000
109712  -38.991  -30.580  74.719 0.0000000000
42338  -13.928  -38.286  75.332 0.0000000000
43194  -13.456  -37.910  76.929 0.0000000000
42317  -12.758  -38.423  77.289 0.0000000000
112640  -15.994  -37.071  82.395 0.0000000000
57326  -45.243  -23.337  57.451 0.0000000000
57302  -45.783  -23.584  59.264 0.0000000000
58191  -46.455  -23.049  59.097 0.0000000000
58994  -50.166  -21.645  61.420 0.0000000000
58163  -49.292  -22.542  61.731 0.0000000000
58165  -50.524  -22.226  62.161 0.0000000000
56401  -51.148  -24.032  62.722 0.0000000000
57283  -52.368  -23.367  62.059 0.0000000000
59841  -54.397  -19.400  60.444 0.0000000000
59827  -53.741  -19.283  61.104 0.0000000000
59016  -55.202  -19.408  61.326 0.0000000000
64265  -55.693  -15.687  51.401 0.0000000000
64248  -57.025  -16.100  52.155 0.0000000000
120317  -56.961  -15.533  51.145 0.0000000000
64283  -58.339  -15.360  50.663 0.0000000000
64284  -60.036  -14.941  50.559 0.0000000000
65328  -61.160  -14.437  52.549 0.0000000000
64285  -60.892  -15.076  50.334 0.0000000000
66345  -61.724  -12.994  45.935 0.0000000000
66317  -60.394  -13.572  46.709 0.0000000000
66304  -62.956  -13.572  48.331 0.0000000000
66290  -62.828  -13.794  49.620 0.0000000000
115704  -63.628  -13.276  49.346 0.0000000000
66306  -64.984  -11.634  48.848 0.0000000000
67982  -66.100  -10.601  47.703 0.0000000000
49508  -40.097  -31.574  68.533 0.0000000000
130774  -41.075  -30.745  68.264 0.0000000000
49547  -39.624  -30.794  66.823 0.0000000000
130754  -39.196  -30.614  65.483 0.0000000000
111089  -20.285  -37.715  73.893 0.0000000000
110618  -33.601  -31.187  66.308 0.0000000000
110012  -35.016  -31.367  66.990 0.0000000000
49504  -36.050  -31.447  68.268 0.0000000000
49486  -37.076  -31.354  69.657 0.0000000000
111052  -37.626  -31.436  68.793 0.0000000000
49507  -39.223  -31.506  68.356 0.0000000000
56377  -44.876  -25.583  62.928 0.0000000000
57266  -45.898  -24.852  64.937 0.0000000000
55351  -45.575  -25.828  63.463 0.0000000000
55366  -46.239  -25.956  63.174 0.0000000000
56397  -47.506  -25.182  62.591 0.0000000000
126163  -54.928  -20.386  54.093 0.0000000000
59880  -55.944  -20.774  55.351 0.0000000000
125840  -56.461  -20.277  55.004 0.0000000000
59881  -58.251  -20.248  55.597 0.0000000000
62443  -60.677  -17.044  54.063 0.0000000000
39531  -8.294  -41.409  77.513 0.0000000000
40402  -7.981  -40.956  79.302 0.0000000000
53407  -43.803  -27.882  66.303 0.0000000000
54372  -44.355  -26.614  67.412 0.0000000000
125480  -43.434  -26.645  66.017 0.0000000000
54383  -42.957  -25.624  65.879 0.0000000000
115887  -42.292  -24.654  65.429 0.0000000000
56351  -41.888  -23.881  65.080 0.0000000000
56361  -41.321  -24.272  63.674 0.0000000000
55362  -40.653  -24.563  62.167 0.0000000000
55389  -40.075  -24.443  60.941 0.0000000000
42303  -24.629  -38.230  78.738 0.0000000000
42260  -24.088  -38.505  80.203 0.0000000000
42261  -25.804  -38.647  81.018 0.0000000000
42242  -26.639  -38.629  82.258 0.0000000000
43104  -29.561  -37.694  81.486 0.0000000000
45394  -26.937  -35.116  68.775 0.0000000000
45375  -28.096  -34.876  69.832 0.0000000000
48530  -32.522  -32.787  71.352 0.0000000000
47507  -31.601  -33.226  71.498 0.0000000000
131270  -32.673  -33.154  72.589 0.0000000000
46451  -32.889  -34.124  73.915 0.0000000000
46424  -32.680  -34.878  75.226 0.0000000000
45289  -32.811  -35.207  76.695 0.0000000000
46414  -34.068  -34.454  76.661 0.0000000000
43250  -15.423  -37.342  74.430 0.0000000000
43221  -15.414  -37.497  76.020 0.0000000000
44229  -15.159  -37.055  78.189 0.0000000000
44205  -14.928  -36.842  79.885 0.0000000000
43129  -15.847  -36.973  79.552 0.0000000000
58227  -47.028  -22.334  57.060 0.0000000000
58203  -47.529  -22.319  58.623 0.0000000000
59027  -48.095  -21.797  58.209 0.0000000000
59013  -50.079  -21.398  60.056 0.0000000000
58996  -51.308  -20.589  62.129 0.0000000000
65361  -54.467  -14.359  48.574 0.0000000000
64295  -55.919  -15.450  49.645 0.0000000000
65362  -55.362  -14.503  48.426 0.0000000000
66347  -63.414  -13.006  45.795 0.0000000000
66330  -64.446  -12.663  46.955 0.0000000000
67224  -63.986  -12.361  45.408 0.0000000000
67240  -64.364  -11.303  45.138 0.0000000000
42273  -10.637  -38.546  79.468 0.0000000000
42272  -9.880  -38.811  79.765 0.0000000000
53316  -43.981  -27.549  72.928 0.0000000000
52318  -43.065  -28.670  71.754 0.0000000000
52330  -43.440  -28.386  70.273 0.0000000000
52356  -43.755  -28.579  68.510 0.0000000000
51374  -41.913  -29.779  67.962 0.0000000000
51387  -42.439  -29.238  67.405 0.0000000000
52380  -43.212  -28.443  66.263 0.0000000000
52390  -42.768  -28.592  65.425 0.0000000000
52415  -41.458  -28.121  63.210 0.0000000000
43174  -18.804  -37.930  77.894 0.0000000000
42298  -20.093  -38.218  79.019 0.0000000000
121822  -19.954  -37.870  77.815 0.0000000000
43153  -21.156  -37.949  78.116 0.0000000000
42301  -22.585  -38.117  78.390 0.0000000000
125323  -21.619  -37.707  74.678 0.0000000000
43203  -22.551  -37.797  76.861 0.0000000000
43179  -23.613  -37.836  77.537 0.0000000000
43157  -25.086  -37.865  78.089 0.0000000000
42318  -25.752  -37.911  77.721 0.0000000000
43183  -26.845  -38.031  77.125 0.0000000000
48599  -30.370  -32.283  67.770 0.0000000000
125052  -31.132  -32.127  68.632 0.0000000000
49526  -32.365  -31.351  67.880 0.0000000000
49483  -32.221  -31.616  69.264 0.0000000000
110824  -31.939  -32.014  69.847 0.0000000000
48545  -33.088  -32.159  70.797 0.0000000000
48516  -34.552  -32.267  72.415 0.0000000000
129386  -35.595  -31.975  73.170 0.0000000000
48482  -36.538  -31.916  74.601 0.0000000000
49400  -36.778  -31.484  73.248 0.0000000000
49402  -38.316  -31.287  73.680 0.0000000000
110867  -39.816  -31.818  73.385 0.0000000000
116893  -38.730  -31.662  71.318 0.0000000000
49425  -39.624  -32.027  72.465 0.0000000000
49403  -40.732  -31.760  73.635 0.0000000000
49405  -42.483  -31.221  73.769 0.0000000000
43251  -16.540  -37.009  74.399 0.0000000000
58949  -46.731  -21.596  69.060 0.0000000000
58951  -48.660  -21.635  68.700 0.0000000000
58099  -49.365  -21.825  68.565 0.0000000000
57212  -51.022  -22.705  68.518 0.0000000000
56338  -47.571  -24.428  66.424 0.0000000000
56321  -48.837  -24.217  67.376 0.0000000000
59082  -50.610  -21.599  55.636 0.0000000000
59046  -51.245  -21.339  57.734 0.0000000000
59047  -51.952  -21.326  57.214 0.0000000000
109821  -54.044  -20.378  58.742 0.0000000000
59842  -56.345  -18.983  60.286 0.0000000000
59854  -56.596  -20.351  57.375 0.0000000000
110918  -57.113  -19.471  58.839 0.0000000000
56477  -42.848  -24.569  56.212 0.0000000000
56455  -43.878  -24.236  57.745 0.0000000000
128245  -43.496  -24.207  56.254 0.0000000000
57340  -44.561  -23.270  56.296 0.0000000000
58225  -44.992  -22.618  55.950 0.0000000000
58241  -45.644  -22.377  55.402 0.0000000000
59078  -46.797  -21.891  55.422 0.0000000000
59079  -47.524  -21.666  55.469 0.0000000000
112121  -48.958  -21.408  55.211 0.0000000000
59097  -49.216  -21.324  54.273 0.0000000000
59098  -50.849  -21.323  54.633 0.0000000000
59915  -51.612  -20.511  53.682 0.0000000000
59916  -52.300  -19.963  53.592 0.0000000000
61556  -50.315  -18.699  52.428 0.0000000000
60737  -52.360  -19.130  53.157 0.0000000000
60738  -53.678  -19.483  53.823 0.0000000000
109485  -54.170  -18.835  53.641 0.0000000000
61537  -55.282  -18.277  53.733 0.0000000000
62439  -55.824  -17.748  53.466 0.0000000000
62440  -57.167  -17.403  53.271 0.0000000000
63367  -55.606  -16.590  52.458 0.0000000000
64264  -54.772  -15.678  51.478 0.0000000000
64294  -54.277  -15.262  49.939 0.0000000000
65349  -54.028  -14.767  49.279 0.0000000000
41346  -8.627  -39.743  80.560 0.0000000000
41345  -7.961  -40.271  80.965 0.0000000000
39475  -7.772  -41.628  81.506 0.0000000000
40346  -7.555  -39.949  84.748 0.0000000000
39456  -7.682  -41.318  83.345 0.0000000000
39474  -7.356  -42.138  82.006 0.0000000000
37703  -6.420  -43.325  82.153 0.0000000000
36784  -5.252  -44.448  82.368 0.0000000000
36789  -4.652  -45.144  82.017 0.0000000000
35847  -4.107  -45.818  83.313 0.0000000000
58073  -46.508  -22.228  70.984 0.0000000000
55255  -44.430  -25.062  71.715 0.0000000000
113758  -43.899  -25.718  68.940 0.0000000000
55272  -44.358  -24.898  70.600 0.0000000000
58072  -44.849  -22.515  71.261 0.0000000000
58916  -45.052  -21.885  70.688 0.0000000000
58934  -46.164  -21.352  69.977 0.0000000000
132039  -45.385  -21.926  68.223 0.0000000000
58138  -45.095  -22.444  66.684 0.0000000000
57264  -44.706  -23.372  64.394 0.0000000000
57262  -42.060  -23.399  64.704 0.0000000000
57272  -43.121  -23.491  63.327 0.0000000000
56376  -44.051  -24.110  62.915 0.0000000000
55363  -43.657  -25.449  61.841 0.0000000000
54429  -43.227  -25.962  60.715 0.0000000000
55425  -42.339  -25.819  58.521 0.0000000000
53489  -39.220  -26.365  60.719 0.0000000000
132075  -39.188  -25.116  60.457 0.0000000000
55400  -39.411  -24.774  59.666 0.0000000000
55423  -39.973  -25.234  58.855 0.0000000000
54452  -40.888  -25.770  59.016 0.0000000000
55447  -40.998  -26.148  57.667 0.0000000000
114308  -41.650  -25.713  57.327 0.0000000000
56454  -42.462  -25.153  56.976 0.0000000000
42240  -24.567  -38.616  82.354 0.0000000000
43335  -24.081  -36.977  71.671 0.0000000000
43336  -24.933  -36.811  71.639 0.0000000000
112455  -25.117  -37.156  72.902 0.0000000000
129178  -25.965  -36.993  73.731 0.0000000000
121513  -26.853  -37.467  74.960 0.0000000000
111671  -28.107  -38.053  76.073 0.0000000000
46509  -28.391  -33.836  67.966 0.0000000000
47527  -28.704  -34.258  69.385 0.0000000000
46467  -28.965  -34.990  71.078 0.0000000000
47497  -30.845  -34.074  72.257 0.0000000000
46459  -29.881  -34.987  71.843 0.0000000000
111520  -29.184  -35.503  72.656 0.0000000000
44280  -29.084  -36.224  73.802 0.0000000000
43235  -29.309  -37.398  75.747 0.0000000000
43184  -29.005  -38.093  78.098 0.0000000000
43159  -29.838  -37.474  78.693 0.0000000000
44206  -30.979  -36.524  79.809 0.0000000000
125111  -10.431  -40.367  75.795 0.0000000000
41386  -10.622  -39.709  77.339 0.0000000000
42343  -12.944  -39.118  73.919 0.0000000000
41412  -12.322  -39.381  74.602 0.0000000000
129272  -11.704  -39.632  76.258 0.0000000000
41387  -11.453  -39.359  77.115 0.0000000000
42296  -10.874  -38.756  78.668 0.0000000000
43126  -11.897  -37.526  79.612 0.0000000000
44191  -15.054  -36.851  80.899 0.0000000000
56430  -45.134  -24.180  59.629 0.0000000000
131681  -46.193  -24.065  60.809 0.0000000000
127217  -48.090  -24.182  62.379 0.0000000000
58180  -47.774  -22.665  60.177 0.0000000000
57278  -48.650  -23.275  62.050 0.0000000000
56398  -48.868  -23.960  62.682 0.0000000000
55355  -51.418  -25.068  63.813 0.0000000000
59031  -51.471  -20.906  58.701 0.0000000000
59818  -52.687  -19.420  62.025 0.0000000000
58182  -52.942  -20.334  62.485 0.0000000000
63354  -57.794  -16.740  53.031 0.0000000000
64238  -59.015  -15.468  53.360 0.0000000000
64239  -60.034  -15.456  53.368 0.0000000000
64297  -57.372  -15.681  50.316 0.0000000000
65312  -58.984  -14.399  52.719 0.0000000000
64240  -60.650  -15.123  53.842 0.0000000000
64241  -62.075  -14.801  54.204 0.0000000000
118456  -62.780  -14.084  53.967 0.0000000000
65367  -60.264  -14.942  48.621 0.0000000000
65353  -62.151  -14.626  49.597 0.0000000000
66279  -63.238  -13.528  51.530 0.0000000000
67974  -65.686  -10.929  48.732 0.0000000000
111048  -36.938  -31.399  65.878 0.0000000000
129601  -37.367  -31.336  65.238 0.0000000000
49565  -35.701  -31.549  65.448 0.0000000000
49566  -36.495  -31.497  65.319 0.0000000000
56429  -43.788  -25.261  59.431 0.0000000000
131698  -56.981  -18.496  53.605 0.0000000000
60741  -57.487  -18.960  53.742 0.0000000000
127183  -58.430  -19.220  53.811 0.0000000000
61540  -58.418  -18.436  53.518 0.0000000000
41385  -10.060  -39.936  77.909 0.0000000000
41372  -9.793  -39.677  78.596 0.0000000000
53461  -41.020  -27.201  62.697 0.0000000000
123693  -40.626  -26.442  62.319 0.0000000000
126484  -39.807  -26.498  61.390 0.0000000000
43133  -19.254  -38.095  79.192 0.0000000000
42306  -27.748  -38.463  78.627 0.0000000000
128174  -27.439  -38.529  79.423 0.0000000000
42307  -28.411  -38.189  78.628 0.0000000000
48500  -35.432  -32.451  73.676 0.0000000000
48480  -35.119  -33.073  74.210 0.0000000000
47468  -35.459  -33.256  74.861 0.0000000000
48460  -35.898  -32.963  75.445 0.0000000000
43131  -17.511  -37.664  79.258 0.0000000000
110380  -49.171  -21.384  56.254 0.0000000000
131260  -49.660  -21.520  56.955 0.0000000000
124962  -50.373  -21.527  57.304 0.0000000000
50439  -42.257  -30.407  70.436 0.0000000000
50451  -41.739  -31.005  69.170 0.0000000000
116109  -39.524  -30.360  64.101 0.0000000000
50515  -40.199  -30.206  64.614 0.0000000000
43225  -19.421  -37.753  75.491 0.0000000000
43254  -19.813  -37.780  74.656 0.0000000000
111086  -22.986  -37.619  74.000 0.0000000000
111358  -23.852  -37.437  74.064 0.0000000000
111054  -35.611  -31.549  69.037 0.0000000000
131583  -34.795  -31.579  69.035 0.0000000000
128009  -35.279  -31.559  70.597 0.0000000000
118512  -36.902  -31.334  71.048 0.0000000000
49465  -36.726  -31.348  70.338 0.0000000000
49489  -41.344  -31.677  69.467 0.0000000000
125747  -41.522  -31.902  70.135 0.0000000000
131153  -42.195  -30.839  70.954 0.0000000000
57255  -45.259  -23.050  64.997 0.0000000000
57241  -46.641  -22.953  65.992 0.0000000000
113400  -46.005  -23.610  65.367 0.0000000000
118777  -49.065  -25.849  64.744 0.0000000000
130577  -49.346  -25.719  64.308 0.0000000000
126408  -49.910  -25.742  64.595 0.0000000000
55353  -49.653  -25.494  63.912 0.0000000000
113750  -53.225  -20.725  54.462 0.0000000000
59085  -53.969  -21.470  55.841 0.0000000000
117513  -48.986  -19.105  52.541 0.0000000000
62480  -52.900  -16.904  52.240 0.0000000000
63383  -52.485  -16.458  51.610 0.0000000000
63398  -52.963  -15.906  51.160 0.0000000000
39517  -7.745  -41.818  78.869 0.0000000000
38629  -7.479  -42.455  79.369 0.0000000000
38628  -6.996  -43.072  78.949 0.0000000000
42196  -8.236  -38.887  84.265 0.0000000000
42186  -7.947  -38.532  85.348 0.0000000000
36772  -5.593  -43.842  84.878 0.0000000000
53375  -44.148  -27.851  68.708 0.0000000000
56337  -43.069  -24.055  67.079 0.0000000000
121033  -43.499  -24.244  67.795 0.0000000000
56320  -43.403  -23.349  67.616 0.0000000000
129801  -43.140  -23.228  67.004 0.0000000000
58136  -43.248  -22.887  66.516 0.0000000000
57240  -42.830  -23.494  66.269 0.0000000000
55390  -41.419  -24.653  60.643 0.0000000000
131424  -41.378  -24.910  60.146 0.0000000000
125156  -27.024  -36.484  71.279 0.0000000000
124175  -27.365  -36.543  71.708 0.0000000000
44325  -27.974  -36.333  71.938 0.0000000000
48561  -30.750  -32.512  69.264 0.0000000000
47529  -30.098  -32.882  69.743 0.0000000000
48542  -30.848  -32.817  70.013 0.0000000000
45311  -32.061  -35.096  75.078 0.0000000000
45310  -31.609  -35.083  74.592 0.0000000000
45299  -31.518  -35.584  75.303 0.0000000000
111675  -31.658  -35.860  76.091 0.0000000000
44238  -31.335  -36.292  76.646 0.0000000000
45287  -32.023  -35.680  76.986 0.0000000000
50401  -39.492  -30.323  75.328 0.0000000000
132014  -13.868  -36.819  78.622 0.0000000000
58213  -45.857  -22.821  57.194 0.0000000000
57315  -45.854  -23.179  58.234 0.0000000000
58202  -46.783  -22.656  58.397 0.0000000000
113792  -51.166  -20.964  62.380 0.0000000000
58172  -50.656  -21.547  62.088 0.0000000000
57288  -51.214  -22.790  62.025 0.0000000000
57282  -51.526  -23.417  62.240 0.0000000000
128706  -52.062  -22.969  61.822 0.0000000000
59033  -55.578  -19.130  60.970 0.0000000000
59819  -54.617  -19.288  61.182 0.0000000000
64280  -55.743  -15.535  50.551 0.0000000000
129734  -56.241  -15.579  51.068 0.0000000000
64299  -59.697  -15.708  49.944 0.0000000000
64300  -60.435  -15.378  49.597 0.0000000000
131704  -63.064  -13.491  46.817 0.0000000000
111607  -62.503  -13.665  47.223 0.0000000000
66305  -64.205  -12.944  48.566 0.0000000000
66292  -64.621  -12.245  49.659 0.0000000000
66319  -64.529  -12.455  47.919 0.0000000000
49529  -39.709  -31.158  67.661 0.0000000000
114748  -39.146  -31.096  67.150 0.0000000000
119053  -38.053  -31.177  64.763 0.0000000000
49568  -38.800  -30.924  65.860 0.0000000000
49584  -38.697  -30.853  65.130 0.0000000000
115070  -33.594  -31.409  65.359 0.0000000000
110011  -35.931  -31.511  66.845 0.0000000000
110017  -35.536  -31.433  67.622 0.0000000000
49505  -36.967  -31.314  68.158 0.0000000000
49527  -38.154  -31.433  67.508 0.0000000000
49528  -38.879  -31.308  67.650 0.0000000000
55364  -44.545  -25.707  62.203 0.0000000000
55381  -45.760  -25.509  62.368 0.0000000000
56396  -46.742  -25.450  62.506 0.0000000000
56413  -46.343  -24.648  61.797 0.0000000000
125089  -55.948  -20.621  54.138 0.0000000000
59918  -56.269  -20.099  53.972 0.0000000000
59882  -58.599  -20.391  55.831 0.0000000000
115051  -60.706  -17.766  54.051 0.0000000000
40423  -8.625  -40.763  78.474 0.0000000000
39518  -8.002  -41.351  78.446 0.0000000000
53406  -43.537  -27.473  65.733 0.0000000000
54402  -42.567  -26.010  64.265 0.0000000000
54392  -43.100  -26.680  65.107 0.0000000000
131565  -42.507  -25.559  65.068 0.0000000000
55337  -41.827  -24.672  64.536 0.0000000000
55350  -41.002  -25.040  62.984 0.0000000000
121823  -25.004  -38.401  79.334 0.0000000000
112560  -24.932  -38.493  80.097 0.0000000000
42283  -25.756  -38.640  79.740 0.0000000000
42285  -27.533  -38.209  80.550 0.0000000000
42262  -26.911  -38.442  81.239 0.0000000000
111470  -27.437  -38.217  82.402 0.0000000000
43134  -28.999  -37.537  80.554 0.0000000000
46497  -27.572  -34.672  68.659 0.0000000000
45374  -27.486  -35.062  69.341 0.0000000000
46486  -28.001  -34.590  69.180 0.0000000000
48514  -32.934  -32.850  72.150 0.0000000000
114989  -33.678  -33.969  74.277 0.0000000000
46436  -33.181  -34.467  74.692 0.0000000000
46425  -33.379  -34.693  75.460 0.0000000000
46426  -33.946  -34.553  75.803 0.0000000000
47434  -34.842  -34.194  76.894 0.0000000000
116823  -16.061  -37.113  74.916 0.0000000000
116279  -15.245  -37.589  75.291 0.0000000000
126406  -15.886  -37.295  75.607 0.0000000000
125406  -16.358  -37.349  77.864 0.0000000000
44217  -15.106  -36.899  78.910 0.0000000000
42275  -17.918  -37.755  80.377 0.0000000000
43114  -17.262  -37.516  80.730 0.0000000000
59060  -47.625  -21.931  56.968 0.0000000000
58215  -47.366  -22.172  57.772 0.0000000000
59043  -48.015  -21.687  57.573 0.0000000000
59030  -50.150  -21.425  58.598 0.0000000000
59029  -49.696  -21.584  59.073 0.0000000000
59837  -50.363  -21.257  59.395 0.0000000000
59002  -50.525  -20.964  61.255 0.0000000000
59014  -50.926  -20.710  60.322 0.0000000000
67222  -61.961  -12.516  45.387 0.0000000000
67223  -62.863  -12.537  45.258 0.0000000000
67238  -62.254  -12.015  44.878 0.0000000000
42252  -10.361  -38.298  80.225 0.0000000000
43073  -9.584  -37.188  84.627 0.0000000000
52312  -43.368  -28.346  72.593 0.0000000000
52344  -43.031  -29.242  70.059 0.0000000000
130854  -43.123  -29.226  69.412 0.0000000000
52345  -43.609  -28.686  69.356 0.0000000000
52355  -43.039  -29.158  68.779 0.0000000000
50474  -40.344  -30.608  67.190 0.0000000000
50463  -41.133  -30.326  67.687 0.0000000000
50484  -40.941  -30.005  66.754 0.0000000000
51403  -41.536  -29.547  66.398 0.0000000000
51404  -42.297  -29.032  66.497 0.0000000000
111523  -42.987  -28.778  66.964 0.0000000000
51424  -42.041  -28.967  64.898 0.0000000000
52400  -41.974  -28.716  63.984 0.0000000000
43175  -19.418  -37.911  77.658 0.0000000000
43201  -20.815  -37.858  76.705 0.0000000000
43176  -20.575  -37.882  77.574 0.0000000000
43177  -21.374  -37.893  77.405 0.0000000000
43154  -21.957  -37.955  77.924 0.0000000000
114768  -22.080  -37.890  77.314 0.0000000000
43255  -20.715  -37.791  74.640 0.0000000000
116784  -23.223  -37.661  76.278 0.0000000000
43228  -22.842  -37.643  75.476 0.0000000000
114767  -23.191  -37.755  77.031 0.0000000000
43156  -24.148  -37.977  78.121 0.0000000000
43180  -24.438  -37.754  77.405 0.0000000000
43206  -25.488  -37.657  76.511 0.0000000000
43182  -26.026  -37.890  77.122 0.0000000000
42319  -26.448  -38.147  77.777 0.0000000000
43207  -26.362  -37.872  76.397 0.0000000000
117382  -30.816  -31.579  67.438 0.0000000000
48600  -31.124  -32.140  67.994 0.0000000000
110014  -33.104  -30.976  67.283 0.0000000000
49543  -32.132  -31.277  67.120 0.0000000000
49484  -33.910  -31.739  69.500 0.0000000000
49501  -32.603  -31.418  68.619 0.0000000000
111317  -32.949  -31.498  69.233 0.0000000000
48563  -32.815  -31.785  69.953 0.0000000000
49445  -35.512  -31.610  71.407 0.0000000000
49421  -35.011  -31.899  71.908 0.0000000000
48517  -35.339  -31.916  72.579 0.0000000000
49399  -36.020  -31.628  72.890 0.0000000000
49423  -36.535  -31.445  72.427 0.0000000000
111056  -37.994  -31.317  72.020 0.0000000000
49424  -37.361  -31.327  72.655 0.0000000000
110480  -38.146  -31.355  72.862 0.0000000000
110021  -39.049  -31.370  73.957 0.0000000000
110020  -38.932  -31.672  73.115 0.0000000000
49487  -38.012  -31.512  69.663 0.0000000000
49467  -38.349  -31.608  70.480 0.0000000000
49468  -39.164  -31.888  70.524 0.0000000000
49448  -40.267  -32.285  71.664 0.0000000000
49426  -40.747  -32.215  72.603 0.0000000000
112429  -41.429  -31.961  73.080 0.0000000000
49404  -41.618  -31.572  73.756 0.0000000000
49428  -42.096  -31.506  73.000 0.0000000000
112632  -42.715  -30.151  72.271 0.0000000000
50418  -42.554  -30.755  73.045 0.0000000000
111454  -42.853  -29.901  73.180 0.0000000000
43200  -18.308  -37.785  76.592 0.0000000000
58098  -46.314  -21.884  68.110 0.0000000000
58950  -47.785  -21.629  68.910 0.0000000000
58964  -47.386  -21.763  67.812 0.0000000000
58139  -47.946  -22.551  66.781 0.0000000000
115196  -48.333  -22.161  67.349 0.0000000000
58119  -48.982  -22.380  67.902 0.0000000000
58120  -49.904  -22.597  68.224 0.0000000000
57226  -49.376  -23.414  67.786 0.0000000000
55338  -46.377  -25.791  64.690 0.0000000000
56352  -46.463  -24.910  65.480 0.0000000000
55326  -47.144  -25.706  65.272 0.0000000000
55315  -49.262  -25.312  65.937 0.0000000000
56339  -48.529  -24.902  66.449 0.0000000000
56340  -49.455  -24.905  66.670 0.0000000000
56322  -50.014  -24.179  67.173 0.0000000000
56323  -51.317  -24.580  67.427 0.0000000000
118217  -51.400  -25.161  66.664 0.0000000000
112296  -51.834  -21.525  56.222 0.0000000000
59065  -52.649  -21.350  56.590 0.0000000000
59049  -54.736  -20.707  57.943 0.0000000000
59048  -53.927  -21.018  57.554 0.0000000000
120869  -55.067  -19.777  59.581 0.0000000000
59868  -56.214  -20.857  56.294 0.0000000000
60697  -58.506  -18.791  59.063 0.0000000000
34872  -3.651  -47.392  82.745 0.0000000000
34877  -3.454  -47.697  82.137 0.0000000000
33840  -3.429  -48.330  82.352 0.0000000000
57364  -44.343  -23.087  55.466 0.0000000000
58242  -46.333  -22.165  55.645 0.0000000000
59094  -46.270  -22.036  54.879 0.0000000000
120252  -47.003  -21.787  54.761 0.0000000000
59095  -47.661  -21.527  54.597 0.0000000000
113981  -48.170  -21.476  55.104 0.0000000000
59120  -49.383  -21.112  53.544 0.0000000000
109680  -49.917  -21.488  54.871 0.0000000000
59121  -50.162  -21.127  53.923 0.0000000000
59928  -50.699  -19.864  52.834 0.0000000000
59914  -50.720  -20.524  53.249 0.0000000000
59889  -52.395  -20.608  54.091 0.0000000000
126370  -52.054  -18.389  52.663 0.0000000000
61535  -53.298  -18.918  53.367 0.0000000000
62459  -54.347  -17.485  52.930 0.0000000000
61536  -54.620  -18.212  53.531 0.0000000000
62438  -55.064  -17.778  53.397 0.0000000000
62460  -55.267  -17.232  52.936 0.0000000000
62461  -56.090  -17.077  52.897 0.0000000000
63399  -53.869  -15.837  51.302 0.0000000000
64279  -54.435  -15.511  50.714 0.0000000000
37720  -6.645  -43.668  79.311 0.0000000000
42251  -9.649  -38.612  80.558 0.0000000000
41347  -9.222  -39.201  80.133 0.0000000000
42250  -8.930  -38.979  80.931 0.0000000000
41314  -8.189  -39.902  82.894 0.0000000000
41334  -7.978  -40.022  81.926 0.0000000000
112977  -7.913  -41.087  81.046 0.0000000000
40373  -7.885  -40.842  81.725 0.0000000000
41299  -6.959  -39.207  85.764 0.0000000000
38592  -6.303  -42.464  84.776 0.0000000000
39455  -7.143  -41.910  84.129 0.0000000000
39463  -7.211  -42.008  82.968 0.0000000000
38602  -6.815  -42.685  82.584 0.0000000000
38606  -6.979  -42.791  81.612 0.0000000000
38601  -6.171  -43.218  83.262 0.0000000000
37697  -4.790  -44.013  84.094 0.0000000000
37702  -5.757  -43.814  82.784 0.0000000000
37701  -5.137  -43.953  83.237 0.0000000000
36783  -4.503  -44.783  83.012 0.0000000000
35858  -3.986  -45.682  82.807 0.0000000000
36775  -4.488  -45.128  83.627 0.0000000000
120335  -5.875  -45.788  84.454 0.0000000000
57176  -46.422  -22.651  71.682 0.0000000000
57190  -47.036  -22.618  70.955 0.0000000000
127412  -43.568  -27.744  71.975 0.0000000000
54348  -43.835  -26.528  70.141 0.0000000000
54336  -44.311  -26.015  71.871 0.0000000000
55239  -44.577  -25.210  72.754 0.0000000000
123046  -44.274  -25.849  68.080 0.0000000000
56294  -44.084  -24.148  68.908 0.0000000000
55283  -44.140  -24.754  69.485 0.0000000000
117121  -44.428  -23.914  70.299 0.0000000000
56280  -44.516  -23.897  71.563 0.0000000000
57175  -44.704  -23.103  71.686 0.0000000000
57189  -44.480  -22.968  70.956 0.0000000000
58096  -44.642  -22.234  68.742 0.0000000000
114867  -44.643  -22.081  69.642 0.0000000000
58947  -44.863  -21.678  69.495 0.0000000000
58933  -45.191  -21.436  70.072 0.0000000000
58948  -45.525  -21.612  69.180 0.0000000000
58149  -43.750  -22.752  65.821 0.0000000000
58137  -43.980  -22.548  66.609 0.0000000000
58150  -44.757  -22.658  65.723 0.0000000000
57254  -44.342  -22.865  65.042 0.0000000000
56362  -41.654  -23.770  64.243 0.0000000000
57271  -42.027  -23.370  63.843 0.0000000000
131809  -43.262  -23.917  62.715 0.0000000000
57273  -44.149  -23.645  63.684 0.0000000000
56395  -44.026  -25.014  62.425 0.0000000000
110676  -42.105  -25.507  60.048 0.0000000000
110803  -42.915  -26.135  60.140 0.0000000000
55404  -43.099  -25.939  59.717 0.0000000000
54451  -38.833  -25.696  60.068 0.0000000000
55422  -39.127  -25.063  59.006 0.0000000000
55445  -39.147  -25.472  57.439 0.0000000000
55446  -40.133  -25.855  57.674 0.0000000000
54473  -40.898  -26.112  58.352 0.0000000000
125613  -42.268  -25.592  57.764 0.0000000000
42278  -20.681  -38.491  79.769 0.0000000000
110479  -22.958  -38.668  81.497 0.0000000000
112551  -24.785  -38.525  81.192 0.0000000000
111757  -23.885  -38.577  81.294 0.0000000000
44323  -25.777  -36.635  71.667 0.0000000000
44349  -25.334  -36.610  70.767 0.0000000000
43314  -25.379  -36.834  72.333 0.0000000000
43287  -25.293  -37.232  73.543 0.0000000000
43315  -25.858  -36.837  73.023 0.0000000000
44259  -27.827  -36.820  74.100 0.0000000000
43260  -27.343  -37.187  74.586 0.0000000000
43233  -27.573  -37.667  75.393 0.0000000000
43234  -28.499  -37.592  75.541 0.0000000000
47562  -29.141  -33.317  67.849 0.0000000000
46487  -29.327  -34.059  69.952 0.0000000000
46478  -28.888  -34.719  70.208 0.0000000000
46468  -29.584  -34.875  71.364 0.0000000000
113455  -31.371  -33.553  72.080 0.0000000000
47506  -30.871  -33.568  71.524 0.0000000000
45325  -30.368  -35.188  73.525 0.0000000000
46460  -30.344  -34.703  72.153 0.0000000000
45335  -29.890  -35.155  72.583 0.0000000000
45334  -29.110  -35.158  71.991 0.0000000000
45324  -29.534  -35.626  73.292 0.0000000000
43236  -30.006  -37.056  75.993 0.0000000000
44246  -29.717  -36.822  75.278 0.0000000000
132008  -29.603  -37.488  76.420 0.0000000000
43209  -28.874  -37.897  76.412 0.0000000000
43185  -29.552  -37.708  77.308 0.0000000000
43186  -30.384  -37.185  77.815 0.0000000000
43160  -30.528  -36.906  78.866 0.0000000000
46401  -33.473  -34.796  77.455 0.0000000000
45280  -32.815  -35.410  77.752 0.0000000000
49383  -37.086  -31.487  74.242 0.0000000000
41400  -10.474  -40.167  76.510 0.0000000000
132797  -11.086  -39.848  76.647 0.0000000000
43248  -14.325  -37.931  74.502 0.0000000000
111138  -13.183  -38.964  74.970 0.0000000000
124523  -12.494  -39.168  75.740 0.0000000000
42328  -12.236  -39.014  76.761 0.0000000000
42316  -11.967  -38.803  77.593 0.0000000000
42315  -11.062  -38.951  77.823 0.0000000000
42297  -11.669  -38.484  78.343 0.0000000000
42274  -11.368  -38.161  79.121 0.0000000000
43144  -12.169  -37.728  78.761 0.0000000000
43112  -15.773  -36.903  80.482 0.0000000000
43099  -15.813  -36.947  81.363 0.0000000000
125208  -50.088  -21.067  71.404 0.0000000000
57313  -44.471  -24.053  58.314 0.0000000000
57314  -45.134  -23.826  58.767 0.0000000000
57303  -46.375  -23.444  59.914 0.0000000000
57293  -45.753  -23.942  60.006 0.0000000000
118744  -47.030  -23.781  61.397 0.0000000000
131667  -47.870  -23.567  61.757 0.0000000000
58192  -47.653  -22.524  59.369 0.0000000000
58181  -48.663  -22.220  60.610 0.0000000000
57279  -49.438  -23.080  62.185 0.0000000000
56399  -49.612  -23.858  62.793 0.0000000000
56381  -50.023  -24.691  63.387 0.0000000000
56402  -51.946  -23.882  62.783 0.0000000000
56384  -52.484  -24.155  63.496 0.0000000000
59032  -52.074  -20.818  58.218 0.0000000000
59839  -52.408  -20.269  59.371 0.0000000000
59005  -54.124  -19.408  61.924 0.0000000000
59015  -53.353  -19.228  62.132 0.0000000000
118425  -53.398  -19.529  62.452 0.0000000000
59004  -52.915  -19.535  62.579 0.0000000000
63368  -56.333  -16.537  52.455 0.0000000000
62462  -56.931  -16.754  52.899 0.0000000000
64267  -57.522  -15.578  51.722 0.0000000000
64249  -57.970  -15.697  52.312 0.0000000000
64250  -58.559  -15.083  52.836 0.0000000000
64296  -56.732  -15.651  49.613 0.0000000000
65335  -59.544  -14.349  51.589 0.0000000000
65325  -58.715  -14.558  51.740 0.0000000000
65326  -59.316  -14.189  52.303 0.0000000000
64251  -59.854  -14.702  53.112 0.0000000000
64252  -60.397  -14.670  53.308 0.0000000000
65308  -61.051  -14.588  54.040 0.0000000000
65314  -60.624  -14.452  53.148 0.0000000000
120369  -61.671  -14.523  51.803 0.0000000000
65329  -62.350  -13.952  53.081 0.0000000000
64254  -63.460  -14.039  53.722 0.0000000000
65316  -63.411  -13.581  53.378 0.0000000000
65383  -60.773  -13.946  47.434 0.0000000000
65382  -60.160  -14.456  47.805 0.0000000000
65368  -60.902  -14.403  48.246 0.0000000000
65351  -60.934  -14.914  48.970 0.0000000000
116944  -61.674  -14.674  48.846 0.0000000000
132706  -63.446  -13.306  49.947 0.0000000000
117704  -63.319  -13.326  50.539 0.0000000000
66280  -64.026  -12.911  51.326 0.0000000000
66273  -63.912  -13.323  52.422 0.0000000000
67206  -64.841  -11.822  46.758 0.0000000000
67195  -65.162  -11.276  47.852 0.0000000000
67981  -65.808  -10.618  47.893 0.0000000000
49545  -38.351  -31.288  66.313 0.0000000000
131629  -34.164  -31.464  65.727 0.0000000000
49564  -34.878  -31.414  65.587 0.0000000000
110010  -36.922  -31.435  66.661 0.0000000000
110009  -37.865  -31.471  66.823 0.0000000000
109632  -43.688  -25.905  60.940 0.0000000000
55391  -44.130  -25.733  60.792 0.0000000000
55392  -44.729  -25.465  61.057 0.0000000000
56421  -45.301  -24.604  60.487 0.0000000000
60740  -55.948  -19.254  53.692 0.0000000000
60722  -56.872  -19.649  53.971 0.0000000000
113298  -58.915  -19.700  54.163 0.0000000000
60724  -59.761  -19.571  54.472 0.0000000000
60725  -60.309  -19.466  54.419 0.0000000000
130555  -59.208  -18.322  53.571 0.0000000000
123078  -59.051  -17.695  53.462 0.0000000000
40460  -9.282  -40.753  76.213 0.0000000000
40424  -9.437  -40.302  78.123 0.0000000000
115206  -42.081  -27.663  63.812 0.0000000000
113682  -42.934  -27.201  64.200 0.0000000000
54411  -41.400  -26.019  63.346 0.0000000000
54428  -39.619  -25.253  61.095 0.0000000000
42264  -28.181  -37.549  81.319 0.0000000000
43135  -29.749  -37.084  80.162 0.0000000000
48498  -34.110  -32.811  73.089 0.0000000000
47498  -33.189  -33.028  72.799 0.0000000000
47485  -34.301  -33.423  73.997 0.0000000000
130709  -34.197  -33.875  74.527 0.0000000000
47449  -35.386  -33.661  75.529 0.0000000000
43173  -17.119  -37.609  77.524 0.0000000000
43130  -16.646  -37.358  79.317 0.0000000000
59044  -48.803  -21.653  57.760 0.0000000000
59062  -49.061  -21.531  57.019 0.0000000000
59045  -49.750  -21.540  57.706 0.0000000000
51341  -42.792  -29.473  71.578 0.0000000000
118686  -42.386  -29.805  70.064 0.0000000000
51375  -42.250  -29.753  68.750 0.0000000000
50498  -39.796  -30.376  65.447 0.0000000000
50499  -40.457  -30.094  65.405 0.0000000000
51423  -41.010  -29.913  64.915 0.0000000000
130029  -41.549  -29.561  65.182 0.0000000000
51442  -41.602  -29.518  64.402 0.0000000000
130572  -20.739  -37.836  75.921 0.0000000000
111087  -22.111  -37.575  73.984 0.0000000000
116820  -23.346  -37.577  74.770 0.0000000000
43229  -23.696  -37.577  75.488 0.0000000000
117398  -24.138  -37.574  76.104 0.0000000000
43230  -24.412  -37.518  75.481 0.0000000000
117400  -25.100  -37.463  75.057 0.0000000000
49502  -34.286  -31.543  68.542 0.0000000000
49463  -34.388  -31.784  70.427 0.0000000000
49446  -36.305  -31.428  71.648 0.0000000000
117528  -39.923  -32.254  70.065 0.0000000000
49470  -40.796  -32.280  70.745 0.0000000000
49449  -41.356  -32.092  71.547 0.0000000000
50427  -42.071  -31.377  71.478 0.0000000000
43252  -17.289  -37.027  74.211 0.0000000000
116821  -17.865  -37.398  74.835 0.0000000000
116542  -46.371  -22.504  66.412 0.0000000000
58118  -47.814  -21.995  67.007 0.0000000000
57242  -47.354  -23.208  66.523 0.0000000000
55339  -47.141  -26.053  64.402 0.0000000000
56354  -47.831  -25.503  65.880 0.0000000000
55340  -48.065  -25.867  64.813 0.0000000000
55316  -49.977  -25.481  66.017 0.0000000000
55317  -50.888  -25.489  65.993 0.0000000000
55329  -50.393  -25.742  65.335 0.0000000000
55330  -51.255  -25.667  65.331 0.0000000000
55342  -51.580  -25.470  64.510 0.0000000000
59099  -52.447  -21.114  54.793 0.0000000000
59084  -52.488  -21.412  55.667 0.0000000000
110776  -53.175  -21.452  55.989 0.0000000000
59067  -54.444  -21.254  56.754 0.0000000000
127918  -58.310  -19.705  57.012 0.0000000000
59855  -58.031  -19.398  57.705 0.0000000000
132821  -62.726  -15.351  54.361 0.0000000000
59093  -45.875  -21.776  54.033 0.0000000000
116202  -49.905  -20.885  53.084 0.0000000000
122577  -49.069  -19.838  52.631 0.0000000000
122921  -50.321  -19.460  52.621 0.0000000000
62458  -52.484  -17.617  52.476 0.0000000000
61559  -53.787  -18.236  53.093 0.0000000000
62481  -53.796  -16.800  52.405 0.0000000000
37714  -6.685  -43.593  80.223 0.0000000000
43080  -9.000  -38.006  83.091 0.0000000000
42212  -8.712  -38.695  82.693 0.0000000000
42211  -8.271  -39.102  83.195 0.0000000000
40343  -6.919  -40.277  86.339 0.0000000000
119728  -6.400  -42.285  85.229 0.0000000000
38596  -5.515  -42.943  84.452 0.0000000000
37694  -4.891  -43.170  84.667 0.0000000000
37693  -4.959  -43.507  84.671 0.0000000000
36776  -4.852  -44.412  84.103 0.0000000000
36771  -5.077  -43.980  84.699 0.0000000000
120988  -6.363  -44.621  84.883 0.0000000000
53348  -43.611  -27.420  70.429 0.0000000000
53332  -43.601  -27.348  71.347 0.0000000000
55302  -43.728  -25.279  67.477 0.0000000000
57201  -44.497  -23.001  69.802 0.0000000000
57211  -44.328  -23.401  68.884 0.0000000000
57210  -43.909  -22.738  68.193 0.0000000000
58115  -44.047  -22.186  68.032 0.0000000000
56393  -41.611  -23.889  62.363 0.0000000000
56411  -42.588  -24.810  61.583 0.0000000000
55424  -41.590  -26.107  58.832 0.0000000000
42279  -21.596  -38.525  79.527 0.0000000000
42226  -26.125  -38.936  82.656 0.0000000000
42225  -25.035  -38.850  82.924 0.0000000000
45356  -26.578  -36.034  70.188 0.0000000000
44324  -26.689  -36.687  71.853 0.0000000000
43288  -26.599  -36.854  73.502 0.0000000000
44277  -26.688  -36.764  72.716 0.0000000000
44278  -27.447  -36.703  73.281 0.0000000000
47545  -29.492  -33.292  68.603 0.0000000000
47517  -29.857  -33.480  70.169 0.0000000000
46450  -32.013  -34.257  73.608 0.0000000000
131125  -31.061  -34.313  72.790 0.0000000000
46449  -31.216  -34.630  73.341 0.0000000000
45326  -31.088  -35.115  74.071 0.0000000000
45309  -30.565  -35.619  74.373 0.0000000000
44262  -30.135  -36.221  74.820 0.0000000000
45298  -30.805  -35.930  75.094 0.0000000000
44237  -30.700  -36.743  76.295 0.0000000000
44230  -30.915  -36.802  77.210 0.0000000000
43220  -14.148  -37.799  75.964 0.0000000000
43195  -13.992  -37.531  76.571 0.0000000000
42330  -13.735  -38.080  76.191 0.0000000000
42329  -13.086  -38.652  76.491 0.0000000000
43100  -16.562  -37.254  81.933 0.0000000000
117021  -45.056  -23.623  58.075 0.0000000000
57304  -47.016  -22.897  59.723 0.0000000000
59001  -49.690  -21.756  60.725 0.0000000000
58170  -49.457  -22.101  61.286 0.0000000000
58171  -50.145  -21.905  61.760 0.0000000000
58164  -50.017  -22.225  62.047 0.0000000000
57280  -50.005  -22.987  62.351 0.0000000000
57281  -50.731  -23.305  62.249 0.0000000000
110352  -52.926  -23.696  62.950 0.0000000000
59840  -53.333  -19.971  59.494 0.0000000000
130366  -53.065  -19.721  60.194 0.0000000000
59006  -54.576  -20.576  61.010 0.0000000000
64266  -56.571  -15.748  51.523 0.0000000000
117888  -59.159  -15.005  50.701 0.0000000000
65336  -60.651  -14.527  51.396 0.0000000000
65337  -61.705  -14.735  50.632 0.0000000000
66344  -60.689  -12.923  46.016 0.0000000000
66318  -61.456  -13.552  46.733 0.0000000000
65369  -62.405  -14.194  48.825 0.0000000000
132469  -62.884  -13.687  48.987 0.0000000000
66291  -64.141  -12.768  50.336 0.0000000000
128846  -64.934  -11.984  50.386 0.0000000000
68003  -65.740  -10.095  46.355 0.0000000000
67989  -65.934  -10.393  47.153 0.0000000000
49509  -40.986  -31.243  68.740 0.0000000000
50462  -40.534  -30.966  68.003 0.0000000000
49546  -38.970  -30.991  66.551 0.0000000000
50482  -39.421  -30.643  66.075 0.0000000000
110043  -22.965  -37.485  72.532 0.0000000000
49562  -32.324  -30.940  65.662 0.0000000000
110013  -34.103  -31.284  67.117 0.0000000000
49563  -34.517  -31.380  66.342 0.0000000000
110018  -34.639  -31.405  67.760 0.0000000000
111053  -36.571  -31.457  68.959 0.0000000000
111051  -38.636  -31.615  68.984 0.0000000000
127284  -37.705  -31.390  68.020 0.0000000000
49506  -38.385  -31.440  68.211 0.0000000000
112044  -39.564  -31.866  69.190 0.0000000000
115606  -40.445  -31.969  69.315 0.0000000000
56363  -44.995  -24.360  63.905 0.0000000000
56364  -45.571  -25.442  64.249 0.0000000000
127873  -46.138  -26.190  63.951 0.0000000000
55365  -45.275  -25.772  62.750 0.0000000000
110686  -46.839  -26.129  63.750 0.0000000000
55367  -47.235  -25.835  63.097 0.0000000000
56379  -48.218  -25.115  63.172 0.0000000000
59890  -55.253  -20.850  54.791 0.0000000000
125958  -56.895  -20.442  55.777 0.0000000000
116297  -57.348  -20.237  55.253 0.0000000000
59870  -57.954  -19.964  56.175 0.0000000000
114418  -58.360  -19.984  56.439 0.0000000000
61531  -60.178  -18.731  54.182 0.0000000000
62444  -61.294  -16.836  54.388 0.0000000000
39543  -8.839  -41.028  76.742 0.0000000000
128285  -8.144  -41.616  76.447 0.0000000000
39505  -7.830  -41.735  79.804 0.0000000000
53386  -44.232  -27.608  67.100 0.0000000000
53387  -44.427  -27.430  67.857 0.0000000000
54384  -43.998  -27.113  66.526 0.0000000000
125733  -42.704  -24.670  66.019 0.0000000000
128914  -42.375  -23.984  65.766 0.0000000000
56374  -41.142  -24.215  62.793 0.0000000000
55376  -40.697  -24.244  61.290 0.0000000000
42282  -24.320  -38.415  79.374 0.0000000000
130505  -26.283  -38.695  80.383 0.0000000000
43102  -28.280  -37.637  82.438 0.0000000000
45393  -26.153  -35.571  68.737 0.0000000000
45373  -26.786  -35.595  69.445 0.0000000000
45357  -27.433  -35.591  70.175 0.0000000000
45358  -28.252  -35.306  70.637 0.0000000000
48529  -31.838  -32.883  70.876 0.0000000000
47519  -31.021  -33.112  70.779 0.0000000000
47508  -32.154  -33.278  72.237 0.0000000000
47483  -32.512  -33.531  73.106 0.0000000000
46435  -32.311  -34.679  74.427 0.0000000000
45300  -32.934  -35.038  75.881 0.0000000000
46413  -33.446  -34.822  76.291 0.0000000000
46385  -33.857  -34.542  78.514 0.0000000000
43196  -14.595  -37.638  76.150 0.0000000000
44216  -14.363  -36.902  78.272 0.0000000000
44204  -14.294  -36.811  79.074 0.0000000000
43113  -16.555  -37.238  80.315 0.0000000000
123265  -46.442  -22.447  56.854 0.0000000000
58204  -48.267  -22.105  59.017 0.0000000000
59028  -48.908  -21.790  58.638 0.0000000000
118713  -49.059  -21.864  59.685 0.0000000000
65350  -55.002  -14.999  49.257 0.0000000000
64309  -55.815  -15.062  48.892 0.0000000000
64310  -56.561  -15.397  48.943 0.0000000000
122997  -61.232  -12.550  45.499 0.0000000000
66328  -62.624  -13.368  46.328 0.0000000000
66329  -63.628  -13.217  46.492 0.0000000000
67205  -64.281  -12.630  46.139 0.0000000000
67225  -64.886  -11.322  46.053 0.0000000000
67239  -63.294  -11.917  44.831 0.0000000000
42295  -10.170  -39.072  79.010 0.0000000000
43096  -10.084  -38.002  80.978 0.0000000000
43081  -9.554  -37.588  83.522 0.0000000000
129826  -43.278  -28.198  71.848 0.0000000000
52329  -43.024  -28.901  70.938 0.0000000000
50464  -41.604  -30.444  68.583 0.0000000000
51386  -41.698  -29.693  67.113 0.0000000000
122143  -42.519  -29.302  68.155 0.0000000000
52364  -43.158  -28.709  67.826 0.0000000000
52365  -43.697  -28.274  66.986 0.0000000000
111222  -43.452  -28.118  65.645 0.0000000000
53436  -42.781  -28.306  64.350 0.0000000000
52437  -40.891  -28.027  62.568 0.0000000000
112144  -19.539  -37.959  78.348 0.0000000000
43152  -20.373  -37.954  78.288 0.0000000000
114765  -19.839  -37.868  77.069 0.0000000000
42300  -21.796  -38.317  78.631 0.0000000000
127078  -23.142  -38.289  78.792 0.0000000000
127359  -21.153  -37.809  75.343 0.0000000000
116786  -21.474  -37.828  76.044 0.0000000000
43227  -21.989  -37.744  75.408 0.0000000000
43178  -22.751  -37.854  77.630 0.0000000000
43155  -23.328  -37.980  78.217 0.0000000000
42302  -23.834  -38.292  78.747 0.0000000000
43205  -24.685  -37.580  76.665 0.0000000000
43181  -25.243  -37.708  77.252 0.0000000000
42304  -25.953  -38.214  78.347 0.0000000000
115595  -27.268  -38.399  77.813 0.0000000000
42320  -27.552  -38.328  77.149 0.0000000000
48585  -30.585  -32.540  68.371 0.0000000000
120946  -31.309  -32.374  69.731 0.0000000000
126421  -33.060  -31.333  68.075 0.0000000000
48586  -31.748  -31.610  68.517 0.0000000000
48562  -31.474  -31.938  69.241 0.0000000000
48544  -32.335  -32.404  70.508 0.0000000000
48531  -33.413  -32.418  71.535 0.0000000000
49443  -33.879  -32.088  71.027 0.0000000000
48532  -34.206  -32.170  71.720 0.0000000000
115833  -34.952  -32.330  73.072 0.0000000000
49382  -36.171  -31.853  73.751 0.0000000000
49384  -37.883  -31.189  74.329 0.0000000000
49401  -37.579  -31.313  73.502 0.0000000000
49385  -38.476  -31.000  74.312 0.0000000000
49386  -39.890  -31.065  74.403 0.0000000000
49466  -37.452  -31.379  70.376 0.0000000000
125884  -39.406  -31.921  71.733 0.0000000000
49387  -40.977  -31.225  74.533 0.0000000000
50410  -43.017  -30.580  74.016 0.0000000000
43278  -15.657  -37.136  73.699 0.0000000000
114764  -16.032  -37.087  74.235 0.0000000000
43222  -16.552  -37.264  75.569 0.0000000000
116822  -16.932  -37.163  74.923 0.0000000000
43223  -17.411  -37.439  75.562 0.0000000000
111359  -18.108  -37.827  77.371 0.0000000000
58936  -48.425  -21.170  69.884 0.0000000000
58965  -48.205  -21.824  67.749 0.0000000000
128668  -48.731  -21.876  67.881 0.0000000000
58952  -49.965  -21.332  69.591 0.0000000000
113163  -50.225  -22.071  68.806 0.0000000000
57243  -48.081  -23.533  66.694 0.0000000000
57227  -50.495  -23.527  67.870 0.0000000000
56324  -52.355  -24.903  67.262 0.0000000000
59064  -51.020  -21.628  56.682 0.0000000000
59853  -52.996  -20.850  57.854 0.0000000000
59828  -57.110  -18.658  61.175 0.0000000000
59867  -55.466  -20.976  57.018 0.0000000000
35867  -4.233  -45.979  81.478 0.0000000000
56441  -43.830  -24.745  58.561 0.0000000000
116056  -43.350  -24.534  56.996 0.0000000000
56478  -44.090  -23.886  56.831 0.0000000000
112526  -44.761  -23.476  56.947 0.0000000000
57341  -45.227  -23.003  56.677 0.0000000000
58240  -44.844  -22.589  55.060 0.0000000000
58226  -45.935  -22.518  56.259 0.0000000000
129340  -46.912  -21.968  56.259 0.0000000000
109673  -47.901  -21.690  56.324 0.0000000000
59080  -48.385  -21.488  55.801 0.0000000000
59096  -48.395  -21.405  54.428 0.0000000000
59081  -49.707  -21.557  55.680 0.0000000000
59887  -51.040  -21.002  53.888 0.0000000000
59888  -51.678  -21.053  54.338 0.0000000000
59917  -53.061  -20.075  53.986 0.0000000000
60757  -50.958  -19.245  52.678 0.0000000000
61557  -51.233  -18.510  52.490 0.0000000000
60758  -51.620  -19.026  52.819 0.0000000000
60719  -53.948  -20.181  54.205 0.0000000000
60720  -54.537  -19.475  53.990 0.0000000000
60739  -54.938  -18.744  53.936 0.0000000000
131776  -55.436  -18.782  53.809 0.0000000000
61538  -55.867  -18.482  53.688 0.0000000000
61539  -56.588  -18.041  53.549 0.0000000000
123646  -56.533  -17.412  53.269 0.0000000000
63386  -55.174  -15.937  52.082 0.0000000000
122130  -55.152  -15.511  50.880 0.0000000000
41358  -9.509  -39.430  79.359 0.0000000000
41357  -8.873  -39.876  79.732 0.0000000000
41335  -8.420  -39.577  81.433 0.0000000000
40385  -8.185  -40.380  80.055 0.0000000000
40384  -7.924  -40.920  80.274 0.0000000000
39491  -7.862  -41.735  80.710 0.0000000000
41300  -7.672  -39.187  85.131 0.0000000000
40350  -7.982  -40.483  83.649 0.0000000000
40349  -7.417  -40.944  84.469 0.0000000000
39464  -7.702  -41.450  82.344 0.0000000000
38607  -7.568  -42.322  81.156 0.0000000000
38617  -7.117  -42.939  80.719 0.0000000000
37706  -6.601  -43.465  81.167 0.0000000000
37705  -5.938  -43.949  81.670 0.0000000000
35857  -3.747  -46.625  82.858 0.0000000000
34866  -3.975  -46.671  83.156 0.0000000000
35838  -4.636  -45.495  83.790 0.0000000000
34858  -4.431  -46.415  83.539 0.0000000000
58074  -47.559  -22.035  70.903 0.0000000000
53302  -44.388  -27.239  74.066 0.0000000000
54322  -44.042  -26.907  72.180 0.0000000000
54365  -44.310  -26.720  68.458 0.0000000000
132059  -43.895  -26.376  69.346 0.0000000000
55271  -43.998  -25.712  69.861 0.0000000000
56263  -44.696  -24.363  72.638 0.0000000000
58048  -45.285  -22.803  72.063 0.0000000000
58049  -45.876  -22.635  72.234 0.0000000000
58915  -44.635  -22.241  70.445 0.0000000000
58058  -45.656  -22.319  71.507 0.0000000000
58917  -45.871  -21.766  70.618 0.0000000000
115860  -45.831  -22.230  67.360 0.0000000000
58116  -44.747  -22.133  67.755 0.0000000000
57252  -42.439  -23.498  65.399 0.0000000000
57253  -42.773  -23.043  65.025 0.0000000000
57263  -42.913  -23.247  64.214 0.0000000000
124136  -43.748  -23.037  64.548 0.0000000000
126932  -44.672  -24.788  63.304 0.0000000000
55378  -43.349  -25.739  61.226 0.0000000000
55426  -43.108  -25.492  58.917 0.0000000000
118197  -39.690  -27.449  61.286 0.0000000000
54437  -39.809  -24.500  60.323 0.0000000000
55401  -40.323  -24.843  59.697 0.0000000000
118398  -39.368  -25.313  58.293 0.0000000000
110847  -41.615  -26.074  58.103 0.0000000000
42277  -19.761  -38.319  80.010 0.0000000000
42257  -21.306  -38.579  80.729 0.0000000000
43334  -23.183  -37.287  71.690 0.0000000000
43312  -23.706  -37.218  72.417 0.0000000000
43286  -24.424  -37.291  73.311 0.0000000000
43258  -25.623  -37.297  74.278 0.0000000000
122034  -26.102  -37.461  74.970 0.0000000000
43259  -26.516  -37.131  74.281 0.0000000000
43232  -26.680  -37.764  75.601 0.0000000000
43208  -27.335  -38.094  76.345 0.0000000000
47544  -28.880  -33.734  68.655 0.0000000000
46498  -28.197  -34.211  68.646 0.0000000000
45342  -28.463  -35.679  71.496 0.0000000000
46480  -30.343  -33.621  70.811 0.0000000000
46469  -30.244  -34.337  71.494 0.0000000000
45333  -28.632  -35.872  72.314 0.0000000000
45323  -28.817  -35.996  73.066 0.0000000000
44279  -28.318  -36.492  73.549 0.0000000000
44260  -28.615  -36.720  74.304 0.0000000000
44261  -29.403  -36.540  74.522 0.0000000000
43262  -28.950  -37.060  75.022 0.0000000000
111131  -28.770  -38.184  77.229 0.0000000000
120910  -30.331  -36.816  79.799 0.0000000000
43136  -30.518  -36.745  80.889 0.0000000000
45279  -32.331  -36.025  78.149 0.0000000000
44220  -32.546  -36.128  78.978 0.0000000000
40461  -9.843  -40.430  76.039 0.0000000000
41411  -11.618  -39.880  75.170 0.0000000000
43125  -11.045  -37.891  79.881 0.0000000000
44183  -15.202  -36.840  81.837 0.0000000000
117747  -44.487  -24.494  59.118 0.0000000000
56414  -47.216  -24.432  62.073 0.0000000000
131740  -47.066  -22.688  59.037 0.0000000000
131079  -48.747  -22.474  61.290 0.0000000000
58169  -48.064  -22.760  60.961 0.0000000000
132540  -47.717  -23.212  61.255 0.0000000000
56380  -49.184  -24.835  63.358 0.0000000000
55354  -50.630  -25.446  63.978 0.0000000000
56383  -51.691  -24.474  63.361 0.0000000000
56365  -52.152  -24.865  63.964 0.0000000000
112923  -51.688  -20.424  59.862 0.0000000000
59825  -51.911  -19.957  61.190 0.0000000000
59003  -52.053  -19.859  62.204 0.0000000000
58997  -51.968  -20.471  62.433 0.0000000000
58174  -52.030  -21.601  62.205 0.0000000000
57295  -52.861  -22.525  61.132 0.0000000000
63355  -58.801  -16.618  53.344 0.0000000000
131475  -57.630  -16.274  52.623 0.0000000000
63369  -58.263  -15.946  52.944 0.0000000000
63356  -59.962  -16.332  53.566 0.0000000000
63357  -61.034  -16.153  54.389 0.0000000000
64281  -56.451  -15.616  50.423 0.0000000000
64282  -57.875  -15.248  51.387 0.0000000000
63358  -61.782  -16.212  54.610 0.0000000000
115017  -61.582  -15.472  54.442 0.0000000000
64242  -62.329  -15.595  54.420 0.0000000000
65315  -61.652  -14.411  53.637 0.0000000000
64253  -62.902  -14.762  54.238 0.0000000000
111239  -63.244  -14.855  54.032 0.0000000000
65352  -61.340  -14.995  49.638 0.0000000000
114996  -62.531  -14.086  50.508 0.0000000000
66272  -63.116  -13.474  52.636 0.0000000000
34859  -4.824  -46.245  84.003 0.0000000000
35828  -4.994  -44.801  84.172 0.0000000000
35830  -6.771  -45.568  84.768 0.0000000000
35837  -4.337  -45.849  83.462 0.0000000000
35848  -4.288  -45.239  83.515 0.0000000000
38584  -4.885  -42.987  84.962 0.0000000000
42331  -28.153  -38.343  76.782 0.0000000000
46402  -34.223  -34.321  77.820 0.0000000000
50514  -39.332  -30.472  64.846 0.0000000000
56353  -47.097  -25.023  65.944 0.0000000000
56378  -45.177  -25.336  63.573 0.0000000000
56382  -50.838  -24.598  63.370 0.0000000000
57287  -48.416  -22.927  61.510 0.0000000000
58932  -44.787  -21.682  70.110 0.0000000000
58995  -50.668  -21.217  61.940 0.0000000000
59817  -51.354  -20.382  61.475 0.0000000000
59826  -52.720  -19.605  60.891 0.0000000000
65313  -59.796  -14.320  52.854 0.0000000000
65330  -64.229  -13.375  52.118 0.0000000000
66346  -62.507  -12.950  45.713 0.0000000000
109399  -25.905  -36.312  70.268 0.0000000000
110868  -59.624  -14.902  48.206 0.0000000000
111792  -25.423  -38.333  78.861 0.0000000000
112787  -59.161  -14.801  53.187 0.0000000000
112961  -52.929  -19.514  53.597 0.0000000000
116785  -22.311  -37.773  76.138 0.0000000000
129979  -24.020  -37.210  72.854 0.0000000000
130197  -51.554  -22.352  62.098 0.0000000000
130410  -12.385  -37.328  79.222 0.0000000000
130938  -44.449  -24.934  62.855 0.0000000000
131093  -4.750  -44.969  84.127 0.0000000000
131336  -51.256  -21.611  55.946 0.0000000000
