#!ascii label  , from subject sub-v1s15x0050187_ses-1 vox2ras=TkReg
468
69722  -31.532  -7.692  7.383 0.0000000000
72665  -29.887  -4.918  2.758 0.0000000000
87108  -28.756  9.689  1.151 0.0000000000
81906  -30.849  5.192  3.291 0.0000000000
78920  -34.707  1.523  3.640 0.0000000000
74786  -36.942  -2.689  4.084 0.0000000000
132733  -27.522  11.173  -0.621 0.0000000000
80898  -32.418  3.307  3.522 0.0000000000
76928  -30.458  -0.245  1.971 0.0000000000
71691  -30.582  -5.742  5.758 0.0000000000
74769  -33.220  -2.826  4.966 0.0000000000
72628  -33.727  -4.497  6.597 0.0000000000
65126  -26.543  -11.550  11.339 0.0000000000
68641  -28.961  -9.095  6.686 0.0000000000
145974  -23.569  14.783  -6.052 0.0000000000
92998  -27.110  15.687  -4.183 0.0000000000
92973  -29.191  15.532  -2.518 0.0000000000
91081  -31.244  13.821  -0.905 0.0000000000
89077  -32.333  11.038  0.208 0.0000000000
84997  -29.916  7.239  2.471 0.0000000000
86062  -33.498  8.293  1.143 0.0000000000
83983  -34.522  6.312  1.271 0.0000000000
80926  -35.658  3.482  1.631 0.0000000000
78964  -37.165  0.925  0.985 0.0000000000
75857  -32.736  -1.368  3.293 0.0000000000
76904  -36.653  -0.499  3.519 0.0000000000
77933  -30.117  0.797  2.193 0.0000000000
77947  -28.811  -0.743  0.924 0.0000000000
141045  -30.802  -7.119  6.396 0.0000000000
72626  -31.834  -4.690  6.240 0.0000000000
70710  -32.148  -6.283  6.852 0.0000000000
61870  -26.233  -13.957  14.896 0.0000000000
62954  -26.708  -13.426  14.405 0.0000000000
138848  -26.899  -12.609  13.424 0.0000000000
157899  -28.496  -8.757  5.833 0.0000000000
67523  -27.309  -9.728  6.554 0.0000000000
154791  -27.417  15.377  -3.529 0.0000000000
87115  -27.975  9.951  0.383 0.0000000000
90038  -28.848  12.653  -0.430 0.0000000000
89074  -29.956  11.761  0.466 0.0000000000
90040  -31.353  12.632  -0.123 0.0000000000
88106  -30.439  10.458  1.506 0.0000000000
154075  -30.737  6.404  2.896 0.0000000000
86046  -31.791  8.442  2.478 0.0000000000
85000  -32.996  7.603  2.557 0.0000000000
85008  -33.844  7.574  1.428 0.0000000000
83957  -33.749  6.350  3.173 0.0000000000
79959  -33.590  2.367  3.605 0.0000000000
81911  -35.122  4.223  3.230 0.0000000000
79974  -35.752  2.872  2.691 0.0000000000
80000  -36.324  2.167  1.016 0.0000000000
78936  -36.484  1.562  2.447 0.0000000000
72679  -29.470  -4.429  2.041 0.0000000000
74815  -31.066  -2.427  1.703 0.0000000000
73735  -31.270  -3.118  2.862 0.0000000000
74771  -35.066  -2.560  5.249 0.0000000000
75842  -34.818  -1.389  4.446 0.0000000000
74802  -37.277  -2.054  3.682 0.0000000000
76920  -38.073  -1.028  1.920 0.0000000000
74819  -38.227  -2.473  1.890 0.0000000000
65127  -27.283  -10.971  11.249 0.0000000000
66280  -26.836  -10.809  10.031 0.0000000000
66282  -28.306  -10.250  10.701 0.0000000000
67489  -28.443  -9.752  9.451 0.0000000000
80914  -30.234  3.362  2.698 0.0000000000
81908  -32.046  4.612  3.533 0.0000000000
80915  -30.941  3.044  3.153 0.0000000000
78917  -31.978  1.850  3.217 0.0000000000
77915  -32.220  0.962  3.143 0.0000000000
71704  -30.455  -5.228  4.829 0.0000000000
73705  -30.858  -3.884  3.793 0.0000000000
72638  -31.617  -4.236  5.418 0.0000000000
73695  -33.689  -3.164  5.716 0.0000000000
73697  -35.625  -3.667  5.635 0.0000000000
65110  -27.565  -11.618  12.473 0.0000000000
70744  -28.942  -6.310  3.625 0.0000000000
69760  -29.111  -7.342  4.865 0.0000000000
154445  -29.538  -7.605  5.541 0.0000000000
68656  -30.171  -8.329  6.703 0.0000000000
93902  -22.807  15.861  -7.151 0.0000000000
91114  -24.343  13.351  -4.780 0.0000000000
93009  -25.497  15.610  -5.623 0.0000000000
94724  -27.908  17.295  -4.345 0.0000000000
94716  -29.368  17.186  -3.795 0.0000000000
92987  -30.575  16.088  -2.968 0.0000000000
90050  -28.344  13.089  -0.943 0.0000000000
92080  -30.196  14.678  -1.394 0.0000000000
132577  -31.748  15.096  -2.883 0.0000000000
141262  -32.251  13.441  -2.367 0.0000000000
137417  -32.545  11.884  -1.713 0.0000000000
88129  -32.696  10.156  -1.204 0.0000000000
86053  -29.225  8.367  1.866 0.0000000000
87111  -31.507  9.614  2.029 0.0000000000
87116  -32.577  9.789  0.892 0.0000000000
86084  -33.083  8.672  -1.373 0.0000000000
85037  -33.498  7.278  -1.253 0.0000000000
82952  -34.166  5.129  -0.989 0.0000000000
154600  -34.511  5.443  3.111 0.0000000000
81952  -35.115  4.970  1.227 0.0000000000
75887  -29.607  -1.639  1.062 0.0000000000
75873  -31.516  -1.175  2.228 0.0000000000
76901  -33.287  -0.066  3.424 0.0000000000
74801  -33.001  -1.996  3.730 0.0000000000
75859  -34.077  -1.012  3.940 0.0000000000
77919  -35.902  0.552  3.485 0.0000000000
77937  -37.354  0.328  2.527 0.0000000000
76940  -37.858  -0.485  0.548 0.0000000000
132526  -28.015  -9.778  7.965 0.0000000000
68626  -29.814  -8.911  7.801 0.0000000000
68627  -30.548  -8.586  8.201 0.0000000000
69737  -31.186  -7.426  6.789 0.0000000000
70709  -31.363  -6.711  6.596 0.0000000000
70695  -31.907  -7.087  7.057 0.0000000000
70696  -32.698  -6.734  7.364 0.0000000000
69723  -32.318  -7.400  7.671 0.0000000000
61851  -26.648  -14.339  15.521 0.0000000000
62941  -27.120  -13.768  15.106 0.0000000000
88112  -28.789  10.403  0.655 0.0000000000
89073  -29.310  11.029  0.591 0.0000000000
88105  -29.517  10.458  1.162 0.0000000000
88113  -30.205  11.099  0.992 0.0000000000
81929  -30.180  4.961  2.811 0.0000000000
82910  -29.571  5.527  2.497 0.0000000000
82912  -31.189  5.963  3.301 0.0000000000
83967  -31.499  6.873  3.092 0.0000000000
83955  -32.055  6.177  3.462 0.0000000000
147073  -33.368  6.946  2.909 0.0000000000
79960  -34.663  2.379  3.599 0.0000000000
79961  -35.382  2.736  3.293 0.0000000000
78921  -35.381  1.881  3.386 0.0000000000
78935  -35.874  2.129  2.839 0.0000000000
72680  -30.229  -4.055  2.516 0.0000000000
73722  -30.850  -3.680  3.020 0.0000000000
74785  -36.366  -2.791  4.686 0.0000000000
75844  -36.546  -1.954  4.208 0.0000000000
75875  -37.599  -1.613  3.181 0.0000000000
74818  -37.761  -2.402  2.906 0.0000000000
73736  -38.020  -3.163  2.222 0.0000000000
73724  -37.633  -3.207  3.026 0.0000000000
66262  -27.948  -10.633  11.161 0.0000000000
79971  -29.611  2.846  2.297 0.0000000000
79972  -30.376  2.454  2.653 0.0000000000
78933  -30.605  1.493  2.577 0.0000000000
77934  -30.913  0.523  2.462 0.0000000000
77935  -31.685  0.298  2.742 0.0000000000
70731  -30.058  -6.124  5.026 0.0000000000
150798  -30.966  -4.494  5.002 0.0000000000
71692  -31.053  -4.920  5.761 0.0000000000
72627  -32.774  -4.525  6.439 0.0000000000
72639  -32.403  -3.994  5.848 0.0000000000
73685  -34.148  -3.639  6.321 0.0000000000
73696  -34.554  -3.070  5.807 0.0000000000
73686  -34.958  -3.643  6.132 0.0000000000
72629  -34.642  -4.334  6.473 0.0000000000
61849  -24.854  -14.664  15.224 0.0000000000
60732  -25.251  -14.987  15.906 0.0000000000
64046  -27.000  -12.198  12.885 0.0000000000
70730  -29.361  -6.591  4.495 0.0000000000
68667  -29.269  -8.218  5.808 0.0000000000
68655  -29.433  -8.564  6.347 0.0000000000
69735  -29.924  -8.016  6.093 0.0000000000
93007  -23.291  15.048  -6.065 0.0000000000
93892  -22.853  15.603  -6.646 0.0000000000
93008  -23.141  15.311  -6.652 0.0000000000
93903  -23.472  15.701  -6.965 0.0000000000
157882  -26.106  14.668  -4.437 0.0000000000
92114  -25.502  14.406  -4.852 0.0000000000
92997  -26.091  15.174  -4.786 0.0000000000
93881  -26.631  16.117  -4.883 0.0000000000
93896  -27.163  17.028  -4.913 0.0000000000
93882  -27.548  16.570  -4.229 0.0000000000
139366  -28.110  15.335  -2.884 0.0000000000
93873  -28.037  16.115  -3.488 0.0000000000
92985  -28.800  15.956  -2.972 0.0000000000
93875  -30.018  16.686  -3.337 0.0000000000
92986  -29.665  16.157  -2.839 0.0000000000
90037  -28.126  12.453  -0.704 0.0000000000
91067  -30.360  13.556  -0.515 0.0000000000
91066  -29.289  13.371  -0.679 0.0000000000
91080  -30.583  14.257  -0.928 0.0000000000
92092  -30.644  15.105  -1.942 0.0000000000
131587  -31.005  14.565  -1.386 0.0000000000
92094  -32.010  14.292  -2.621 0.0000000000
91094  -31.631  14.045  -1.800 0.0000000000
155730  -32.094  11.638  0.079 0.0000000000
90052  -32.238  12.483  -1.222 0.0000000000
136232  -32.426  11.857  -0.984 0.0000000000
89091  -32.606  11.094  -1.274 0.0000000000
134778  -32.597  10.691  -0.487 0.0000000000
83981  -29.327  6.646  2.229 0.0000000000
83980  -28.695  6.774  1.654 0.0000000000
85007  -29.249  7.469  2.036 0.0000000000
86044  -30.026  9.041  2.192 0.0000000000
86045  -30.830  8.476  2.422 0.0000000000
86054  -33.016  8.797  1.686 0.0000000000
158442  -32.648  9.366  1.439 0.0000000000
86061  -33.128  9.081  0.796 0.0000000000
87123  -32.862  9.682  -0.283 0.0000000000
86074  -33.170  9.007  -0.327 0.0000000000
86085  -33.392  8.091  -0.845 0.0000000000
86075  -33.469  8.281  0.166 0.0000000000
83982  -34.230  6.923  1.760 0.0000000000
83996  -34.064  6.913  -0.075 0.0000000000
83997  -34.436  6.253  0.301 0.0000000000
82944  -34.124  6.099  -0.740 0.0000000000
82945  -34.550  5.435  -0.191 0.0000000000
154245  -32.385  4.010  3.537 0.0000000000
147186  -32.941  4.639  3.540 0.0000000000
81909  -33.844  4.445  3.480 0.0000000000
134131  -35.514  4.060  2.166 0.0000000000
81932  -35.301  4.523  2.670 0.0000000000
134440  -35.378  4.167  1.175 0.0000000000
81953  -35.113  4.121  0.119 0.0000000000
80947  -35.165  3.389  -0.311 0.0000000000
78963  -36.657  1.460  0.454 0.0000000000
77960  -36.985  0.701  -0.240 0.0000000000
147696  -29.066  -2.347  0.857 0.0000000000
144975  -31.566  -1.891  2.202 0.0000000000
152615  -31.103  -1.718  1.705 0.0000000000
75874  -32.072  -1.316  2.725 0.0000000000
76918  -31.909  -0.557  2.706 0.0000000000
146898  -32.577  -0.691  3.120 0.0000000000
73706  -32.071  -3.124  4.115 0.0000000000
74781  -32.779  -2.621  4.267 0.0000000000
76884  -35.531  -0.986  4.231 0.0000000000
76902  -34.899  -0.599  4.094 0.0000000000
77918  -35.026  0.184  3.774 0.0000000000
151437  -36.442  0.133  3.393 0.0000000000
77936  -36.683  0.772  2.911 0.0000000000
77920  -37.044  0.048  3.131 0.0000000000
76930  -38.215  -1.133  0.904 0.0000000000
153155  -37.932  -0.529  1.457 0.0000000000
76941  -37.941  -1.238  -0.217 0.0000000000
67490  -29.213  -9.440  9.332 0.0000000000
67502  -29.055  -9.360  8.158 0.0000000000
68612  -29.924  -9.022  8.703 0.0000000000
78949  -29.360  0.972  1.849 0.0000000000
77948  -29.769  0.237  1.757 0.0000000000
153546  -29.732  -0.558  1.405 0.0000000000
70708  -30.719  -6.435  6.200 0.0000000000
71678  -31.366  -5.663  6.386 0.0000000000
71679  -32.383  -5.363  6.651 0.0000000000
71680  -33.143  -5.133  6.732 0.0000000000
153503  -33.693  -5.286  6.874 0.0000000000
71669  -33.105  -5.883  7.063 0.0000000000
70697  -33.584  -6.511  7.511 0.0000000000
61850  -25.748  -14.482  15.381 0.0000000000
64021  -26.460  -12.604  13.140 0.0000000000
62969  -26.339  -13.060  13.671 0.0000000000
62970  -27.176  -12.895  13.938 0.0000000000
69747  -28.075  -8.152  5.086 0.0000000000
68666  -27.513  -8.671  5.393 0.0000000000
68654  -27.526  -9.285  5.935 0.0000000000
67524  -28.136  -9.411  6.497 0.0000000000
92123  -23.449  14.398  -5.501 0.0000000000
92983  -26.662  14.905  -3.963 0.0000000000
92984  -27.239  14.783  -3.236 0.0000000000
92089  -27.710  14.573  -2.528 0.0000000000
91093  -28.171  14.240  -1.836 0.0000000000
89081  -28.389  11.856  -0.275 0.0000000000
152543  -29.057  11.544  0.192 0.0000000000
89082  -29.328  12.194  0.016 0.0000000000
90039  -30.612  12.848  -0.107 0.0000000000
91068  -31.123  13.238  -0.400 0.0000000000
90032  -30.803  12.248  0.274 0.0000000000
89075  -30.948  11.575  0.629 0.0000000000
88114  -31.192  10.951  1.120 0.0000000000
83966  -30.671  7.023  2.672 0.0000000000
136601  -30.529  7.684  2.528 0.0000000000
84998  -31.250  7.691  2.655 0.0000000000
84999  -32.107  7.687  2.794 0.0000000000
86055  -33.391  8.080  1.941 0.0000000000
85001  -33.727  7.365  2.197 0.0000000000
83970  -34.505  6.271  2.151 0.0000000000
80899  -33.311  3.096  3.581 0.0000000000
137968  -33.997  3.651  3.533 0.0000000000
80900  -34.915  3.411  3.488 0.0000000000
80901  -35.388  3.490  3.155 0.0000000000
79987  -35.886  3.018  2.066 0.0000000000
79999  -35.901  2.808  1.312 0.0000000000
79988  -36.240  2.355  2.045 0.0000000000
78950  -36.734  1.623  1.553 0.0000000000
73744  -29.403  -3.388  1.281 0.0000000000
73733  -29.825  -3.633  1.835 0.0000000000
73734  -30.776  -3.196  2.136 0.0000000000
74816  -31.460  -2.549  2.445 0.0000000000
74770  -34.064  -2.633  5.159 0.0000000000
74782  -33.538  -2.320  4.475 0.0000000000
150727  -35.206  -1.996  4.755 0.0000000000
75843  -35.773  -1.597  4.475 0.0000000000
75860  -37.072  -1.222  3.558 0.0000000000
76905  -37.222  -0.528  3.231 0.0000000000
75876  -38.001  -1.690  2.401 0.0000000000
74832  -38.362  -2.613  0.867 0.0000000000
74842  -38.176  -2.809  -0.266 0.0000000000
65141  -26.737  -11.069  10.642 0.0000000000
66281  -27.478  -10.599  10.487 0.0000000000
66301  -28.021  -10.151  9.907 0.0000000000
67488  -27.779  -10.041  8.980 0.0000000000
67467  -28.741  -9.754  10.161 0.0000000000
80913  -29.503  3.740  2.348 0.0000000000
153634  -30.605  4.553  3.166 0.0000000000
82897  -31.632  5.335  3.468 0.0000000000
81930  -30.754  3.895  3.222 0.0000000000
80897  -31.595  3.727  3.443 0.0000000000
79957  -31.744  2.749  3.344 0.0000000000
79973  -31.159  2.127  2.984 0.0000000000
79958  -32.619  2.496  3.485 0.0000000000
78918  -32.894  1.668  3.467 0.0000000000
78919  -33.867  1.573  3.665 0.0000000000
71718  -30.164  -5.141  3.688 0.0000000000
72666  -30.491  -4.411  3.298 0.0000000000
72650  -30.658  -4.447  4.234 0.0000000000
72651  -31.326  -3.832  4.486 0.0000000000
73693  -32.138  -3.589  5.009 0.0000000000
73694  -32.876  -3.383  5.432 0.0000000000
74772  -35.803  -2.975  5.262 0.0000000000
73708  -36.770  -3.445  4.403 0.0000000000
73698  -36.243  -3.520  5.107 0.0000000000
152702  -35.016  -4.969  6.576 0.0000000000
60712  -24.791  -15.589  16.343 0.0000000000
64058  -26.002  -12.208  11.792 0.0000000000
64045  -26.257  -12.386  12.575 0.0000000000
65109  -26.727  -11.822  12.189 0.0000000000
135178  -27.205  -11.360  11.835 0.0000000000
65128  -27.991  -10.981  11.829 0.0000000000
71717  -29.444  -5.626  3.143 0.0000000000
71703  -29.707  -5.811  4.168 0.0000000000
154892  -29.748  -6.851  5.288 0.0000000000
69748  -28.829  -7.963  5.323 0.0000000000
155969  -30.269  -6.450  5.672 0.0000000000
69749  -30.223  -7.177  5.956 0.0000000000
69736  -30.535  -7.724  6.491 0.0000000000
69721  -30.842  -8.034  7.039 0.0000000000
93880  -23.251  15.621  -5.586 0.0000000000
90089  -23.674  13.481  -4.709 0.0000000000
154189  -24.081  14.489  -5.928 0.0000000000
92125  -24.461  14.038  -5.369 0.0000000000
93893  -24.081  15.077  -6.324 0.0000000000
93894  -24.857  16.028  -6.375 0.0000000000
94736  -25.605  17.129  -6.126 0.0000000000
93883  -28.387  16.961  -3.817 0.0000000000
94725  -28.683  17.640  -4.295 0.0000000000
94726  -29.789  17.799  -4.432 0.0000000000
94717  -30.368  17.101  -4.020 0.0000000000
93876  -30.965  16.487  -3.645 0.0000000000
91077  -27.801  13.488  -1.549 0.0000000000
91078  -28.771  13.764  -1.303 0.0000000000
92091  -29.700  15.099  -1.990 0.0000000000
92974  -30.189  15.638  -2.421 0.0000000000
92975  -31.042  15.491  -2.542 0.0000000000
92988  -31.401  15.791  -3.261 0.0000000000
92989  -32.047  15.329  -3.616 0.0000000000
154765  -32.493  13.667  -3.299 0.0000000000
91082  -31.925  13.238  -1.515 0.0000000000
134790  -32.439  12.626  -2.061 0.0000000000
85006  -28.558  7.706  1.437 0.0000000000
133161  -29.219  9.150  1.692 0.0000000000
87109  -29.751  9.797  1.675 0.0000000000
87110  -30.658  9.784  1.952 0.0000000000
88115  -32.090  10.559  0.946 0.0000000000
87105  -31.478  9.025  2.288 0.0000000000
88108  -32.122  9.842  1.562 0.0000000000
88121  -32.614  10.221  0.175 0.0000000000
149468  -32.725  10.051  -0.549 0.0000000000
85018  -33.810  7.622  0.540 0.0000000000
84007  -33.796  6.841  -0.842 0.0000000000
145300  -33.718  5.570  -1.446 0.0000000000
134088  -33.626  4.781  -1.691 0.0000000000
82898  -32.579  5.430  3.510 0.0000000000
82899  -33.741  5.479  3.389 0.0000000000
82913  -34.702  5.612  2.556 0.0000000000
81910  -34.542  4.828  3.287 0.0000000000
82914  -35.108  5.105  2.235 0.0000000000
82926  -34.796  5.666  1.698 0.0000000000
134221  -34.883  4.874  0.309 0.0000000000
147860  -35.873  2.574  0.481 0.0000000000
75872  -30.446  -1.231  1.515 0.0000000000
75888  -30.468  -2.137  1.324 0.0000000000
156790  -30.977  -0.980  1.940 0.0000000000
76917  -31.245  -0.372  2.350 0.0000000000
76919  -32.421  0.079  3.110 0.0000000000
77917  -34.208  0.681  3.701 0.0000000000
73723  -31.339  -3.380  3.608 0.0000000000
74800  -31.808  -2.767  3.232 0.0000000000
74817  -32.162  -2.041  2.979 0.0000000000
75841  -33.841  -1.680  4.206 0.0000000000
75858  -33.392  -1.376  3.695 0.0000000000
142032  -34.147  -0.261  3.752 0.0000000000
144826  -35.253  1.038  3.564 0.0000000000
146942  -35.976  1.339  3.138 0.0000000000
78951  -37.173  1.032  2.078 0.0000000000
76929  -37.713  -0.318  2.266 0.0000000000
77949  -37.594  0.226  1.501 0.0000000000
77961  -37.474  0.176  0.195 0.0000000000
138261  -27.849  -9.717  7.082 0.0000000000
67513  -28.554  -9.437  7.277 0.0000000000
67501  -28.495  -9.635  8.782 0.0000000000
67514  -29.238  -9.159  7.368 0.0000000000
68642  -29.690  -8.800  7.021 0.0000000000
68643  -30.375  -8.490  7.395 0.0000000000
68644  -31.106  -8.203  7.735 0.0000000000
71681  -34.365  -5.098  6.777 0.0000000000
73684  -33.283  -3.778  6.207 0.0000000000
73707  -32.600  -3.094  4.747 0.0000000000
73709  -37.270  -3.356  3.719 0.0000000000
73745  -30.239  -2.897  1.486 0.0000000000
73746  -38.272  -3.160  1.396 0.0000000000
74783  -34.412  -2.107  4.719 0.0000000000
74784  -35.851  -2.327  4.778 0.0000000000
75889  -38.300  -1.786  1.386 0.0000000000
76885  -36.267  -1.092  3.990 0.0000000000
76903  -35.801  -0.307  3.850 0.0000000000
77916  -33.125  0.784  3.454 0.0000000000
77921  -37.416  -0.235  2.873 0.0000000000
78932  -29.700  1.820  2.234 0.0000000000
78934  -31.429  1.209  2.815 0.0000000000
80916  -35.625  3.488  2.499 0.0000000000
81907  -31.206  4.551  3.416 0.0000000000
81931  -34.979  5.015  3.000 0.0000000000
81943  -35.349  4.597  1.910 0.0000000000
82900  -34.324  6.069  2.970 0.0000000000
82911  -30.416  5.732  2.882 0.0000000000
82925  -28.874  5.895  2.027 0.0000000000
82936  -34.724  5.594  0.757 0.0000000000
83956  -33.004  6.254  3.365 0.0000000000
83968  -32.485  6.966  3.180 0.0000000000
83969  -34.078  6.721  2.555 0.0000000000
85028  -33.676  7.505  -0.401 0.0000000000
86047  -32.644  8.354  2.320 0.0000000000
87104  -30.889  9.230  2.242 0.0000000000
87112  -32.240  9.152  2.091 0.0000000000
87133  -32.904  9.488  -0.965 0.0000000000
88107  -31.384  10.266  1.591 0.0000000000
88120  -28.357  10.909  0.105 0.0000000000
89076  -31.774  11.302  0.545 0.0000000000
89080  -27.671  11.995  -0.761 0.0000000000
89083  -32.043  12.196  -0.396 0.0000000000
89084  -32.395  11.450  -0.445 0.0000000000
90031  -30.098  12.395  0.112 0.0000000000
90033  -31.560  11.961  0.202 0.0000000000
90051  -31.682  12.973  -0.718 0.0000000000
91079  -29.763  14.124  -0.947 0.0000000000
91126  -23.755  13.849  -5.295 0.0000000000
92079  -29.209  14.454  -1.643 0.0000000000
92090  -28.657  14.877  -2.224 0.0000000000
92093  -31.374  14.813  -2.152 0.0000000000
92102  -26.627  14.367  -3.549 0.0000000000
92115  -26.027  14.189  -4.139 0.0000000000
92124  -23.815  14.306  -5.707 0.0000000000
92996  -24.915  14.721  -5.581 0.0000000000
93874  -29.037  16.563  -3.303 0.0000000000
135296  -34.137  2.984  3.594 0.0000000000
135384  -29.740  12.840  -0.246 0.0000000000
135921  -37.658  -0.903  2.868 0.0000000000
139135  -29.936  8.084  2.365 0.0000000000
142241  -34.227  6.985  0.886 0.0000000000
142788  -29.105  0.206  1.424 0.0000000000
144220  -32.389  -2.503  3.617 0.0000000000
145106  -35.447  3.981  2.903 0.0000000000
146504  -33.113  3.847  3.545 0.0000000000
147363  -30.138  4.179  2.742 0.0000000000
147383  -35.230  -3.159  5.662 0.0000000000
147985  -37.408  -2.710  3.557 0.0000000000
151935  -33.351  -0.798  3.503 0.0000000000
153809  -32.869  9.569  0.266 0.0000000000
157281  -35.143  4.543  0.661 0.0000000000
158766  -34.557  4.133  3.425 0.0000000000
