#!ascii label  , from subject sub-v1s15x0050187_ses-1 vox2ras=TkReg
1147
60712  -24.791  -15.589  16.343 0.4285714328
61869  -25.363  -14.170  14.707 0.2857142985
61849  -24.854  -14.664  15.224 0.4285714328
61870  -26.233  -13.957  14.896 0.4285714328
62941  -27.120  -13.768  15.106 0.4285714328
62953  -25.842  -13.620  14.225 0.2857142985
62954  -26.708  -13.426  14.405 0.4285714328
62970  -27.176  -12.895  13.938 0.4285714328
64045  -26.257  -12.386  12.575 0.4285714328
64046  -27.000  -12.198  12.885 0.4285714328
65109  -26.727  -11.822  12.189 0.4285714328
65127  -27.283  -10.971  11.249 0.4285714328
66280  -26.836  -10.809  10.031 0.5714285970
66281  -27.478  -10.599  10.487 0.5714285970
66262  -27.948  -10.633  11.161 0.4285714328
67467  -28.741  -9.754  10.161 0.2857142985
66301  -28.021  -10.151  9.907 0.7142857313
67489  -28.443  -9.752  9.451 0.7142857313
68612  -29.924  -9.022  8.703 0.7142857313
67490  -29.213  -9.440  9.332 0.5714285970
68644  -31.106  -8.203  7.735 0.5714285970
68626  -29.814  -8.911  7.801 0.5714285970
68643  -30.375  -8.490  7.395 0.5714285970
69721  -30.842  -8.034  7.039 0.5714285970
69722  -31.532  -7.692  7.383 0.5714285970
68642  -29.690  -8.800  7.021 0.5714285970
69723  -32.318  -7.400  7.671 0.4285714328
70709  -31.363  -6.711  6.596 0.5714285970
71680  -33.143  -5.133  6.732 0.5714285970
69749  -30.223  -7.177  5.956 0.7142857313
71679  -32.383  -5.363  6.651 0.7142857313
72627  -32.774  -4.525  6.439 0.7142857313
72628  -33.727  -4.497  6.597 0.5714285970
141045  -30.802  -7.119  6.396 0.5714285970
68667  -29.269  -8.218  5.808 0.5714285970
71678  -31.366  -5.663  6.386 0.8571428657
73685  -34.148  -3.639  6.321 0.7142857313
73686  -34.958  -3.643  6.132 0.5714285970
71691  -30.582  -5.742  5.758 0.7142857313
154892  -29.748  -6.851  5.288 0.5714285970
73696  -34.554  -3.070  5.807 0.7142857313
73697  -35.625  -3.667  5.635 0.5714285970
72626  -31.834  -4.690  6.240 0.7142857313
73695  -33.689  -3.164  5.716 0.7142857313
74771  -35.066  -2.560  5.249 0.5714285970
72639  -32.403  -3.994  5.848 0.7142857313
74785  -36.366  -2.791  4.686 0.5714285970
72638  -31.617  -4.236  5.418 0.5714285970
73693  -32.138  -3.589  5.009 0.7142857313
74770  -34.064  -2.633  5.159 0.7142857313
75843  -35.773  -1.597  4.475 0.7142857313
75844  -36.546  -1.954  4.208 0.7142857313
74781  -32.779  -2.621  4.267 0.7142857313
74782  -33.538  -2.320  4.475 0.7142857313
75842  -34.818  -1.389  4.446 0.7142857313
76904  -36.653  -0.499  3.519 0.7142857313
75860  -37.072  -1.222  3.558 0.5714285970
75841  -33.841  -1.680  4.206 0.7142857313
73705  -30.858  -3.884  3.793 0.5714285970
77920  -37.044  0.048  3.131 0.5714285970
77937  -37.354  0.328  2.527 0.5714285970
75858  -33.392  -1.376  3.695 0.8571428657
74801  -33.001  -1.996  3.730 0.8571428657
77936  -36.683  0.772  2.911 0.7142857313
77919  -35.902  0.552  3.485 0.7142857313
75859  -34.077  -1.012  3.940 0.8571428657
77918  -35.026  0.184  3.774 0.7142857313
78921  -35.381  1.881  3.386 0.8571428657
78936  -36.484  1.562  2.447 0.5714285970
144826  -35.253  1.038  3.564 0.8571428657
77917  -34.208  0.681  3.701 0.8571428657
142032  -34.147  -0.261  3.752 0.8571428657
80900  -34.915  3.411  3.488 0.8571428657
81911  -35.122  4.223  3.230 0.8571428657
154600  -34.511  5.443  3.111 0.8571428657
78920  -34.707  1.523  3.640 0.8571428657
137968  -33.997  3.651  3.533 0.8571428657
154245  -32.385  4.010  3.537 1.0000000000
81909  -33.844  4.445  3.480 1.0000000000
79959  -33.590  2.367  3.605 0.8571428657
147186  -32.941  4.639  3.540 1.0000000000
80898  -32.418  3.307  3.522 1.0000000000
83955  -32.055  6.177  3.462 1.0000000000
154075  -30.737  6.404  2.896 0.7142857313
82898  -32.579  5.430  3.510 1.0000000000
82897  -31.632  5.335  3.468 1.0000000000
87110  -30.658  9.784  1.952 1.0000000000
87109  -29.751  9.797  1.675 0.8571428657
89074  -29.956  11.761  0.466 0.8571428657
88113  -30.205  11.099  0.992 1.0000000000
92091  -29.700  15.099  -1.990 0.8571428657
91066  -29.289  13.371  -0.679 0.8571428657
91067  -30.360  13.556  -0.515 1.0000000000
93873  -28.037  16.115  -3.488 0.8571428657
92985  -28.800  15.956  -2.972 0.8571428657
93882  -27.548  16.570  -4.229 0.7142857313
92984  -27.239  14.783  -3.236 0.5714285970
93881  -26.631  16.117  -4.883 0.7142857313
93896  -27.163  17.028  -4.913 0.5714285970
92125  -24.461  14.038  -5.369 0.5714285970
157882  -26.106  14.668  -4.437 0.5714285970
154189  -24.081  14.489  -5.928 0.4285714328
93008  -23.141  15.311  -6.652 0.4285714328
93903  -23.472  15.701  -6.965 0.4285714328
92982  -24.325  15.503  -3.918 0.2857142985
92971  -24.678  15.257  -3.098 0.2857142985
92981  -23.533  14.685  -4.446 0.2857142985
92972  -25.267  15.366  -2.461 0.2857142985
69737  -31.186  -7.426  6.789 0.5714285970
78951  -37.173  1.032  2.078 0.5714285970
76902  -34.899  -0.599  4.094 0.7142857313
151437  -36.442  0.133  3.393 0.7142857313
79974  -35.752  2.872  2.691 0.8571428657
80901  -35.388  3.490  3.155 0.8571428657
81910  -34.542  4.828  3.287 0.8571428657
84998  -31.250  7.691  2.655 0.8571428657
93838  -27.058  16.075  -0.186 0.1428571492
62952  -24.985  -13.907  13.996 0.2857142985
62968  -25.455  -13.401  13.496 0.2857142985
62969  -26.339  -13.060  13.671 0.2857142985
138848  -26.899  -12.609  13.424 0.4285714328
65110  -27.565  -11.618  12.473 0.4285714328
64021  -26.460  -12.604  13.140 0.4285714328
65128  -27.991  -10.981  11.829 0.4285714328
65126  -26.543  -11.550  11.339 0.5714285970
67488  -27.779  -10.041  8.980 0.2857142985
67502  -29.055  -9.360  8.158 0.7142857313
67514  -29.238  -9.159  7.368 0.5714285970
70697  -33.584  -6.511  7.511 0.4285714328
68655  -29.433  -8.564  6.347 0.7142857313
69735  -29.924  -8.016  6.093 0.7142857313
70695  -31.907  -7.087  7.057 0.7142857313
70710  -32.148  -6.283  6.852 0.5714285970
71669  -33.105  -5.883  7.063 0.4285714328
154445  -29.538  -7.605  5.541 0.5714285970
155969  -30.269  -6.450  5.672 0.5714285970
74802  -37.277  -2.054  3.682 0.5714285970
70731  -30.058  -6.124  5.026 0.5714285970
74769  -33.220  -2.826  4.966 0.7142857313
73694  -32.876  -3.383  5.432 0.7142857313
72651  -31.326  -3.832  4.486 0.8571428657
78935  -35.874  2.129  2.839 0.5714285970
78919  -33.867  1.573  3.665 1.0000000000
82899  -33.741  5.479  3.389 1.0000000000
79957  -31.744  2.749  3.344 1.0000000000
82912  -31.189  5.963  3.301 0.8571428657
84997  -29.916  7.239  2.471 0.7142857313
136601  -30.529  7.684  2.528 1.0000000000
86046  -31.791  8.442  2.478 1.0000000000
86044  -30.026  9.041  2.192 0.7142857313
87105  -31.478  9.025  2.288 1.0000000000
85007  -29.249  7.469  2.036 0.7142857313
88106  -30.439  10.458  1.506 0.8571428657
91078  -28.771  13.764  -1.303 0.8571428657
90039  -30.612  12.848  -0.107 1.0000000000
90032  -30.803  12.248  0.274 1.0000000000
154791  -27.417  15.377  -3.529 0.7142857313
145974  -23.569  14.783  -6.052 0.7142857313
92983  -26.662  14.905  -3.963 0.5714285970
92997  -26.091  15.174  -4.786 0.7142857313
93009  -25.497  15.610  -5.623 0.7142857313
91114  -24.343  13.351  -4.780 0.4285714328
92995  -23.564  15.284  -4.773 0.2857142985
93892  -22.853  15.603  -6.646 0.4285714328
94736  -25.605  17.129  -6.126 0.4285714328
93902  -22.807  15.861  -7.151 0.4285714328
93872  -24.795  16.465  -3.768 0.2857142985
93880  -23.251  15.621  -5.586 0.4285714328
132526  -28.015  -9.778  7.965 0.4285714328
67513  -28.554  -9.437  7.277 0.4285714328
93007  -23.291  15.048  -6.065 0.4285714328
93893  -24.081  15.077  -6.324 0.7142857313
146497  -23.344  14.804  -5.239 0.2857142985
93871  -24.083  16.220  -4.500 0.2857142985
60732  -25.251  -14.987  15.906 0.4285714328
61850  -25.748  -14.482  15.381 0.4285714328
61868  -24.504  -14.442  14.456 0.2857142985
61851  -26.648  -14.339  15.521 0.4285714328
135178  -27.205  -11.360  11.835 0.4285714328
64058  -26.002  -12.208  11.792 0.4285714328
65141  -26.737  -11.069  10.642 0.4285714328
66300  -27.287  -10.481  9.606 0.2857142985
66282  -28.306  -10.250  10.701 0.4285714328
67501  -28.495  -9.635  8.782 0.5714285970
68656  -30.171  -8.329  6.703 0.5714285970
69736  -30.535  -7.724  6.491 0.5714285970
70696  -32.698  -6.734  7.364 0.4285714328
153503  -33.693  -5.286  6.874 0.5714285970
70708  -30.719  -6.435  6.200 0.7142857313
71692  -31.053  -4.920  5.761 0.5714285970
74772  -35.803  -2.975  5.262 0.5714285970
150727  -35.206  -1.996  4.755 0.7142857313
150798  -30.966  -4.494  5.002 0.7142857313
73706  -32.071  -3.124  4.115 0.8571428657
76884  -35.531  -0.986  4.231 0.7142857313
146942  -35.976  1.339  3.138 0.8571428657
79960  -34.663  2.379  3.599 0.8571428657
79961  -35.382  2.736  3.293 0.8571428657
76901  -33.287  -0.066  3.424 0.8571428657
80899  -33.311  3.096  3.581 1.0000000000
81906  -30.849  5.192  3.291 1.0000000000
83966  -30.671  7.023  2.672 0.8571428657
92973  -29.191  15.532  -2.518 0.8571428657
139366  -28.110  15.335  -2.884 0.8571428657
92998  -27.110  15.687  -4.183 0.5714285970
92114  -25.502  14.406  -4.852 0.5714285970
90089  -23.674  13.481  -4.709 0.4285714328
92123  -23.449  14.398  -5.501 0.4285714328
92078  -25.167  14.676  -1.900 0.2857142985
92113  -23.344  14.229  -4.834 0.2857142985
93856  -25.748  16.121  -2.355 0.2857142985
93847  -26.650  16.473  -0.927 0.1428571492
64020  -25.829  -12.843  13.031 0.2857142985
86045  -30.830  8.476  2.422 1.0000000000
93894  -24.857  16.028  -6.375 0.5714285970
95529  -21.636  19.257  -7.883 0.2857142985
96255  -20.800  20.469  -5.374 0.1428571492
94747  -22.343  18.138  -7.982 0.2857142985
95535  -21.904  18.729  -9.133 0.2857142985
95505  -21.151  19.687  -5.952 0.1428571492
96245  -21.065  20.385  -4.385 0.1428571492
94723  -23.737  16.870  -4.874 0.1428571492
94735  -22.440  17.662  -7.162 0.2857142985
95507  -23.281  17.743  -5.189 0.1428571492
96284  -23.022  18.961  -8.729 0.2857142985
95536  -22.235  18.353  -8.941 0.2857142985
96278  -29.131  19.951  -6.713 0.2857142985
97129  -26.612  20.352  -7.263 0.2857142985
96246  -22.225  19.479  -3.755 0.1428571492
94757  -22.984  17.148  -7.985 0.2857142985
95522  -28.302  18.780  -5.355 0.2857142985
95538  -24.175  18.456  -7.670 0.2857142985
94756  -22.682  17.890  -8.377 0.2857142985
156456  -30.885  17.985  -5.492 0.1428571492
96266  -27.756  19.397  -5.842 0.2857142985
96275  -26.312  19.573  -6.735 0.2857142985
95496  -22.991  18.671  -4.432 0.1428571492
95530  -25.193  18.288  -6.790 0.2857142985
95537  -22.897  17.764  -8.311 0.2857142985
92131  -31.608  14.238  -6.878 0.1428571492
93905  -31.580  16.541  -6.098 0.1428571492
145368  -29.327  18.889  -5.405 0.4285714328
94737  -26.735  17.578  -5.488 0.2857142985
92104  -32.260  14.585  -3.378 0.2857142985
94717  -30.368  17.101  -4.020 0.4285714328
94738  -27.854  17.929  -4.924 0.2857142985
93904  -24.342  16.631  -6.904 0.2857142985
137901  -32.601  11.981  -3.428 0.1428571492
93000  -32.211  15.397  -4.244 0.2857142985
94725  -28.683  17.640  -4.295 0.4285714328
92975  -31.042  15.491  -2.542 0.5714285970
94716  -29.368  17.186  -3.795 0.7142857313
89103  -32.612  11.152  -2.240 0.1428571492
132557  -32.612  12.753  -2.914 0.1428571492
93875  -30.018  16.686  -3.337 0.7142857313
94724  -27.908  17.295  -4.345 0.4285714328
92094  -32.010  14.292  -2.621 0.4285714328
87147  -32.736  9.319  -1.940 0.2857142985
88129  -32.696  10.156  -1.204 0.7142857313
92974  -30.189  15.638  -2.421 0.7142857313
89075  -30.948  11.575  0.629 0.8571428657
90052  -32.238  12.483  -1.222 0.8571428657
131587  -31.005  14.565  -1.386 0.5714285970
85036  -33.170  7.789  -1.732 0.2857142985
86095  -32.811  8.306  -2.287 0.2857142985
91094  -31.631  14.045  -1.800 0.7142857313
90050  -28.344  13.089  -0.943 0.5714285970
91081  -31.244  13.821  -0.905 0.8571428657
85044  -33.216  7.048  -1.924 0.1428571492
149468  -32.725  10.051  -0.549 0.7142857313
84013  -33.516  6.400  -1.566 0.1428571492
78949  -29.360  0.972  1.849 0.5714285970
81930  -30.754  3.895  3.222 0.8571428657
153634  -30.605  4.553  3.166 0.8571428657
80914  -30.234  3.362  2.698 0.4285714328
81929  -30.180  4.961  2.811 0.5714285970
87111  -31.507  9.614  2.029 0.8571428657
86055  -33.391  8.080  1.941 0.8571428657
88115  -32.090  10.559  0.946 0.8571428657
82944  -34.124  6.099  -0.740 0.2857142985
86061  -33.128  9.081  0.796 0.8571428657
88121  -32.614  10.221  0.175 0.8571428657
91068  -31.123  13.238  -0.400 0.8571428657
134088  -33.626  4.781  -1.691 0.4285714328
86075  -33.469  8.281  0.166 0.7142857313
87123  -32.862  9.682  -0.283 0.7142857313
142788  -29.105  0.206  1.424 0.2857142985
80915  -30.941  3.044  3.153 0.5714285970
79972  -30.376  2.454  2.653 0.5714285970
81908  -32.046  4.612  3.533 0.8571428657
85000  -32.996  7.603  2.557 0.8571428657
84999  -32.107  7.687  2.794 0.8571428657
86054  -33.016  8.797  1.686 0.8571428657
158442  -32.648  9.366  1.439 0.8571428657
83997  -34.436  6.253  0.301 0.4285714328
85008  -33.844  7.574  1.428 0.8571428657
86062  -33.498  8.293  1.143 0.8571428657
82952  -34.166  5.129  -0.989 0.4285714328
72680  -30.229  -4.055  2.516 0.7142857313
73744  -29.403  -3.388  1.281 0.4285714328
73735  -31.270  -3.118  2.862 0.7142857313
75874  -32.072  -1.316  2.725 0.8571428657
156790  -30.977  -0.980  1.940 0.5714285970
153546  -29.732  -0.558  1.405 0.5714285970
77947  -28.811  -0.743  0.924 0.4285714328
76919  -32.421  0.079  3.110 0.8571428657
76928  -30.458  -0.245  1.971 0.5714285970
77933  -30.117  0.797  2.193 0.5714285970
78918  -32.894  1.668  3.467 0.8571428657
78917  -31.978  1.850  3.217 0.7142857313
78933  -30.605  1.493  2.577 0.5714285970
81932  -35.301  4.523  2.670 0.7142857313
82914  -35.108  5.105  2.235 0.7142857313
83970  -34.505  6.271  2.151 0.7142857313
83982  -34.230  6.923  1.760 0.8571428657
80955  -34.888  3.013  -1.025 0.2857142985
81953  -35.113  4.121  0.119 0.4285714328
134221  -34.883  4.874  0.309 0.5714285970
71704  -30.455  -5.228  4.829 0.4285714328
72665  -29.887  -4.918  2.758 0.4285714328
72679  -29.470  -4.429  2.041 0.4285714328
75857  -32.736  -1.368  3.293 0.7142857313
146898  -32.577  -0.691  3.120 0.7142857313
77915  -32.220  0.962  3.143 0.8571428657
79987  -35.886  3.018  2.066 0.7142857313
80935  -35.525  3.314  0.564 0.2857142985
80926  -35.658  3.482  1.631 0.5714285970
134131  -35.514  4.060  2.166 0.5714285970
70730  -29.361  -6.591  4.495 0.4285714328
70744  -28.942  -6.310  3.625 0.5714285970
72666  -30.491  -4.411  3.298 0.5714285970
73722  -30.850  -3.680  3.020 0.5714285970
74817  -32.162  -2.041  2.979 0.7142857313
78950  -36.734  1.623  1.553 0.4285714328
80000  -36.324  2.167  1.016 0.4285714328
147860  -35.873  2.574  0.481 0.4285714328
79999  -35.901  2.808  1.312 0.4285714328
157899  -28.496  -8.757  5.833 0.5714285970
73698  -36.243  -3.520  5.107 0.4285714328
74786  -36.942  -2.689  4.084 0.4285714328
153155  -37.932  -0.529  1.457 0.4285714328
76905  -37.222  -0.528  3.231 0.4285714328
76940  -37.858  -0.485  0.548 0.4285714328
66249  -28.819  -10.741  12.019 0.1428571492
75875  -37.599  -1.613  3.181 0.4285714328
75876  -38.001  -1.690  2.401 0.4285714328
76930  -38.215  -1.133  0.904 0.4285714328
67468  -29.636  -9.564  10.383 0.1428571492
67469  -30.391  -9.333  10.300 0.1428571492
144866  -36.429  -5.037  5.057 0.2857142985
72692  -37.712  -4.944  1.255 0.2857142985
72668  -37.258  -4.718  2.989 0.2857142985
152702  -35.016  -4.969  6.576 0.4285714328
146906  -38.016  -4.472  0.650 0.2857142985
143129  -37.485  -3.945  3.085 0.2857142985
72640  -36.069  -4.292  5.474 0.2857142985
73752  -38.225  -3.603  0.437 0.2857142985
73736  -38.020  -3.163  2.222 0.4285714328
67451  -29.709  -9.941  11.237 0.1428571492
67452  -30.324  -9.625  10.911 0.1428571492
66263  -28.562  -10.462  11.398 0.1428571492
68614  -31.609  -8.521  9.347 0.2857142985
70699  -35.240  -6.544  7.328 0.2857142985
71683  -36.109  -5.832  6.093 0.2857142985
71682  -35.544  -5.347  6.424 0.2857142985
70698  -34.452  -6.423  7.463 0.2857142985
71693  -35.976  -5.064  5.812 0.2857142985
134426  -30.843  -9.367  10.590 0.1428571492
69702  -34.126  -7.899  9.155 0.2857142985
68596  -31.954  -8.780  10.074 0.2857142985
69711  -33.622  -7.485  8.524 0.2857142985
68629  -32.168  -8.101  8.864 0.2857142985
68613  -30.747  -8.706  9.066 0.2857142985
139339  -34.047  -6.999  7.941 0.2857142985
65111  -28.461  -11.297  12.498 0.1428571492
65088  -27.551  -11.981  12.960 0.2857142985
65112  -29.281  -11.087  12.511 0.1428571492
60713  -25.714  -15.406  16.483 0.2857142985
59580  -25.300  -16.027  16.940 0.2857142985
64022  -27.589  -12.338  13.418 0.2857142985
59579  -24.375  -16.226  16.753 0.2857142985
59563  -24.898  -16.670  17.362 0.1428571492
68595  -31.013  -8.968  9.961 0.1428571492
148394  -32.365  -8.405  9.534 0.2857142985
69725  -34.792  -6.928  7.793 0.2857142985
71705  -36.555  -6.017  4.435 0.2857142985
71671  -34.922  -5.751  6.949 0.2857142985
71720  -36.836  -5.413  3.045 0.2857142985
73708  -36.770  -3.445  4.403 0.4285714328
72693  -38.020  -3.948  1.533 0.2857142985
73758  -37.863  -3.755  -1.050 0.2857142985
74815  -31.066  -2.427  1.703 0.7142857313
74832  -38.362  -2.613  0.867 0.4285714328
77934  -30.913  0.523  2.462 0.5714285970
76929  -37.713  -0.318  2.266 0.4285714328
80010  -36.133  1.975  -0.035 0.2857142985
80009  -35.527  2.609  -0.415 0.2857142985
80947  -35.165  3.389  -0.311 0.5714285970
89082  -29.328  12.194  0.016 0.7142857313
83983  -34.522  6.312  1.271 0.7142857313
88114  -31.192  10.951  1.120 0.8571428657
92089  -27.710  14.573  -2.528 0.4285714328
91093  -28.171  14.240  -1.836 0.5714285970
92080  -30.196  14.678  -1.394 0.7142857313
81963  -34.617  4.602  -0.489 0.2857142985
89077  -32.333  11.038  0.208 0.8571428657
91080  -30.583  14.257  -0.928 0.8571428657
86084  -33.083  8.672  -1.373 0.5714285970
94751  -26.153  18.183  -6.077 0.2857142985
154765  -32.493  13.667  -3.299 0.4285714328
92989  -32.047  15.329  -3.616 0.4285714328
95490  -23.556  18.890  -3.392 0.1428571492
147226  -30.307  18.602  -5.626 0.2857142985
93897  -31.586  16.864  -5.206 0.1428571492
96285  -24.464  19.540  -7.872 0.2857142985
61835  -26.174  -14.820  16.029 0.1428571492
60731  -24.370  -15.252  15.654 0.2857142985
65089  -28.101  -11.801  13.037 0.1428571492
66250  -29.426  -10.622  12.060 0.1428571492
67453  -31.018  -9.662  11.151 0.1428571492
67471  -32.327  -9.276  10.664 0.1428571492
68628  -31.363  -8.335  8.529 0.2857142985
69701  -32.689  -7.634  8.395 0.2857142985
145117  -36.499  -6.429  5.423 0.2857142985
71719  -36.474  -6.203  3.114 0.2857142985
71703  -29.707  -5.811  4.168 0.5714285970
71670  -34.039  -5.788  7.200 0.2857142985
71732  -28.946  -5.244  2.203 0.2857142985
72702  -37.967  -4.583  -0.350 0.2857142985
74848  -37.702  -2.921  -1.344 0.2857142985
73734  -30.776  -3.196  2.136 0.7142857313
74816  -31.460  -2.549  2.445 0.5714285970
147696  -29.066  -2.347  0.857 0.4285714328
75888  -30.468  -2.137  1.324 0.5714285970
74842  -38.176  -2.809  -0.266 0.4285714328
78948  -28.638  1.007  1.463 0.2857142985
77948  -29.769  0.237  1.757 0.5714285970
75900  -38.266  -1.916  0.289 0.2857142985
76917  -31.245  -0.372  2.350 0.7142857313
145138  -28.918  1.738  1.727 0.2857142985
131917  -37.517  -0.665  -0.711 0.1428571492
77960  -36.985  0.701  -0.240 0.4285714328
78964  -37.165  0.925  0.985 0.4285714328
77965  -36.664  0.248  -1.356 0.1428571492
147073  -33.368  6.946  2.909 0.8571428657
78969  -36.445  1.177  -0.666 0.1428571492
134440  -35.378  4.167  1.175 0.5714285970
80946  -34.692  3.802  -0.741 0.2857142985
82945  -34.550  5.435  -0.191 0.5714285970
85018  -33.810  7.622  0.540 0.7142857313
155730  -32.094  11.638  0.079 0.8571428657
142756  -33.143  5.510  -2.189 0.2857142985
85037  -33.498  7.278  -1.253 0.4285714328
145300  -33.718  5.570  -1.446 0.4285714328
85043  -32.737  7.324  -2.512 0.1428571492
137417  -32.545  11.884  -1.713 0.5714285970
86109  -32.440  7.980  -3.075 0.1428571492
88142  -32.616  10.278  -2.025 0.1428571492
89116  -32.559  11.175  -3.126 0.1428571492
95497  -24.119  17.906  -4.085 0.1428571492
141262  -32.251  13.441  -2.367 0.5714285970
88156  -32.539  10.379  -2.857 0.1428571492
90080  -32.604  12.752  -3.830 0.1428571492
95509  -29.815  18.414  -4.984 0.2857142985
93884  -31.289  16.890  -4.446 0.2857142985
137811  -32.405  14.808  -4.065 0.2857142985
92127  -32.363  14.406  -5.314 0.1428571492
92126  -31.977  14.550  -6.148 0.1428571492
138736  -31.808  15.538  -6.150 0.1428571492
95531  -29.708  19.292  -6.138 0.2857142985
96279  -29.904  19.486  -6.879 0.2857142985
95532  -30.455  18.845  -6.701 0.1428571492
94753  -31.342  17.358  -6.616 0.1428571492
61852  -27.509  -14.279  15.629 0.1428571492
66251  -30.060  -10.746  12.300 0.1428571492
80015  -34.558  2.548  -1.873 0.2857142985
93024  -31.434  15.809  -7.444 0.1428571492
96286  -29.719  19.860  -7.608 0.2857142985
62955  -27.591  -13.292  14.557 0.1428571492
64007  -28.029  -12.736  14.069 0.1428571492
66283  -29.000  -9.965  10.952 0.1428571492
67491  -30.150  -9.149  9.633 0.2857142985
68627  -30.548  -8.586  8.201 0.4285714328
69710  -31.874  -7.908  8.080 0.2857142985
72629  -34.642  -4.334  6.473 0.4285714328
73723  -31.339  -3.380  3.608 0.5714285970
72650  -30.658  -4.447  4.234 0.4285714328
77949  -37.594  0.226  1.501 0.4285714328
74800  -31.808  -2.767  3.232 0.7142857313
82913  -34.702  5.612  2.556 0.7142857313
80897  -31.595  3.727  3.443 0.8571428657
79958  -32.619  2.496  3.485 0.8571428657
83957  -33.749  6.350  3.173 0.8571428657
83967  -31.499  6.873  3.092 0.8571428657
92986  -29.665  16.157  -2.839 0.7142857313
93883  -28.387  16.961  -3.817 0.5714285970
93895  -26.114  16.605  -5.540 0.2857142985
94749  -23.934  17.362  -7.467 0.2857142985
79988  -36.240  2.355  2.045 0.4285714328
68641  -28.961  -9.095  6.686 0.5714285970
74818  -37.761  -2.402  2.906 0.4285714328
79973  -31.159  2.127  2.984 0.5714285970
88108  -32.122  9.842  1.562 0.8571428657
90040  -31.353  12.632  -0.123 0.8571428657
147286  -22.590  16.419  -6.952 0.2857142985
94750  -25.126  17.541  -6.636 0.2857142985
94748  -22.806  16.926  -7.648 0.2857142985
94722  -22.837  16.474  -6.070 0.2857142985
76918  -31.909  -0.557  2.706 0.8571428657
155942  -21.980  18.663  -7.253 0.2857142985
95519  -21.362  19.598  -6.860 0.1428571492
154844  -22.091  18.650  -6.439 0.2857142985
96256  -21.581  19.533  -4.889 0.1428571492
151008  -21.892  19.200  -9.628 0.2857142985
95506  -22.411  18.651  -5.481 0.1428571492
95520  -22.613  17.596  -6.250 0.1428571492
96277  -28.151  20.091  -6.376 0.2857142985
97128  -25.559  20.012  -7.555 0.2857142985
96265  -26.822  19.106  -6.111 0.2857142985
95521  -27.298  18.525  -5.584 0.2857142985
96267  -28.737  19.436  -5.914 0.2857142985
95508  -28.956  18.342  -4.800 0.2857142985
96274  -25.339  19.133  -7.043 0.2857142985
156390  -30.682  17.503  -4.552 0.2857142985
94739  -30.969  18.111  -6.206 0.1428571492
94740  -31.311  17.442  -5.733 0.1428571492
93016  -31.613  15.884  -6.743 0.1428571492
138794  -31.866  16.048  -5.405 0.1428571492
93910  -31.478  16.565  -7.048 0.1428571492
136302  -32.515  14.178  -3.906 0.1428571492
92987  -30.575  16.088  -2.968 0.5714285970
93876  -30.965  16.487  -3.645 0.4285714328
94726  -29.789  17.799  -4.432 0.5714285970
90092  -32.396  12.624  -4.849 0.1428571492
90066  -32.637  11.958  -2.560 0.1428571492
133505  -31.787  16.347  -4.763 0.2857142985
135630  -32.189  15.213  -5.448 0.2857142985
92988  -31.401  15.791  -3.261 0.4285714328
132577  -31.748  15.096  -2.883 0.5714285970
92092  -30.644  15.105  -1.942 0.7142857313
89091  -32.606  11.094  -1.274 0.4285714328
134790  -32.439  12.626  -2.061 0.5714285970
134778  -32.597  10.691  -0.487 0.7142857313
136232  -32.426  11.857  -0.984 0.7142857313
91082  -31.925  13.238  -1.515 0.7142857313
86085  -33.392  8.091  -0.845 0.5714285970
84007  -33.796  6.841  -0.842 0.4285714328
87116  -32.577  9.789  0.892 0.8571428657
80913  -29.503  3.740  2.348 0.4285714328
79971  -29.611  2.846  2.297 0.4285714328
85001  -33.727  7.365  2.197 0.8571428657
83996  -34.064  6.913  -0.075 0.4285714328
86074  -33.170  9.007  -0.327 0.8571428657
73733  -29.825  -3.633  1.835 0.4285714328
144975  -31.566  -1.891  2.202 0.7142857313
152615  -31.103  -1.718  1.705 0.7142857313
75873  -31.516  -1.175  2.228 0.7142857313
75887  -29.607  -1.639  1.062 0.4285714328
75872  -30.446  -1.231  1.515 0.5714285970
75886  -28.783  -1.728  0.796 0.2857142985
77935  -31.685  0.298  2.742 0.7142857313
81952  -35.115  4.970  1.227 0.5714285970
82926  -34.796  5.666  1.698 0.7142857313
71718  -30.164  -5.141  3.688 0.5714285970
71717  -29.444  -5.626  3.143 0.5714285970
78963  -36.657  1.460  0.454 0.4285714328
78968  -35.877  1.679  -1.062 0.2857142985
72653  -37.082  -4.230  3.832 0.2857142985
73724  -37.633  -3.207  3.026 0.4285714328
76920  -38.073  -1.028  1.920 0.4285714328
76941  -37.941  -1.238  -0.217 0.4285714328
77961  -37.474  0.176  0.195 0.4285714328
74819  -38.227  -2.473  1.890 0.4285714328
69724  -33.152  -7.154  7.888 0.2857142985
72652  -36.606  -4.243  4.724 0.2857142985
72681  -37.611  -4.464  2.234 0.2857142985
72630  -35.431  -4.430  6.150 0.2857142985
134443  -29.766  -10.347  11.770 0.1428571492
66265  -30.422  -10.148  11.616 0.1428571492
70711  -35.697  -6.149  6.729 0.2857142985
67470  -31.493  -9.286  10.603 0.1428571492
68615  -33.080  -8.000  9.242 0.2857142985
132631  -34.703  -7.437  8.407 0.2857142985
59581  -26.276  -15.918  16.973 0.1428571492
60714  -26.660  -15.330  16.477 0.1428571492
95491  -24.394  18.449  -3.135 0.1428571492
61836  -27.048  -14.765  16.056 0.1428571492
62942  -28.025  -13.702  15.214 0.1428571492
95498  -24.970  17.752  -3.361 0.1428571492
89081  -28.389  11.856  -0.275 0.5714285970
88112  -28.789  10.403  0.655 0.4285714328
87115  -27.975  9.951  0.383 0.4285714328
152543  -29.057  11.544  0.192 0.5714285970
87108  -28.756  9.689  1.151 0.4285714328
89073  -29.310  11.029  0.591 0.5714285970
90038  -28.848  12.653  -0.430 0.4285714328
83980  -28.695  6.774  1.654 0.4285714328
86053  -29.225  8.367  1.866 0.4285714328
85006  -28.558  7.706  1.437 0.4285714328
133161  -29.219  9.150  1.692 0.5714285970
88105  -29.517  10.458  1.162 0.5714285970
82910  -29.571  5.527  2.497 0.5714285970
71748  -37.417  -6.298  -0.470 0.1428571492
72710  -37.746  -4.799  -1.619 0.1428571492
65140  -26.303  -11.298  9.974 0.2857142985
71734  -37.240  -5.460  2.019 0.1428571492
151053  -39.195  -6.585  -0.491 0.1428571492
138882  -39.393  -5.858  -0.780 0.1428571492
70774  -38.224  -5.832  -1.705 0.1428571492
143536  -39.543  -5.210  -0.238 0.1428571492
134081  -26.181  -11.589  10.565 0.2857142985
70745  -36.359  -6.931  3.410 0.1428571492
70759  -36.347  -7.377  0.658 0.1428571492
70763  -37.128  -6.948  -0.134 0.1428571492
70760  -39.534  -6.575  0.657 0.1428571492
69789  -38.008  -6.902  -0.576 0.1428571492
158213  -39.564  -3.453  2.757 0.1428571492
151635  -39.491  -4.985  1.989 0.1428571492
73737  -39.565  -3.333  1.990 0.1428571492
65125  -25.719  -12.091  10.902 0.2857142985
69727  -36.301  -7.636  7.676 0.1428571492
69738  -36.742  -7.140  5.896 0.1428571492
70700  -35.976  -6.866  7.163 0.1428571492
70732  -36.531  -6.956  4.343 0.1428571492
69777  -35.735  -7.870  1.044 0.1428571492
69768  -35.955  -7.691  2.739 0.1428571492
69784  -39.085  -7.479  0.185 0.1428571492
70758  -35.922  -7.414  1.438 0.1428571492
155988  -39.457  -5.207  2.520 0.1428571492
73725  -39.520  -3.966  3.354 0.1428571492
64057  -25.103  -12.561  11.420 0.2857142985
64043  -24.578  -13.076  11.915 0.2857142985
68630  -35.088  -8.093  8.999 0.1428571492
135110  -36.612  -7.290  6.818 0.1428571492
69751  -37.084  -7.799  5.185 0.1428571492
68690  -35.636  -8.389  1.508 0.1428571492
69761  -36.329  -7.507  3.585 0.1428571492
157593  -39.436  -7.759  1.193 0.1428571492
71735  -39.425  -5.735  2.408 0.1428571492
69774  -39.442  -7.397  1.790 0.1428571492
133479  -39.922  -2.835  4.132 0.1428571492
73710  -39.655  -3.657  4.152 0.1428571492
68616  -33.723  -8.385  9.717 0.1428571492
68617  -34.581  -8.489  9.678 0.1428571492
68657  -37.407  -8.585  6.466 0.1428571492
68645  -36.880  -8.321  7.956 0.1428571492
136272  -35.649  -9.557  2.182 0.1428571492
69739  -37.116  -7.834  6.200 0.1428571492
67558  -37.324  -9.432  1.440 0.1428571492
68677  -36.500  -8.779  3.485 0.1428571492
68692  -38.330  -8.760  1.139 0.1428571492
70746  -39.361  -5.971  3.582 0.1428571492
146795  -39.485  -4.478  4.089 0.1428571492
71721  -39.390  -5.219  4.068 0.1428571492
68598  -33.994  -8.969  10.355 0.1428571492
67515  -37.573  -9.515  7.648 0.1428571492
68633  -37.267  -8.969  8.273 0.1428571492
137836  -35.503  -8.711  9.492 0.1428571492
135509  -37.465  -9.413  5.566 0.1428571492
68646  -37.383  -8.717  7.454 0.1428571492
69713  -36.290  -8.173  8.276 0.1428571492
67554  -38.246  -10.344  1.656 0.1428571492
158978  -35.743  -10.276  2.444 0.1428571492
67559  -39.300  -8.983  1.677 0.1428571492
69769  -39.400  -7.719  2.909 0.1428571492
68693  -39.306  -8.252  1.191 0.1428571492
66313  -37.399  -10.463  8.381 0.1428571492
148280  -36.515  -9.550  9.544 0.1428571492
67493  -35.921  -9.347  9.882 0.1428571492
140769  -36.476  -10.985  4.414 0.1428571492
66338  -37.334  -10.496  5.618 0.1428571492
66358  -35.961  -10.906  2.442 0.1428571492
150211  -35.988  -10.433  3.451 0.1428571492
68687  -39.442  -8.816  2.554 0.1428571492
67525  -37.593  -9.476  6.652 0.1428571492
69728  -36.992  -8.004  7.158 0.1428571492
67543  -36.763  -9.495  3.879 0.1428571492
68685  -35.541  -8.711  1.968 0.1428571492
70712  -36.317  -6.564  6.419 0.1428571492
140802  -39.646  -4.132  4.878 0.1428571492
156786  -40.174  -2.387  4.373 0.1428571492
144019  -39.435  -4.949  3.079 0.1428571492
144789  -39.513  -6.732  0.197 0.1428571492
71743  -37.198  -5.964  0.675 0.1428571492
71757  -38.071  -5.539  -2.200 0.1428571492
64044  -25.481  -12.695  12.277 0.2857142985
152056  -39.389  -6.885  3.567 0.1428571492
71706  -39.381  -5.755  4.615 0.1428571492
74787  -39.858  -3.331  4.873 0.1428571492
74788  -40.335  -1.942  4.671 0.1428571492
83981  -29.327  6.646  2.229 0.4285714328
74804  -40.233  -2.057  3.826 0.1428571492
72682  -39.518  -4.114  2.428 0.1428571492
141187  -39.679  -3.194  3.414 0.1428571492
145111  -39.537  -4.094  1.367 0.1428571492
153920  -39.690  -2.723  2.599 0.1428571492
72716  -37.878  -4.928  -2.573 0.1428571492
90037  -28.126  12.453  -0.704 0.4285714328
91077  -27.801  13.488  -1.549 0.4285714328
96292  -30.212  19.231  -8.198 0.1428571492
97132  -29.080  20.474  -7.428 0.1428571492
72701  -37.713  -5.346  0.141 0.1428571492
69726  -35.462  -7.208  7.787 0.1428571492
68597  -32.935  -8.665  10.101 0.1428571492
75906  -37.657  -2.157  -1.176 0.1428571492
70753  -36.598  -6.625  1.294 0.1428571492
71749  -37.743  -5.519  -1.035 0.1428571492
70767  -37.891  -6.278  -0.866 0.1428571492
70775  -38.742  -5.742  -1.704 0.1428571492
70764  -39.429  -6.443  -0.282 0.1428571492
69790  -38.826  -7.030  -0.353 0.1428571492
138353  -36.759  -6.825  0.190 0.1428571492
139559  -39.592  -6.103  0.106 0.1428571492
70776  -39.067  -5.421  -1.808 0.1428571492
72703  -39.524  -4.318  -0.453 0.1428571492
143534  -39.534  -5.090  0.790 0.1428571492
70752  -36.074  -7.212  2.408 0.1428571492
151806  -36.340  -6.730  2.133 0.1428571492
71744  -39.487  -5.842  1.249 0.1428571492
69783  -37.995  -7.523  0.034 0.1428571492
69712  -35.653  -7.799  8.347 0.1428571492
150636  -36.747  -7.181  5.015 0.1428571492
69773  -35.553  -7.985  1.810 0.1428571492
68697  -37.642  -8.147  0.620 0.1428571492
68676  -36.120  -8.151  3.156 0.1428571492
69779  -39.502  -7.166  0.774 0.1428571492
68698  -38.840  -8.025  0.620 0.1428571492
70754  -39.454  -6.581  1.581 0.1428571492
69750  -36.652  -7.824  4.171 0.1428571492
143339  -37.341  -8.538  5.440 0.1428571492
68691  -36.460  -8.482  1.040 0.1428571492
68686  -35.905  -9.167  1.643 0.1428571492
140942  -39.433  -8.216  1.827 0.1428571492
139560  -39.397  -6.708  2.679 0.1428571492
67492  -35.069  -9.107  10.166 0.1428571492
68632  -36.651  -8.684  8.621 0.1428571492
68680  -35.823  -8.885  2.577 0.1428571492
67553  -36.404  -10.209  1.879 0.1428571492
67548  -35.875  -9.798  2.872 0.1428571492
138792  -37.129  -8.604  4.437 0.1428571492
66327  -37.552  -10.357  6.947 0.1428571492
68668  -37.306  -9.252  4.716 0.1428571492
67532  -37.034  -10.120  4.444 0.1428571492
58505  -23.022  -17.160  16.881 0.1428571492
59577  -22.505  -16.807  16.108 0.1428571492
59578  -23.462  -16.478  16.482 0.1428571492
60711  -23.886  -15.818  16.099 0.1428571492
60749  -23.994  -14.977  14.890 0.1428571492
61867  -23.596  -14.706  14.139 0.1428571492
61885  -24.102  -14.254  13.674 0.1428571492
62967  -24.568  -13.728  13.223 0.1428571492
62966  -23.607  -14.067  12.884 0.1428571492
62992  -25.042  -13.253  12.725 0.1428571492
63002  -23.546  -13.393  11.588 0.1428571492
64065  -24.692  -12.338  10.475 0.1428571492
138007  -25.533  -11.795  9.995 0.1428571492
66299  -26.536  -10.913  9.296 0.1428571492
66312  -27.168  -10.292  8.193 0.2857142985
69747  -28.075  -8.152  5.086 0.4285714328
69760  -29.111  -7.342  4.865 0.4285714328
81928  -29.482  4.602  2.446 0.2857142985
82924  -28.463  5.237  1.599 0.2857142985
157091  -29.410  6.113  2.370 0.2857142985
86058  -26.707  8.059  -0.236 0.2857142985
87122  -27.477  9.257  0.167 0.2857142985
151877  -27.632  10.408  -0.273 0.2857142985
132733  -27.522  11.173  -0.621 0.4285714328
132265  -24.757  -11.998  9.705 0.1428571492
65160  -25.900  -11.440  9.372 0.2857142985
132728  -27.056  -10.472  8.912 0.1428571492
60730  -23.471  -15.570  15.277 0.1428571492
61884  -23.149  -14.526  13.361 0.1428571492
62990  -23.049  -13.860  12.100 0.1428571492
64056  -24.078  -12.855  11.103 0.1428571492
65159  -25.214  -11.631  9.109 0.2857142985
66311  -26.495  -10.738  8.461 0.2857142985
66298  -25.890  -11.243  8.709 0.2857142985
144131  -25.916  -10.982  8.089 0.2857142985
67512  -27.201  -10.083  7.293 0.2857142985
67524  -28.136  -9.411  6.497 0.4285714328
68654  -27.526  -9.285  5.935 0.4285714328
69746  -27.297  -8.056  4.863 0.2857142985
80925  -28.829  3.249  1.825 0.2857142985
158082  -28.358  3.840  1.476 0.2857142985
136778  -28.864  5.041  2.175 0.2857142985
82923  -28.070  5.206  1.017 0.2857142985
83979  -28.180  5.994  1.214 0.2857142985
134561  -27.198  7.792  0.259 0.2857142985
85016  -26.671  7.294  -0.064 0.2857142985
81941  -28.251  4.558  1.323 0.2857142985
80924  -28.092  3.254  1.327 0.2857142985
82935  -27.534  5.575  0.719 0.2857142985
150264  -27.010  5.926  0.384 0.2857142985
85005  -28.021  6.989  1.023 0.2857142985
83994  -26.805  6.557  0.156 0.2857142985
86051  -27.836  7.930  0.795 0.2857142985
81940  -27.478  4.736  0.781 0.2857142985
81951  -26.600  4.555  0.286 0.2857142985
69748  -28.829  -7.963  5.323 0.4285714328
138261  -27.849  -9.717  7.082 0.4285714328
86060  -27.946  9.145  0.741 0.2857142985
85017  -27.302  7.158  0.509 0.2857142985
62991  -24.086  -13.587  12.401 0.1428571492
68666  -27.513  -8.671  5.393 0.4285714328
86059  -27.411  8.539  0.315 0.2857142985
67523  -27.309  -9.728  6.554 0.4285714328
136722  -26.158  5.133  -0.268 0.2857142985
70743  -28.041  -6.538  3.237 0.2857142985
70729  -28.494  -7.062  4.115 0.2857142985
98850  -24.004  23.894  -10.167 0.1428571492
98851  -25.131  23.725  -10.106 0.1428571492
97968  -25.725  21.865  -9.057 0.1428571492
97138  -26.834  21.046  -7.924 0.1428571492
149985  -27.822  21.136  -7.682 0.1428571492
99720  -24.581  24.234  -9.753 0.1428571492
97137  -25.636  20.952  -8.315 0.1428571492
96291  -22.289  20.044  -9.724 0.1428571492
97959  -21.958  21.277  -8.229 0.1428571492
137562  -28.528  -5.927  2.783 0.2857142985
97140  -28.623  20.968  -7.856 0.1428571492
98852  -26.592  23.078  -9.858 0.1428571492
97131  -28.434  20.580  -7.115 0.1428571492
97969  -27.009  21.611  -8.606 0.1428571492
97139  -27.949  21.528  -8.524 0.1428571492
96276  -27.233  19.900  -6.465 0.1428571492
136090  -24.485  20.633  -8.464 0.1428571492
97130  -27.580  20.583  -7.025 0.1428571492
97974  -23.191  22.613  -9.659 0.1428571492
97966  -22.472  21.976  -8.924 0.1428571492
97144  -22.127  21.047  -9.884 0.1428571492
96283  -21.396  19.907  -8.625 0.1428571492
96273  -21.308  20.093  -7.406 0.1428571492
151302  -21.716  20.250  -9.975 0.1428571492
69759  -28.474  -7.633  4.761 0.2857142985
97975  -24.436  23.131  -10.137 0.1428571492
98849  -23.613  23.842  -10.065 0.1428571492
97976  -26.038  22.573  -9.464 0.1428571492
97967  -24.182  22.078  -9.491 0.1428571492
98842  -24.299  23.939  -9.111 0.1428571492
97145  -23.190  21.296  -9.308 0.1428571492
139383  -27.156  22.106  -9.162 0.1428571492
133282  -26.634  3.248  0.607 0.1428571492
79984  -27.373  3.308  1.001 0.1428571492
80934  -26.981  3.956  0.757 0.1428571492
82943  -26.412  5.892  -0.135 0.1428571492
82941  -23.852  5.455  -0.682 0.1428571492
84005  -24.884  6.459  -0.819 0.1428571492
79985  -28.379  2.440  1.471 0.1428571492
144309  -25.594  5.774  -0.587 0.1428571492
85025  -24.161  7.154  -1.093 0.1428571492
131561  -24.695  7.847  -1.059 0.1428571492
132047  -23.976  7.841  -1.255 0.2857142985
74831  -29.639  -2.622  1.106 0.2857142985
74829  -27.852  -3.232  1.101 0.1428571492
77958  -27.498  0.416  0.746 0.1428571492
155009  -28.299  1.667  1.368 0.1428571492
143233  -26.787  1.940  0.587 0.1428571492
140697  -34.194  4.283  -1.238 0.1428571492
80933  -25.894  3.142  0.156 0.1428571492
85027  -26.016  7.578  -0.595 0.1428571492
87121  -26.684  9.619  -0.876 0.1428571492
86071  -25.160  8.450  -1.097 0.1428571492
87132  -25.843  9.149  -1.087 0.2857142985
88128  -26.682  10.952  -1.254 0.2857142985
89114  -24.126  11.681  -3.288 0.2857142985
90047  -23.245  11.838  -2.270 0.2857142985
90077  -23.489  12.963  -4.113 0.2857142985
92958  -25.578  14.657  -1.091 0.1428571492
89080  -27.671  11.995  -0.761 0.2857142985
88127  -26.106  10.144  -1.350 0.2857142985
90048  -26.641  12.230  -1.880 0.2857142985
92103  -26.940  14.147  -2.965 0.2857142985
89102  -25.888  11.772  -2.474 0.2857142985
89101  -24.839  11.403  -2.868 0.2857142985
91104  -26.279  13.774  -3.499 0.2857142985
89115  -24.653  11.954  -3.456 0.2857142985
89100  -23.925  11.281  -2.599 0.2857142985
91115  -25.210  13.685  -4.655 0.2857142985
154137  -23.345  14.181  -4.201 0.1428571492
131536  -23.186  12.817  -1.551 0.2857142985
94715  -25.292  17.049  -3.332 0.1428571492
93857  -26.213  16.670  -1.856 0.1428571492
89087  -23.542  11.166  -1.733 0.1428571492
88117  -23.278  10.670  -0.053 0.1428571492
86070  -24.303  8.553  -1.188 0.2857142985
91090  -23.223  13.497  -2.971 0.1428571492
133530  -23.059  12.785  -2.572 0.2857142985
92077  -24.224  14.263  -1.892 0.1428571492
91061  -23.724  13.661  -0.202 0.1428571492
85015  -23.006  7.259  0.034 0.2857142985
90030  -23.404  13.011  0.298 0.1428571492
142365  -25.694  13.834  0.936 0.1428571492
91062  -23.878  13.544  0.613 0.1428571492
147581  -21.708  6.472  2.531 0.1428571492
81975  -33.031  4.346  -2.487 0.1428571492
80016  -35.243  2.150  -1.455 0.1428571492
77959  -28.296  0.271  1.089 0.1428571492
78960  -26.336  1.286  0.451 0.1428571492
80953  -33.712  3.886  -1.955 0.1428571492
145330  -26.046  1.939  0.413 0.1428571492
80007  -24.610  2.774  -0.187 0.1428571492
80942  -24.155  3.433  -0.285 0.1428571492
81962  -25.854  4.405  -0.248 0.1428571492
81959  -23.711  4.661  -0.395 0.1428571492
84006  -25.974  6.679  -0.517 0.1428571492
145271  -23.665  6.880  -0.758 0.1428571492
85024  -23.642  7.539  -0.861 0.2857142985
87131  -25.107  9.667  -1.581 0.1428571492
88126  -25.108  10.469  -1.837 0.1428571492
89088  -25.459  11.158  -2.089 0.2857142985
88125  -24.128  10.728  -1.784 0.1428571492
88141  -24.628  10.988  -2.204 0.1428571492
90025  -23.505  12.998  1.029 0.1428571492
131327  -23.212  12.207  -0.209 0.2857142985
156603  -23.517  13.536  -0.976 0.1428571492
91076  -24.053  14.084  -0.924 0.1428571492
92101  -23.992  14.569  -3.550 0.1428571492
92060  -25.318  14.016  0.188 0.1428571492
92070  -25.085  14.156  -0.629 0.1428571492
80954  -34.327  3.445  -1.516 0.1428571492
131923  -33.918  2.934  -2.313 0.1428571492
154875  -25.693  13.520  -4.033 0.2857142985
92088  -24.547  14.688  -2.618 0.1428571492
90091  -24.494  12.778  -4.292 0.2857142985
91102  -23.239  13.379  -3.725 0.2857142985
134077  -23.354  13.708  -4.377 0.2857142985
92069  -24.889  14.275  -1.344 0.1428571492
94708  -25.754  16.887  -2.595 0.1428571492
90049  -27.472  12.621  -1.255 0.2857142985
148323  -27.810  -0.441  0.792 0.1428571492
75899  -27.906  -1.486  0.757 0.1428571492
91092  -27.351  13.837  -2.277 0.2857142985
79986  -29.088  2.431  1.912 0.1428571492
78975  -35.457  1.055  -1.948 0.1428571492
86073  -26.829  8.919  -0.465 0.1428571492
137429  -27.307  9.718  -0.382 0.1428571492
88119  -27.050  10.295  -0.862 0.1428571492
79998  -27.084  2.625  0.792 0.1428571492
80944  -25.526  3.717  -0.245 0.1428571492
139081  -25.314  4.976  -0.550 0.1428571492
79996  -25.453  2.414  0.109 0.1428571492
81960  -24.449  4.727  -0.639 0.1428571492
82942  -24.650  5.603  -0.766 0.1428571492
84004  -24.019  6.281  -0.902 0.1428571492
78947  -27.625  1.968  1.016 0.1428571492
85026  -25.169  7.271  -0.811 0.1428571492
86072  -26.001  8.328  -0.743 0.1428571492
78961  -27.172  1.220  0.654 0.1428571492
86083  -24.944  9.006  -1.375 0.2857142985
132630  -25.964  10.849  -1.663 0.2857142985
89090  -27.042  11.750  -1.234 0.2857142985
90062  -23.538  12.057  -3.212 0.2857142985
91103  -25.109  13.004  -4.318 0.2857142985
89079  -23.324  11.331  -0.728 0.1428571492
150480  -23.206  12.823  -3.441 0.2857142985
92071  -25.890  14.441  -0.308 0.1428571492
90065  -26.975  13.068  -2.033 0.2857142985
91091  -26.583  13.407  -2.827 0.2857142985
90063  -25.435  12.139  -3.192 0.2857142985
134733  -25.764  12.985  -3.489 0.2857142985
88124  -23.641  10.598  -1.115 0.1428571492
92076  -23.731  14.120  -2.729 0.1428571492
148264  -23.341  12.922  -0.609 0.2857142985
150679  -25.478  17.750  -2.645 0.1428571492
91075  -23.405  13.746  -1.879 0.2857142985
87120  -24.372  9.386  -1.227 0.1428571492
138196  -24.291  10.109  -1.416 0.2857142985
91065  -24.345  13.957  0.025 0.1428571492
66297  -23.933  -11.156  8.939 0.1428571492
66310  -25.250  -11.179  8.297 0.1428571492
66319  -25.580  -10.766  7.714 0.1428571492
66308  -23.600  -10.352  8.718 0.1428571492
67508  -23.818  -9.195  7.875 0.1428571492
68640  -24.275  -8.875  7.218 0.1428571492
66318  -24.906  -10.546  7.775 0.1428571492
68651  -24.704  -8.554  6.577 0.1428571492
67510  -25.530  -10.151  7.139 0.1428571492
67511  -26.473  -10.045  6.742 0.1428571492
68663  -25.215  -8.285  5.921 0.1428571492
68652  -26.105  -8.816  5.838 0.1428571492
68665  -26.688  -8.438  5.238 0.1428571492
68653  -26.900  -9.020  5.644 0.1428571492
68664  -25.866  -7.925  5.176 0.1428571492
70728  -27.533  -7.004  3.784 0.1428571492
71731  -28.096  -5.555  2.146 0.1428571492
151680  -28.798  -4.637  1.635 0.1428571492
132197  -23.189  7.954  -0.092 0.1428571492
65157  -23.538  -11.508  9.516 0.1428571492
66296  -23.161  -10.675  9.358 0.1428571492
67500  -24.132  -9.980  8.163 0.1428571492
90036  -23.285  12.005  -1.186 0.1428571492
72691  -29.118  -4.067  1.440 0.1428571492
69758  -27.836  -7.591  4.456 0.1428571492
65167  -24.657  -11.377  8.774 0.1428571492
66320  -26.349  -10.554  7.573 0.1428571492
69757  -27.010  -7.390  4.350 0.1428571492
66309  -24.431  -10.786  8.436 0.1428571492
67499  -23.296  -9.530  8.500 0.1428571492
67509  -24.616  -9.670  7.500 0.1428571492
67520  -25.085  -9.250  6.896 0.1428571492
153098  -25.423  -8.866  6.374 0.1428571492
67521  -25.902  -9.511  6.478 0.1428571492
67522  -26.701  -9.464  6.152 0.1428571492
152179  -26.585  -7.847  4.787 0.1428571492
68650  -23.905  -8.201  6.823 0.1428571492
66264  -29.213  -10.339  11.576 0.1428571492
66321  -37.552  -10.209  7.805 0.1428571492
67503  -37.018  -9.356  9.012 0.1428571492
67504  -37.428  -9.676  8.428 0.1428571492
68618  -36.291  -8.980  9.261 0.1428571492
68631  -35.907  -8.418  8.812 0.1428571492
68699  -39.341  -7.569  0.700 0.1428571492
69778  -36.643  -7.632  0.549 0.1428571492
69785  -39.407  -7.010  0.099 0.1428571492
70768  -38.600  -6.353  -1.011 0.1428571492
70769  -39.182  -6.109  -1.047 0.1428571492
70781  -38.327  -5.508  -2.230 0.1428571492
71681  -34.365  -5.098  6.777 0.5714285970
71733  -36.662  -6.064  2.352 0.1428571492
71753  -37.916  -5.778  -1.438 0.1428571492
71761  -38.239  -5.293  -2.504 0.1428571492
72667  -36.780  -5.133  4.030 0.2857142985
72678  -28.086  -4.969  1.646 0.1428571492
72709  -37.791  -5.396  -1.994 0.1428571492
72721  -38.238  -4.893  -2.739 0.1428571492
73684  -33.283  -3.778  6.207 0.7142857313
73707  -32.600  -3.094  4.747 0.7142857313
73709  -37.270  -3.356  3.719 0.4285714328
73745  -30.239  -2.897  1.486 0.7142857313
73746  -38.272  -3.160  1.396 0.4285714328
74783  -34.412  -2.107  4.719 0.7142857313
74784  -35.851  -2.327  4.778 0.5714285970
74803  -39.895  -2.542  3.345 0.1428571492
74830  -28.767  -3.146  1.053 0.1428571492
74856  -37.569  -3.350  -2.098 0.2857142985
75889  -38.300  -1.786  1.386 0.4285714328
76885  -36.267  -1.092  3.990 0.5714285970
76903  -35.801  -0.307  3.850 0.7142857313
77916  -33.125  0.784  3.454 1.0000000000
77921  -37.416  -0.235  2.873 0.5714285970
77957  -26.702  0.511  0.486 0.1428571492
78932  -29.700  1.820  2.234 0.5714285970
78934  -31.429  1.209  2.815 0.5714285970
78959  -25.421  1.456  0.335 0.1428571492
78962  -27.907  1.106  1.085 0.1428571492
79997  -26.304  2.560  0.467 0.1428571492
80008  -25.248  3.106  -0.251 0.1428571492
80916  -35.625  3.488  2.499 0.7142857313
80923  -27.805  3.959  1.075 0.1428571492
80943  -24.772  3.627  -0.429 0.1428571492
80945  -26.251  3.834  0.214 0.1428571492
81907  -31.206  4.551  3.416 1.0000000000
81931  -34.979  5.015  3.000 0.7142857313
81942  -28.795  4.245  1.962 0.2857142985
81943  -35.349  4.597  1.910 0.7142857313
81950  -23.154  4.645  0.155 0.1428571492
81961  -25.107  4.258  -0.503 0.1428571492
82900  -34.324  6.069  2.970 1.0000000000
82911  -30.416  5.732  2.882 0.8571428657
82925  -28.874  5.895  2.027 0.4285714328
82933  -23.256  5.352  -0.042 0.1428571492
82934  -26.862  5.298  0.327 0.2857142985
82936  -34.724  5.594  0.757 0.5714285970
83956  -33.004  6.254  3.365 0.8571428657
83965  -29.985  6.376  2.600 0.2857142985
83968  -32.485  6.966  3.180 0.8571428657
83969  -34.078  6.721  2.555 0.7142857313
83995  -27.473  6.356  0.675 0.2857142985
85028  -33.676  7.505  -0.401 0.7142857313
86047  -32.644  8.354  2.320 0.8571428657
86052  -28.454  8.682  1.248 0.2857142985
86069  -23.637  8.253  -0.793 0.1428571492
87104  -30.889  9.230  2.242 0.8571428657
87112  -32.240  9.152  2.091 0.8571428657
87133  -32.904  9.488  -0.965 0.5714285970
88107  -31.384  10.266  1.591 0.8571428657
88120  -28.357  10.909  0.105 0.5714285970
88172  -32.311  10.322  -3.715 0.1428571492
89076  -31.774  11.302  0.545 0.8571428657
89083  -32.043  12.196  -0.396 0.8571428657
89084  -32.395  11.450  -0.445 0.7142857313
89089  -26.304  11.454  -1.753 0.2857142985
90031  -30.098  12.395  0.112 1.0000000000
90033  -31.560  11.961  0.202 0.8571428657
90051  -31.682  12.973  -0.718 0.7142857313
90064  -26.239  12.588  -2.677 0.2857142985
90078  -24.068  12.332  -3.878 0.2857142985
90079  -24.946  12.405  -3.909 0.2857142985
90090  -23.968  12.952  -4.393 0.2857142985
91079  -29.763  14.124  -0.947 0.8571428657
91116  -32.581  13.509  -4.273 0.1428571492
91125  -23.422  13.896  -5.045 0.2857142985
91126  -23.755  13.849  -5.295 0.4285714328
92061  -26.164  14.234  0.403 0.1428571492
92079  -29.209  14.454  -1.643 0.8571428657
92090  -28.657  14.877  -2.224 0.8571428657
92093  -31.374  14.813  -2.152 0.5714285970
92102  -26.627  14.367  -3.549 0.5714285970
92115  -26.027  14.189  -4.139 0.5714285970
92116  -32.511  14.251  -4.585 0.1428571492
92124  -23.815  14.306  -5.707 0.4285714328
92996  -24.915  14.721  -5.581 0.5714285970
92999  -31.774  16.044  -4.074 0.2857142985
93010  -32.143  15.712  -4.780 0.2857142985
93011  -32.391  14.974  -4.754 0.2857142985
93863  -25.193  16.114  -3.087 0.2857142985
93874  -29.037  16.563  -3.303 0.7142857313
94727  -30.490  18.025  -4.972 0.2857142985
94728  -31.146  17.529  -5.018 0.1428571492
94752  -31.005  18.063  -7.160 0.1428571492
96290  -21.630  19.880  -9.620 0.1428571492
97136  -23.576  20.125  -8.632 0.1428571492
98855  -25.102  24.234  -9.885 0.1428571492
132551  -23.340  13.906  -3.603 0.1428571492
133478  -23.193  16.408  -7.502 0.2857142985
135296  -34.137  2.984  3.594 0.8571428657
135384  -29.740  12.840  -0.246 1.0000000000
135921  -37.658  -0.903  2.868 0.4285714328
138787  -26.011  18.870  -6.456 0.2857142985
139135  -29.936  8.084  2.365 0.7142857313
142241  -34.227  6.985  0.886 0.7142857313
143946  -21.748  20.631  -7.300 0.1428571492
144220  -32.389  -2.503  3.617 0.8571428657
145106  -35.447  3.981  2.903 0.5714285970
146498  -38.021  -5.235  -2.527 0.1428571492
146504  -33.113  3.847  3.545 1.0000000000
147363  -30.138  4.179  2.742 0.4285714328
147383  -35.230  -3.159  5.662 0.5714285970
147985  -37.408  -2.710  3.557 0.4285714328
149716  -38.731  -9.565  1.559 0.1428571492
149963  -32.448  11.986  -4.207 0.1428571492
150794  -40.139  -2.615  4.858 0.1428571492
151154  -25.398  7.888  -0.838 0.1428571492
151935  -33.351  -0.798  3.503 0.8571428657
153809  -32.869  9.569  0.266 0.7142857313
154094  -27.704  2.722  1.159 0.2857142985
155390  -36.343  -5.638  5.416 0.2857142985
155500  -23.547  12.523  -3.690 0.2857142985
155792  -36.117  -10.700  3.852 0.1428571492
156640  -37.765  -3.742  2.428 0.2857142985
156650  -28.582  4.762  1.791 0.2857142985
157281  -35.143  4.543  0.661 0.4285714328
157433  -37.016  -4.868  3.507 0.2857142985
157553  -27.906  8.594  0.789 0.2857142985
158121  -21.552  20.524  -9.792 0.1428571492
158579  -35.673  -8.283  2.374 0.1428571492
158766  -34.557  4.133  3.425 0.8571428657
