#!ascii label  , from subject sub-v1s15x0050187_ses-1 vox2ras=TkReg
813
148245  24.760  -18.497  97.468 0.0000000000
69744  40.352  -1.394  81.211 0.0000000000
73915  48.279  4.036  81.619 0.0000000000
61015  41.743  -8.869  91.689 0.0000000000
47427  30.952  -20.312  91.795 0.0000000000
44222  28.107  -22.260  96.759 0.0000000000
72895  43.885  1.908  81.976 0.0000000000
71758  44.065  1.097  87.241 0.0000000000
59816  36.843  -9.617  93.945 0.0000000000
49582  32.829  -17.975  95.606 0.0000000000
78198  53.823  8.887  74.745 0.0000000000
73982  48.685  3.782  76.798 0.0000000000
61048  39.621  -8.499  88.232 0.0000000000
66489  41.054  -3.711  88.117 0.0000000000
49608  27.774  -19.383  94.739 0.0000000000
135773  26.630  -19.756  98.085 0.0000000000
70810  41.406  0.294  81.010 0.0000000000
72855  43.145  1.843  84.444 0.0000000000
70776  42.019  0.612  84.331 0.0000000000
54213  38.183  -14.778  92.482 0.0000000000
46243  31.340  -22.323  94.763 0.0000000000
49640  32.836  -19.254  93.212 0.0000000000
46241  33.919  -21.289  94.752 0.0000000000
78208  50.494  8.191  73.923 0.0000000000
78176  51.765  8.375  76.259 0.0000000000
78177  49.715  7.828  75.966 0.0000000000
72931  46.612  2.218  78.810 0.0000000000
72963  46.966  1.947  76.378 0.0000000000
139625  48.657  3.475  79.450 0.0000000000
73952  50.555  3.698  78.875 0.0000000000
72904  49.720  2.926  81.144 0.0000000000
157025  39.346  -8.811  93.590 0.0000000000
145593  38.095  -9.047  90.978 0.0000000000
62105  39.572  -7.121  91.461 0.0000000000
63233  40.404  -6.244  88.075 0.0000000000
64284  41.092  -5.720  91.254 0.0000000000
65423  43.037  -4.822  89.739 0.0000000000
61035  43.480  -8.269  89.302 0.0000000000
154904  29.490  -20.933  94.800 0.0000000000
71906  44.629  1.216  78.724 0.0000000000
73917  46.380  3.427  81.712 0.0000000000
73865  46.127  3.515  84.874 0.0000000000
70736  45.851  1.072  85.977 0.0000000000
55351  33.912  -13.217  95.384 0.0000000000
56510  36.663  -11.914  94.505 0.0000000000
56533  38.861  -12.036  92.885 0.0000000000
135009  41.116  -10.912  90.666 0.0000000000
57687  42.245  -10.984  89.150 0.0000000000
54188  30.911  -14.352  94.862 0.0000000000
51947  33.764  -16.601  94.941 0.0000000000
77175  53.650  6.796  73.363 0.0000000000
76123  48.248  5.987  75.564 0.0000000000
76097  50.410  6.101  77.691 0.0000000000
143841  52.149  3.625  77.523 0.0000000000
144584  41.206  -2.323  84.361 0.0000000000
68591  41.747  -1.343  88.167 0.0000000000
66487  44.011  -3.777  87.917 0.0000000000
155251  24.591  -20.088  98.497 0.0000000000
49537  25.753  -19.156  98.210 0.0000000000
46169  25.896  -20.453  97.915 0.0000000000
70811  40.966  -0.170  81.326 0.0000000000
70787  41.858  0.471  82.830 0.0000000000
69730  40.997  -0.863  82.372 0.0000000000
46242  32.482  -22.468  94.718 0.0000000000
78218  49.664  7.414  73.224 0.0000000000
79229  50.370  8.350  75.335 0.0000000000
78201  48.603  7.280  74.631 0.0000000000
73943  47.338  3.366  80.135 0.0000000000
72913  47.763  3.101  79.430 0.0000000000
73942  48.248  3.629  80.178 0.0000000000
73941  49.067  3.680  80.185 0.0000000000
144073  40.777  -8.889  92.897 0.0000000000
62082  39.051  -7.608  92.888 0.0000000000
62093  40.311  -7.096  92.765 0.0000000000
63190  40.587  -6.303  91.633 0.0000000000
143217  41.537  -7.021  91.921 0.0000000000
63201  42.666  -6.984  90.790 0.0000000000
61028  42.916  -8.897  90.454 0.0000000000
48470  28.880  -20.317  94.332 0.0000000000
46224  29.452  -21.453  96.619 0.0000000000
45154  30.066  -22.359  96.069 0.0000000000
132590  43.323  1.150  79.992 0.0000000000
71907  43.841  0.768  78.601 0.0000000000
155618  43.950  1.431  80.008 0.0000000000
151823  45.139  2.177  80.007 0.0000000000
72894  44.686  2.298  81.769 0.0000000000
73884  45.778  3.326  83.244 0.0000000000
132950  44.915  2.846  83.428 0.0000000000
71806  43.538  1.865  86.254 0.0000000000
72834  45.016  2.671  86.052 0.0000000000
71757  44.709  0.899  86.920 0.0000000000
69686  45.236  -0.432  85.667 0.0000000000
132830  44.477  -0.933  86.523 0.0000000000
54201  35.767  -14.180  94.165 0.0000000000
55349  35.895  -12.876  94.668 0.0000000000
157187  36.956  -13.858  93.949 0.0000000000
55383  38.609  -12.886  92.396 0.0000000000
57635  40.031  -11.062  91.881 0.0000000000
49624  32.725  -18.952  94.382 0.0000000000
50889  31.223  -17.037  93.879 0.0000000000
51941  31.758  -16.485  95.697 0.0000000000
53057  32.874  -15.727  95.754 0.0000000000
150862  33.411  -17.203  95.832 0.0000000000
78215  52.728  8.299  72.708 0.0000000000
138287  53.936  7.857  73.768 0.0000000000
77132  51.417  7.490  76.923 0.0000000000
73983  48.004  3.190  76.342 0.0000000000
146872  46.776  2.741  75.181 0.0000000000
74000  47.650  3.524  75.687 0.0000000000
76143  46.742  5.202  74.657 0.0000000000
76112  48.211  5.062  75.696 0.0000000000
76110  49.429  5.963  76.827 0.0000000000
157263  49.674  5.314  77.375 0.0000000000
73939  51.216  3.067  79.092 0.0000000000
73951  51.418  3.694  78.338 0.0000000000
58698  35.804  -10.443  94.095 0.0000000000
58709  36.433  -10.209  92.592 0.0000000000
61038  38.924  -9.006  89.548 0.0000000000
59868  38.066  -10.347  89.709 0.0000000000
65461  40.822  -5.009  88.751 0.0000000000
64348  40.140  -5.770  86.475 0.0000000000
65482  40.753  -4.492  86.462 0.0000000000
65505  40.496  -3.967  84.625 0.0000000000
67548  41.314  -3.044  86.463 0.0000000000
68615  41.826  -1.466  86.461 0.0000000000
67513  41.638  -2.860  88.479 0.0000000000
63222  43.630  -5.996  88.532 0.0000000000
65443  44.008  -4.285  88.091 0.0000000000
142850  43.809  -5.236  88.021 0.0000000000
65481  43.772  -4.410  86.961 0.0000000000
48441  27.759  -19.335  96.605 0.0000000000
46166  27.116  -20.498  97.627 0.0000000000
45155  26.832  -22.027  96.430 0.0000000000
137560  25.884  -21.187  97.429 0.0000000000
71864  42.654  1.117  81.786 0.0000000000
72883  43.670  1.916  82.773 0.0000000000
71853  42.623  1.152  82.505 0.0000000000
71830  42.202  1.061  84.126 0.0000000000
70756  42.177  0.957  85.609 0.0000000000
47400  31.957  -21.167  92.926 0.0000000000
47413  32.364  -20.566  92.525 0.0000000000
47399  32.507  -20.944  93.192 0.0000000000
47366  33.651  -20.239  94.657 0.0000000000
48454  33.677  -19.477  94.972 0.0000000000
135147  34.100  -18.836  95.216 0.0000000000
152364  34.794  -21.378  94.401 0.0000000000
79235  52.510  9.124  74.665 0.0000000000
149652  53.377  9.028  75.264 0.0000000000
79227  52.283  9.093  75.531 0.0000000000
79199  51.287  8.358  76.548 0.0000000000
78149  51.042  7.333  77.473 0.0000000000
132888  45.882  1.349  77.962 0.0000000000
72930  46.904  2.069  78.088 0.0000000000
72929  47.786  2.479  77.760 0.0000000000
73966  48.945  3.644  77.664 0.0000000000
73965  49.709  4.153  78.107 0.0000000000
144731  49.373  3.642  79.439 0.0000000000
73940  49.783  3.641  79.839 0.0000000000
59814  37.975  -9.301  94.108 0.0000000000
59829  37.440  -9.081  92.519 0.0000000000
61006  37.895  -8.467  92.987 0.0000000000
61016  38.538  -8.312  91.496 0.0000000000
62129  39.220  -8.218  89.957 0.0000000000
62138  39.867  -7.727  87.919 0.0000000000
63215  39.970  -7.014  89.574 0.0000000000
63214  40.484  -6.074  90.072 0.0000000000
65426  41.211  -4.510  90.439 0.0000000000
66473  41.702  -3.771  89.354 0.0000000000
151529  41.881  -5.283  90.877 0.0000000000
63213  43.442  -6.786  89.531 0.0000000000
62145  43.422  -7.485  88.314 0.0000000000
48483  27.850  -19.544  93.328 0.0000000000
48481  29.060  -20.399  93.596 0.0000000000
47402  29.898  -20.834  93.178 0.0000000000
46262  30.816  -21.828  94.337 0.0000000000
44261  30.362  -23.175  95.373 0.0000000000
141455  45.501  1.501  78.593 0.0000000000
72905  46.025  2.658  80.100 0.0000000000
73916  47.195  3.822  81.470 0.0000000000
138313  47.696  4.099  83.281 0.0000000000
73863  47.516  3.849  84.376 0.0000000000
151878  47.052  2.520  85.226 0.0000000000
72870  45.193  3.052  84.504 0.0000000000
72812  46.479  2.488  85.658 0.0000000000
56537  32.572  -12.833  94.444 0.0000000000
57622  33.914  -11.861  95.159 0.0000000000
57620  35.471  -11.141  94.830 0.0000000000
57618  36.807  -11.155  94.529 0.0000000000
55365  37.694  -13.074  93.579 0.0000000000
56522  37.833  -12.136  93.861 0.0000000000
58681  37.866  -10.093  94.223 0.0000000000
58695  39.279  -10.308  93.515 0.0000000000
58707  40.366  -10.369  92.292 0.0000000000
58721  41.388  -10.278  90.950 0.0000000000
58735  42.376  -10.202  90.137 0.0000000000
57657  42.111  -10.795  90.014 0.0000000000
152899  32.213  -13.621  95.842 0.0000000000
54185  33.906  -14.283  94.939 0.0000000000
53095  35.016  -15.596  93.497 0.0000000000
49623  34.549  -18.163  94.748 0.0000000000
145032  34.716  -17.796  93.260 0.0000000000
76159  55.007  6.315  72.359 0.0000000000
77156  47.758  6.595  74.581 0.0000000000
77134  48.643  6.754  75.593 0.0000000000
77123  50.272  6.851  77.245 0.0000000000
76096  51.075  6.062  78.112 0.0000000000
75010  50.547  4.350  78.323 0.0000000000
76085  51.240  5.288  78.013 0.0000000000
75022  51.771  4.527  77.380 0.0000000000
58722  37.257  -10.299  91.108 0.0000000000
67604  40.381  -3.027  83.054 0.0000000000
68660  40.906  -1.606  82.815 0.0000000000
69708  41.676  -0.805  84.137 0.0000000000
69687  41.951  -0.591  85.908 0.0000000000
156480  43.065  -0.314  87.876 0.0000000000
67493  42.347  -2.593  88.947 0.0000000000
67511  43.630  -2.354  88.212 0.0000000000
69649  43.846  -1.045  87.420 0.0000000000
66522  43.979  -2.637  86.982 0.0000000000
133375  43.013  -9.408  89.488 0.0000000000
59886  42.687  -9.054  88.170 0.0000000000
49517  24.308  -19.185  98.576 0.0000000000
48406  23.981  -19.785  98.603 0.0000000000
49538  24.217  -18.901  98.452 0.0000000000
133900  25.007  -18.727  98.090 0.0000000000
140937  24.816  -19.643  98.484 0.0000000000
69757  40.586  -0.715  80.852 0.0000000000
70796  41.035  -0.265  81.979 0.0000000000
69743  40.819  -0.846  81.603 0.0000000000
78209  49.601  7.905  74.384 0.0000000000
78219  48.751  7.243  73.725 0.0000000000
73928  47.807  3.814  80.823 0.0000000000
73927  48.686  3.917  80.908 0.0000000000
141210  48.971  3.759  81.655 0.0000000000
61002  41.136  -8.320  92.495 0.0000000000
156995  40.731  -7.601  92.858 0.0000000000
149844  41.070  -7.420  92.414 0.0000000000
62104  41.725  -7.943  91.909 0.0000000000
62103  42.187  -7.471  91.319 0.0000000000
61014  42.298  -8.444  91.132 0.0000000000
47335  28.602  -20.982  97.328 0.0000000000
47342  28.872  -20.895  97.159 0.0000000000
45147  28.837  -22.008  96.998 0.0000000000
44247  28.362  -22.940  96.256 0.0000000000
149718  43.675  1.418  80.654 0.0000000000
71877  44.139  1.855  81.186 0.0000000000
72907  44.895  2.265  80.921 0.0000000000
72881  45.208  2.828  82.467 0.0000000000
72882  44.416  2.310  82.591 0.0000000000
71781  43.914  1.616  87.046 0.0000000000
71780  44.631  1.686  86.928 0.0000000000
70718  44.532  -0.010  86.757 0.0000000000
70719  44.102  0.426  87.242 0.0000000000
53081  36.577  -14.657  93.798 0.0000000000
54200  36.691  -14.095  93.997 0.0000000000
53080  37.162  -14.624  93.751 0.0000000000
49606  32.732  -18.486  95.092 0.0000000000
50878  31.790  -17.608  94.496 0.0000000000
49607  32.199  -17.842  95.286 0.0000000000
50879  31.147  -16.963  94.594 0.0000000000
50860  32.277  -17.246  95.720 0.0000000000
51940  32.454  -16.598  95.916 0.0000000000
141786  33.408  -17.713  95.702 0.0000000000
79244  53.694  8.928  73.559 0.0000000000
79243  54.136  8.804  73.521 0.0000000000
79233  54.177  8.976  74.141 0.0000000000
78206  54.154  8.843  74.152 0.0000000000
75041  48.211  4.073  75.998 0.0000000000
135685  48.943  4.830  76.548 0.0000000000
156050  49.378  4.451  77.423 0.0000000000
143227  51.577  2.334  79.020 0.0000000000
58697  36.346  -9.970  93.640 0.0000000000
58710  35.827  -10.590  93.116 0.0000000000
61049  39.075  -9.273  88.527 0.0000000000
138056  40.892  -4.574  88.175 0.0000000000
148395  40.837  -4.539  87.373 0.0000000000
66505  41.018  -3.752  86.972 0.0000000000
66524  40.946  -3.752  86.030 0.0000000000
67530  41.416  -2.963  87.488 0.0000000000
63231  43.662  -5.908  88.293 0.0000000000
63232  43.674  -5.929  87.925 0.0000000000
64332  43.689  -5.177  87.460 0.0000000000
49560  26.552  -18.778  97.365 0.0000000000
49559  27.201  -18.929  97.035 0.0000000000
49535  26.961  -19.651  97.863 0.0000000000
48413  27.475  -19.962  97.672 0.0000000000
47318  26.761  -20.081  97.962 0.0000000000
45141  26.705  -21.216  97.328 0.0000000000
145900  26.507  -20.124  97.900 0.0000000000
70825  41.411  0.243  80.204 0.0000000000
70843  41.541  0.142  79.440 0.0000000000
71879  42.003  0.609  80.551 0.0000000000
71865  42.003  0.738  81.407 0.0000000000
71854  42.072  0.840  82.268 0.0000000000
146426  42.011  0.726  83.595 0.0000000000
71808  42.179  1.048  84.956 0.0000000000
70757  42.068  0.716  85.127 0.0000000000
46261  31.629  -21.883  94.120 0.0000000000
46285  32.201  -21.584  93.589 0.0000000000
46260  32.392  -21.914  94.330 0.0000000000
141117  33.434  -22.017  94.738 0.0000000000
46259  33.479  -21.452  94.566 0.0000000000
48455  33.251  -19.408  94.701 0.0000000000
47365  33.930  -20.385  94.849 0.0000000000
47364  34.301  -20.474  94.785 0.0000000000
78217  50.627  7.652  72.931 0.0000000000
79246  51.507  8.463  73.742 0.0000000000
79236  51.440  8.817  74.739 0.0000000000
79209  50.222  8.208  75.844 0.0000000000
79208  51.049  8.719  76.156 0.0000000000
79200  50.599  8.152  76.460 0.0000000000
78162  51.177  7.725  76.985 0.0000000000
78163  50.936  7.792  77.080 0.0000000000
71905  46.224  1.740  78.397 0.0000000000
71924  46.478  1.529  77.624 0.0000000000
73955  48.210  2.984  78.637 0.0000000000
145623  47.369  2.519  78.718 0.0000000000
140081  48.498  3.081  77.929 0.0000000000
73954  49.052  3.587  78.604 0.0000000000
73925  49.784  3.302  80.480 0.0000000000
72912  50.412  3.176  79.820 0.0000000000
72903  50.243  2.621  80.616 0.0000000000
59813  38.720  -8.835  93.794 0.0000000000
60999  37.972  -8.701  93.724 0.0000000000
60998  38.549  -8.230  93.316 0.0000000000
62094  39.649  -7.033  92.391 0.0000000000
62106  38.970  -7.537  92.049 0.0000000000
62117  39.017  -7.806  90.970 0.0000000000
62116  39.624  -7.466  90.377 0.0000000000
63202  40.728  -5.922  91.081 0.0000000000
64308  40.948  -5.229  90.397 0.0000000000
64296  41.284  -4.999  91.035 0.0000000000
65425  41.594  -4.723  90.520 0.0000000000
62114  43.208  -7.452  90.097 0.0000000000
153797  43.074  -6.619  90.236 0.0000000000
137434  43.481  -7.746  89.445 0.0000000000
62137  43.541  -7.374  88.863 0.0000000000
49642  27.194  -19.061  93.610 0.0000000000
155527  27.652  -19.365  94.024 0.0000000000
134944  29.086  -20.575  94.906 0.0000000000
47383  29.509  -20.845  94.166 0.0000000000
136228  30.361  -21.351  93.768 0.0000000000
47382  29.959  -21.367  94.784 0.0000000000
143325  45.100  1.746  79.242 0.0000000000
72906  45.582  2.590  80.700 0.0000000000
73930  46.293  3.188  80.897 0.0000000000
73904  46.959  3.862  82.391 0.0000000000
151107  46.446  3.633  84.089 0.0000000000
73883  47.387  4.038  84.140 0.0000000000
73864  46.903  3.759  84.803 0.0000000000
72832  47.401  2.372  84.818 0.0000000000
150065  47.112  3.268  85.127 0.0000000000
72872  43.509  1.997  83.703 0.0000000000
147015  44.150  2.303  83.281 0.0000000000
72871  44.330  2.542  84.080 0.0000000000
71779  45.414  1.488  86.510 0.0000000000
72833  45.782  2.917  86.127 0.0000000000
71778  46.140  1.760  86.147 0.0000000000
71805  46.430  1.559  85.524 0.0000000000
70755  46.105  0.684  85.253 0.0000000000
56514  33.268  -12.492  95.433 0.0000000000
56525  33.245  -12.243  94.931 0.0000000000
57612  34.006  -12.151  95.366 0.0000000000
56511  35.974  -12.062  94.784 0.0000000000
57610  35.427  -11.591  94.878 0.0000000000
57609  36.078  -11.315  94.835 0.0000000000
57619  36.256  -10.777  94.624 0.0000000000
54198  37.589  -14.079  93.404 0.0000000000
153170  37.912  -14.235  92.772 0.0000000000
56534  38.258  -12.553  93.233 0.0000000000
57628  38.453  -11.657  93.614 0.0000000000
57617  37.717  -11.107  94.192 0.0000000000
58696  38.554  -10.664  93.911 0.0000000000
57627  39.113  -11.228  93.215 0.0000000000
57647  40.456  -11.372  91.095 0.0000000000
57634  40.700  -10.646  91.411 0.0000000000
58706  40.934  -9.980  91.769 0.0000000000
57646  41.857  -10.599  90.374 0.0000000000
56562  41.537  -11.211  90.198 0.0000000000
48495  32.734  -19.844  92.330 0.0000000000
48511  32.573  -19.479  91.721 0.0000000000
49662  32.800  -19.026  92.206 0.0000000000
53085  30.481  -15.011  93.713 0.0000000000
54217  30.602  -14.555  93.193 0.0000000000
55370  31.053  -13.955  94.447 0.0000000000
55369  31.482  -13.472  94.972 0.0000000000
54187  31.431  -14.070  95.468 0.0000000000
51948  33.332  -16.168  95.466 0.0000000000
53070  33.192  -15.096  95.283 0.0000000000
53069  33.825  -15.395  94.621 0.0000000000
53083  34.592  -15.253  93.982 0.0000000000
51955  34.164  -16.015  93.991 0.0000000000
49605  34.470  -18.629  94.981 0.0000000000
50886  35.245  -17.100  92.534 0.0000000000
77174  54.487  7.188  72.969 0.0000000000
76160  54.224  6.032  72.689 0.0000000000
76161  52.998  5.716  72.794 0.0000000000
78199  52.575  8.658  75.715 0.0000000000
71948  46.456  1.453  76.162 0.0000000000
72977  46.617  1.935  75.559 0.0000000000
76124  47.471  5.659  75.109 0.0000000000
76142  47.173  5.993  74.731 0.0000000000
77157  47.157  6.138  74.357 0.0000000000
77135  47.842  6.404  75.064 0.0000000000
77155  48.218  6.967  75.075 0.0000000000
77124  49.431  6.780  76.409 0.0000000000
77109  50.931  6.856  77.728 0.0000000000
75009  51.023  4.503  78.293 0.0000000000
75008  51.514  4.348  77.882 0.0000000000
59843  37.595  -9.488  91.521 0.0000000000
59844  36.945  -9.775  92.040 0.0000000000
59856  37.830  -9.909  90.594 0.0000000000
63224  40.056  -6.999  88.473 0.0000000000
156060  40.122  -5.067  85.476 0.0000000000
67590  40.943  -3.079  84.647 0.0000000000
66553  40.558  -3.452  83.913 0.0000000000
67603  40.876  -2.670  83.797 0.0000000000
67616  40.521  -2.284  82.444 0.0000000000
152266  40.813  -2.293  83.151 0.0000000000
145218  41.187  -1.755  83.717 0.0000000000
68650  41.536  -1.677  84.599 0.0000000000
68602  41.951  -1.335  87.547 0.0000000000
69676  41.819  -0.647  86.913 0.0000000000
70739  42.266  0.159  86.694 0.0000000000
70709  42.522  -0.548  87.724 0.0000000000
147290  42.425  -4.505  89.976 0.0000000000
67480  42.142  -3.495  89.311 0.0000000000
66454  42.913  -4.015  89.592 0.0000000000
65460  44.292  -4.067  88.110 0.0000000000
67491  43.595  -3.015  88.507 0.0000000000
67510  43.870  -2.967  88.046 0.0000000000
68589  43.623  -1.621  87.926 0.0000000000
68588  43.899  -2.249  87.527 0.0000000000
67528  43.970  -2.492  87.192 0.0000000000
66504  43.945  -3.244  87.495 0.0000000000
65491  43.834  -3.606  86.664 0.0000000000
57656  42.456  -10.263  89.920 0.0000000000
58734  42.746  -9.657  89.913 0.0000000000
57686  42.641  -10.077  89.397 0.0000000000
141095  25.854  -18.769  97.746 0.0000000000
48414  26.296  -19.587  98.092 0.0000000000
47320  26.170  -19.966  98.033 0.0000000000
48405  25.736  -19.660  98.226 0.0000000000
47321  25.284  -20.279  98.318 0.0000000000
70826  40.887  -0.127  80.541 0.0000000000
137955  41.489  0.273  81.920 0.0000000000
69729  41.397  -0.181  82.619 0.0000000000
69718  41.778  -0.002  83.532 0.0000000000
130580  32.200  -23.035  95.034 0.0000000000
45165  33.086  -22.631  94.835 0.0000000000
79237  50.619  8.433  74.769 0.0000000000
78200  49.487  7.862  75.237 0.0000000000
72914  46.772  2.736  79.525 0.0000000000
73926  49.309  3.615  80.873 0.0000000000
59812  40.010  -8.977  93.261 0.0000000000
60997  39.370  -8.202  93.365 0.0000000000
61003  40.326  -8.025  93.048 0.0000000000
61004  39.722  -7.487  92.996 0.0000000000
63191  40.060  -6.449  91.762 0.0000000000
63180  40.161  -6.606  92.194 0.0000000000
62092  40.748  -6.714  92.138 0.0000000000
63189  41.186  -6.288  91.617 0.0000000000
63188  41.924  -6.521  91.351 0.0000000000
62115  42.880  -7.964  90.668 0.0000000000
61027  43.320  -8.432  90.022 0.0000000000
48457  28.449  -19.934  95.070 0.0000000000
48456  28.927  -20.371  95.768 0.0000000000
47367  29.434  -20.925  95.414 0.0000000000
47352  29.793  -21.442  95.843 0.0000000000
45146  29.537  -22.013  96.627 0.0000000000
70842  42.394  0.354  79.111 0.0000000000
71908  43.204  0.772  79.234 0.0000000000
71889  43.903  1.163  79.362 0.0000000000
142468  44.517  1.572  79.634 0.0000000000
71876  44.381  1.780  80.405 0.0000000000
72893  45.563  2.849  81.535 0.0000000000
73905  46.054  3.373  82.399 0.0000000000
155651  45.676  3.308  84.044 0.0000000000
72836  43.208  1.955  85.262 0.0000000000
72835  44.079  2.310  85.657 0.0000000000
72815  44.404  2.176  86.541 0.0000000000
69674  45.516  0.304  85.833 0.0000000000
69675  44.983  -0.257  86.202 0.0000000000
68614  44.727  -1.053  86.059 0.0000000000
67567  44.488  -1.700  86.003 0.0000000000
54184  34.876  -13.767  94.728 0.0000000000
55350  34.977  -13.025  94.905 0.0000000000
55368  35.862  -13.560  94.473 0.0000000000
55367  36.576  -13.489  94.231 0.0000000000
56524  36.618  -12.771  94.383 0.0000000000
137670  38.365  -13.929  92.368 0.0000000000
56548  39.107  -12.157  92.141 0.0000000000
57636  39.446  -11.537  92.411 0.0000000000
56547  39.664  -11.936  91.549 0.0000000000
49641  32.496  -18.381  92.885 0.0000000000
49625  32.313  -18.381  93.928 0.0000000000
51968  30.829  -16.405  93.243 0.0000000000
51956  30.840  -16.338  94.130 0.0000000000
53084  30.577  -15.559  94.318 0.0000000000
53071  30.869  -15.242  95.013 0.0000000000
53059  31.837  -15.092  95.803 0.0000000000
134904  32.038  -15.892  95.928 0.0000000000
51939  33.109  -16.600  95.913 0.0000000000
50869  33.597  -16.993  95.647 0.0000000000
77163  54.371  8.156  73.210 0.0000000000
72944  47.648  2.453  76.737 0.0000000000
72962  47.315  2.683  75.819 0.0000000000
74001  47.041  3.507  75.187 0.0000000000
75055  47.414  4.480  75.263 0.0000000000
139870  48.882  6.199  76.051 0.0000000000
76111  48.729  5.579  76.105 0.0000000000
57629  35.212  -10.956  93.698 0.0000000000
59855  38.433  -9.511  90.080 0.0000000000
58747  38.360  -10.447  88.981 0.0000000000
146941  40.626  -5.713  88.557 0.0000000000
64334  40.243  -6.058  87.199 0.0000000000
64333  40.697  -5.379  87.818 0.0000000000
64347  40.539  -5.234  86.893 0.0000000000
65493  40.583  -4.425  85.532 0.0000000000
66540  40.843  -3.677  85.261 0.0000000000
67570  41.165  -3.059  85.558 0.0000000000
68634  41.419  -2.382  85.072 0.0000000000
67569  41.584  -2.347  85.950 0.0000000000
67547  41.652  -2.225  86.957 0.0000000000
64307  43.555  -5.252  89.052 0.0000000000
65444  43.526  -4.337  88.974 0.0000000000
138635  43.747  -5.316  88.210 0.0000000000
64331  43.893  -4.679  87.995 0.0000000000
65472  43.896  -4.205  87.631 0.0000000000
65480  43.909  -3.962  87.038 0.0000000000
64346  43.774  -4.713  87.543 0.0000000000
49626  27.177  -18.942  94.434 0.0000000000
49584  27.261  -18.883  96.137 0.0000000000
49583  27.820  -19.334  95.653 0.0000000000
138652  28.182  -19.906  97.018 0.0000000000
47343  28.162  -20.454  97.405 0.0000000000
45140  27.351  -21.668  97.097 0.0000000000
44235  27.341  -22.301  96.410 0.0000000000
45148  27.133  -21.915  96.809 0.0000000000
45142  26.450  -21.499  97.142 0.0000000000
46191  25.498  -21.003  97.871 0.0000000000
71890  42.588  0.772  79.926 0.0000000000
71878  42.768  1.080  80.822 0.0000000000
130927  43.402  1.430  81.447 0.0000000000
71863  43.213  1.463  82.243 0.0000000000
146792  43.003  1.474  83.028 0.0000000000
71845  42.275  1.019  83.185 0.0000000000
71844  42.784  1.427  83.863 0.0000000000
71829  42.657  1.412  84.726 0.0000000000
71807  42.667  1.331  85.706 0.0000000000
71782  43.139  1.249  86.696 0.0000000000
53093  37.210  -15.196  93.447 0.0000000000
47414  31.613  -20.717  92.348 0.0000000000
48480  32.879  -20.299  93.128 0.0000000000
47381  33.158  -20.866  94.066 0.0000000000
48469  32.988  -19.764  93.995 0.0000000000
48439  33.242  -18.755  95.218 0.0000000000
49581  33.528  -18.409  95.425 0.0000000000
48438  33.701  -19.022  95.219 0.0000000000
47350  34.545  -19.864  94.678 0.0000000000
47363  34.832  -20.618  94.499 0.0000000000
79245  52.586  8.772  73.622 0.0000000000
79234  53.560  9.138  74.473 0.0000000000
79226  53.261  9.078  75.257 0.0000000000
78175  52.624  8.846  75.614 0.0000000000
79207  51.801  8.862  76.085 0.0000000000
79228  51.328  8.908  75.626 0.0000000000
149229  51.189  7.272  77.406 0.0000000000
77122  51.373  6.802  77.388 0.0000000000
71938  46.537  1.425  76.854 0.0000000000
72945  47.083  1.932  77.227 0.0000000000
73967  48.319  3.019  77.155 0.0000000000
73953  49.886  3.818  78.861 0.0000000000
71874  51.024  2.318  79.861 0.0000000000
59815  37.415  -9.216  93.862 0.0000000000
59830  36.923  -9.426  93.181 0.0000000000
153164  37.516  -8.908  93.327 0.0000000000
61017  37.924  -8.663  92.003 0.0000000000
61005  38.456  -8.072  92.519 0.0000000000
61029  38.717  -8.684  90.481 0.0000000000
61037  39.513  -8.504  89.074 0.0000000000
62128  39.833  -7.840  88.790 0.0000000000
63223  40.412  -6.287  88.988 0.0000000000
63203  40.018  -6.535  90.849 0.0000000000
64320  40.725  -5.498  89.414 0.0000000000
65445  40.988  -4.648  89.736 0.0000000000
66474  41.370  -4.154  89.694 0.0000000000
67495  41.447  -3.570  89.064 0.0000000000
66456  41.522  -4.422  89.933 0.0000000000
65424  41.770  -4.728  90.552 0.0000000000
134083  42.503  -5.187  90.319 0.0000000000
64294  42.428  -6.027  90.708 0.0000000000
63200  43.204  -5.809  89.886 0.0000000000
63212  43.578  -6.045  89.008 0.0000000000
140865  43.583  -6.518  88.590 0.0000000000
136872  29.952  -20.083  91.713 0.0000000000
139414  28.324  -19.830  94.028 0.0000000000
132000  29.272  -20.427  92.867 0.0000000000
48497  29.922  -20.519  92.340 0.0000000000
47415  30.657  -20.771  92.497 0.0000000000
47401  30.961  -21.057  93.025 0.0000000000
46286  31.329  -21.560  93.533 0.0000000000
46244  30.400  -21.936  95.272 0.0000000000
45167  30.511  -22.351  95.465 0.0000000000
45166  31.297  -22.697  95.060 0.0000000000
72915  45.883  2.115  79.247 0.0000000000
139806  46.642  3.130  80.254 0.0000000000
73929  47.014  3.511  80.692 0.0000000000
73914  48.778  3.986  82.433 0.0000000000
73903  47.955  4.137  82.408 0.0000000000
74957  48.414  4.119  83.130 0.0000000000
73882  48.034  4.159  83.837 0.0000000000
141186  46.701  3.739  83.239 0.0000000000
72853  44.647  2.675  85.064 0.0000000000
72852  45.550  3.096  85.412 0.0000000000
73851  46.320  3.278  85.357 0.0000000000
56536  33.330  -12.433  94.086 0.0000000000
57630  34.653  -11.427  94.186 0.0000000000
156530  34.405  -12.107  95.208 0.0000000000
57621  34.674  -11.492  94.798 0.0000000000
58685  35.270  -10.913  94.537 0.0000000000
58684  35.884  -10.650  94.603 0.0000000000
58683  36.489  -10.174  94.355 0.0000000000
58682  37.059  -10.482  94.400 0.0000000000
54199  37.235  -14.230  93.775 0.0000000000
55366  37.158  -13.497  93.916 0.0000000000
56523  37.228  -12.561  94.066 0.0000000000
55384  37.970  -13.448  92.883 0.0000000000
143548  37.261  -11.762  94.224 0.0000000000
59799  37.286  -9.785  94.206 0.0000000000
143831  38.619  -9.690  93.996 0.0000000000
147818  39.348  -9.392  93.653 0.0000000000
58708  39.752  -10.805  92.761 0.0000000000
58694  39.964  -9.975  93.068 0.0000000000
59828  40.621  -9.585  92.695 0.0000000000
59827  41.132  -9.270  92.129 0.0000000000
59842  41.639  -9.669  91.324 0.0000000000
59841  42.276  -9.314  90.896 0.0000000000
58720  42.114  -10.019  90.636 0.0000000000
57672  42.187  -10.917  89.741 0.0000000000
56577  41.718  -11.411  89.799 0.0000000000
56588  41.775  -11.563  89.354 0.0000000000
48496  32.147  -20.125  91.749 0.0000000000
50904  32.561  -18.371  92.069 0.0000000000
55386  31.952  -13.572  93.753 0.0000000000
56515  32.527  -12.936  95.614 0.0000000000
55352  32.821  -13.165  95.693 0.0000000000
54176  32.135  -14.382  95.856 0.0000000000
54186  33.077  -14.019  95.459 0.0000000000
54202  34.724  -14.571  94.314 0.0000000000
53082  35.469  -14.866  93.805 0.0000000000
53094  36.041  -15.330  93.288 0.0000000000
49580  34.009  -18.139  95.370 0.0000000000
146775  34.262  -18.001  95.211 0.0000000000
50868  34.028  -17.502  95.180 0.0000000000
49622  34.814  -18.875  93.904 0.0000000000
50877  34.282  -17.063  94.169 0.0000000000
50887  34.694  -16.855  93.128 0.0000000000
49562  24.067  -18.538  97.968 0.0000000000
75084  54.652  5.205  72.088 0.0000000000
78178  48.953  7.345  75.362 0.0000000000
78165  49.350  7.252  75.986 0.0000000000
78164  50.187  7.524  76.763 0.0000000000
78150  50.805  7.355  77.397 0.0000000000
77108  51.099  6.826  77.715 0.0000000000
76095  51.290  6.152  77.780 0.0000000000
75024  50.298  5.060  77.869 0.0000000000
75023  50.994  5.192  78.246 0.0000000000
138787  51.515  5.346  77.412 0.0000000000
73980  52.174  3.748  76.950 0.0000000000
68691  39.974  -1.880  80.807 0.0000000000
58723  36.707  -10.720  91.615 0.0000000000
155391  40.225  -3.935  84.035 0.0000000000
67617  39.978  -2.906  82.149 0.0000000000
68676  40.076  -2.176  81.584 0.0000000000
68675  40.645  -1.547  82.001 0.0000000000
69719  41.317  -0.867  83.189 0.0000000000
68633  41.715  -1.611  85.458 0.0000000000
68649  41.789  -0.986  84.975 0.0000000000
69707  41.961  -0.095  84.908 0.0000000000
138855  42.089  0.414  85.803 0.0000000000
140766  42.588  0.353  86.994 0.0000000000
70720  43.582  0.445  87.372 0.0000000000
67494  41.920  -2.919  88.967 0.0000000000
135816  42.153  -2.294  88.780 0.0000000000
68575  42.215  -1.761  88.562 0.0000000000
66471  43.236  -3.464  89.017 0.0000000000
67492  43.068  -2.543  88.912 0.0000000000
69640  42.220  -1.246  88.276 0.0000000000
69651  42.598  -0.788  87.975 0.0000000000
70708  43.154  -0.252  87.640 0.0000000000
69661  44.039  -0.226  87.207 0.0000000000
69660  44.192  -0.750  86.929 0.0000000000
67545  44.241  -1.840  86.551 0.0000000000
67546  44.100  -2.387  86.478 0.0000000000
66523  43.916  -3.205  86.812 0.0000000000
67568  43.956  -2.874  86.315 0.0000000000
146285  42.669  -9.605  90.241 0.0000000000
59854  43.146  -9.199  89.925 0.0000000000
59865  43.375  -8.941  89.397 0.0000000000
59876  42.759  -9.662  88.787 0.0000000000
59875  43.303  -9.032  88.871 0.0000000000
61055  43.143  -8.322  88.261 0.0000000000
44234  27.729  -22.422  96.478 0.0000000000
44259  32.733  -22.906  94.971 0.0000000000
45132  26.957  -20.899  97.504 0.0000000000
45139  28.063  -21.749  97.162 0.0000000000
45149  26.835  -21.858  96.740 0.0000000000
45164  33.795  -22.018  94.736 0.0000000000
46167  26.907  -20.590  97.617 0.0000000000
46168  26.558  -20.651  97.597 0.0000000000
46188  28.420  -21.356  97.298 0.0000000000
46189  27.432  -21.112  97.430 0.0000000000
46190  26.202  -20.808  97.603 0.0000000000
46208  28.988  -21.439  97.064 0.0000000000
46223  30.049  -21.900  96.114 0.0000000000
47319  26.649  -19.976  98.038 0.0000000000
47336  27.943  -20.765  97.479 0.0000000000
47337  27.264  -20.204  97.690 0.0000000000
47351  34.114  -19.600  95.027 0.0000000000
47353  29.258  -20.889  96.329 0.0000000000
48403  26.737  -19.981  97.985 0.0000000000
48404  26.515  -19.780  98.092 0.0000000000
48424  28.420  -20.391  97.263 0.0000000000
48425  28.016  -20.097  97.478 0.0000000000
48426  27.548  -19.580  97.445 0.0000000000
48437  34.427  -19.236  94.913 0.0000000000
49516  24.989  -19.110  98.435 0.0000000000
49536  26.474  -19.288  97.968 0.0000000000
49604  34.662  -18.965  94.609 0.0000000000
49609  27.253  -18.904  95.268 0.0000000000
50858  33.804  -17.572  95.524 0.0000000000
50859  32.930  -17.252  95.981 0.0000000000
50870  31.638  -17.097  95.190 0.0000000000
50903  35.913  -17.595  92.045 0.0000000000
51949  31.071  -16.254  95.001 0.0000000000
51967  34.614  -16.285  93.457 0.0000000000
53058  32.321  -15.350  95.832 0.0000000000
53060  31.450  -15.652  95.598 0.0000000000
53072  30.615  -14.848  94.374 0.0000000000
54175  32.636  -14.773  95.667 0.0000000000
54177  31.767  -14.396  95.725 0.0000000000
54178  31.322  -14.785  95.467 0.0000000000
54203  30.734  -14.405  93.973 0.0000000000
54215  37.440  -14.810  93.451 0.0000000000
54216  30.899  -14.068  93.484 0.0000000000
55340  32.470  -13.926  95.768 0.0000000000
55341  31.933  -13.808  95.805 0.0000000000
55353  32.157  -13.269  95.781 0.0000000000
55354  31.700  -13.554  95.483 0.0000000000
55355  31.244  -13.838  95.070 0.0000000000
56512  35.060  -12.237  94.925 0.0000000000
56513  34.270  -12.423  95.298 0.0000000000
56526  32.556  -12.771  95.226 0.0000000000
56527  31.969  -13.052  95.493 0.0000000000
56538  31.861  -13.109  94.814 0.0000000000
57611  34.647  -11.785  94.972 0.0000000000
57671  42.470  -10.373  89.712 0.0000000000
58746  42.723  -9.733  89.780 0.0000000000
59866  43.092  -9.278  89.734 0.0000000000
61036  43.374  -8.756  89.633 0.0000000000
61047  43.465  -8.280  88.862 0.0000000000
62127  43.582  -6.763  88.949 0.0000000000
62144  43.577  -6.623  88.352 0.0000000000
64283  41.525  -5.685  91.316 0.0000000000
64295  41.098  -4.981  91.134 0.0000000000
64306  43.700  -5.388  88.454 0.0000000000
64318  43.993  -4.220  88.010 0.0000000000
64319  43.878  -4.680  88.145 0.0000000000
65483  40.358  -5.105  86.101 0.0000000000
66455  41.798  -4.315  89.796 0.0000000000
66470  43.840  -3.699  88.310 0.0000000000
66472  42.656  -3.330  89.277 0.0000000000
66488  44.087  -3.904  88.037 0.0000000000
66547  39.977  -3.912  83.436 0.0000000000
67509  44.005  -3.134  87.731 0.0000000000
67512  42.020  -2.085  88.653 0.0000000000
67529  41.816  -2.082  87.990 0.0000000000
68574  43.094  -1.308  88.410 0.0000000000
68576  42.127  -1.569  88.427 0.0000000000
68590  43.186  -1.698  88.433 0.0000000000
68601  44.103  -1.579  86.957 0.0000000000
69650  43.273  -0.906  87.960 0.0000000000
69652  42.275  -1.050  88.109 0.0000000000
69662  42.286  -0.774  87.853 0.0000000000
70721  42.946  0.165  87.374 0.0000000000
70722  42.469  -0.170  87.363 0.0000000000
70737  45.218  0.585  86.380 0.0000000000
70738  42.411  0.825  86.420 0.0000000000
71759  43.483  0.936  87.258 0.0000000000
71760  42.914  0.701  86.999 0.0000000000
71804  46.952  1.958  85.067 0.0000000000
72813  45.842  2.244  86.277 0.0000000000
72814  45.171  2.278  86.473 0.0000000000
72854  43.761  2.275  84.686 0.0000000000
73881  48.346  4.008  83.428 0.0000000000
135614  33.626  -12.597  95.457 0.0000000000
137062  43.637  -0.176  87.454 0.0000000000
138212  40.988  -4.172  89.003 0.0000000000
141764  24.974  -20.917  98.239 0.0000000000
143069  43.779  -4.826  88.429 0.0000000000
146263  42.866  -2.087  88.845 0.0000000000
147023  42.087  -3.011  89.070 0.0000000000
149670  27.010  -19.180  97.647 0.0000000000
150225  32.292  -18.288  94.790 0.0000000000
150866  24.335  -20.504  98.429 0.0000000000
151626  32.560  -16.058  95.886 0.0000000000
151815  39.671  -7.857  89.526 0.0000000000
153435  42.395  -3.946  89.577 0.0000000000
154459  41.887  -0.059  84.207 0.0000000000
154966  35.208  -17.766  92.496 0.0000000000
156043  26.668  -20.015  97.994 0.0000000000
157222  27.627  -21.986  96.896 0.0000000000
