#!ascii label  , from subject sub-v1s15x0050186_ses-1 vox2ras=TkReg
1341
2509  -21.961  -80.790  -6.566 0.5000000000
2940  -21.392  -80.569  -6.506 0.6000000238
112909  -24.472  -78.935  -0.664 0.3000000119
2938  -19.441  -80.663  -6.529 0.5000000000
128803  -26.406  -80.484  -2.057 0.4000000060
128559  -26.653  -79.754  -1.972 0.4000000060
112567  -26.821  -78.437  -1.756 0.4000000060
111630  -25.473  -78.800  -1.176 0.3000000119
112442  -27.161  -79.391  -2.374 0.4000000060
3448  -22.632  -79.409  -5.568 0.5000000000
115013  -22.802  -79.882  -6.435 0.5000000000
2932  -22.303  -80.309  -6.674 0.5000000000
113577  -22.000  -79.011  -4.636 0.6000000238
3447  -21.519  -79.001  -5.165 0.5000000000
3466  -20.720  -80.120  -6.319 0.6000000238
111621  -24.315  -78.624  0.350 0.3000000119
120089  -20.166  -79.590  -6.074 0.5000000000
128443  -26.560  -80.718  -3.351 0.5000000000
111617  -26.211  -80.873  -2.547 0.5000000000
112691  -25.369  -77.998  0.111 0.3000000119
3446  -20.851  -78.900  -5.242 0.6000000238
3465  -19.922  -80.133  -6.407 0.5000000000
112503  -27.395  -79.857  -3.038 0.5000000000
128560  -26.914  -80.372  -2.649 0.4000000060
112484  -27.144  -77.158  -0.692 0.3000000119
128540  -26.146  -77.777  -0.907 0.3000000119
4044  -28.242  -78.847  -4.190 0.4000000060
128462  -27.661  -78.890  -2.996 0.4000000060
4625  -27.954  -77.831  -2.197 0.4000000060
4028  -28.101  -78.190  -3.206 0.4000000060
128563  -25.407  -78.169  -3.542 0.6999999881
128499  -24.998  -78.592  -4.929 0.6999999881
113020  -24.134  -78.908  -4.696 0.6999999881
2510  -23.055  -80.910  -5.502 0.5000000000
127754  -24.318  -78.119  -2.004 0.6999999881
112914  -24.112  -78.667  -2.449 0.6999999881
111624  -23.318  -79.112  -3.752 0.8000000119
112843  -22.914  -79.184  -4.792 0.5000000000
3444  -22.505  -79.101  -3.591 0.6999999881
112535  -23.768  -81.026  -4.920 0.5000000000
112778  -23.397  -79.033  -2.650 0.6999999881
128613  -24.958  -81.045  -4.117 0.4000000060
128486  -25.743  -80.816  -3.797 0.5000000000
112799  -24.879  -78.166  1.369 0.3000000119
3443  -21.691  -78.776  -3.398 0.6000000238
128614  -26.807  -80.329  -4.334 0.5000000000
112432  -27.240  -80.283  -3.548 0.5000000000
128774  -25.824  -77.241  1.141 0.3000000119
4043  -21.078  -78.472  -4.287 0.5000000000
112612  -27.440  -79.933  -4.429 0.5000000000
4635  -28.805  -78.273  -5.054 0.4000000060
4626  -28.492  -77.469  -2.743 0.4000000060
4620  -28.638  -76.951  -1.683 0.4000000060
4619  -27.551  -77.565  -1.464 0.4000000060
4632  -29.133  -77.484  -4.705 0.3000000119
4631  -28.580  -77.876  -3.918 0.4000000060
5189  -24.502  -76.013  -1.212 0.5000000000
5819  -25.880  -75.667  -2.489 0.6000000238
112387  -25.395  -77.615  -2.477 0.6000000238
112552  -26.075  -77.453  -3.422 0.6000000238
6407  -24.019  -74.574  -0.444 0.5000000000
5789  -23.839  -75.352  -0.111 0.5000000000
126752  -24.146  -75.849  -0.457 0.6000000238
111627  -24.773  -76.702  -1.996 0.6000000238
112416  -24.579  -77.543  -1.958 0.6999999881
111620  -24.589  -79.573  -5.753 0.6000000238
2429  -25.199  -82.337  2.713 0.3000000119
7143  -22.047  -74.084  -0.051 0.6999999881
6405  -23.042  -74.411  0.357 0.6000000238
5788  -23.339  -75.561  0.552 0.6000000238
5179  -24.004  -76.561  -0.538 0.6000000238
137227  -23.947  -77.041  -0.823 0.6999999881
112953  -23.467  -78.013  -1.331 0.6999999881
127162  -24.943  -79.327  -5.735 0.6000000238
128796  -24.844  -79.641  -5.793 0.6000000238
128910  -24.384  -80.733  -4.993 0.5000000000
7170  -22.666  -73.499  -0.867 0.6999999881
7144  -22.593  -74.202  0.289 0.6000000238
6396  -22.368  -74.458  1.004 0.6000000238
5168  -23.252  -76.261  0.623 0.6000000238
4585  -22.938  -77.515  -0.156 0.6999999881
3987  -22.368  -78.392  -1.272 0.6999999881
128442  -25.164  -80.420  -5.138 0.5000000000
3385  -24.300  -79.327  2.051 0.3000000119
7225  -22.018  -74.226  -2.529 0.6999999881
6444  -21.775  -74.152  -1.449 0.6000000238
6421  -21.448  -74.191  -0.463 0.6999999881
5159  -22.157  -76.679  1.439 0.6000000238
4584  -22.152  -77.791  0.451 0.6000000238
4027  -21.346  -78.666  -2.429 0.6999999881
128572  -26.025  -79.248  -5.628 0.5000000000
111631  -27.499  -79.193  -5.469 0.5000000000
7118  -21.620  -74.224  0.991 0.6000000238
5158  -21.575  -76.359  1.770 0.6000000238
3986  -21.635  -78.341  -0.981 0.6000000238
4008  -21.014  -78.525  -1.579 0.6000000238
4026  -20.367  -78.581  -2.307 0.6000000238
4065  -27.360  -78.308  -5.874 0.5000000000
4586  -26.541  -76.807  0.422 0.3000000119
7142  -21.030  -74.218  0.513 0.6000000238
6395  -21.611  -74.662  1.457 0.6000000238
4565  -21.498  -77.096  1.492 0.6000000238
4583  -21.293  -77.749  0.851 0.5000000000
3969  -20.670  -78.044  0.066 0.5000000000
135984  -19.567  -78.510  -1.905 0.5000000000
4042  -20.243  -78.495  -3.403 0.5000000000
4055  -28.174  -78.782  -5.334 0.5000000000
5843  -31.979  -75.469  -5.290 0.3000000119
5209  -30.952  -76.150  -4.221 0.3000000119
115990  -30.191  -76.441  -4.039 0.3000000119
5200  -29.798  -76.585  -2.963 0.4000000060
5190  -29.163  -76.846  -2.241 0.4000000060
4025  -19.493  -78.547  -2.659 0.5000000000
5214  -30.254  -76.237  -5.343 0.3000000119
5208  -29.751  -76.810  -4.955 0.3000000119
4627  -28.965  -77.025  -3.441 0.4000000060
7173  -24.288  -73.530  -0.775 0.5000000000
6424  -24.578  -74.268  -1.124 0.5000000000
6445  -25.310  -74.290  -1.727 0.5000000000
5809  -24.744  -75.065  -1.621 0.5000000000
7171  -23.504  -73.078  -0.698 0.5000000000
6422  -23.359  -73.848  -0.334 0.5000000000
5796  -24.347  -75.188  -0.765 0.5000000000
5810  -25.194  -75.109  -2.094 0.5000000000
5199  -26.373  -76.452  -3.313 0.6000000238
5207  -26.777  -76.196  -4.444 0.6000000238
4630  -26.488  -77.041  -4.361 0.6000000238
112832  -26.436  -77.785  -5.620 0.8000000119
1993  -24.833  -82.956  3.938 0.3000000119
8019  -23.599  -72.143  -2.466 0.6000000238
7196  -22.896  -73.370  -1.876 0.6000000238
124005  -22.897  -73.682  -0.401 0.6000000238
136998  -27.007  -76.461  -5.888 0.4000000060
2010  -25.451  -82.520  3.375 0.3000000119
7226  -22.824  -73.388  -3.006 0.6999999881
4637  -26.782  -77.482  -6.003 0.5000000000
112527  -25.330  -78.919  -5.635 0.6000000238
127933  -25.715  -80.340  2.428 0.3000000119
3386  -25.170  -79.505  2.380 0.3000000119
123408  -22.113  -74.193  -3.502 0.6999999881
5216  -27.791  -76.611  -5.877 0.4000000060
3940  -26.302  -78.248  2.142 0.3000000119
125998  -21.290  -74.649  -3.387 0.6000000238
6443  -20.711  -74.516  -1.224 0.6999999881
4638  -27.406  -77.352  -5.987 0.4000000060
4587  -27.737  -76.302  0.240 0.3000000119
116387  -20.994  -74.658  -2.285 0.6999999881
6394  -20.869  -74.446  1.625 0.6000000238
127128  -21.084  -76.664  1.821 0.5000000000
4564  -20.781  -77.162  1.415 0.5000000000
4007  -20.098  -78.371  -1.306 0.6000000238
4639  -28.841  -76.817  -5.568 0.4000000060
4066  -28.308  -77.780  -5.660 0.4000000060
5853  -32.263  -75.039  -5.702 0.3000000119
5844  -32.979  -74.940  -4.733 0.3000000119
5832  -32.473  -75.422  -4.445 0.3000000119
5201  -30.642  -76.330  -3.172 0.4000000060
4606  -28.026  -76.673  -0.640 0.3000000119
7117  -20.531  -74.119  1.298 0.6000000238
132266  -20.548  -75.737  2.263 0.5000000000
5157  -20.431  -76.390  1.862 0.5000000000
4582  -20.333  -77.521  0.667 0.5000000000
3984  -19.476  -77.997  -0.747 0.5000000000
113568  -19.281  -78.251  -1.395 0.6000000238
4006  -18.640  -78.397  -1.994 0.5000000000
5213  -29.515  -76.713  -5.291 0.3000000119
5852  -31.507  -75.301  -5.867 0.3000000119
6380  -20.478  -74.692  2.230 0.5000000000
4563  -19.931  -76.926  1.158 0.5000000000
4604  -18.918  -77.500  -0.210 0.5000000000
4561  -18.192  -76.632  0.762 0.5000000000
7977  -23.878  -72.434  -0.364 0.5000000000
7978  -24.350  -72.563  -0.394 0.5000000000
7197  -25.984  -73.524  -1.494 0.5000000000
7198  -26.589  -73.519  -1.804 0.5000000000
6446  -26.152  -74.095  -2.047 0.5000000000
6462  -25.832  -74.812  -2.269 0.5000000000
6482  -26.954  -74.739  -3.517 0.4000000060
113900  -23.560  -72.471  -1.450 0.5000000000
6483  -27.497  -74.562  -4.080 0.4000000060
115248  -24.992  -82.651  4.756 0.3000000119
1982  -25.621  -82.589  4.797 0.3000000119
8020  -23.414  -71.736  -3.278 0.6000000238
5829  -27.065  -75.389  -4.317 0.4000000060
5839  -27.022  -76.071  -5.383 0.4000000060
8040  -23.379  -71.688  -4.241 0.6000000238
7252  -23.258  -72.522  -3.643 0.6000000238
2430  -26.060  -81.752  2.869 0.3000000119
2873  -26.560  -80.768  2.553 0.3000000119
6497  -21.989  -73.749  -5.104 0.6000000238
5849  -27.837  -75.858  -5.872 0.4000000060
7270  -21.143  -73.828  -5.023 0.6000000238
5842  -29.253  -75.359  -5.635 0.4000000060
5850  -28.553  -75.951  -5.764 0.4000000060
3952  -25.956  -77.568  1.789 0.3000000119
6481  -21.622  -74.349  -4.414 0.6999999881
5217  -29.646  -76.034  -5.624 0.3000000119
6516  -31.891  -74.608  -5.977 0.3000000119
125309  -24.829  -72.663  -0.501 0.5000000000
6425  -25.129  -73.313  -1.171 0.5000000000
7175  -26.716  -72.977  -1.277 0.5000000000
7199  -27.217  -73.350  -1.915 0.4000000060
7976  -23.274  -72.103  -0.813 0.5000000000
7228  -27.611  -73.509  -2.717 0.4000000060
6464  -27.246  -74.089  -3.179 0.4000000060
135729  -28.523  -73.862  -4.108 0.4000000060
6498  -28.294  -74.493  -4.636 0.4000000060
2416  -26.368  -81.926  3.485 0.3000000119
1994  -25.886  -82.431  4.059 0.3000000119
129821  -22.163  -72.194  -5.609 0.6000000238
5840  -27.648  -75.468  -5.148 0.4000000060
5841  -28.404  -75.358  -5.503 0.4000000060
115487  -28.946  -74.742  -5.280 0.4000000060
7290  -31.398  -74.344  -5.924 0.4000000060
6514  -30.131  -75.360  -5.789 0.3000000119
6496  -20.963  -74.408  -4.934 0.6000000238
134000  -24.620  -72.392  0.297 0.5000000000
7174  -25.963  -72.959  -1.052 0.5000000000
125163  -27.530  -73.114  -1.303 0.4000000060
7962  -24.004  -72.225  0.426 0.5000000000
7201  -28.775  -73.396  -2.122 0.4000000060
7996  -23.545  -71.403  -2.406 0.6000000238
124789  -22.645  -71.684  -0.019 0.6000000238
7961  -23.244  -72.183  0.165 0.6000000238
7229  -28.329  -73.236  -2.941 0.4000000060
8824  -23.186  -71.500  -3.098 0.6000000238
8805  -23.190  -71.037  -2.169 0.6000000238
7230  -29.762  -73.520  -3.859 0.4000000060
6484  -29.113  -74.010  -4.609 0.4000000060
8857  -22.815  -71.325  -4.740 0.6000000238
7272  -29.969  -73.928  -4.878 0.4000000060
7254  -30.665  -73.683  -4.568 0.4000000060
6500  -30.677  -74.188  -5.487 0.4000000060
7274  -32.294  -73.517  -5.372 0.4000000060
3387  -26.196  -79.419  2.349 0.3000000119
2874  -27.590  -80.598  2.653 0.3000000119
8084  -22.231  -71.669  -5.396 0.6000000238
126447  -31.917  -74.053  -5.957 0.4000000060
3954  -27.997  -77.988  1.161 0.3000000119
3402  -26.976  -78.732  2.207 0.3000000119
8083  -21.745  -72.315  -5.585 0.6000000238
6513  -20.439  -74.352  -5.523 0.6000000238
8061  -20.624  -72.366  -5.320 0.6999999881
7994  -20.309  -71.920  -2.007 0.6999999881
8082  -20.829  -72.458  -5.216 0.6000000238
133194  -19.828  -72.342  -3.800 0.6999999881
8017  -19.602  -72.355  -2.652 0.6999999881
8060  -19.533  -72.721  -5.722 0.6000000238
7975  -19.389  -72.272  -0.708 0.6999999881
7958  -18.987  -72.291  -0.029 0.6000000238
135541  -19.037  -72.524  -3.352 0.6999999881
7993  -19.298  -72.468  -1.633 0.6999999881
7979  -25.589  -72.671  -0.548 0.5000000000
7176  -27.188  -72.783  -0.579 0.5000000000
136584  -24.396  -72.275  0.755 0.5000000000
126636  -24.877  -72.400  1.045 0.5000000000
7963  -25.275  -72.457  0.236 0.5000000000
7177  -28.049  -73.301  -0.413 0.5000000000
123557  -28.430  -73.383  -1.259 0.4000000060
7200  -27.923  -73.235  -2.104 0.4000000060
7960  -22.289  -72.153  0.806 0.6000000238
124644  -23.220  -72.384  1.058 0.6000000238
7940  -24.113  -72.260  1.227 0.6000000238
123022  -25.443  -72.503  1.852 0.6000000238
122477  -30.075  -73.621  -2.711 0.4000000060
8823  -22.555  -71.092  -2.618 0.6000000238
121856  -22.501  -72.342  1.758 0.6000000238
122171  -23.509  -72.368  2.134 0.6000000238
131410  -29.115  -73.265  -2.994 0.4000000060
8838  -22.507  -71.031  -3.589 0.6000000238
8804  -22.309  -70.924  -2.024 0.6000000238
8785  -21.612  -71.377  -0.594 0.6000000238
7939  -21.638  -72.198  1.613 0.6000000238
7910  -22.661  -72.198  2.545 0.6000000238
7256  -32.480  -72.999  -4.192 0.4000000060
8822  -21.956  -71.067  -2.825 0.6000000238
124629  -21.521  -71.385  -1.228 0.6000000238
7938  -20.822  -71.887  1.478 0.6000000238
7908  -21.116  -72.060  2.329 0.6000000238
7853  -22.834  -72.064  4.149 0.6000000238
7255  -31.537  -73.414  -4.336 0.4000000060
8042  -33.472  -72.533  -4.501 0.4000000060
8837  -21.797  -71.169  -4.071 0.6000000238
8784  -20.828  -71.455  -0.387 0.5000000000
7959  -20.630  -71.551  0.606 0.6000000238
7852  -21.965  -72.161  4.022 0.6000000238
7831  -22.979  -71.912  5.095 0.6999999881
8855  -21.697  -71.600  -5.154 0.6999999881
8018  -20.779  -71.663  -3.076 0.6000000238
8764  -20.332  -71.426  0.212 0.6000000238
8746  -20.077  -71.659  1.467 0.6000000238
7830  -22.063  -72.041  4.918 0.6000000238
8678  -23.155  -71.436  5.688 0.6000000238
9506  -23.678  -70.423  6.119 0.6000000238
8713  -19.978  -71.393  3.654 0.6000000238
115652  -21.240  -71.664  5.085 0.6000000238
8665  -22.351  -71.349  6.102 0.6000000238
9505  -23.019  -70.820  6.346 0.6000000238
8763  -19.596  -71.715  0.505 0.6000000238
8729  -19.740  -71.553  2.488 0.6000000238
8694  -19.906  -71.158  4.587 0.5000000000
8664  -21.610  -71.140  6.193 0.6000000238
136567  -22.649  -70.263  6.769 0.6000000238
8016  -18.732  -72.535  -2.571 0.6999999881
8762  -18.558  -71.854  0.571 0.6999999881
8744  -18.476  -71.389  1.636 0.5000000000
8712  -19.031  -71.105  3.325 0.6000000238
8693  -19.153  -70.952  4.312 0.5000000000
8663  -20.747  -70.768  6.052 0.5000000000
9548  -18.331  -70.774  4.013 0.6000000238
13436  -14.498  -65.136  1.514 0.6000000238
14216  -14.868  -64.760  1.064 0.6000000238
14245  -15.353  -64.533  -0.693 0.6000000238
7965  -26.873  -72.617  0.173 0.5000000000
7964  -26.559  -72.508  0.940 0.5000000000
7145  -27.679  -73.042  0.369 0.5000000000
122961  -29.472  -73.608  -1.203 0.5000000000
136375  -29.549  -73.608  -2.136 0.4000000060
132443  -23.855  -72.181  3.020 0.5000000000
7912  -25.121  -72.442  2.692 0.5000000000
7883  -25.640  -72.330  3.497 0.5000000000
123629  -30.878  -73.619  -2.264 0.4000000060
124278  -31.774  -73.470  -1.973 0.4000000060
7911  -24.329  -72.368  2.633 0.5000000000
7856  -25.288  -72.166  4.080 0.5000000000
7231  -30.843  -73.507  -3.364 0.4000000060
7232  -31.737  -73.357  -3.187 0.4000000060
8021  -33.062  -72.752  -3.368 0.4000000060
7854  -23.695  -71.895  4.598 0.5000000000
7855  -24.550  -71.981  4.292 0.5000000000
7882  -24.687  -72.242  3.466 0.5000000000
7832  -23.639  -71.671  5.184 0.6000000238
8697  -24.357  -71.684  4.945 0.6000000238
9518  -24.304  -70.542  5.667 0.6000000238
9519  -25.182  -70.470  5.301 0.5000000000
116989  -24.292  -69.071  6.075 0.4000000060
121568  -25.053  -68.045  5.321 0.4000000060
11081  -25.321  -68.850  5.270 0.4000000060
11066  -22.809  -69.549  7.030 0.6000000238
11068  -24.193  -68.360  6.239 0.6000000238
11816  -24.804  -67.227  5.654 0.5000000000
11817  -25.347  -67.484  4.942 0.4000000060
13417  -25.100  -66.621  2.795 0.4000000060
8037  -18.221  -72.392  -3.656 0.6999999881
9503  -21.362  -70.506  6.577 0.6000000238
133081  -24.231  -67.448  6.380 0.5000000000
13401  -25.092  -66.329  3.978 0.4000000060
8743  -17.570  -71.121  1.480 0.6000000238
9516  -19.805  -70.634  5.853 0.5000000000
127642  -20.665  -70.278  6.502 0.5000000000
11053  -23.636  -68.048  6.804 0.5000000000
114561  -24.722  -65.450  5.730 0.5000000000
13382  -25.048  -66.156  4.986 0.4000000060
13400  -24.837  -65.543  3.605 0.4000000060
8711  -17.992  -70.907  3.220 0.6000000238
10286  -21.509  -69.125  7.192 0.5000000000
12635  -13.656  -66.303  2.603 0.6999999881
13425  -13.994  -65.606  2.185 0.6000000238
13393  -13.939  -65.754  3.853 0.6999999881
13437  -15.091  -64.829  1.713 0.6000000238
13394  -14.570  -65.732  3.924 0.6000000238
14233  -15.813  -64.815  0.111 0.6000000238
13426  -15.660  -65.082  2.412 0.6000000238
13395  -15.689  -65.753  4.032 0.6000000238
12590  -15.222  -66.351  5.561 0.6000000238
133788  -16.479  -66.337  5.841 0.6000000238
14246  -16.213  -64.885  -0.639 0.5000000000
13438  -16.209  -64.970  1.556 0.6000000238
13413  -16.851  -65.088  2.868 0.6000000238
134969  -16.248  -65.433  3.516 0.6000000238
12608  -16.107  -66.117  4.809 0.6000000238
7178  -29.022  -73.478  -0.340 0.5000000000
13469  -16.916  -65.391  -0.897 0.5000000000
13458  -16.806  -65.062  0.008 0.5000000000
13378  -17.424  -65.633  4.794 0.5000000000
132405  -26.331  -72.488  1.773 0.4000000060
127109  -27.001  -72.586  1.675 0.5000000000
123104  -30.410  -73.640  -0.697 0.5000000000
7203  -31.065  -73.635  -1.261 0.4000000060
13459  -17.393  -65.676  -0.163 0.5000000000
117793  -17.356  -65.273  1.768 0.5000000000
13414  -18.328  -64.593  3.060 0.5000000000
13397  -18.606  -64.730  3.798 0.5000000000
7914  -27.074  -72.478  2.628 0.5000000000
122766  -32.576  -73.250  -1.830 0.4000000060
7997  -33.746  -72.928  -1.204 0.4000000060
12671  -17.686  -66.550  -1.039 0.5000000000
12648  -17.803  -66.031  1.440 0.5000000000
12636  -18.202  -65.322  2.407 0.6000000238
12637  -18.966  -64.828  2.917 0.6000000238
7234  -33.253  -72.862  -2.226 0.4000000060
11877  -17.579  -66.983  0.930 0.6000000238
11863  -17.929  -66.700  2.112 0.6000000238
8698  -25.252  -71.714  4.600 0.4000000060
116621  -25.492  -71.132  4.962 0.5000000000
9644  -16.527  -70.375  -1.827 0.6000000238
11093  -25.909  -69.034  4.916 0.4000000060
9626  -16.975  -70.904  -1.563 0.6000000238
10320  -25.606  -69.669  5.146 0.4000000060
8801  -17.125  -71.225  -2.242 0.6000000238
124394  -17.597  -71.696  -1.212 0.6000000238
133140  -25.716  -67.231  3.901 0.4000000060
8742  -16.904  -70.843  1.237 0.6000000238
7974  -18.479  -72.439  -1.024 0.6999999881
9530  -18.298  -70.452  4.949 0.6000000238
9515  -18.510  -70.156  5.552 0.6000000238
116728  -18.989  -70.443  5.728 0.5000000000
10302  -21.059  -69.778  6.819 0.5000000000
12622  -13.624  -66.278  3.507 0.6999999881
12606  -14.095  -66.031  4.565 0.6999999881
12588  -13.775  -66.230  5.912 0.6000000238
12589  -14.253  -66.212  5.370 0.6000000238
119104  -14.484  -66.018  6.894 0.6000000238
12575  -15.403  -66.288  6.611 0.6000000238
12561  -16.039  -66.157  7.381 0.6999999881
12562  -16.950  -66.162  7.281 0.6000000238
7119  -28.107  -73.288  1.387 0.5000000000
7146  -28.683  -73.406  0.615 0.5000000000
7148  -30.459  -73.483  0.216 0.5000000000
12591  -17.633  -65.812  5.626 0.6000000238
12563  -18.021  -65.986  6.995 0.5000000000
118166  -30.120  -73.270  0.842 0.5000000000
132912  -31.745  -73.550  -0.911 0.5000000000
7204  -32.371  -73.431  -1.061 0.4000000060
12609  -19.367  -64.932  3.684 0.6000000238
13415  -19.004  -64.591  3.305 0.6000000238
13349  -18.678  -65.427  7.412 0.5000000000
7884  -26.438  -72.226  3.416 0.5000000000
11157  -16.795  -69.106  -1.724 0.6000000238
11158  -17.030  -68.452  -0.695 0.4000000060
11151  -17.286  -67.712  0.094 0.6000000238
11846  -18.291  -67.005  2.836 0.6000000238
11847  -18.812  -66.272  3.374 0.6000000238
13380  -19.729  -64.700  5.178 0.6000000238
8715  -25.941  -72.041  4.072 0.4000000060
7885  -27.114  -72.043  3.343 0.4000000060
10408  -16.441  -69.475  -0.261 0.5000000000
11150  -16.631  -68.660  0.498 0.5000000000
11140  -16.908  -67.996  1.042 0.6000000238
11109  -18.162  -67.796  3.532 0.6000000238
11831  -19.409  -66.261  4.153 0.6000000238
12610  -19.989  -64.992  4.484 0.6000000238
8699  -26.129  -71.330  4.481 0.5000000000
10417  -16.472  -69.976  -1.277 0.6000000238
130638  -16.614  -68.744  2.336 0.6000000238
11108  -17.434  -68.064  2.701 0.6000000238
11814  -19.241  -67.335  4.896 0.6000000238
11815  -20.027  -66.085  4.890 0.6000000238
12577  -20.489  -65.300  5.905 0.6000000238
9531  -25.905  -70.484  4.876 0.4000000060
9608  -16.348  -70.074  0.705 0.5000000000
118593  -16.361  -69.431  0.868 0.6000000238
11107  -16.565  -69.285  3.099 0.6000000238
11078  -18.580  -68.480  5.405 0.6000000238
11079  -19.426  -67.594  5.575 0.6000000238
133520  -16.777  -70.533  -1.096 0.6000000238
8760  -16.768  -70.665  0.571 0.6000000238
9587  -16.459  -70.358  1.477 0.6000000238
10353  -16.595  -69.893  3.476 0.6000000238
11091  -17.526  -68.868  4.238 0.6000000238
9529  -17.456  -70.005  4.731 0.6000000238
9567  -16.996  -70.684  3.062 0.6000000238
10301  -20.124  -69.757  6.634 0.5000000000
10285  -20.735  -69.017  6.945 0.5000000000
115840  -13.316  -67.487  5.077 0.6999999881
135005  -13.908  -66.308  5.220 0.6999999881
11077  -12.305  -68.863  5.666 0.6999999881
11800  -12.497  -67.442  6.760 0.6999999881
11801  -13.157  -66.761  6.301 0.6999999881
12559  -13.659  -66.173  6.752 0.6999999881
12560  -14.042  -65.885  7.568 0.6000000238
13345  -14.671  -65.529  8.109 0.6000000238
13330  -15.105  -64.949  8.546 0.5000000000
13346  -15.530  -65.536  7.902 0.6999999881
13331  -15.866  -64.873  8.309 0.5000000000
13332  -16.921  -65.137  8.146 0.5000000000
13348  -17.467  -65.672  7.604 0.5000000000
7120  -29.551  -73.294  1.230 0.4000000060
7121  -30.670  -73.078  0.784 0.5000000000
7149  -31.860  -73.206  0.417 0.5000000000
7181  -32.188  -73.497  -0.248 0.5000000000
7151  -33.318  -73.179  -0.064 0.4000000060
7915  -27.791  -72.115  3.022 0.4000000060
119278  -30.236  -72.923  1.418 0.4000000060
13364  -19.324  -65.315  6.385 0.6000000238
13399  -20.101  -64.709  4.864 0.6000000238
13350  -19.891  -64.878  7.322 0.6000000238
11802  -20.269  -66.487  5.793 0.6000000238
13365  -20.479  -65.113  6.427 0.6000000238
11063  -18.944  -68.666  5.947 0.6000000238
11064  -19.654  -68.098  6.211 0.6000000238
13366  -20.744  -65.447  6.500 0.6000000238
10318  -17.770  -69.279  5.028 0.6000000238
11803  -20.770  -66.345  6.517 0.5000000000
10300  -19.288  -69.408  6.265 0.6000000238
136646  -20.622  -68.222  6.890 0.5000000000
11050  -21.148  -68.284  7.183 0.5000000000
10298  -11.752  -69.058  6.218 0.6999999881
11786  -12.201  -67.440  7.606 0.6999999881
12546  -12.657  -66.673  7.995 0.6999999881
12558  -12.821  -66.649  7.099 0.6999999881
115062  -12.966  -66.501  8.747 0.6000000238
12547  -13.362  -66.137  8.125 0.6999999881
12548  -13.994  -65.803  8.471 0.4000000060
11048  -11.025  -68.521  7.444 0.6999999881
11785  -11.443  -67.937  7.910 0.6999999881
11772  -11.938  -67.453  8.387 0.6000000238
133547  -12.714  -66.791  9.385 0.6000000238
13314  -15.030  -64.805  9.245 0.5000000000
11047  -10.222  -68.360  7.325 0.6999999881
11784  -10.631  -67.961  7.967 0.6999999881
14104  -15.547  -64.379  9.642 0.5000000000
11799  -9.422  -68.009  7.010 0.6999999881
14122  -15.920  -63.779  9.196 0.5000000000
12556  -8.841  -66.359  7.259 0.6000000238
13343  -8.806  -65.610  7.081 0.6000000238
14167  -8.592  -65.143  6.488 0.6000000238
125508  -8.190  -63.297  5.636 0.5000000000
16496  -8.372  -61.880  6.227 0.5000000000
7944  -30.887  -72.420  1.093 0.4000000060
7150  -32.763  -73.210  0.189 0.4000000060
125041  -21.620  -65.459  7.213 0.6000000238
12519  -13.494  -66.377  10.343 0.5000000000
12529  -13.955  -66.007  9.452 0.5000000000
11758  -10.851  -67.294  9.190 0.6000000238
12526  -11.377  -67.019  9.775 0.6000000238
12517  -11.985  -66.668  10.436 0.6000000238
12518  -12.779  -66.482  10.660 0.6000000238
131333  -14.161  -66.027  10.321 0.5000000000
13313  -14.575  -65.493  9.772 0.5000000000
13292  -15.748  -64.860  10.729 0.5000000000
11783  -9.781  -67.670  7.911 0.6999999881
11757  -10.165  -67.099  9.158 0.6000000238
12525  -10.554  -66.818  9.706 0.6000000238
13299  -11.393  -65.842  10.858 0.6000000238
13288  -11.848  -65.171  11.311 0.6000000238
14093  -16.879  -63.966  10.754 0.5000000000
12557  -9.276  -66.792  8.137 0.6999999881
13312  -9.657  -66.035  9.451 0.6000000238
14120  -9.619  -64.622  9.657 0.6000000238
14102  -10.174  -64.590  10.428 0.6000000238
124586  -10.793  -64.183  10.921 0.6000000238
13344  -9.090  -65.809  7.795 0.6000000238
14138  -9.430  -64.641  8.911 0.6000000238
126432  -9.535  -63.986  9.145 0.6000000238
14924  -9.871  -63.858  9.848 0.6000000238
14152  -9.038  -64.879  7.350 0.6000000238
14943  -9.217  -63.405  7.757 0.6000000238
14930  -9.447  -63.354  8.615 0.6000000238
14925  -10.178  -63.076  9.746 0.6000000238
14942  -8.882  -63.435  6.997 0.5000000000
15733  -8.607  -62.705  6.722 0.5000000000
15717  -9.052  -62.741  7.396 0.5000000000
117391  -9.399  -62.696  8.115 0.6000000238
15685  -9.806  -62.599  8.983 0.6000000238
7945  -31.660  -72.350  0.831 0.4000000060
15774  -7.765  -61.763  3.980 0.5000000000
15734  -8.837  -62.013  7.129 0.5000000000
16481  -9.457  -61.622  7.473 0.6000000238
16482  -10.232  -61.353  7.827 0.6000000238
17251  -8.450  -60.541  4.258 0.5000000000
119809  -8.925  -60.436  5.694 0.5000000000
17227  -8.602  -60.991  6.087 0.4000000060
17218  -9.753  -60.911  7.129 0.5000000000
13290  -13.746  -65.537  11.467 0.6000000238
133622  -14.960  -65.203  11.792 0.5000000000
13291  -15.169  -65.383  11.179 0.5000000000
13289  -12.824  -65.358  11.422 0.6000000238
14090  -14.313  -65.055  11.940 0.5000000000
14092  -16.345  -64.516  11.237 0.5000000000
14901  -11.927  -63.674  11.404 0.6999999881
14903  -13.225  -63.160  12.020 0.6999999881
14914  -11.254  -63.409  10.984 0.6000000238
15652  -12.011  -62.966  11.273 0.6999999881
15672  -10.940  -62.663  10.232 0.6000000238
15673  -11.611  -62.598  10.790 0.6999999881
16457  -11.120  -61.861  9.588 0.6000000238
16447  -11.731  -61.839  10.335 0.6999999881
16469  -11.431  -61.262  8.930 0.6000000238
16458  -11.737  -61.359  9.618 0.6999999881
17261  -9.737  -59.903  2.523 0.5000000000
17239  -8.971  -60.118  4.902 0.5000000000
17228  -9.277  -60.575  6.394 0.4000000060
17229  -10.237  -60.297  6.596 0.6000000238
17209  -11.120  -61.075  8.102 0.6000000238
18015  -10.046  -59.649  3.487 0.5000000000
17240  -9.783  -60.017  5.615 0.4000000060
17995  -10.921  -59.756  5.900 0.5000000000
14077  -16.077  -64.299  12.178 0.5000000000
14896  -15.453  -63.730  12.569 0.5000000000
131258  -13.771  -63.655  12.276 0.6000000238
15638  -13.956  -63.015  12.373 0.5000000000
16423  -16.110  -61.994  12.589 0.5000000000
15653  -12.707  -62.651  11.565 0.6999999881
16435  -12.972  -61.895  11.366 0.6999999881
16448  -12.603  -61.481  10.656 0.6000000238
17210  -11.900  -60.670  8.374 0.6999999881
16459  -12.325  -61.102  9.951 0.6000000238
116072  -11.568  -60.374  7.632 0.6000000238
17973  -12.297  -60.011  7.963 0.6000000238
18016  -10.769  -59.431  3.880 0.5000000000
17220  -11.186  -60.057  6.880 0.6000000238
18797  -11.362  -58.123  4.065 0.4000000060
18003  -10.790  -59.184  4.996 0.4000000060
115002  -11.528  -58.293  5.820 0.5000000000
120403  -11.727  -59.473  6.443 0.5000000000
15654  -13.395  -62.382  12.009 0.6000000238
126343  -15.426  -61.450  12.452 0.5000000000
16436  -13.672  -61.557  11.865 0.6000000238
16437  -14.584  -61.297  12.223 0.5000000000
16449  -13.326  -61.127  11.050 0.6000000238
17192  -13.665  -60.342  10.770 0.6000000238
17959  -14.364  -59.942  11.209 0.5000000000
17201  -13.432  -59.907  9.951 0.6000000238
17211  -12.521  -60.224  8.734 0.6999999881
17966  -13.456  -59.271  9.483 0.5000000000
17986  -12.445  -59.188  7.759 0.6000000238
18769  -12.219  -58.973  6.933 0.5000000000
19631  -11.389  -57.644  5.090 0.4000000060
18778  -12.035  -58.029  6.686 0.5000000000
26195  -9.331  -50.650  4.866 0.4000000060
26196  -10.124  -50.412  4.671 0.3000000119
25180  -10.275  -50.588  4.054 0.4000000060
17950  -15.498  -60.222  12.119 0.5000000000
24117  -9.769  -52.391  3.598 0.3000000119
26226  -10.886  -50.645  3.505 0.4000000060
119364  -14.443  -59.210  10.767 0.5000000000
129438  -15.367  -59.562  11.776 0.5000000000
23154  -11.391  -53.573  2.099 0.3000000119
121098  -11.556  -51.420  2.993 0.4000000060
17958  -14.021  -59.114  10.007 0.5000000000
22228  -12.066  -54.361  1.330 0.3000000119
17975  -13.140  -58.980  8.947 0.6000000238
19598  -12.848  -57.800  8.169 0.6999999881
18762  -13.323  -58.226  8.777 0.6000000238
19623  -11.919  -56.932  6.735 0.5000000000
19613  -12.441  -57.417  7.420 0.5000000000
20467  -12.605  -56.575  7.237 0.4000000060
19614  -13.073  -57.002  7.939 0.4000000060
25149  -10.438  -51.201  5.550 0.3000000119
129865  -10.191  -50.358  4.980 0.3000000119
26197  -11.090  -49.735  4.792 0.3000000119
26211  -11.065  -49.434  4.123 0.3000000119
26227  -11.429  -50.229  3.535 0.4000000060
17949  -14.906  -59.318  11.346 0.5000000000
24119  -11.625  -52.319  2.377 0.4000000060
18739  -14.888  -58.562  11.071 0.5000000000
24138  -12.383  -53.043  1.941 0.4000000060
25198  -12.257  -52.174  2.864 0.4000000060
18756  -14.293  -58.293  9.878 0.5000000000
19565  -14.763  -57.844  10.592 0.5000000000
23155  -12.479  -53.482  2.032 0.4000000060
19582  -14.011  -57.891  9.248 0.5000000000
19599  -13.575  -57.425  8.626 0.5000000000
20480  -11.754  -55.558  5.836 0.3000000119
21322  -12.519  -55.292  6.353 0.4000000060
20468  -13.382  -56.234  7.623 0.4000000060
20455  -13.893  -56.487  8.453 0.4000000060
24070  -11.075  -52.018  6.518 0.3000000119
25168  -10.876  -50.450  5.299 0.3000000119
27250  -11.373  -49.066  4.307 0.4000000060
27260  -11.448  -48.784  4.041 0.4000000060
18726  -17.949  -58.496  12.578 0.4000000060
27272  -12.676  -49.385  3.406 0.4000000060
18725  -17.043  -58.137  12.294 0.4000000060
115957  -12.121  -51.288  3.093 0.4000000060
26228  -12.320  -50.215  3.392 0.4000000060
19552  -16.401  -57.483  11.711 0.4000000060
25199  -12.756  -51.151  3.517 0.4000000060
136084  -14.803  -57.273  10.351 0.5000000000
24120  -12.360  -52.708  2.709 0.4000000060
22201  -12.090  -53.740  4.197 0.3000000119
127913  -14.836  -56.730  10.034 0.5000000000
22172  -13.500  -54.352  6.228 0.3000000119
25150  -11.373  -51.208  6.089 0.3000000119
26198  -11.782  -49.646  5.274 0.3000000119
27251  -12.042  -48.918  4.820 0.3000000119
28242  -12.232  -47.312  4.007 0.4000000060
29258  -12.365  -47.424  4.191 0.4000000060
29268  -13.069  -46.946  3.588 0.3000000119
28251  -13.032  -47.968  3.470 0.4000000060
120688  -19.189  -58.088  12.528 0.4000000060
19539  -20.126  -57.987  12.392 0.4000000060
132408  -13.783  -49.571  3.216 0.4000000060
20397  -17.202  -57.197  12.098 0.4000000060
20410  -15.830  -56.877  11.243 0.4000000060
25181  -13.246  -51.444  4.131 0.3000000119
19566  -15.143  -57.071  10.797 0.4000000060
23144  -12.325  -53.152  3.583 0.3000000119
24106  -13.114  -52.150  4.401 0.3000000119
23125  -13.357  -53.242  5.446 0.3000000119
21293  -13.912  -55.818  7.964 0.4000000060
26168  -12.751  -50.916  7.060 0.3000000119
27252  -12.881  -48.837  5.437 0.4000000060
29246  -12.762  -46.810  4.367 0.4000000060
29259  -12.720  -46.711  4.088 0.4000000060
19555  -22.186  -57.284  11.086 0.4000000060
19540  -20.655  -57.178  12.180 0.4000000060
28252  -13.989  -47.724  3.104 0.4000000060
19537  -18.568  -57.433  12.507 0.4000000060
20411  -16.630  -56.668  11.568 0.4000000060
20398  -17.957  -56.886  12.278 0.4000000060
26213  -14.116  -50.193  3.783 0.3000000119
21246  -16.825  -55.920  11.309 0.4000000060
24107  -13.733  -51.761  4.863 0.3000000119
20423  -15.540  -56.243  10.654 0.5000000000
113746  -12.919  -52.796  4.622 0.3000000119
24091  -14.224  -52.178  5.601 0.3000000119
20444  -15.160  -55.879  9.849 0.5000000000
22151  -14.092  -54.267  6.711 0.3000000119
21294  -14.440  -55.605  8.577 0.4000000060
115909  -13.436  -55.005  6.637 0.4000000060
26184  -13.066  -50.161  6.705 0.3000000119
30215  -13.336  -46.130  3.839 0.3000000119
29270  -14.762  -46.668  3.306 0.3000000119
20413  -21.839  -56.476  11.538 0.4000000060
27274  -14.839  -48.555  3.088 0.3000000119
19538  -19.348  -57.273  12.515 0.4000000060
20401  -21.088  -56.428  11.983 0.3000000119
27261  -14.547  -49.351  3.464 0.3000000119
20412  -17.387  -56.373  11.813 0.4000000060
20400  -19.473  -56.418  12.453 0.4000000060
25169  -14.356  -51.344  5.244 0.3000000119
24092  -14.928  -51.836  5.921 0.3000000119
122933  -16.365  -55.099  10.444 0.4000000060
23126  -14.019  -52.950  5.888 0.3000000119
23082  -14.863  -53.833  7.063 0.3000000119
22152  -14.514  -54.551  7.472 0.3000000119
22140  -15.469  -54.533  8.668 0.3000000119
28253  -14.999  -47.608  3.035 0.3000000119
29260  -15.455  -47.303  3.501 0.3000000119
28229  -15.797  -48.427  4.005 0.3000000119
122919  -20.872  -55.757  12.190 0.3000000119
21230  -18.884  -55.795  12.235 0.4000000060
21232  -20.397  -55.324  12.353 0.4000000060
26185  -15.674  -50.504  5.791 0.3000000119
21247  -17.579  -55.555  11.518 0.4000000060
21248  -18.344  -55.239  11.759 0.4000000060
24071  -14.773  -52.675  6.176 0.3000000119
23106  -15.271  -53.141  6.698 0.3000000119
22105  -16.106  -54.782  9.917 0.3000000119
23062  -15.922  -53.827  8.155 0.3000000119
26201  -15.820  -49.756  5.601 0.3000000119
25152  -15.641  -51.472  6.211 0.3000000119
22087  -18.580  -54.395  11.537 0.3000000119
22088  -19.381  -54.082  11.916 0.3000000119
24072  -15.515  -52.350  6.460 0.3000000119
22106  -17.419  -54.241  10.761 0.3000000119
23083  -15.665  -53.516  7.341 0.3000000119
22130  -16.513  -54.053  9.566 0.3000000119
26187  -17.061  -49.900  6.609 0.3000000119
27229  -17.528  -49.315  7.164 0.3000000119
25153  -16.365  -51.133  6.500 0.3000000119
23017  -18.084  -54.045  11.109 0.3000000119
25154  -17.110  -50.810  6.757 0.3000000119
131202  -13.982  -54.914  7.205 0.4000000060
22184  -13.122  -53.981  5.669 0.3000000119
23105  -14.481  -53.433  6.434 0.3000000119
111629  -24.096  -79.489  -5.782 0.6000000238
112816  -23.659  -79.865  -5.994 0.5000000000
3459  -21.617  -79.747  -6.130 0.5000000000
2933  -22.963  -80.116  -6.467 0.5000000000
113598  -25.857  -81.020  -2.944 0.5000000000
128724  -23.918  -78.949  -3.303 0.6999999881
112550  -25.993  -77.960  -5.036 0.6999999881
111622  -23.431  -78.631  -1.893 0.6999999881
3440  -22.841  -79.153  -2.848 0.6999999881
4009  -21.873  -78.663  -1.809 0.6999999881
111623  -27.503  -79.626  -5.008 0.5000000000
4567  -27.398  -76.656  1.177 0.3000000119
115163  -27.851  -79.402  -4.679 0.5000000000
4636  -29.158  -77.509  -5.315 0.3000000119
5820  -26.579  -75.435  -3.294 0.6000000238
5198  -25.697  -76.678  -2.455 0.6000000238
135382  -26.189  -75.134  -2.640 0.5000000000
128749  -23.805  -77.436  -1.030 0.6999999881
2872  -25.586  -81.319  2.510 0.3000000119
5780  -22.773  -75.921  1.213 0.6000000238
5178  -23.451  -76.777  0.121 0.6000000238
112582  -22.874  -78.000  -0.907 0.6999999881
128800  -26.411  -78.413  -5.729 0.5000000000
128489  -25.528  -79.801  -5.525 0.6000000238
112460  -24.372  -79.912  -5.805 0.5000000000
3970  -21.479  -78.195  -0.051 0.6000000238
5767  -20.843  -75.324  2.210 0.5000000000
116879  -20.186  -78.117  -0.554 0.5000000000
4588  -28.675  -76.728  0.173 0.3000000119
6442  -19.931  -74.561  -1.069 0.6000000238
3968  -19.844  -77.725  -0.069 0.5000000000
5821  -32.100  -75.728  -3.571 0.3000000119
5215  -26.969  -76.667  -6.040 0.5000000000
4580  -18.724  -77.094  0.409 0.5000000000
6465  -28.000  -73.715  -3.650 0.4000000060
2431  -26.947  -81.280  3.017 0.3000000119
119126  -22.393  -71.166  -1.417 0.6000000238
8039  -20.825  -71.952  -4.481 0.6999999881
8802  -20.436  -71.794  -1.075 0.6000000238
115335  -19.055  -71.726  1.064 0.6000000238
8766  -21.660  -71.417  0.121 0.6000000238
7913  -26.044  -72.474  2.714 0.5000000000
132737  -31.309  -73.496  -2.680 0.4000000060
7880  -22.310  -72.170  3.269 0.6000000238
7881  -23.788  -72.000  3.763 0.5000000000
8714  -20.757  -71.814  3.716 0.6000000238
10319  -24.781  -69.552  5.609 0.4000000060
7991  -17.815  -72.120  -1.994 0.6000000238
8761  -17.524  -71.317  0.599 0.6999999881
123844  -27.313  -72.767  1.073 0.4000000060
116668  -25.730  -68.259  4.788 0.4000000060
11052  -22.884  -68.549  7.232 0.4000000060
125026  -17.430  -72.069  -3.563 0.6000000238
13411  -14.443  -65.512  3.251 0.6000000238
13427  -16.833  -65.012  2.209 0.6000000238
7180  -31.293  -73.573  -0.229 0.5000000000
12663  -17.700  -66.292  0.333 0.5000000000
13379  -18.739  -65.001  4.850 0.6000000238
11885  -17.748  -66.953  -0.404 0.4000000060
132524  -16.433  -70.344  2.845 0.5000000000
9549  -26.949  -71.016  4.195 0.5000000000
121057  -17.235  -68.739  3.529 0.6000000238
11124  -16.255  -69.569  2.393 0.5000000000
123434  -8.496  -66.748  6.676 0.6000000238
16509  -8.082  -61.712  5.335 0.5000000000
13300  -12.320  -66.024  11.091 0.5000000000
12515  -10.117  -66.184  10.020 0.6000000238
13298  -10.483  -65.577  10.517 0.6000000238
14088  -12.470  -64.376  11.548 0.6000000238
116823  -9.311  -64.205  8.190 0.6000000238
17252  -9.213  -59.981  3.873 0.5000000000
14895  -14.513  -63.749  12.485 0.5000000000
17200  -12.751  -60.425  9.540 0.6000000238
18002  -10.394  -59.514  5.057 0.5000000000
17974  -12.711  -59.463  8.486 0.6000000238
25179  -9.812  -51.347  4.014 0.3000000119
17183  -13.983  -60.734  11.592 0.5000000000
116352  -11.579  -56.465  5.914 0.3000000119
18724  -16.488  -58.934  12.169 0.4000000060
18741  -16.207  -58.240  11.790 0.4000000060
116998  -11.976  -55.996  6.656 0.4000000060
130425  -12.095  -54.859  5.739 0.3000000119
20443  -14.547  -56.195  9.281 0.5000000000
122675  -18.460  -58.084  12.554 0.4000000060
26183  -12.300  -50.296  6.214 0.3000000119
25182  -13.870  -50.960  4.459 0.3000000119
21262  -16.259  -55.672  10.798 0.4000000060
22139  -14.785  -54.866  8.208 0.3000000119
26214  -14.795  -49.797  4.349 0.3000000119
21283  -15.455  -55.120  9.466 0.4000000060
27239  -14.091  -49.125  6.878 0.3000000119
114250  -15.309  -49.656  5.007 0.3000000119
22085  -17.007  -55.105  10.909 0.4000000060
26186  -16.339  -50.233  6.262 0.3000000119
5751  -16.611  -75.115  3.911 0.5000000000
5762  -16.804  -75.426  3.049 0.5000000000
5136  -17.111  -75.772  2.268 0.5000000000
5154  -17.367  -76.339  0.961 0.4000000060
6362  -16.811  -74.169  5.191 0.5000000000
5740  -17.279  -74.554  4.551 0.5000000000
5752  -17.533  -75.027  3.861 0.5000000000
5763  -17.805  -75.429  3.152 0.5000000000
128214  -18.080  -76.206  1.525 0.5000000000
5155  -18.738  -76.430  1.416 0.4000000060
7850  -16.254  -72.804  4.913 0.4000000060
6363  -17.611  -73.996  4.618 0.5000000000
5753  -18.297  -74.945  3.695 0.5000000000
5138  -18.933  -75.868  2.150 0.4000000060
7072  -17.624  -73.475  4.198 0.5000000000
6364  -18.239  -73.896  4.104 0.5000000000
5741  -17.981  -74.472  4.210 0.5000000000
136274  -18.033  -73.142  2.906 0.5000000000
6371  -18.437  -74.472  3.825 0.5000000000
7092  -18.725  -73.520  2.775 0.5000000000
7081  -19.211  -73.882  2.919 0.5000000000
6379  -19.656  -74.487  2.838 0.4000000060
7877  -17.293  -73.184  3.400 0.5000000000
7114  -17.924  -73.523  1.890 0.5000000000
7115  -18.907  -73.644  1.796 0.5000000000
7116  -19.735  -73.792  1.558 0.5000000000
7194  -16.145  -74.217  -1.431 0.5000000000
120642  -16.947  -73.387  1.382 0.5000000000
123745  -17.506  -73.627  0.827 0.5000000000
123833  -17.319  -73.826  -0.110 0.5000000000
125532  -18.301  -73.693  1.133 0.5000000000
7167  -18.031  -74.153  -0.550 0.5000000000
7141  -19.117  -73.780  0.843 0.5000000000
7195  -17.188  -74.210  -1.179 0.5000000000
6439  -16.565  -74.543  -2.335 0.5000000000
6478  -16.847  -74.450  -4.758 0.5000000000
122924  -17.777  -74.668  -4.431 0.5000000000
135067  -18.405  -74.505  -5.076 0.5000000000
6417  -18.067  -74.387  -1.366 0.5000000000
6460  -18.234  -74.854  -3.247 0.5000000000
123651  -18.870  -74.823  -4.186 0.5000000000
6418  -18.735  -74.436  -0.980 0.5000000000
6461  -19.353  -74.981  -3.190 0.5000000000
7168  -18.828  -74.159  -0.139 0.5000000000
7169  -19.550  -74.163  0.172 0.5000000000
6420  -20.319  -74.356  -0.211 0.5000000000
8836  -16.782  -71.895  -3.774 0.5000000000
118711  -18.027  -72.460  -4.816 0.6000000238
6511  -17.563  -73.927  -5.662 0.5000000000
6494  -19.368  -74.709  -5.152 0.5000000000
8081  -19.011  -73.311  -5.905 0.5000000000
6495  -20.302  -75.008  -5.295 0.5000000000
125592  -19.955  -73.782  -5.997 0.5000000000
123400  -19.912  -74.719  -2.047 0.5000000000
6480  -20.744  -74.965  -4.410 0.5000000000
124574  -19.346  -74.568  -1.328 0.5000000000
118826  -16.593  -70.744  -2.284 0.5000000000
8821  -17.242  -71.645  -2.948 0.5000000000
8038  -18.949  -72.590  -4.543 0.6000000238
12662  -13.575  -65.637  -0.267 0.5000000000
13456  -14.139  -65.324  0.677 0.6000000238
135486  -13.218  -66.568  -0.419 0.5000000000
122345  -13.859  -66.277  0.784 0.5000000000
13435  -14.055  -65.682  1.423 0.6000000238
12647  -13.811  -66.397  1.684 0.6000000238
11876  -13.826  -67.429  0.992 0.5000000000
11862  -13.621  -67.312  2.005 0.6000000238
11106  -13.203  -68.840  2.988 0.5000000000
126872  -13.407  -67.158  2.944 0.6000000238
136702  -13.311  -68.046  3.200 0.6000000238
10352  -12.559  -69.264  3.577 0.5000000000
11090  -13.169  -68.462  3.907 0.6000000238
11812  -12.855  -67.717  5.839 0.6000000238
10335  -11.875  -69.499  4.187 0.5000000000
10317  -12.267  -69.541  4.992 0.5000000000
10296  -10.155  -69.240  6.120 0.5000000000
10295  -9.241  -69.100  6.025 0.6000000238
11797  -8.056  -67.159  6.143 0.6000000238
11811  -8.213  -67.974  5.963 0.5000000000
11060  -10.600  -68.904  6.809 0.6000000238
10316  -11.635  -69.552  5.599 0.5000000000
11798  -8.699  -67.556  6.573 0.5000000000
14174  -8.353  -64.698  5.618 0.6000000238
13362  -8.458  -65.952  6.587 0.6000000238
122073  -8.368  -63.922  5.855 0.6000000238
5180  -30.318  -77.204  -0.814 0.3000000119
5194  -32.582  -76.498  -1.345 0.3000000119
117377  -30.489  -76.536  -2.304 0.3000000119
5812  -33.857  -75.287  -1.767 0.3000000119
5203  -32.091  -76.017  -2.397 0.3000000119
5191  -29.964  -76.626  -1.766 0.3000000119
4621  -29.445  -76.598  -1.143 0.3000000119
5765  -19.482  -75.310  2.842 0.4000000060
6479  -19.902  -75.260  -4.386 0.5000000000
127046  -19.902  -72.967  -6.039 0.5000000000
13468  -14.227  -64.589  -0.298 0.5000000000
5764  -18.693  -75.366  3.109 0.4000000060
5754  -18.925  -74.867  3.416 0.5000000000
7166  -16.599  -73.824  -0.558 0.5000000000
7139  -16.543  -73.512  0.329 0.5000000000
6459  -17.017  -74.632  -3.522 0.5000000000
6440  -17.642  -74.571  -2.224 0.5000000000
7286  -19.297  -73.714  -6.022 0.5000000000
5192  -30.950  -76.975  -1.366 0.3000000119
5823  -33.371  -75.088  -2.903 0.3000000119
5193  -31.787  -76.783  -1.467 0.3000000119
5811  -32.957  -75.693  -2.051 0.3000000119
22069  -19.889  -54.732  12.349 0.3000000119
2009  -24.542  -83.064  3.205 0.3000000119
2406  -26.636  -81.993  4.053 0.3000000119
2516  -19.657  -81.061  -6.597 0.5000000000
2518  -21.232  -80.923  -6.440 0.5000000000
2939  -20.346  -80.649  -6.538 0.5000000000
3433  -22.716  -78.857  -2.043 0.6999999881
3439  -22.169  -78.955  -2.626 0.6999999881
3458  -20.662  -79.455  -5.833 0.6000000238
3939  -25.348  -78.525  2.194 0.3000000119
3971  -28.193  -76.963  0.700 0.3000000119
3985  -20.843  -78.300  -0.717 0.5000000000
3988  -23.339  -77.612  -0.782 0.6999999881
4562  -19.065  -76.867  1.006 0.5000000000
4566  -26.514  -76.873  1.421 0.3000000119
4581  -19.463  -77.289  0.491 0.5000000000
4605  -23.623  -77.171  -0.497 0.6999999881
4607  -28.991  -76.510  -0.645 0.3000000119
4634  -26.742  -76.887  -5.575 0.4000000060
5137  -18.007  -75.765  2.304 0.5000000000
5139  -19.907  -75.817  2.274 0.5000000000
5140  -21.070  -76.029  2.161 0.5000000000
5156  -19.502  -76.386  1.631 0.5000000000
5167  -22.732  -76.956  0.775 0.6000000238
5169  -23.728  -76.069  0.090 0.6000000238
5202  -31.461  -76.056  -3.343 0.4000000060
5212  -27.288  -76.228  -5.825 0.4000000060
5766  -20.213  -75.230  2.551 0.5000000000
5778  -21.510  -75.464  1.827 0.6000000238
5779  -22.222  -75.178  1.394 0.6000000238
5830  -31.141  -75.926  -5.317 0.3000000119
5831  -31.712  -75.808  -4.432 0.3000000119
5851  -30.688  -75.669  -5.801 0.3000000119
6354  -16.208  -74.086  5.692 0.5000000000
6381  -21.087  -74.858  1.914 0.5000000000
6397  -22.884  -75.058  0.897 0.6000000238
6404  -20.069  -73.939  0.770 0.5000000000
6406  -23.438  -74.836  0.219 0.5000000000
6419  -19.436  -74.417  -0.591 0.5000000000
6423  -23.649  -74.168  -0.338 0.5000000000
6441  -18.759  -74.629  -2.029 0.5000000000
6463  -26.534  -74.585  -2.714 0.5000000000
6499  -29.850  -74.645  -5.527 0.4000000060
6512  -19.743  -74.330  -5.765 0.5000000000
6515  -30.940  -74.931  -6.025 0.3000000119
7064  -16.367  -73.488  5.430 0.5000000000
7071  -16.990  -73.496  4.839 0.5000000000
7079  -18.210  -73.419  3.505 0.5000000000
7080  -18.853  -74.037  3.440 0.5000000000
7093  -19.409  -73.856  2.362 0.5000000000
7094  -20.145  -74.103  2.035 0.5000000000
7122  -31.234  -72.918  0.709 0.4000000060
7140  -18.161  -73.873  0.339 0.5000000000
7147  -29.636  -73.465  0.416 0.5000000000
7165  -15.810  -73.677  -0.593 0.5000000000
7172  -23.875  -73.342  -0.644 0.5000000000
7179  -29.831  -73.606  -0.269 0.5000000000
7182  -32.875  -73.350  -0.405 0.4000000060
7202  -30.243  -73.696  -1.699 0.4000000060
7205  -33.046  -73.229  -1.198 0.4000000060
7227  -26.869  -73.812  -2.395 0.4000000060
7233  -32.470  -73.135  -2.761 0.4000000060
7251  -22.469  -73.593  -4.120 0.6000000238
7253  -28.771  -73.492  -3.651 0.4000000060
7271  -22.701  -72.701  -4.595 0.6000000238
7273  -31.387  -73.812  -5.362 0.4000000060
7285  -18.514  -73.763  -5.866 0.5000000000
7287  -20.752  -73.253  -5.405 0.6000000238
7288  -21.737  -72.967  -5.386 0.6000000238
7289  -22.255  -72.701  -5.294 0.6000000238
7291  -32.479  -74.019  -5.807 0.3000000119
7878  -20.574  -71.781  2.931 0.6000000238
7879  -21.409  -72.097  3.303 0.6000000238
7909  -21.917  -72.250  2.471 0.6000000238
7941  -27.694  -72.907  1.987 0.5000000000
7966  -32.521  -72.504  0.559 0.4000000060
7980  -26.414  -72.685  -0.566 0.5000000000
7992  -18.443  -72.499  -1.932 0.6999999881
7995  -23.667  -71.494  -1.839 0.5000000000
8015  -17.975  -72.360  -2.716 0.6000000238
8036  -17.227  -72.289  -4.518 0.6000000238
8041  -23.406  -71.310  -3.954 0.6000000238
8059  -18.434  -72.884  -5.459 0.6000000238
8062  -22.732  -71.811  -5.026 0.6000000238
8063  -23.190  -71.334  -4.381 0.6000000238
8674  -19.374  -70.828  5.211 0.5000000000
8675  -20.428  -71.092  5.275 0.5000000000
8676  -21.804  -71.627  5.661 0.6000000238
8677  -22.461  -71.715  5.529 0.6000000238
8679  -23.984  -71.292  5.425 0.6000000238
8680  -24.800  -71.228  5.205 0.6000000238
8695  -20.596  -71.535  4.428 0.6000000238
8696  -21.321  -71.998  4.280 0.6000000238
8716  -26.690  -71.732  3.875 0.4000000060
8717  -27.519  -71.388  3.605 0.4000000060
8727  -17.743  -71.008  2.313 0.6000000238
8728  -18.746  -71.283  2.414 0.6000000238
8730  -20.423  -71.854  2.119 0.6000000238
8745  -19.335  -71.614  1.622 0.6000000238
8765  -20.939  -71.315  -0.022 0.6000000238
8781  -17.144  -71.087  -0.426 0.6000000238
8782  -17.997  -71.973  -0.193 0.6999999881
8783  -20.026  -71.604  -0.128 0.6000000238
8786  -22.460  -71.447  -0.668 0.6000000238
8803  -21.345  -71.297  -1.976 0.6000000238
8839  -23.161  -71.088  -4.087 0.6000000238
8856  -22.498  -71.218  -4.628 0.6000000238
8875  -21.525  -71.945  -5.423 0.6999999881
9500  -18.871  -70.088  5.997 0.6000000238
9501  -19.447  -70.209  6.225 0.5000000000
9502  -20.117  -70.373  6.303 0.5000000000
9504  -22.157  -70.773  6.639 0.6000000238
9514  -17.972  -69.931  5.267 0.6000000238
9517  -23.633  -70.923  5.859 0.6000000238
9528  -16.990  -70.031  4.025 0.6000000238
9532  -26.496  -70.534  4.519 0.5000000000
9546  -16.689  -70.239  3.396 0.5000000000
9547  -17.378  -70.455  4.010 0.6000000238
9566  -16.745  -70.689  2.143 0.6000000238
9625  -16.614  -70.342  -0.266 0.5000000000
9660  -22.862  -71.294  -3.047 0.6000000238
10287  -22.237  -69.144  7.272 0.5000000000
10297  -11.014  -69.314  6.217 0.6000000238
10299  -18.499  -69.506  5.676 0.6000000238
10303  -21.975  -69.982  7.105 0.6000000238
10304  -23.333  -70.010  6.545 0.6000000238
10305  -24.028  -69.779  6.119 0.6000000238
10336  -17.283  -69.624  4.425 0.6000000238
10337  -26.352  -69.678  4.656 0.4000000060
10354  -16.978  -69.455  3.824 0.6000000238
10374  -16.204  -69.991  3.016 0.5000000000
10394  -16.207  -69.820  1.618 0.6000000238
11049  -11.810  -68.252  7.283 0.6999999881
11051  -21.981  -68.299  7.349 0.5000000000
11058  -8.976  -68.381  6.339 0.5000000000
11059  -9.772  -68.699  6.621 0.6999999881
11061  -11.420  -68.921  6.872 0.6999999881
11062  -12.167  -68.434  6.495 0.6999999881
11065  -20.367  -67.541  6.538 0.6000000238
11067  -23.615  -69.056  6.592 0.6000000238
11076  -8.430  -68.789  5.731 0.5000000000
11080  -24.692  -68.610  5.683 0.4000000060
11089  -12.647  -69.133  4.334 0.5000000000
11092  -18.452  -67.979  4.513 0.6000000238
11123  -13.376  -68.138  2.431 0.6000000238
11125  -17.034  -67.835  1.805 0.6000000238
11139  -16.477  -68.890  1.554 0.6000000238
11759  -11.652  -67.330  9.112 0.6000000238
11769  -9.803  -67.219  8.611 0.6999999881
11770  -10.355  -67.505  8.597 0.6000000238
11771  -11.118  -67.635  8.557 0.6000000238
11782  -9.057  -67.211  7.269 0.6999999881
11813  -13.466  -66.793  5.517 0.6999999881
11829  -12.917  -68.481  4.920 0.6000000238
11830  -13.307  -67.644  4.475 0.6000000238
11832  -25.736  -67.610  4.306 0.4000000060
11864  -18.535  -65.981  2.686 0.6999999881
11884  -13.409  -67.038  0.146 0.5000000000
12508  -13.217  -66.100  11.097 0.6000000238
12509  -14.005  -65.995  10.941 0.5000000000
12516  -10.957  -66.422  10.289 0.6000000238
12524  -9.973  -66.600  9.527 0.6000000238
12527  -12.384  -67.072  8.915 0.6000000238
12528  -13.259  -66.477  9.467 0.5000000000
12545  -9.671  -66.652  8.955 0.6000000238
12564  -21.203  -65.920  6.894 0.6000000238
12573  -8.085  -66.378  6.085 0.6000000238
12574  -14.341  -66.098  6.195 0.6000000238
12576  -17.270  -66.171  6.500 0.5000000000
12579  -24.461  -66.673  6.244 0.5000000000
12592  -20.324  -65.057  5.135 0.6000000238
12593  -24.808  -66.324  5.742 0.5000000000
12594  -25.116  -66.814  5.137 0.5000000000
12607  -14.985  -66.254  4.680 0.6000000238
12611  -25.370  -67.026  4.328 0.4000000060
12623  -25.609  -66.944  3.325 0.4000000060
13297  -9.765  -65.403  9.992 0.6000000238
13301  -14.616  -65.689  10.709 0.5000000000
13302  -15.123  -65.092  10.188 0.5000000000
13328  -9.366  -65.974  8.665 0.6999999881
13329  -14.516  -65.339  8.887 0.4000000060
13347  -16.503  -65.726  7.798 0.5000000000
13351  -20.804  -65.096  7.054 0.6000000238
13363  -18.474  -65.589  5.960 0.5000000000
13377  -8.238  -65.594  5.829 0.6000000238
13381  -20.242  -64.862  5.594 0.6000000238
13396  -17.051  -65.414  3.809 0.5000000000
13398  -19.511  -64.822  4.242 0.6000000238
13410  -13.937  -65.629  3.041 0.6999999881
13412  -15.438  -65.419  3.270 0.6000000238
13428  -18.715  -64.635  2.966 0.6000000238
13439  -16.988  -65.311  0.832 0.5000000000
13457  -14.601  -64.891  0.649 0.6000000238
13470  -17.536  -66.034  -1.633 0.5000000000
14075  -14.051  -64.346  12.264 0.5000000000
14076  -15.007  -64.587  12.319 0.5000000000
14087  -11.476  -64.300  11.296 0.6000000238
14089  -13.459  -64.774  11.758 0.6000000238
14091  -15.594  -64.909  11.662 0.5000000000
14103  -10.938  -64.951  11.031 0.6000000238
14105  -16.105  -64.083  10.153 0.5000000000
14121  -15.533  -64.316  8.854 0.5000000000
14153  -9.286  -65.138  8.332 0.6000000238
14217  -15.413  -64.776  0.958 0.6000000238
14218  -16.256  -64.984  0.723 0.6000000238
14232  -14.923  -64.624  0.142 0.6000000238
14256  -16.368  -65.098  -1.288 0.5000000000
14902  -12.582  -63.433  11.619 0.6999999881
14913  -10.481  -63.622  10.406 0.6000000238
14953  -8.486  -63.402  6.318 0.5000000000
15639  -14.844  -62.953  12.603 0.5000000000
15674  -12.237  -62.209  11.025 0.6999999881
15686  -10.483  -62.380  9.497 0.6000000238
15700  -9.757  -62.027  8.160 0.6000000238
15701  -10.514  -61.777  8.764 0.6000000238
15718  -9.305  -62.217  7.656 0.6000000238
15747  -8.037  -62.531  5.490 0.5000000000
16422  -14.226  -62.195  12.363 0.6000000238
16497  -8.891  -61.238  6.848 0.5000000000
16520  -7.977  -61.346  4.546 0.5000000000
17173  -15.249  -60.871  12.249 0.5000000000
17184  -14.752  -60.469  11.848 0.5000000000
17191  -13.018  -60.724  10.304 0.6000000238
17199  -12.150  -60.863  9.161 0.6999999881
17219  -10.664  -60.648  7.381 0.6000000238
17238  -8.399  -60.871  5.254 0.5000000000
17937  -15.990  -59.594  12.148 0.5000000000
17965  -13.009  -59.713  9.184 0.6999999881
17985  -12.037  -59.739  7.202 0.6000000238
18001  -9.814  -59.704  4.513 0.5000000000
18017  -11.171  -58.976  4.009 0.4000000060
18740  -15.595  -58.844  11.654 0.4000000060
18748  -14.494  -58.601  10.464 0.5000000000
18755  -13.710  -58.639  9.372 0.6000000238
18761  -12.778  -58.630  8.321 0.6000000238
18770  -12.443  -58.293  7.596 0.5000000000
18777  -11.911  -58.844  6.279 0.5000000000
18788  -11.171  -58.561  4.998 0.4000000060
19536  -17.846  -57.693  12.445 0.4000000060
19551  -15.487  -57.805  11.304 0.4000000060
19554  -21.369  -57.237  11.632 0.4000000060
19583  -14.505  -57.526  9.871 0.5000000000
19622  -11.562  -57.371  6.035 0.5000000000
20399  -18.700  -56.625  12.411 0.4000000060
20424  -16.182  -56.253  11.139 0.4000000060
20442  -14.230  -57.039  9.259 0.5000000000
21229  -18.134  -56.065  12.000 0.4000000060
21231  -19.660  -55.571  12.386 0.4000000060
21261  -15.785  -55.461  10.220 0.5000000000
21282  -14.891  -55.574  9.248 0.5000000000
21295  -14.991  -55.137  8.858 0.4000000060
21307  -13.662  -55.517  7.349 0.4000000060
21308  -14.212  -55.221  7.799 0.4000000060
21323  -13.007  -55.812  6.935 0.4000000060
22068  -19.119  -54.966  12.040 0.4000000060
22086  -17.811  -54.732  11.281 0.3000000119
22129  -15.917  -54.516  9.311 0.3000000119
22153  -15.206  -54.196  7.801 0.3000000119
22171  -12.941  -54.667  5.959 0.3000000119
22214  -12.399  -54.090  1.664 0.4000000060
22229  -12.189  -54.257  1.427 0.3000000119
23104  -13.772  -53.706  6.090 0.3000000119
23124  -12.656  -53.490  4.858 0.3000000119
23168  -12.210  -53.763  1.481 0.3000000119
23169  -12.308  -53.711  1.560 0.4000000060
24073  -16.285  -52.027  6.723 0.3000000119
24090  -13.558  -52.511  5.190 0.3000000119
24105  -12.565  -52.484  3.806 0.3000000119
24121  -12.618  -51.977  3.597 0.3000000119
24136  -11.760  -52.997  1.871 0.3000000119
24137  -12.219  -53.135  1.741 0.4000000060
25170  -15.013  -50.958  5.573 0.3000000119
25196  -10.789  -51.380  3.192 0.4000000060
25197  -12.116  -52.374  2.381 0.4000000060
26171  -17.583  -50.381  7.290 0.3000000119
26182  -11.595  -50.423  5.711 0.3000000119
26199  -14.490  -50.525  4.791 0.3000000119
26200  -15.035  -50.238  5.140 0.3000000119
26210  -10.657  -50.050  4.048 0.3000000119
26212  -13.450  -50.740  3.857 0.3000000119
26229  -13.287  -50.257  3.464 0.4000000060
27262  -15.291  -49.027  3.953 0.3000000119
27271  -11.613  -49.192  3.733 0.4000000060
27273  -13.978  -48.754  3.024 0.4000000060
28226  -12.289  -48.213  4.522 0.4000000060
28241  -11.776  -48.203  4.021 0.4000000060
28250  -11.948  -48.294  3.819 0.4000000060
29261  -15.762  -46.864  4.086 0.3000000119
29269  -14.001  -46.685  3.291 0.3000000119
111618  -25.148  -81.396  -3.036 0.5000000000
111619  -26.331  -79.985  -5.153 0.6000000238
111625  -24.595  -78.597  -3.492 0.6999999881
111626  -23.880  -78.236  -1.785 0.6999999881
111628  -24.966  -75.787  -2.091 0.5000000000
111632  -24.855  -78.270  -2.540 0.6999999881
112364  -26.024  -80.371  -4.642 0.5000000000
112390  -25.012  -79.327  -5.750 0.6000000238
112652  -24.044  -77.705  -1.552 0.6999999881
112715  -24.249  -76.980  -1.295 0.6000000238
112772  -22.248  -78.107  -0.447 0.6999999881
112777  -26.897  -79.027  -5.909 0.5000000000
112813  -25.428  -78.959  -5.623 0.6000000238
112992  -23.351  -79.575  -5.872 0.5000000000
113006  -26.994  -79.703  -5.305 0.5000000000
113581  -10.638  -50.014  4.592 0.3000000119
113740  -23.081  -71.392  -1.408 0.6000000238
114412  -16.722  -54.471  10.335 0.3000000119
115057  -22.469  -80.504  -6.403 0.5000000000
115097  -11.394  -59.113  5.727 0.5000000000
115517  -13.667  -66.548  4.535 0.6999999881
115720  -24.817  -65.186  4.818 0.5000000000
115838  -12.755  -66.722  10.040 0.6000000238
115862  -15.157  -62.124  12.556 0.5000000000
116497  -24.574  -67.928  5.807 0.5000000000
116822  -19.877  -65.074  6.797 0.6000000238
116894  -17.380  -59.070  12.500 0.4000000060
117118  -19.861  -71.521  0.826 0.6000000238
117238  -17.880  -64.887  2.658 0.6000000238
117502  -31.113  -73.301  0.386 0.5000000000
117784  -8.695  -50.757  4.741 0.4000000060
118159  -15.446  -48.366  3.442 0.3000000119
118190  -16.214  -70.173  2.347 0.5000000000
118304  -13.258  -63.952  11.905 0.6000000238
118325  -15.049  -65.841  7.385 0.6999999881
118681  -13.358  -67.228  3.789 0.6000000238
119245  -12.172  -67.044  9.657 0.6000000238
119658  -20.946  -78.465  -3.166 0.6000000238
120491  -20.010  -57.041  12.445 0.4000000060
121438  -29.474  -76.721  -4.118 0.3000000119
122208  -23.546  -79.145  -5.132 0.5000000000
122443  -13.497  -66.145  8.819 0.5000000000
122827  -18.253  -71.486  1.075 0.5000000000
123327  -20.311  -56.242  12.365 0.3000000119
123340  -14.577  -65.260  2.456 0.6000000238
123526  -21.196  -71.276  5.679 0.6000000238
123675  -24.546  -72.526  1.942 0.5000000000
123780  -22.017  -77.405  1.152 0.6000000238
123985  -22.125  -79.386  -5.614 0.5000000000
124037  -20.109  -68.722  6.629 0.5000000000
124085  -23.147  -72.062  3.129 0.5000000000
124095  -19.947  -72.295  -5.128 0.6000000238
124373  -31.234  -76.445  -2.331 0.3000000119
124933  -20.345  -75.051  -3.331 0.5000000000
125267  -9.094  -64.038  7.322 0.6000000238
125355  -9.481  -65.303  9.195 0.6000000238
126240  -25.760  -72.416  0.969 0.5000000000
126555  -28.166  -76.997  -1.342 0.4000000060
126603  -17.199  -73.264  2.354 0.5000000000
127314  -13.276  -66.259  7.467 0.6999999881
127519  -30.532  -76.406  -4.975 0.3000000119
127706  -14.508  -65.540  11.391 0.5000000000
127895  -32.516  -75.182  -5.208 0.3000000119
128117  -15.668  -47.986  3.497 0.3000000119
128121  -18.612  -74.108  -5.721 0.5000000000
128250  -26.072  -72.513  0.181 0.5000000000
128444  -27.703  -79.631  -3.784 0.4000000060
128461  -26.258  -79.011  -1.573 0.4000000060
128490  -23.687  -80.321  -5.751 0.5000000000
128602  -24.776  -79.239  -5.715 0.6000000238
128652  -27.365  -78.444  -2.160 0.4000000060
128674  -22.964  -78.439  -1.459 0.6999999881
129408  -13.340  -49.382  6.390 0.3000000119
130181  -9.725  -63.358  9.312 0.6000000238
130596  -21.355  -71.888  0.908 0.6000000238
131428  -8.681  -64.223  6.555 0.6000000238
131895  -13.977  -59.704  10.536 0.5000000000
132796  -17.454  -65.760  0.906 0.5000000000
133786  -25.951  -78.450  -5.522 0.6000000238
133821  -8.326  -61.359  5.739 0.5000000000
133831  -16.503  -63.828  12.101 0.5000000000
133854  -28.881  -73.279  1.542 0.4000000060
133917  -8.297  -62.766  6.092 0.5000000000
134003  -22.090  -75.940  1.614 0.6000000238
134231  -16.422  -66.366  6.785 0.6000000238
134358  -18.752  -67.116  3.866 0.6000000238
134417  -14.959  -65.293  2.870 0.6000000238
134561  -26.362  -80.597  -3.961 0.5000000000
135154  -17.407  -76.054  1.656 0.5000000000
135632  -17.353  -74.215  -5.397 0.5000000000
136170  -19.287  -65.136  7.416 0.6000000238
136854  -14.962  -59.891  11.641 0.5000000000
136963  -13.115  -48.831  3.322 0.4000000060
