#!ascii label  , from subject sub-v1s15x0050186_ses-1 vox2ras=TkReg
1472
37180  14.376  -33.986  79.202 0.0000000000
63683  40.614  -6.618  56.117 0.0000000000
46327  28.565  -23.469  70.436 0.0000000000
48064  38.587  -21.448  76.165 0.0000000000
44371  22.966  -25.663  69.407 0.0000000000
36337  22.517  -34.224  80.529 0.0000000000
71275  48.051  1.266  51.823 0.0000000000
67506  45.832  -3.273  59.126 0.0000000000
55383  36.998  -14.844  64.501 0.0000000000
131401  53.083  5.512  46.639 0.0000000000
146191  27.106  -23.231  76.757 0.0000000000
38679  17.842  -31.304  79.862 0.0000000000
123786  47.330  -1.656  55.799 0.0000000000
67564  43.725  -2.716  53.950 0.0000000000
122087  39.132  -7.393  60.982 0.0000000000
64596  41.951  -5.506  61.945 0.0000000000
61652  36.456  -9.104  60.794 0.0000000000
48157  34.336  -21.059  67.823 0.0000000000
45319  33.850  -25.102  73.125 0.0000000000
44283  24.307  -25.542  76.884 0.0000000000
38654  24.256  -31.835  81.807 0.0000000000
40553  22.246  -29.517  76.661 0.0000000000
38737  18.623  -31.115  75.321 0.0000000000
48122  24.415  -21.157  70.275 0.0000000000
71258  50.865  2.344  53.601 0.0000000000
69307  50.068  0.108  57.321 0.0000000000
65632  42.740  -4.655  57.298 0.0000000000
58501  39.890  -11.645  65.946 0.0000000000
52394  37.520  -17.705  70.576 0.0000000000
72340  51.066  2.579  48.842 0.0000000000
72308  55.277  2.616  50.915 0.0000000000
74127  58.741  5.198  48.963 0.0000000000
45227  25.304  -24.437  80.838 0.0000000000
143996  15.822  -32.112  79.440 0.0000000000
122380  18.005  -31.426  83.324 0.0000000000
37862  15.265  -32.042  83.415 0.0000000000
68496  44.397  -1.400  52.536 0.0000000000
62563  39.112  -7.101  64.569 0.0000000000
62562  40.107  -6.401  64.225 0.0000000000
35478  9.914  -36.203  84.149 0.0000000000
60684  37.640  -9.683  57.143 0.0000000000
46354  29.126  -23.520  68.022 0.0000000000
46336  31.735  -23.572  69.519 0.0000000000
45334  31.332  -24.831  72.304 0.0000000000
44339  23.868  -25.649  73.109 0.0000000000
42393  23.499  -27.578  76.364 0.0000000000
42430  22.917  -27.872  73.204 0.0000000000
46341  23.728  -22.981  69.922 0.0000000000
46291  24.314  -23.892  73.076 0.0000000000
37163  23.733  -33.596  80.413 0.0000000000
71273  49.359  1.651  52.404 0.0000000000
70258  50.068  0.324  55.026 0.0000000000
69346  48.789  -0.290  54.827 0.0000000000
138910  46.795  -2.037  57.802 0.0000000000
68409  48.460  -1.367  59.579 0.0000000000
65665  40.236  -4.988  54.105 0.0000000000
65663  41.935  -4.486  54.798 0.0000000000
140469  41.727  -5.626  56.356 0.0000000000
56447  37.099  -13.151  61.729 0.0000000000
57496  38.016  -12.039  62.412 0.0000000000
56412  38.509  -13.340  65.255 0.0000000000
48100  36.670  -21.571  72.576 0.0000000000
50293  35.680  -19.367  69.334 0.0000000000
50240  37.665  -19.565  73.368 0.0000000000
71322  47.388  1.334  49.642 0.0000000000
72342  49.267  2.499  48.749 0.0000000000
71300  49.323  1.043  50.619 0.0000000000
71286  51.444  1.431  51.575 0.0000000000
75886  57.227  7.157  47.026 0.0000000000
74992  55.764  5.301  48.176 0.0000000000
73228  57.294  3.790  49.839 0.0000000000
74131  54.460  4.512  48.437 0.0000000000
46273  28.337  -23.218  74.269 0.0000000000
135563  30.591  -24.639  74.684 0.0000000000
46211  28.890  -23.571  78.049 0.0000000000
37880  20.389  -32.636  80.831 0.0000000000
37123  22.118  -34.522  84.242 0.0000000000
38636  20.130  -31.949  83.606 0.0000000000
121860  46.000  0.932  51.594 0.0000000000
69358  47.503  -0.102  53.702 0.0000000000
69360  45.886  -0.651  53.115 0.0000000000
68457  45.240  -1.925  55.189 0.0000000000
127430  45.091  -2.384  56.586 0.0000000000
62649  40.127  -8.437  58.669 0.0000000000
63662  41.179  -7.076  58.501 0.0000000000
144976  40.519  -6.741  61.025 0.0000000000
53460  35.661  -16.343  63.807 0.0000000000
50164  39.640  -19.537  78.827 0.0000000000
35520  12.750  -35.196  79.835 0.0000000000
37149  13.861  -33.756  82.866 0.0000000000
34649  12.463  -36.332  83.284 0.0000000000
62680  38.877  -7.657  55.257 0.0000000000
61682  38.877  -9.091  57.558 0.0000000000
61636  37.877  -8.414  61.206 0.0000000000
61601  37.518  -8.428  64.390 0.0000000000
47294  31.936  -22.195  65.806 0.0000000000
47205  34.039  -22.781  70.008 0.0000000000
46270  36.698  -23.828  74.949 0.0000000000
123120  33.218  -25.695  76.712 0.0000000000
45266  35.026  -23.981  77.194 0.0000000000
44252  23.598  -25.630  80.502 0.0000000000
40485  23.705  -29.173  83.460 0.0000000000
42356  23.320  -27.937  80.047 0.0000000000
125274  22.896  -30.128  79.542 0.0000000000
37901  22.916  -32.624  78.161 0.0000000000
40601  21.234  -29.486  73.120 0.0000000000
39691  21.015  -31.165  75.103 0.0000000000
37914  20.636  -32.514  77.687 0.0000000000
121862  18.213  -30.846  77.586 0.0000000000
38712  16.518  -31.402  77.182 0.0000000000
37194  14.492  -33.031  77.253 0.0000000000
47254  26.656  -22.352  67.240 0.0000000000
48159  25.308  -20.790  67.963 0.0000000000
47207  26.444  -22.138  70.785 0.0000000000
47173  25.690  -22.552  73.411 0.0000000000
46229  25.261  -23.854  77.078 0.0000000000
122072  51.534  1.095  57.923 0.0000000000
68441  48.229  -1.259  56.946 0.0000000000
67584  42.548  -2.976  53.220 0.0000000000
127773  43.459  -3.431  56.050 0.0000000000
66566  44.103  -3.972  58.251 0.0000000000
125599  41.977  -5.782  59.148 0.0000000000
65598  43.839  -4.424  59.773 0.0000000000
60637  34.733  -9.913  60.926 0.0000000000
59536  37.268  -9.829  63.333 0.0000000000
129815  40.093  -9.651  66.758 0.0000000000
52433  35.669  -17.958  66.870 0.0000000000
53401  37.561  -16.467  67.708 0.0000000000
52308  40.014  -17.910  75.138 0.0000000000
54314  39.911  -15.845  71.378 0.0000000000
55350  39.391  -14.322  68.772 0.0000000000
56387  41.094  -12.984  69.608 0.0000000000
58452  43.431  -11.024  70.222 0.0000000000
74134  51.882  4.044  48.031 0.0000000000
72323  53.252  2.554  49.777 0.0000000000
137212  53.235  2.402  52.796 0.0000000000
45213  25.236  -24.412  82.095 0.0000000000
37894  15.069  -33.072  79.697 0.0000000000
37882  15.469  -32.042  81.572 0.0000000000
37883  14.974  -32.816  80.940 0.0000000000
62540  39.471  -7.885  66.140 0.0000000000
129523  40.087  -7.279  65.824 0.0000000000
36305  8.531  -33.950  83.494 0.0000000000
46338  28.965  -23.530  68.865 0.0000000000
46337  30.217  -23.654  69.569 0.0000000000
45346  29.983  -24.424  71.671 0.0000000000
44357  23.506  -25.580  71.758 0.0000000000
43422  23.605  -26.476  73.150 0.0000000000
43440  22.912  -26.797  71.245 0.0000000000
45368  22.962  -23.496  68.637 0.0000000000
44370  23.420  -24.917  69.958 0.0000000000
122916  23.767  -24.902  71.815 0.0000000000
36336  23.258  -34.412  80.647 0.0000000000
131335  23.452  -34.894  82.365 0.0000000000
71274  48.742  1.573  52.110 0.0000000000
70282  49.202  0.989  53.782 0.0000000000
70283  48.684  1.289  53.222 0.0000000000
139531  46.297  -2.790  58.885 0.0000000000
121810  46.937  -2.446  59.121 0.0000000000
64674  40.210  -5.989  55.018 0.0000000000
64672  41.387  -5.506  55.614 0.0000000000
64662  41.219  -6.118  56.197 0.0000000000
127249  36.439  -14.999  63.360 0.0000000000
55405  37.324  -13.878  63.405 0.0000000000
56426  37.967  -13.130  63.652 0.0000000000
55371  38.116  -14.005  65.534 0.0000000000
48088  37.498  -21.388  73.799 0.0000000000
133528  36.818  -20.791  72.433 0.0000000000
49096  38.064  -20.874  74.269 0.0000000000
71302  47.708  0.989  50.923 0.0000000000
71301  48.483  0.954  50.286 0.0000000000
71289  48.616  1.047  51.224 0.0000000000
71288  49.341  1.305  51.561 0.0000000000
75020  54.807  5.743  46.744 0.0000000000
75004  54.376  5.333  47.387 0.0000000000
74993  54.846  5.088  48.045 0.0000000000
74145  53.982  4.895  47.884 0.0000000000
46257  27.664  -22.944  75.656 0.0000000000
46241  28.347  -23.250  75.967 0.0000000000
46225  28.075  -23.394  77.563 0.0000000000
38667  19.120  -31.932  79.988 0.0000000000
37871  20.391  -32.457  81.766 0.0000000000
38647  19.206  -31.692  81.943 0.0000000000
125649  17.888  -31.916  85.213 0.0000000000
38619  19.105  -31.700  86.041 0.0000000000
70301  45.432  1.018  51.267 0.0000000000
70292  46.253  0.509  52.148 0.0000000000
135187  45.016  -0.268  52.001 0.0000000000
68487  44.364  -1.984  53.156 0.0000000000
123791  44.896  -1.910  53.761 0.0000000000
68458  44.711  -2.092  54.620 0.0000000000
67552  45.109  -2.044  55.973 0.0000000000
67553  44.549  -2.235  55.422 0.0000000000
62642  39.856  -8.083  59.655 0.0000000000
62641  40.422  -7.513  59.845 0.0000000000
62633  39.822  -7.353  60.415 0.0000000000
70313  45.545  1.308  50.397 0.0000000000
34659  12.593  -35.868  81.869 0.0000000000
34669  11.258  -36.130  81.808 0.0000000000
61712  38.452  -8.441  55.731 0.0000000000
139521  39.141  -8.132  55.984 0.0000000000
139356  38.896  -8.712  56.615 0.0000000000
60657  36.987  -9.488  59.131 0.0000000000
61671  37.830  -9.470  58.924 0.0000000000
61637  36.786  -8.670  61.571 0.0000000000
141271  37.191  -8.112  62.302 0.0000000000
135734  36.653  -8.507  63.104 0.0000000000
47295  30.802  -22.486  65.409 0.0000000000
46312  32.687  -24.059  71.109 0.0000000000
46334  33.015  -23.217  69.770 0.0000000000
46298  34.110  -23.865  71.921 0.0000000000
46297  35.428  -23.150  72.314 0.0000000000
45307  35.558  -24.598  73.981 0.0000000000
45268  30.991  -24.813  76.996 0.0000000000
45295  31.493  -25.157  75.534 0.0000000000
44268  32.367  -25.599  78.332 0.0000000000
45252  34.644  -23.732  79.236 0.0000000000
46222  36.063  -23.036  78.291 0.0000000000
44271  24.040  -25.585  78.515 0.0000000000
42344  23.383  -27.319  80.766 0.0000000000
42366  23.469  -27.160  79.180 0.0000000000
41442  22.585  -28.804  76.620 0.0000000000
40532  22.838  -28.944  78.715 0.0000000000
39620  22.392  -30.326  78.181 0.0000000000
38690  23.146  -31.803  78.590 0.0000000000
39634  22.104  -30.852  77.474 0.0000000000
41504  21.807  -28.858  71.579 0.0000000000
38750  18.887  -31.002  73.747 0.0000000000
39706  20.448  -30.673  73.781 0.0000000000
38735  20.520  -31.489  75.425 0.0000000000
38722  20.558  -31.729  76.174 0.0000000000
38723  19.643  -31.545  76.736 0.0000000000
38709  19.824  -31.807  77.633 0.0000000000
38710  18.688  -31.036  76.925 0.0000000000
38713  15.700  -31.905  76.930 0.0000000000
47298  27.412  -22.440  65.762 0.0000000000
48191  25.858  -21.545  65.671 0.0000000000
144417  23.670  -20.831  68.474 0.0000000000
49146  24.445  -20.638  69.079 0.0000000000
47236  25.903  -21.509  68.414 0.0000000000
47208  25.418  -21.400  70.399 0.0000000000
47195  26.416  -22.185  71.675 0.0000000000
47196  24.997  -21.868  71.877 0.0000000000
45299  24.712  -25.202  75.368 0.0000000000
46260  25.313  -23.942  75.392 0.0000000000
45273  24.517  -24.965  77.264 0.0000000000
44270  24.276  -25.025  78.953 0.0000000000
39577  24.015  -30.723  83.113 0.0000000000
36289  13.606  -34.380  84.933 0.0000000000
125879  14.760  -33.581  85.351 0.0000000000
71245  51.362  2.314  54.276 0.0000000000
69330  50.083  -0.067  55.820 0.0000000000
123952  51.021  0.590  57.196 0.0000000000
132826  50.753  0.877  57.819 0.0000000000
69266  51.802  1.446  60.490 0.0000000000
68470  47.572  -1.212  55.159 0.0000000000
69332  48.274  -0.831  55.243 0.0000000000
124302  49.058  -0.570  60.123 0.0000000000
65641  42.596  -4.589  56.444 0.0000000000
66598  42.569  -3.916  55.098 0.0000000000
65640  43.251  -3.891  56.811 0.0000000000
66581  43.992  -3.590  57.416 0.0000000000
65631  43.443  -4.316  57.747 0.0000000000
63638  41.410  -6.602  60.310 0.0000000000
64644  41.797  -6.231  58.456 0.0000000000
64630  41.934  -5.826  59.949 0.0000000000
59566  34.479  -10.093  60.704 0.0000000000
57479  39.196  -11.811  64.112 0.0000000000
58522  38.537  -11.080  63.112 0.0000000000
58513  39.359  -11.039  64.538 0.0000000000
59534  38.463  -10.125  64.584 0.0000000000
144307  40.594  -10.759  66.862 0.0000000000
49200  33.409  -20.515  65.621 0.0000000000
49199  34.021  -20.146  65.986 0.0000000000
140896  36.561  -18.423  69.854 0.0000000000
51420  35.554  -18.557  67.775 0.0000000000
52415  36.542  -17.672  68.389 0.0000000000
52431  36.980  -16.872  67.344 0.0000000000
53370  37.644  -16.881  69.420 0.0000000000
51285  40.107  -18.822  76.887 0.0000000000
54313  40.596  -15.472  71.798 0.0000000000
54337  39.295  -15.202  69.887 0.0000000000
55334  40.422  -14.498  70.642 0.0000000000
56388  40.301  -13.466  69.405 0.0000000000
124236  41.426  -13.841  71.045 0.0000000000
72341  50.169  2.555  48.835 0.0000000000
73242  51.474  3.331  48.459 0.0000000000
73233  52.793  3.041  49.161 0.0000000000
72324  52.399  2.338  49.665 0.0000000000
71271  50.990  1.828  52.339 0.0000000000
71285  52.401  1.543  51.560 0.0000000000
72292  51.839  2.662  52.948 0.0000000000
72278  52.563  3.732  53.638 0.0000000000
75002  57.184  6.138  47.903 0.0000000000
72307  56.216  2.676  51.074 0.0000000000
72288  56.898  2.616  52.970 0.0000000000
72289  55.775  2.370  52.690 0.0000000000
46203  25.969  -23.906  79.188 0.0000000000
131985  27.455  -23.541  79.077 0.0000000000
45226  26.012  -24.015  81.293 0.0000000000
38680  17.137  -31.248  79.994 0.0000000000
38658  17.479  -31.302  81.605 0.0000000000
38659  16.680  -31.326  81.898 0.0000000000
38649  16.477  -31.412  82.866 0.0000000000
38628  16.151  -32.143  84.264 0.0000000000
69370  43.739  -0.924  51.996 0.0000000000
68497  43.617  -1.871  52.550 0.0000000000
62598  38.661  -6.841  62.753 0.0000000000
137004  39.216  -6.406  62.990 0.0000000000
63541  40.826  -6.502  65.358 0.0000000000
126941  10.536  -35.879  81.974 0.0000000000
36316  9.153  -34.816  82.774 0.0000000000
35467  9.314  -35.360  84.585 0.0000000000
61698  37.997  -8.956  56.380 0.0000000000
60658  36.375  -9.711  58.775 0.0000000000
46369  30.545  -23.133  66.703 0.0000000000
46353  30.563  -23.496  68.333 0.0000000000
46324  31.451  -23.928  70.216 0.0000000000
132928  32.807  -25.075  72.821 0.0000000000
44310  24.213  -25.920  75.236 0.0000000000
126894  23.834  -26.904  76.631 0.0000000000
43405  23.803  -26.701  74.996 0.0000000000
132128  22.999  -27.907  74.860 0.0000000000
41463  22.584  -28.587  74.471 0.0000000000
39675  17.750  -30.892  74.797 0.0000000000
39693  17.208  -30.674  74.036 0.0000000000
47237  23.271  -21.747  68.450 0.0000000000
121877  23.831  -22.100  70.256 0.0000000000
47186  24.348  -22.723  71.927 0.0000000000
46316  24.115  -23.228  71.379 0.0000000000
123965  24.154  -24.843  73.069 0.0000000000
37870  24.675  -32.865  81.641 0.0000000000
71272  50.217  1.714  52.552 0.0000000000
71246  50.659  1.719  54.192 0.0000000000
71247  49.923  1.178  54.059 0.0000000000
69345  49.493  -0.129  55.171 0.0000000000
69318  49.575  -0.413  56.556 0.0000000000
67534  46.732  -1.984  57.120 0.0000000000
68436  47.502  -1.618  57.586 0.0000000000
67520  47.199  -1.908  58.341 0.0000000000
67504  47.664  -2.431  59.927 0.0000000000
141789  41.145  -4.133  53.679 0.0000000000
65664  41.110  -4.678  54.267 0.0000000000
130323  41.878  -4.987  55.394 0.0000000000
64660  42.095  -5.174  56.977 0.0000000000
64595  42.738  -5.042  61.594 0.0000000000
57511  36.428  -12.214  60.548 0.0000000000
58546  36.304  -11.368  60.957 0.0000000000
57488  37.643  -13.005  62.635 0.0000000000
124760  38.656  -12.522  63.895 0.0000000000
57475  39.547  -12.266  65.568 0.0000000000
48130  34.816  -20.889  69.487 0.0000000000
49156  34.790  -20.375  68.254 0.0000000000
49137  35.584  -20.344  70.365 0.0000000000
50266  36.645  -19.372  71.464 0.0000000000
50265  37.247  -18.665  71.952 0.0000000000
72344  47.427  2.748  48.937 0.0000000000
73246  47.865  3.493  48.403 0.0000000000
72329  47.861  1.920  49.259 0.0000000000
72327  49.678  1.875  49.303 0.0000000000
72326  50.637  1.920  49.416 0.0000000000
71318  51.172  1.462  50.181 0.0000000000
71298  50.914  1.153  50.871 0.0000000000
71287  50.636  1.330  51.659 0.0000000000
75887  55.201  6.418  46.135 0.0000000000
130838  56.216  5.835  47.725 0.0000000000
74991  56.734  5.529  48.242 0.0000000000
74118  57.930  4.505  49.369 0.0000000000
74129  56.275  4.904  48.713 0.0000000000
74120  55.767  4.289  49.221 0.0000000000
73231  54.493  3.516  49.474 0.0000000000
46300  28.561  -23.506  72.058 0.0000000000
45336  29.741  -24.369  72.984 0.0000000000
46272  28.942  -23.627  74.624 0.0000000000
45285  29.733  -23.994  76.253 0.0000000000
45255  30.275  -24.275  78.703 0.0000000000
37167  20.993  -33.265  80.332 0.0000000000
134286  22.532  -34.664  82.205 0.0000000000
139020  21.386  -33.598  82.745 0.0000000000
37137  21.152  -32.963  83.447 0.0000000000
38637  19.543  -31.663  83.776 0.0000000000
37839  20.517  -32.671  85.553 0.0000000000
70299  47.281  1.166  51.714 0.0000000000
70284  47.889  0.792  53.176 0.0000000000
146550  46.646  0.414  52.528 0.0000000000
69359  46.655  -0.428  53.444 0.0000000000
134687  46.249  -1.421  54.530 0.0000000000
68495  45.126  -0.909  52.655 0.0000000000
68472  45.516  -1.694  54.331 0.0000000000
142754  45.923  -1.730  54.968 0.0000000000
67541  45.704  -2.141  56.427 0.0000000000
67535  45.496  -2.480  57.092 0.0000000000
66579  45.357  -2.904  57.774 0.0000000000
63672  40.360  -7.484  57.066 0.0000000000
133879  40.831  -7.162  57.422 0.0000000000
62648  40.618  -7.773  59.070 0.0000000000
63652  41.053  -7.171  59.594 0.0000000000
63618  41.069  -6.502  61.332 0.0000000000
63595  40.131  -6.118  62.891 0.0000000000
128214  41.058  -5.778  62.396 0.0000000000
54422  36.466  -15.361  64.054 0.0000000000
49069  38.727  -20.528  77.108 0.0000000000
72345  46.432  2.703  48.771 0.0000000000
71323  46.409  1.344  49.679 0.0000000000
71290  46.789  1.217  51.156 0.0000000000
75899  52.788  6.303  45.162 0.0000000000
75022  52.521  5.908  46.072 0.0000000000
36340  13.777  -34.438  79.628 0.0000000000
37157  14.403  -33.402  81.499 0.0000000000
36328  13.388  -34.622  81.592 0.0000000000
35477  12.988  -35.527  82.837 0.0000000000
36279  12.937  -35.013  85.475 0.0000000000
34650  11.482  -37.016  83.616 0.0000000000
126002  39.615  -6.315  54.861 0.0000000000
63697  38.954  -6.796  54.711 0.0000000000
63696  39.556  -6.969  55.382 0.0000000000
62667  39.710  -8.001  56.627 0.0000000000
61669  39.537  -8.873  58.129 0.0000000000
61660  39.483  -8.993  59.203 0.0000000000
61683  38.200  -9.548  57.908 0.0000000000
61661  38.307  -8.938  59.617 0.0000000000
62634  38.635  -7.971  60.692 0.0000000000
62599  38.019  -7.442  62.521 0.0000000000
62564  38.061  -7.638  64.382 0.0000000000
61570  38.824  -8.390  66.031 0.0000000000
48171  33.391  -21.666  66.736 0.0000000000
47233  31.948  -22.893  67.959 0.0000000000
47231  33.457  -22.401  68.537 0.0000000000
47230  34.159  -22.051  68.933 0.0000000000
47203  35.054  -21.934  70.865 0.0000000000
47180  36.465  -22.481  72.872 0.0000000000
47160  37.741  -22.580  75.061 0.0000000000
45309  31.075  -25.036  73.909 0.0000000000
44324  31.990  -25.497  74.277 0.0000000000
44307  33.463  -25.659  75.042 0.0000000000
45253  33.595  -24.928  78.581 0.0000000000
44279  33.992  -25.291  76.712 0.0000000000
44291  34.999  -25.289  75.726 0.0000000000
45280  36.255  -23.824  76.266 0.0000000000
47136  37.003  -22.646  77.312 0.0000000000
48052  37.494  -21.716  78.089 0.0000000000
44235  23.617  -25.998  82.958 0.0000000000
42333  23.370  -27.178  81.676 0.0000000000
40505  23.040  -28.773  81.810 0.0000000000
39586  23.504  -30.242  81.531 0.0000000000
130370  23.264  -28.159  78.951 0.0000000000
40515  22.951  -29.577  80.063 0.0000000000
38655  23.829  -31.243  81.126 0.0000000000
37879  23.821  -32.525  80.085 0.0000000000
37891  23.586  -32.890  79.389 0.0000000000
37177  22.946  -33.656  79.170 0.0000000000
41522  22.269  -27.920  70.970 0.0000000000
41491  22.215  -28.659  72.296 0.0000000000
40588  21.715  -29.795  74.336 0.0000000000
39719  20.093  -30.184  72.224 0.0000000000
39690  21.150  -30.557  74.537 0.0000000000
39653  21.779  -30.873  75.970 0.0000000000
38708  21.782  -32.024  77.134 0.0000000000
37193  22.305  -32.978  77.752 0.0000000000
37179  21.109  -33.387  79.237 0.0000000000
126087  20.368  -32.849  79.100 0.0000000000
38677  19.216  -31.785  79.153 0.0000000000
122784  17.962  -31.127  79.066 0.0000000000
39655  17.447  -30.910  76.340 0.0000000000
38711  17.380  -30.878  77.319 0.0000000000
128917  17.166  -31.173  79.046 0.0000000000
38681  16.379  -31.667  78.746 0.0000000000
37904  15.702  -32.374  78.380 0.0000000000
135560  14.765  -33.537  78.640 0.0000000000
142122  14.202  -34.029  78.447 0.0000000000
36357  12.936  -34.464  78.591 0.0000000000
46414  28.075  -22.965  66.247 0.0000000000
46373  27.759  -23.326  67.596 0.0000000000
46356  27.489  -23.211  68.462 0.0000000000
47255  25.977  -21.670  67.530 0.0000000000
47234  26.904  -22.852  68.920 0.0000000000
47218  27.269  -22.820  70.293 0.0000000000
47194  27.127  -22.686  72.066 0.0000000000
146059  26.772  -22.774  73.696 0.0000000000
46275  26.322  -22.706  74.974 0.0000000000
47174  25.028  -22.655  72.894 0.0000000000
46259  25.865  -23.162  75.432 0.0000000000
46228  25.810  -23.508  77.403 0.0000000000
45256  25.300  -24.202  78.780 0.0000000000
44251  23.805  -24.991  81.119 0.0000000000
37863  14.810  -32.381  83.013 0.0000000000
37841  15.754  -32.694  84.522 0.0000000000
69329  50.896  0.656  55.461 0.0000000000
69347  47.929  -0.535  54.520 0.0000000000
69331  49.010  -0.598  55.724 0.0000000000
69308  49.067  -0.561  57.260 0.0000000000
68423  48.571  -0.964  58.720 0.0000000000
68408  49.306  -0.255  59.338 0.0000000000
69282  50.378  0.628  59.155 0.0000000000
67598  42.330  -2.544  52.617 0.0000000000
67583  43.192  -2.627  53.040 0.0000000000
66626  42.286  -3.472  53.723 0.0000000000
66612  42.813  -3.402  54.526 0.0000000000
66611  43.424  -2.856  54.717 0.0000000000
66589  43.932  -3.133  56.564 0.0000000000
130625  44.711  -3.447  57.931 0.0000000000
66564  45.298  -3.368  58.518 0.0000000000
63661  41.502  -6.587  57.602 0.0000000000
64652  41.985  -5.768  57.683 0.0000000000
64643  42.331  -5.449  58.482 0.0000000000
64611  42.662  -5.356  60.565 0.0000000000
64628  43.240  -4.904  59.383 0.0000000000
65617  43.542  -4.573  58.716 0.0000000000
65616  44.292  -4.073  59.177 0.0000000000
66549  45.128  -3.689  59.510 0.0000000000
132387  35.280  -9.709  59.365 0.0000000000
60636  35.453  -9.567  61.031 0.0000000000
59555  36.542  -10.553  62.062 0.0000000000
59547  36.209  -9.926  62.527 0.0000000000
136162  36.185  -9.041  63.038 0.0000000000
60604  37.597  -9.415  64.027 0.0000000000
60592  37.846  -9.185  65.050 0.0000000000
61549  40.525  -8.541  67.705 0.0000000000
50325  34.620  -19.577  66.956 0.0000000000
53429  35.869  -16.840  65.097 0.0000000000
53413  37.213  -16.108  66.110 0.0000000000
54385  37.565  -15.448  65.822 0.0000000000
140784  39.358  -19.749  75.973 0.0000000000
51328  38.567  -18.710  74.235 0.0000000000
52366  38.423  -17.561  72.582 0.0000000000
53315  39.571  -16.781  73.420 0.0000000000
53339  38.754  -16.842  71.382 0.0000000000
53385  38.106  -16.168  69.032 0.0000000000
54358  38.363  -15.263  67.821 0.0000000000
54371  38.285  -15.007  66.934 0.0000000000
56402  38.740  -14.048  67.044 0.0000000000
57463  39.859  -12.852  67.804 0.0000000000
57462  40.318  -12.131  67.388 0.0000000000
57400  43.057  -12.888  71.478 0.0000000000
57442  42.491  -12.181  69.816 0.0000000000
58471  41.747  -11.540  68.438 0.0000000000
59462  41.928  -10.580  68.388 0.0000000000
75023  51.645  5.858  46.412 0.0000000000
74147  52.296  4.688  47.637 0.0000000000
74133  52.748  4.189  48.144 0.0000000000
73232  53.656  3.287  49.301 0.0000000000
72309  54.425  2.483  50.756 0.0000000000
139722  52.440  1.590  50.802 0.0000000000
71283  53.925  1.988  51.390 0.0000000000
71267  54.773  2.162  52.244 0.0000000000
72277  53.895  3.919  53.454 0.0000000000
44234  24.293  -25.609  83.552 0.0000000000
62539  39.949  -7.669  66.757 0.0000000000
121773  28.883  -23.518  69.786 0.0000000000
138631  29.141  -23.614  70.547 0.0000000000
43449  23.164  -25.986  71.104 0.0000000000
43439  23.297  -26.334  71.810 0.0000000000
43450  22.768  -26.496  70.402 0.0000000000
44362  23.549  -25.051  71.016 0.0000000000
36322  23.757  -34.552  81.485 0.0000000000
36323  22.844  -34.701  81.362 0.0000000000
70290  48.282  1.378  52.568 0.0000000000
67505  46.348  -3.030  59.621 0.0000000000
63695  40.110  -6.469  55.538 0.0000000000
64673  40.673  -6.017  55.567 0.0000000000
55393  36.844  -14.623  63.755 0.0000000000
55406  36.779  -14.472  62.938 0.0000000000
55392  37.271  -14.278  64.176 0.0000000000
55382  37.599  -14.353  64.898 0.0000000000
48065  38.273  -21.922  75.392 0.0000000000
48075  38.544  -21.212  75.146 0.0000000000
75021  53.899  5.613  46.682 0.0000000000
75005  53.523  5.201  47.282 0.0000000000
122714  27.099  -22.965  76.181 0.0000000000
145176  27.776  -23.104  76.238 0.0000000000
46226  27.203  -23.384  77.311 0.0000000000
38668  18.416  -31.549  80.381 0.0000000000
38656  19.122  -31.845  80.882 0.0000000000
126924  44.701  1.119  50.941 0.0000000000
69376  45.540  0.383  51.794 0.0000000000
69377  44.844  0.372  51.435 0.0000000000
67582  43.916  -2.433  53.274 0.0000000000
67563  44.330  -2.365  53.940 0.0000000000
121467  44.020  -2.368  54.794 0.0000000000
136317  39.257  -7.781  60.324 0.0000000000
35501  11.744  -35.851  81.121 0.0000000000
62681  37.956  -8.052  54.923 0.0000000000
61662  37.173  -9.135  59.789 0.0000000000
61619  36.299  -8.778  62.500 0.0000000000
45332  33.546  -24.539  72.377 0.0000000000
45343  33.317  -24.085  71.716 0.0000000000
45331  34.408  -24.475  72.731 0.0000000000
45317  35.183  -24.233  73.135 0.0000000000
45318  34.695  -24.889  73.517 0.0000000000
45254  31.050  -24.827  78.668 0.0000000000
44269  31.657  -25.404  78.276 0.0000000000
44260  31.940  -25.386  79.101 0.0000000000
136295  24.162  -25.538  77.670 0.0000000000
43363  23.716  -26.290  78.895 0.0000000000
129325  23.878  -26.224  78.042 0.0000000000
145138  22.454  -29.113  77.234 0.0000000000
40543  22.290  -29.799  77.547 0.0000000000
146343  22.351  -30.871  78.065 0.0000000000
39652  21.997  -30.385  76.680 0.0000000000
38745  19.305  -31.206  74.496 0.0000000000
38736  19.643  -31.426  75.276 0.0000000000
126401  19.900  -31.571  75.916 0.0000000000
38724  19.124  -31.255  76.096 0.0000000000
48132  24.191  -20.808  69.516 0.0000000000
49147  23.987  -20.562  68.828 0.0000000000
48131  24.810  -20.852  69.631 0.0000000000
48110  24.680  -21.521  71.112 0.0000000000
45287  24.710  -25.060  76.439 0.0000000000
143113  24.361  -31.384  82.596 0.0000000000
36278  13.374  -34.179  86.234 0.0000000000
37119  13.926  -33.627  85.856 0.0000000000
72280  51.367  2.764  53.429 0.0000000000
69281  51.593  1.421  59.516 0.0000000000
64612  41.950  -5.887  60.945 0.0000000000
58554  34.645  -10.661  60.376 0.0000000000
125670  39.455  -11.856  64.812 0.0000000000
58521  38.977  -10.982  63.755 0.0000000000
58506  39.708  -11.379  65.304 0.0000000000
58505  39.949  -10.892  65.851 0.0000000000
58500  40.322  -11.338  66.579 0.0000000000
49184  33.687  -20.817  66.337 0.0000000000
49168  34.007  -20.960  67.073 0.0000000000
127222  37.002  -18.233  70.561 0.0000000000
52404  36.548  -17.995  69.129 0.0000000000
125484  37.170  -17.677  69.813 0.0000000000
52403  37.011  -17.275  68.958 0.0000000000
53356  37.907  -17.151  70.200 0.0000000000
54303  41.512  -15.093  72.953 0.0000000000
55326  40.990  -14.535  71.441 0.0000000000
55333  40.824  -13.954  70.594 0.0000000000
56365  41.954  -14.051  71.748 0.0000000000
72339  51.920  2.829  49.045 0.0000000000
72325  51.527  2.121  49.548 0.0000000000
72293  51.234  2.487  52.832 0.0000000000
72279  51.922  3.319  53.539 0.0000000000
135518  57.617  5.797  48.265 0.0000000000
75001  58.249  6.357  48.061 0.0000000000
74990  58.523  5.776  48.439 0.0000000000
72299  56.575  2.534  52.005 0.0000000000
127046  56.283  2.780  53.405 0.0000000000
45242  26.080  -24.150  80.176 0.0000000000
140838  16.595  -31.518  79.526 0.0000000000
38670  16.897  -31.289  80.945 0.0000000000
137433  16.381  -31.605  80.283 0.0000000000
37873  15.327  -31.974  82.568 0.0000000000
38660  15.940  -31.548  82.204 0.0000000000
38650  15.785  -31.689  83.111 0.0000000000
38640  16.317  -31.693  83.652 0.0000000000
38641  15.698  -31.949  83.698 0.0000000000
69371  42.853  -1.310  52.088 0.0000000000
62579  38.716  -6.874  63.609 0.0000000000
36330  8.989  -34.427  81.687 0.0000000000
36304  9.006  -34.607  83.989 0.0000000000
36291  8.787  -34.489  84.952 0.0000000000
46371  29.277  -23.482  67.189 0.0000000000
141780  29.980  -23.462  67.074 0.0000000000
46370  29.899  -23.545  67.789 0.0000000000
45354  30.292  -24.251  70.980 0.0000000000
46325  30.638  -23.941  70.277 0.0000000000
45353  31.135  -24.296  70.901 0.0000000000
45344  31.796  -24.565  71.539 0.0000000000
45333  32.070  -24.865  72.312 0.0000000000
44325  24.073  -26.036  74.437 0.0000000000
43394  23.998  -26.420  75.858 0.0000000000
134646  23.937  -26.046  73.731 0.0000000000
42438  23.219  -27.205  72.764 0.0000000000
42421  23.409  -27.302  74.449 0.0000000000
42422  22.959  -27.896  74.038 0.0000000000
42406  22.670  -28.558  75.326 0.0000000000
41475  22.545  -28.522  73.634 0.0000000000
142732  23.302  -23.061  69.243 0.0000000000
121928  23.123  -22.678  68.747 0.0000000000
47220  23.547  -22.150  69.433 0.0000000000
46329  24.012  -22.646  70.749 0.0000000000
142536  23.890  -23.892  70.546 0.0000000000
44349  23.816  -25.229  72.405 0.0000000000
45337  23.971  -24.389  72.362 0.0000000000
125358  24.237  -25.362  73.869 0.0000000000
141971  24.389  -25.506  74.662 0.0000000000
37878  24.051  -33.070  80.661 0.0000000000
37154  24.340  -33.651  81.396 0.0000000000
71259  50.288  1.838  53.484 0.0000000000
71260  49.492  1.667  53.205 0.0000000000
70270  49.428  0.390  54.473 0.0000000000
65681  40.484  -4.329  53.660 0.0000000000
64671  42.114  -5.180  56.038 0.0000000000
131069  36.589  -13.180  60.781 0.0000000000
57510  36.893  -12.327  61.206 0.0000000000
56419  38.283  -13.180  64.485 0.0000000000
57480  38.963  -12.588  64.821 0.0000000000
56411  38.960  -12.906  65.633 0.0000000000
48120  35.327  -21.097  70.624 0.0000000000
48129  35.137  -20.774  70.033 0.0000000000
49128  35.854  -20.646  71.076 0.0000000000
49117  37.196  -20.080  72.745 0.0000000000
49118  36.696  -20.131  72.020 0.0000000000
50253  37.009  -19.437  72.185 0.0000000000
50252  37.406  -19.119  72.706 0.0000000000
71320  49.107  1.266  49.732 0.0000000000
71319  50.141  1.367  50.145 0.0000000000
128912  49.965  1.331  51.864 0.0000000000
130337  55.285  5.533  47.517 0.0000000000
75003  55.717  6.071  46.992 0.0000000000
74130  55.322  4.702  48.606 0.0000000000
74121  54.894  4.138  49.066 0.0000000000
73230  55.321  3.668  49.657 0.0000000000
46288  28.282  -23.305  73.268 0.0000000000
46287  29.140  -23.848  73.693 0.0000000000
46224  28.863  -23.575  77.218 0.0000000000
46240  28.966  -23.596  76.443 0.0000000000
45270  29.570  -23.878  77.552 0.0000000000
45269  30.389  -24.426  77.852 0.0000000000
127385  29.651  -23.865  78.388 0.0000000000
37156  20.901  -33.143  81.293 0.0000000000
37860  20.439  -32.293  82.857 0.0000000000
37850  20.673  -32.472  84.145 0.0000000000
37838  21.169  -33.149  84.652 0.0000000000
123975  18.199  -31.437  82.273 0.0000000000
38638  18.749  -31.503  84.062 0.0000000000
70300  46.583  1.072  51.655 0.0000000000
124601  46.905  0.819  52.249 0.0000000000
69368  45.701  -0.184  52.399 0.0000000000
69367  46.364  -0.001  52.768 0.0000000000
68485  46.133  -1.118  53.843 0.0000000000
69369  44.525  -0.787  52.155 0.0000000000
68486  45.415  -1.329  53.458 0.0000000000
68444  45.866  -1.903  55.664 0.0000000000
62656  40.530  -7.632  58.012 0.0000000000
63639  40.636  -7.003  60.538 0.0000000000
63573  39.569  -6.446  63.634 0.0000000000
63596  39.563  -6.632  62.312 0.0000000000
63572  40.392  -6.032  63.606 0.0000000000
63571  41.084  -5.642  64.138 0.0000000000
63594  41.221  -5.435  63.345 0.0000000000
64566  42.392  -4.321  63.720 0.0000000000
54423  36.002  -15.620  63.300 0.0000000000
144680  36.104  -15.883  63.956 0.0000000000
137099  46.157  1.895  49.128 0.0000000000
71291  46.114  1.255  51.162 0.0000000000
129888  46.308  1.251  50.646 0.0000000000
133105  13.273  -34.980  79.977 0.0000000000
36341  13.342  -34.855  80.774 0.0000000000
35510  12.827  -35.363  80.493 0.0000000000
34660  12.217  -36.499  82.546 0.0000000000
36303  12.790  -35.770  83.861 0.0000000000
36290  13.043  -35.159  84.544 0.0000000000
130953  10.127  -36.451  83.257 0.0000000000
35491  10.776  -36.529  82.523 0.0000000000
146860  10.446  -36.760  83.822 0.0000000000
64686  39.868  -5.650  54.473 0.0000000000
63709  38.948  -5.975  54.205 0.0000000000
63710  38.411  -6.631  54.138 0.0000000000
62679  39.520  -7.590  55.866 0.0000000000
61681  39.460  -8.618  57.283 0.0000000000
122185  38.298  -9.167  57.084 0.0000000000
61651  37.536  -8.784  60.544 0.0000000000
61650  38.296  -8.501  60.374 0.0000000000
62619  38.301  -7.752  61.612 0.0000000000
62581  37.285  -7.806  63.168 0.0000000000
136444  37.529  -7.842  63.822 0.0000000000
61584  38.357  -8.064  65.376 0.0000000000
61585  37.843  -8.502  65.117 0.0000000000
48189  31.730  -21.847  65.134 0.0000000000
48188  32.394  -21.580  65.505 0.0000000000
48172  32.662  -21.938  66.208 0.0000000000
46352  31.295  -23.265  68.110 0.0000000000
47252  31.433  -22.879  67.234 0.0000000000
46351  32.011  -23.184  68.743 0.0000000000
46322  33.605  -23.090  70.053 0.0000000000
47217  32.831  -22.871  69.049 0.0000000000
47216  33.664  -22.711  69.415 0.0000000000
47215  34.317  -22.218  69.677 0.0000000000
47204  34.496  -22.403  70.387 0.0000000000
46286  35.865  -23.825  73.393 0.0000000000
46296  35.958  -23.173  72.865 0.0000000000
46285  36.426  -23.201  73.535 0.0000000000
47161  36.932  -23.093  74.388 0.0000000000
46269  37.249  -23.264  75.200 0.0000000000
45322  29.876  -24.352  73.677 0.0000000000
45321  30.431  -24.697  73.310 0.0000000000
143635  30.346  -24.580  73.998 0.0000000000
126146  32.348  -25.610  76.671 0.0000000000
44309  32.046  -25.445  75.211 0.0000000000
44294  32.774  -25.667  75.784 0.0000000000
44323  32.909  -25.597  74.275 0.0000000000
44293  33.688  -25.667  75.947 0.0000000000
45251  34.793  -23.854  78.193 0.0000000000
133046  34.219  -24.551  78.415 0.0000000000
45267  34.421  -24.635  77.430 0.0000000000
44292  34.353  -25.412  76.071 0.0000000000
45282  34.720  -24.842  76.561 0.0000000000
45281  35.547  -24.417  76.226 0.0000000000
140691  36.417  -23.017  77.507 0.0000000000
126238  37.355  -22.016  77.582 0.0000000000
44244  23.435  -25.669  81.713 0.0000000000
43313  23.338  -26.383  82.216 0.0000000000
43330  23.339  -26.446  80.969 0.0000000000
129711  23.350  -28.022  81.202 0.0000000000
136514  23.201  -29.384  82.198 0.0000000000
41401  23.026  -28.848  80.644 0.0000000000
42378  23.448  -27.731  77.222 0.0000000000
128222  23.491  -27.547  78.208 0.0000000000
40524  22.803  -29.550  79.217 0.0000000000
39598  23.449  -30.588  80.253 0.0000000000
38666  23.764  -31.684  80.351 0.0000000000
37900  23.351  -32.547  78.816 0.0000000000
37185  23.227  -33.159  78.831 0.0000000000
37176  23.365  -33.559  79.656 0.0000000000
37186  22.652  -33.334  78.422 0.0000000000
40615  21.566  -29.173  72.351 0.0000000000
40587  22.189  -29.187  74.032 0.0000000000
133040  21.679  -29.483  73.706 0.0000000000
121638  19.944  -30.666  72.971 0.0000000000
39674  21.559  -30.775  75.324 0.0000000000
38720  21.735  -31.344  76.627 0.0000000000
38734  21.297  -31.405  75.808 0.0000000000
37922  20.566  -32.036  76.933 0.0000000000
37913  21.316  -32.358  77.210 0.0000000000
138978  21.465  -32.928  77.709 0.0000000000
138987  21.729  -33.407  78.313 0.0000000000
37902  20.805  -33.059  78.378 0.0000000000
121711  19.019  -31.134  77.629 0.0000000000
38692  19.213  -31.457  78.378 0.0000000000
139047  18.676  -31.341  78.903 0.0000000000
38693  18.454  -31.045  78.306 0.0000000000
39676  17.141  -30.882  75.421 0.0000000000
145487  17.844  -30.951  75.658 0.0000000000
39656  16.818  -31.070  76.644 0.0000000000
38694  17.672  -30.929  78.250 0.0000000000
38695  16.866  -31.199  78.089 0.0000000000
38696  16.067  -31.807  77.812 0.0000000000
37915  15.363  -32.539  77.466 0.0000000000
37905  15.067  -33.157  78.010 0.0000000000
37187  14.353  -33.690  77.913 0.0000000000
37188  13.667  -34.007  78.162 0.0000000000
36347  13.683  -34.363  78.795 0.0000000000
37196  12.929  -33.567  78.097 0.0000000000
47273  26.939  -22.396  66.479 0.0000000000
47272  27.561  -22.809  66.495 0.0000000000
125797  27.331  -22.873  67.070 0.0000000000
47253  27.121  -22.824  67.784 0.0000000000
48173  25.413  -20.919  67.066 0.0000000000
124060  25.508  -21.109  66.305 0.0000000000
47219  25.701  -21.465  69.342 0.0000000000
47235  26.430  -22.294  68.788 0.0000000000
146866  26.518  -22.314  69.709 0.0000000000
47206  27.223  -22.700  71.191 0.0000000000
132195  26.119  -22.311  73.268 0.0000000000
47183  26.287  -22.218  72.476 0.0000000000
47162  26.800  -22.768  74.582 0.0000000000
47163  26.202  -22.577  74.096 0.0000000000
46302  24.467  -23.023  72.641 0.0000000000
46290  25.058  -23.295  73.515 0.0000000000
46245  25.326  -23.814  76.199 0.0000000000
46277  25.401  -23.719  74.549 0.0000000000
46244  25.844  -23.333  76.467 0.0000000000
45271  25.267  -23.999  77.917 0.0000000000
44261  24.089  -25.076  79.975 0.0000000000
41373  23.698  -28.394  83.311 0.0000000000
36311  21.882  -34.309  82.539 0.0000000000
36297  22.727  -34.691  83.508 0.0000000000
37158  13.782  -33.839  82.005 0.0000000000
37148  14.368  -33.147  82.471 0.0000000000
37139  14.434  -33.066  83.375 0.0000000000
37118  14.991  -33.287  85.961 0.0000000000
37117  15.408  -33.421  84.848 0.0000000000
37834  15.855  -33.489  85.517 0.0000000000
70269  50.465  0.945  54.690 0.0000000000
68455  48.123  -1.296  55.954 0.0000000000
138984  48.765  -0.863  56.487 0.0000000000
121534  47.873  -1.439  58.293 0.0000000000
69267  50.327  0.512  60.141 0.0000000000
69254  51.143  0.553  61.362 0.0000000000
67599  41.499  -2.564  52.365 0.0000000000
68498  42.003  -1.793  52.058 0.0000000000
65680  41.750  -4.113  53.980 0.0000000000
138464  42.274  -3.883  54.403 0.0000000000
66597  43.176  -3.361  55.333 0.0000000000
67543  43.842  -2.760  55.612 0.0000000000
66565  44.717  -3.740  58.647 0.0000000000
64610  43.300  -4.870  60.229 0.0000000000
64642  42.912  -5.073  58.817 0.0000000000
60638  34.415  -9.945  60.517 0.0000000000
60649  34.879  -9.750  60.357 0.0000000000
58545  36.895  -11.394  61.535 0.0000000000
58533  37.403  -11.297  62.102 0.0000000000
59545  37.919  -10.569  63.008 0.0000000000
59546  36.992  -10.360  62.702 0.0000000000
60619  36.371  -9.547  63.006 0.0000000000
60620  36.041  -9.457  62.442 0.0000000000
60605  36.719  -9.077  63.374 0.0000000000
59515  39.651  -10.199  65.942 0.0000000000
60591  38.462  -9.606  65.371 0.0000000000
59499  39.566  -9.607  66.360 0.0000000000
60558  38.901  -9.029  66.357 0.0000000000
60546  40.243  -9.150  67.237 0.0000000000
49155  35.217  -19.793  68.768 0.0000000000
50314  35.095  -19.501  67.820 0.0000000000
51450  35.045  -18.348  66.157 0.0000000000
52470  35.638  -17.482  65.760 0.0000000000
53414  36.779  -16.723  66.568 0.0000000000
132650  37.435  -16.283  66.892 0.0000000000
54359  37.927  -15.764  67.324 0.0000000000
49055  39.016  -19.900  78.110 0.0000000000
49068  39.204  -19.864  76.930 0.0000000000
50183  39.732  -19.352  77.800 0.0000000000
51308  40.435  -18.125  76.288 0.0000000000
51309  39.773  -18.781  75.579 0.0000000000
51327  39.227  -18.320  74.574 0.0000000000
51360  38.170  -18.077  73.198 0.0000000000
52343  38.806  -17.449  73.395 0.0000000000
54305  40.115  -16.102  72.152 0.0000000000
53320  40.098  -16.263  72.895 0.0000000000
53321  39.516  -16.593  72.530 0.0000000000
52365  38.897  -16.972  72.145 0.0000000000
53338  39.447  -16.462  71.745 0.0000000000
53369  38.378  -16.467  69.806 0.0000000000
54328  38.957  -15.942  70.242 0.0000000000
54347  39.121  -15.031  69.067 0.0000000000
55351  38.845  -14.806  68.305 0.0000000000
55358  38.626  -14.628  67.621 0.0000000000
55357  39.088  -14.098  67.975 0.0000000000
56395  39.780  -13.406  68.541 0.0000000000
123909  40.545  -12.930  68.960 0.0000000000
57455  40.459  -12.591  68.275 0.0000000000
57382  42.949  -12.990  72.486 0.0000000000
58434  43.233  -11.771  70.339 0.0000000000
58453  42.907  -11.301  69.497 0.0000000000
58454  42.197  -11.896  69.020 0.0000000000
58470  42.357  -11.209  68.795 0.0000000000
59447  42.658  -10.470  69.056 0.0000000000
72343  48.338  2.648  48.862 0.0000000000
73245  48.878  3.280  48.395 0.0000000000
74148  51.326  4.759  47.641 0.0000000000
74146  53.147  4.735  47.726 0.0000000000
72322  54.064  2.908  49.994 0.0000000000
72310  53.626  2.219  50.529 0.0000000000
71297  51.729  1.438  50.875 0.0000000000
71317  52.014  1.791  50.243 0.0000000000
71269  52.790  1.896  52.410 0.0000000000
71284  53.261  1.651  51.763 0.0000000000
71268  53.818  1.929  52.205 0.0000000000
144331  54.341  1.996  51.882 0.0000000000
131440  54.772  2.558  53.003 0.0000000000
72290  53.985  2.465  52.897 0.0000000000
73194  53.293  4.370  53.589 0.0000000000
76813  56.734  7.480  46.283 0.0000000000
76818  57.266  8.370  46.041 0.0000000000
76812  57.814  7.983  46.800 0.0000000000
45201  24.518  -24.884  83.022 0.0000000000
137081  15.633  -32.157  80.525 0.0000000000
62551  39.245  -7.603  65.539 0.0000000000
123315  29.831  -23.538  68.720 0.0000000000
144513  29.528  -23.567  69.442 0.0000000000
138144  29.771  -23.755  70.258 0.0000000000
43431  23.587  -25.976  72.428 0.0000000000
141899  23.378  -26.604  72.415 0.0000000000
42452  23.100  -27.083  71.978 0.0000000000
45360  23.396  -23.977  69.413 0.0000000000
36335  23.798  -34.102  80.917 0.0000000000
36321  24.434  -34.341  81.729 0.0000000000
36295  23.588  -35.260  82.971 0.0000000000
139244  48.895  1.707  52.689 0.0000000000
70271  48.474  0.365  53.950 0.0000000000
67521  46.521  -2.393  58.343 0.0000000000
128993  46.833  -2.881  59.973 0.0000000000
64685  40.714  -5.426  54.824 0.0000000000
56436  37.088  -13.833  62.358 0.0000000000
56420  37.697  -13.737  64.278 0.0000000000
55381  38.003  -13.708  64.912 0.0000000000
48108  36.339  -21.001  71.824 0.0000000000
48099  37.129  -21.049  73.059 0.0000000000
49109  37.608  -20.487  73.528 0.0000000000
49108  38.074  -19.951  74.029 0.0000000000
144809  47.778  0.999  50.049 0.0000000000
71321  48.246  1.334  49.649 0.0000000000
46274  27.599  -22.870  74.890 0.0000000000
46256  28.335  -23.192  75.182 0.0000000000
138231  28.259  -23.355  76.710 0.0000000000
37881  19.797  -32.253  80.407 0.0000000000
37872  19.875  -32.036  81.312 0.0000000000
37861  20.014  -31.887  82.119 0.0000000000
134874  19.781  -31.718  82.847 0.0000000000
38626  17.955  -31.584  84.505 0.0000000000
139715  18.702  -31.588  85.079 0.0000000000
67542  44.528  -2.548  56.224 0.0000000000
63619  39.912  -6.734  61.243 0.0000000000
35521  12.258  -35.171  79.816 0.0000000000
35511  12.205  -35.493  80.403 0.0000000000
34668  12.008  -36.230  81.771 0.0000000000
62691  38.250  -7.289  54.470 0.0000000000
60670  37.360  -9.793  58.297 0.0000000000
61602  37.210  -8.459  63.685 0.0000000000
143917  31.365  -22.321  65.435 0.0000000000
46323  32.347  -23.699  70.188 0.0000000000
46335  32.395  -23.318  69.456 0.0000000000
135009  33.205  -23.478  70.492 0.0000000000
46311  33.570  -23.625  71.206 0.0000000000
46310  34.217  -23.316  71.324 0.0000000000
46309  34.779  -23.190  71.813 0.0000000000
45330  34.897  -23.746  72.461 0.0000000000
45306  36.054  -24.530  74.756 0.0000000000
45284  30.506  -24.505  76.215 0.0000000000
45296  30.896  -24.745  75.483 0.0000000000
45283  31.250  -24.957  76.138 0.0000000000
127621  31.644  -25.300  76.638 0.0000000000
44281  32.769  -25.695  77.523 0.0000000000
46198  35.124  -23.630  79.809 0.0000000000
46223  35.384  -23.469  77.958 0.0000000000
44262  23.864  -25.636  79.452 0.0000000000
43348  23.519  -26.335  79.840 0.0000000000
135101  23.432  -27.031  80.130 0.0000000000
41441  23.106  -28.181  76.528 0.0000000000
41430  22.888  -28.532  77.269 0.0000000000
41431  22.640  -29.053  77.903 0.0000000000
40533  22.574  -29.624  78.428 0.0000000000
39609  22.677  -30.203  78.874 0.0000000000
39608  23.100  -30.876  79.192 0.0000000000
136649  22.644  -30.907  78.505 0.0000000000
38691  22.498  -31.613  77.927 0.0000000000
40628  21.053  -29.262  71.577 0.0000000000
39707  19.225  -30.862  72.949 0.0000000000
38749  19.760  -31.073  73.704 0.0000000000
38744  20.334  -31.244  74.554 0.0000000000
38721  21.260  -31.846  76.576 0.0000000000
38725  16.126  -31.476  76.374 0.0000000000
37923  14.961  -32.429  76.642 0.0000000000
47299  26.541  -22.059  65.734 0.0000000000
49157  24.488  -20.516  68.394 0.0000000000
48145  25.124  -20.797  68.841 0.0000000000
124858  25.572  -21.731  71.366 0.0000000000
142581  25.698  -21.925  72.063 0.0000000000
47184  25.460  -22.185  72.633 0.0000000000
46278  24.806  -24.218  73.943 0.0000000000
45311  25.079  -24.507  74.908 0.0000000000
45298  25.081  -24.540  75.875 0.0000000000
45286  24.945  -24.455  76.788 0.0000000000
45257  24.739  -24.549  78.404 0.0000000000
45258  24.383  -24.963  78.063 0.0000000000
37140  13.933  -33.869  83.873 0.0000000000
37130  14.362  -33.886  84.836 0.0000000000
127870  14.480  -33.399  86.363 0.0000000000
69317  50.377  0.053  56.666 0.0000000000
69280  52.154  1.534  60.091 0.0000000000
68471  46.969  -0.942  54.327 0.0000000000
67491  48.400  -1.854  60.565 0.0000000000
67585  41.899  -3.119  52.944 0.0000000000
65651  42.377  -4.572  55.597 0.0000000000
65650  42.943  -4.008  55.878 0.0000000000
63651  41.592  -6.497  59.325 0.0000000000
59575  34.285  -10.155  60.180 0.0000000000
57486  38.829  -11.768  63.383 0.0000000000
58532  38.009  -11.193  62.602 0.0000000000
59535  38.189  -10.374  63.620 0.0000000000
59526  39.274  -10.379  65.317 0.0000000000
59498  40.207  -10.374  66.441 0.0000000000
50292  36.158  -19.031  69.789 0.0000000000
51403  35.581  -19.011  68.580 0.0000000000
51402  36.046  -18.298  68.484 0.0000000000
51419  36.064  -17.856  67.766 0.0000000000
52432  36.402  -17.366  67.093 0.0000000000
134390  36.610  -17.405  67.760 0.0000000000
52414  37.071  -17.092  68.129 0.0000000000
53386  37.557  -16.645  68.597 0.0000000000
50182  40.301  -18.840  78.734 0.0000000000
51252  40.743  -18.287  78.879 0.0000000000
51284  40.691  -18.195  77.504 0.0000000000
52294  41.126  -17.545  77.082 0.0000000000
54327  39.624  -15.530  70.608 0.0000000000
54326  40.243  -15.115  71.017 0.0000000000
140091  39.835  -14.764  70.304 0.0000000000
55343  39.579  -14.516  69.568 0.0000000000
143780  39.783  -13.905  69.292 0.0000000000
55342  40.133  -14.039  70.003 0.0000000000
121869  40.747  -13.572  69.986 0.0000000000
56378  41.340  -13.411  70.389 0.0000000000
73244  49.760  3.231  48.415 0.0000000000
73241  52.338  3.508  48.557 0.0000000000
71270  51.859  1.797  52.294 0.0000000000
72291  52.429  3.053  53.204 0.0000000000
75874  57.768  6.813  47.671 0.0000000000
124575  58.949  7.058  47.761 0.0000000000
73218  56.739  3.221  50.451 0.0000000000
72306  57.167  2.960  51.360 0.0000000000
72287  57.815  3.217  53.031 0.0000000000
46227  26.524  -23.471  77.785 0.0000000000
46213  27.361  -23.495  78.166 0.0000000000
46214  26.636  -23.631  78.685 0.0000000000
46188  26.739  -23.706  80.610 0.0000000000
38669  17.646  -31.312  80.678 0.0000000000
38648  17.271  -31.310  82.607 0.0000000000
125352  16.151  -31.575  81.228 0.0000000000
38639  17.116  -31.454  83.559 0.0000000000
38627  17.045  -31.832  84.322 0.0000000000
38621  17.098  -32.405  84.847 0.0000000000
62618  38.990  -7.213  61.928 0.0000000000
62550  40.078  -6.938  65.004 0.0000000000
35502  10.776  -35.521  81.199 0.0000000000
35503  9.889  -35.170  81.862 0.0000000000
35492  9.946  -35.827  82.592 0.0000000000
35479  9.499  -35.627  83.518 0.0000000000
35466  10.117  -35.715  85.271 0.0000000000
60671  36.734  -10.025  57.786 0.0000000000
60648  36.099  -9.493  59.891 0.0000000000
123701  30.606  -23.343  67.540 0.0000000000
122824  31.193  -23.526  68.875 0.0000000000
127010  30.971  -23.753  69.580 0.0000000000
45352  31.894  -24.232  70.751 0.0000000000
143049  32.690  -24.497  71.990 0.0000000000
44296  24.400  -25.705  76.064 0.0000000000
43379  23.973  -26.197  77.212 0.0000000000
43414  23.724  -26.642  74.066 0.0000000000
134233  23.445  -27.396  75.150 0.0000000000
41448  23.185  -27.894  75.711 0.0000000000
41449  22.782  -28.509  76.017 0.0000000000
124912  22.380  -29.117  75.907 0.0000000000
39708  18.349  -30.811  73.038 0.0000000000
38746  18.508  -31.023  74.460 0.0000000000
48133  23.766  -21.073  69.164 0.0000000000
48123  23.955  -21.389  69.978 0.0000000000
47209  24.156  -21.815  70.777 0.0000000000
47198  24.255  -22.521  71.349 0.0000000000
144535  24.254  -22.950  71.715 0.0000000000
46303  24.164  -23.435  72.136 0.0000000000
45347  23.925  -24.163  71.566 0.0000000000
45323  24.459  -24.594  73.644 0.0000000000
45312  24.666  -24.929  74.380 0.0000000000
72281  50.744  2.429  52.993 0.0000000000
144353  49.976  0.644  54.558 0.0000000000
68443  46.592  -1.972  56.214 0.0000000000
68442  47.428  -1.689  56.583 0.0000000000
68410  47.778  -1.759  58.956 0.0000000000
65652  41.423  -5.052  54.948 0.0000000000
58553  35.640  -11.446  60.368 0.0000000000
57497  37.446  -12.289  61.855 0.0000000000
57487  38.346  -12.387  63.082 0.0000000000
48143  34.502  -21.149  68.727 0.0000000000
49145  34.873  -20.428  68.995 0.0000000000
49144  35.318  -20.166  69.574 0.0000000000
50279  35.859  -19.607  70.076 0.0000000000
49127  36.315  -20.190  71.436 0.0000000000
49136  36.103  -19.845  70.824 0.0000000000
50278  36.447  -18.992  70.550 0.0000000000
51383  37.473  -18.029  71.289 0.0000000000
72328  48.768  1.806  49.181 0.0000000000
71299  50.086  1.139  51.089 0.0000000000
76814  55.813  7.103  45.836 0.0000000000
123763  56.203  6.754  46.591 0.0000000000
75875  56.681  6.459  47.338 0.0000000000
74128  57.515  5.125  48.709 0.0000000000
74119  56.804  4.356  49.265 0.0000000000
73229  56.265  3.694  49.753 0.0000000000
73219  55.743  3.167  50.324 0.0000000000
73220  54.864  3.139  50.215 0.0000000000
46314  28.744  -23.536  71.181 0.0000000000
46313  29.291  -23.931  71.809 0.0000000000
46299  29.033  -23.826  72.657 0.0000000000
45310  29.745  -24.142  74.506 0.0000000000
46255  29.166  -23.699  75.513 0.0000000000
45297  30.115  -24.264  75.454 0.0000000000
127384  30.117  -24.225  76.952 0.0000000000
46212  28.208  -23.458  78.556 0.0000000000
46199  29.021  -23.537  78.962 0.0000000000
46185  29.169  -23.650  80.052 0.0000000000
43457  22.643  -26.439  69.517 0.0000000000
37155  21.588  -33.735  80.869 0.0000000000
36324  22.037  -34.431  81.497 0.0000000000
37146  21.363  -33.791  81.819 0.0000000000
37147  20.921  -33.017  82.282 0.0000000000
129803  21.723  -33.894  83.807 0.0000000000
37124  21.341  -33.967  84.546 0.0000000000
38657  18.335  -31.502  81.288 0.0000000000
125179  18.950  -31.503  83.001 0.0000000000
38625  19.343  -31.688  84.878 0.0000000000
38624  20.036  -32.082  84.606 0.0000000000
70291  47.569  1.042  52.428 0.0000000000
70285  47.070  0.348  52.906 0.0000000000
68456  46.669  -1.607  55.210 0.0000000000
123924  44.866  -1.547  53.097 0.0000000000
67540  46.102  -2.166  56.912 0.0000000000
121731  46.115  -2.410  57.630 0.0000000000
67522  45.899  -2.863  58.359 0.0000000000
129593  40.567  -7.063  56.694 0.0000000000
135604  40.337  -6.386  62.051 0.0000000000
64580  42.214  -4.975  62.922 0.0000000000
54439  36.250  -14.993  62.667 0.0000000000
124188  38.287  -21.219  77.279 0.0000000000
132404  39.074  -20.139  78.817 0.0000000000
72330  46.952  1.940  49.241 0.0000000000
71303  47.031  0.970  50.230 0.0000000000
75030  53.367  5.937  45.985 0.0000000000
37168  14.374  -33.814  80.349 0.0000000000
143267  13.733  -34.448  80.366 0.0000000000
37169  13.830  -34.138  81.122 0.0000000000
36315  13.415  -34.521  82.396 0.0000000000
35499  12.964  -35.382  81.247 0.0000000000
35490  13.078  -35.206  81.972 0.0000000000
134971  13.518  -34.490  83.147 0.0000000000
36302  13.362  -34.885  83.847 0.0000000000
34661  11.483  -36.897  82.880 0.0000000000
145021  12.009  -36.831  83.249 0.0000000000
34638  12.142  -36.617  83.995 0.0000000000
35465  12.544  -35.869  84.743 0.0000000000
36271  12.913  -34.984  86.562 0.0000000000
63684  40.049  -7.076  56.206 0.0000000000
62657  39.974  -8.157  57.619 0.0000000000
61670  38.857  -9.437  58.609 0.0000000000
61649  38.944  -8.322  59.958 0.0000000000
62580  37.955  -7.282  63.372 0.0000000000
61564  39.357  -8.424  66.593 0.0000000000
49201  32.781  -20.888  65.214 0.0000000000
48187  33.087  -21.273  65.911 0.0000000000
48158  33.800  -21.557  67.458 0.0000000000
47271  30.435  -22.829  66.011 0.0000000000
47270  31.251  -22.711  66.130 0.0000000000
47269  32.110  -22.438  66.589 0.0000000000
47232  32.675  -22.729  68.203 0.0000000000
140261  32.859  -22.265  66.851 0.0000000000
47250  33.292  -22.232  67.564 0.0000000000
48144  33.956  -21.777  68.150 0.0000000000
134774  34.508  -21.550  69.388 0.0000000000
48121  34.777  -21.515  70.078 0.0000000000
48109  35.672  -21.506  71.344 0.0000000000
47192  35.389  -22.450  71.679 0.0000000000
47181  35.887  -22.656  72.361 0.0000000000
48101  36.085  -21.960  72.092 0.0000000000
47171  37.302  -22.220  74.125 0.0000000000
47150  38.172  -22.292  75.975 0.0000000000
138677  29.693  -24.321  72.287 0.0000000000
45335  30.418  -24.665  72.443 0.0000000000
45320  31.130  -25.038  73.020 0.0000000000
124150  31.355  -25.117  74.847 0.0000000000
44338  31.690  -25.303  73.500 0.0000000000
44348  31.878  -25.189  72.903 0.0000000000
44337  32.430  -25.442  73.555 0.0000000000
44336  33.313  -25.443  73.639 0.0000000000
44335  34.133  -25.406  73.898 0.0000000000
124444  33.106  -25.421  78.276 0.0000000000
44280  33.689  -25.344  77.676 0.0000000000
44306  34.331  -25.602  75.416 0.0000000000
45308  34.896  -25.241  74.308 0.0000000000
128321  35.504  -25.177  74.719 0.0000000000
45293  36.210  -24.204  75.522 0.0000000000
46239  35.936  -23.604  77.139 0.0000000000
46238  36.677  -23.353  76.754 0.0000000000
46254  36.922  -23.559  75.835 0.0000000000
46253  37.597  -22.949  75.872 0.0000000000
47143  37.672  -22.400  76.717 0.0000000000
47142  38.135  -21.834  76.646 0.0000000000
42322  23.477  -27.721  82.996 0.0000000000
132353  23.278  -27.915  82.361 0.0000000000
41383  23.244  -28.650  82.891 0.0000000000
40495  23.390  -29.387  82.986 0.0000000000
39578  23.553  -30.090  82.577 0.0000000000
39585  23.901  -30.923  82.098 0.0000000000
124104  23.746  -26.925  77.600 0.0000000000
41420  23.164  -28.349  78.042 0.0000000000
41411  22.972  -28.852  79.612 0.0000000000
127565  23.130  -29.511  81.087 0.0000000000
38665  24.003  -32.239  80.932 0.0000000000
38676  23.565  -31.866  79.469 0.0000000000
37890  23.727  -33.183  79.977 0.0000000000
37164  23.400  -34.000  80.262 0.0000000000
36345  23.086  -34.051  79.929 0.0000000000
37165  22.607  -33.827  79.681 0.0000000000
42453  22.640  -27.536  71.459 0.0000000000
42439  22.745  -27.881  72.300 0.0000000000
41503  22.304  -28.252  71.576 0.0000000000
123696  22.499  -28.410  72.919 0.0000000000
40570  22.183  -29.358  74.974 0.0000000000
40629  20.320  -29.762  71.473 0.0000000000
40616  20.760  -29.581  72.350 0.0000000000
40602  20.542  -30.027  73.081 0.0000000000
39705  21.058  -29.913  73.811 0.0000000000
40571  21.755  -30.129  74.975 0.0000000000
39673  21.980  -30.026  75.780 0.0000000000
38707  22.053  -31.688  77.318 0.0000000000
37912  22.286  -32.335  77.612 0.0000000000
146246  21.915  -32.558  77.465 0.0000000000
37178  22.149  -33.671  79.039 0.0000000000
37166  21.886  -33.572  79.958 0.0000000000
37892  20.406  -32.780  79.910 0.0000000000
37903  19.952  -32.303  78.531 0.0000000000
37893  19.788  -32.340  79.518 0.0000000000
38678  18.533  -31.494  79.568 0.0000000000
39654  18.290  -31.002  76.253 0.0000000000
39635  18.013  -30.801  76.944 0.0000000000
146857  17.514  -31.200  79.493 0.0000000000
143922  15.329  -32.900  78.812 0.0000000000
36348  13.146  -34.849  79.246 0.0000000000
36349  12.548  -34.881  79.314 0.0000000000
36350  11.878  -34.807  79.535 0.0000000000
46413  28.691  -23.011  66.051 0.0000000000
46393  28.642  -23.339  66.653 0.0000000000
46394  27.925  -23.321  66.871 0.0000000000
46372  28.486  -23.477  67.400 0.0000000000
46355  28.315  -23.473  68.215 0.0000000000
46339  28.161  -23.422  69.088 0.0000000000
129402  28.017  -23.359  69.939 0.0000000000
47274  26.056  -21.850  66.559 0.0000000000
135389  26.531  -22.264  68.016 0.0000000000
145608  26.908  -22.749  68.386 0.0000000000
46340  27.368  -23.096  69.387 0.0000000000
46328  27.933  -23.281  70.761 0.0000000000
46315  27.906  -23.188  71.620 0.0000000000
46301  27.853  -23.089  72.523 0.0000000000
47182  26.914  -22.729  72.890 0.0000000000
46289  27.567  -22.928  74.002 0.0000000000
122214  26.909  -22.787  75.383 0.0000000000
46243  26.504  -23.224  76.799 0.0000000000
47197  24.479  -22.121  71.507 0.0000000000
47185  24.711  -22.417  72.235 0.0000000000
46276  25.889  -22.842  74.302 0.0000000000
46258  26.390  -22.919  75.836 0.0000000000
46215  25.862  -23.679  78.300 0.0000000000
45243  25.299  -24.380  79.751 0.0000000000
45244  24.646  -24.656  79.343 0.0000000000
45228  24.515  -24.713  80.432 0.0000000000
37874  14.869  -32.567  82.020 0.0000000000
37129  14.735  -33.182  84.280 0.0000000000
37852  14.949  -32.383  83.725 0.0000000000
37851  15.406  -32.197  83.936 0.0000000000
37840  16.363  -32.836  84.875 0.0000000000
71232  51.213  1.383  54.886 0.0000000000
69296  49.624  0.175  58.245 0.0000000000
68435  48.471  -1.011  57.859 0.0000000000
129778  42.783  -2.013  52.447 0.0000000000
66627  41.508  -3.644  53.349 0.0000000000
67565  43.013  -3.018  53.875 0.0000000000
66580  44.687  -2.874  57.110 0.0000000000
63671  41.122  -6.708  56.777 0.0000000000
64661  41.665  -6.042  56.905 0.0000000000
64651  42.392  -5.178  57.690 0.0000000000
65618  42.935  -4.944  58.098 0.0000000000
64629  42.577  -5.350  59.499 0.0000000000
61638  36.001  -9.156  61.752 0.0000000000
59565  35.222  -10.369  61.037 0.0000000000
59556  35.780  -10.043  61.871 0.0000000000
59557  35.274  -9.912  61.353 0.0000000000
60628  35.722  -9.691  61.699 0.0000000000
60574  38.184  -8.960  65.794 0.0000000000
49167  34.526  -20.286  67.440 0.0000000000
128320  34.380  -19.723  66.328 0.0000000000
50324  35.034  -18.798  67.019 0.0000000000
51437  34.633  -19.098  66.311 0.0000000000
53445  35.654  -16.726  64.514 0.0000000000
52450  36.211  -17.243  66.369 0.0000000000
52469  36.460  -16.636  65.674 0.0000000000
127453  36.311  -16.181  64.624 0.0000000000
54386  36.960  -15.834  65.359 0.0000000000
54405  36.791  -15.469  64.757 0.0000000000
54404  37.312  -15.132  65.173 0.0000000000
49081  38.977  -20.471  75.869 0.0000000000
49095  38.655  -20.328  74.746 0.0000000000
50225  38.585  -19.473  74.454 0.0000000000
50201  39.627  -19.366  76.450 0.0000000000
50224  39.118  -19.053  74.847 0.0000000000
50239  38.046  -19.109  73.893 0.0000000000
51361  37.711  -18.408  72.655 0.0000000000
52367  37.850  -17.965  72.070 0.0000000000
144181  37.934  -17.715  71.537 0.0000000000
52324  40.336  -17.119  74.871 0.0000000000
53304  40.673  -16.402  74.646 0.0000000000
53305  40.043  -16.748  74.174 0.0000000000
52325  39.446  -17.450  74.217 0.0000000000
142704  38.971  -17.011  72.853 0.0000000000
124012  38.342  -17.428  71.776 0.0000000000
52385  38.097  -17.391  71.032 0.0000000000
54338  38.782  -15.721  69.421 0.0000000000
54348  38.575  -15.497  68.614 0.0000000000
54372  37.783  -15.634  66.517 0.0000000000
55365  38.021  -15.102  66.195 0.0000000000
55372  37.851  -14.781  65.643 0.0000000000
55364  38.297  -14.428  66.235 0.0000000000
56407  38.709  -13.556  66.117 0.0000000000
56401  39.421  -13.468  67.514 0.0000000000
132212  39.196  -13.371  66.783 0.0000000000
56406  39.357  -12.874  66.256 0.0000000000
57469  39.880  -12.206  66.452 0.0000000000
129975  42.536  -13.473  71.814 0.0000000000
56364  42.209  -13.368  70.987 0.0000000000
57423  41.865  -12.792  70.170 0.0000000000
57421  43.509  -12.095  71.184 0.0000000000
57422  42.909  -12.633  70.586 0.0000000000
57443  41.780  -12.475  69.467 0.0000000000
57454  41.298  -12.366  68.791 0.0000000000
58472  41.018  -11.826  68.040 0.0000000000
58488  40.895  -11.123  67.346 0.0000000000
59480  41.360  -10.304  67.700 0.0000000000
59481  40.741  -10.095  67.076 0.0000000000
60528  42.103  -9.645  68.845 0.0000000000
60545  41.047  -9.387  67.609 0.0000000000
141702  52.380  5.543  46.720 0.0000000000
75007  51.926  5.266  47.171 0.0000000000
75006  52.722  5.151  47.210 0.0000000000
74132  53.605  4.350  48.281 0.0000000000
73240  53.219  3.693  48.668 0.0000000000
73239  54.085  3.867  48.800 0.0000000000
72311  52.849  1.897  50.323 0.0000000000
71296  53.120  1.629  51.047 0.0000000000
71282  54.736  2.228  51.514 0.0000000000
72276  55.298  3.142  53.456 0.0000000000
128015  53.093  3.497  53.399 0.0000000000
34651  10.819  -36.965  83.292 0.0000000000
35456  12.390  -35.832  85.768 0.0000000000
35500  12.390  -35.739  81.121 0.0000000000
37111  13.974  -33.656  86.843 0.0000000000
37842  15.190  -32.539  84.179 0.0000000000
40600  22.039  -29.030  73.147 0.0000000000
42429  23.337  -27.238  73.607 0.0000000000
44282  31.803  -25.495  77.458 0.0000000000
44295  31.935  -25.363  75.989 0.0000000000
44305  35.083  -25.613  75.023 0.0000000000
44308  32.637  -25.600  74.909 0.0000000000
44321  34.275  -25.573  74.666 0.0000000000
44322  33.626  -25.575  74.294 0.0000000000
44363  23.113  -25.707  70.324 0.0000000000
45272  24.827  -24.475  77.580 0.0000000000
45294  35.615  -25.052  75.278 0.0000000000
45345  30.805  -24.557  71.636 0.0000000000
46202  26.731  -23.716  79.602 0.0000000000
46237  37.243  -23.051  76.484 0.0000000000
46242  27.597  -23.263  76.779 0.0000000000
46271  36.280  -23.864  74.171 0.0000000000
46321  33.997  -23.118  70.630 0.0000000000
46326  29.561  -23.951  71.064 0.0000000000
47172  36.823  -22.590  73.641 0.0000000000
47193  34.658  -22.727  71.119 0.0000000000
47251  32.402  -22.592  67.405 0.0000000000
48058  37.825  -21.701  77.387 0.0000000000
48076  37.945  -21.745  74.600 0.0000000000
48089  36.975  -21.895  73.336 0.0000000000
49042  39.370  -20.168  79.062 0.0000000000
49183  34.249  -20.280  66.673 0.0000000000
50213  39.442  -19.336  75.549 0.0000000000
50214  39.093  -19.749  75.173 0.0000000000
51264  40.775  -18.174  78.656 0.0000000000
51265  40.363  -18.732  77.918 0.0000000000
51345  38.636  -18.034  73.921 0.0000000000
51373  36.921  -18.613  71.189 0.0000000000
52307  40.782  -17.396  75.871 0.0000000000
53354  39.235  -16.232  70.988 0.0000000000
53355  38.576  -16.685  70.601 0.0000000000
54349  37.986  -15.926  68.187 0.0000000000
58487  41.462  -11.104  67.929 0.0000000000
60529  41.606  -9.598  68.189 0.0000000000
60557  39.545  -9.032  66.846 0.0000000000
60650  34.423  -9.890  59.862 0.0000000000
69295  51.126  1.004  58.548 0.0000000000
72300  55.572  2.384  51.675 0.0000000000
122162  23.696  -27.165  75.776 0.0000000000
123601  39.692  -12.836  67.028 0.0000000000
128124  31.183  -24.970  77.821 0.0000000000
130313  36.149  -10.676  61.485 0.0000000000
131109  35.505  -23.650  72.804 0.0000000000
132008  24.107  -26.152  76.516 0.0000000000
133399  38.979  -9.608  65.875 0.0000000000
135901  36.543  -22.501  78.071 0.0000000000
139405  11.424  -35.452  80.593 0.0000000000
139797  27.493  -22.948  73.258 0.0000000000
141245  36.114  -18.701  69.189 0.0000000000
141576  37.795  -18.760  73.290 0.0000000000
142349  29.451  -23.845  76.886 0.0000000000
143000  23.468  -27.023  82.589 0.0000000000
143269  11.572  -36.528  82.298 0.0000000000
143423  38.013  -18.002  72.635 0.0000000000
143710  28.442  -23.441  72.608 0.0000000000
144477  38.188  -18.508  73.725 0.0000000000
144957  30.555  -23.578  69.021 0.0000000000
145079  38.441  -11.716  62.858 0.0000000000
145815  22.887  -26.086  69.937 0.0000000000
146195  23.651  -26.836  78.373 0.0000000000
