#!ascii label  , from subject sub-v1s15x0050186_ses-1 vox2ras=TkReg
1059
51377  20.312  -18.041  71.373 0.0000000000
127918  33.818  -17.955  75.329 0.0000000000
69334  37.191  -0.152  55.837 0.0000000000
59548  29.605  -10.454  62.566 0.0000000000
144752  34.285  -13.236  68.558 0.0000000000
77774  47.709  7.893  49.210 0.0000000000
67507  38.304  -2.480  58.930 0.0000000000
64646  33.902  -5.349  58.329 0.0000000000
139675  18.607  -23.883  70.706 0.0000000000
52347  28.267  -17.439  73.782 0.0000000000
50284  28.758  -19.870  69.933 0.0000000000
53407  22.517  -16.735  67.411 0.0000000000
126972  43.003  4.853  53.514 0.0000000000
51294  24.730  -18.563  76.372 0.0000000000
133694  19.016  -18.448  76.007 0.0000000000
72235  43.056  3.724  56.420 0.0000000000
44326  19.318  -24.841  74.808 0.0000000000
43406  14.388  -26.268  75.967 0.0000000000
63597  33.118  -6.204  62.848 0.0000000000
59517  32.850  -10.576  65.467 0.0000000000
54406  31.427  -15.220  64.721 0.0000000000
52436  30.391  -17.895  67.042 0.0000000000
67482  37.906  -3.044  61.168 0.0000000000
66569  35.925  -4.142  58.481 0.0000000000
65587  35.551  -4.715  60.677 0.0000000000
69255  40.352  0.148  61.226 0.0000000000
139271  19.463  -20.802  68.408 0.0000000000
46359  18.654  -23.838  68.886 0.0000000000
129556  19.184  -21.730  70.522 0.0000000000
52372  24.295  -17.031  73.074 0.0000000000
53341  25.439  -16.233  71.472 0.0000000000
52409  21.526  -17.848  69.102 0.0000000000
51440  19.919  -19.101  66.770 0.0000000000
70273  36.978  0.948  54.314 0.0000000000
70237  40.272  0.521  57.660 0.0000000000
71234  39.452  1.897  56.254 0.0000000000
72264  39.542  2.674  55.236 0.0000000000
50193  19.142  -19.386  78.060 0.0000000000
48067  17.976  -20.812  75.353 0.0000000000
48047  17.614  -21.233  77.911 0.0000000000
123886  17.179  -26.841  80.952 0.0000000000
43383  16.222  -26.298  77.385 0.0000000000
43370  13.753  -26.406  78.204 0.0000000000
41412  12.438  -28.659  79.675 0.0000000000
134409  12.694  -28.941  81.588 0.0000000000
60530  32.766  -9.952  69.065 0.0000000000
58502  34.237  -11.803  66.487 0.0000000000
138393  33.068  -13.117  64.205 0.0000000000
55366  33.455  -14.917  66.230 0.0000000000
53405  26.718  -16.094  67.619 0.0000000000
51407  29.432  -19.096  68.186 0.0000000000
52475  28.068  -17.675  65.692 0.0000000000
52490  28.680  -17.730  64.540 0.0000000000
136340  30.896  -7.535  63.059 0.0000000000
62643  31.341  -7.614  59.971 0.0000000000
60651  28.961  -9.527  59.727 0.0000000000
78839  50.159  9.477  47.378 0.0000000000
76805  47.750  7.935  47.602 0.0000000000
68437  38.068  -1.637  57.316 0.0000000000
127769  35.752  -3.157  57.150 0.0000000000
69283  40.458  -0.316  59.868 0.0000000000
50229  30.738  -19.532  74.432 0.0000000000
49121  30.876  -21.370  72.205 0.0000000000
51364  28.248  -18.652  72.131 0.0000000000
53374  26.320  -15.991  69.693 0.0000000000
54378  23.431  -15.622  66.177 0.0000000000
74941  44.834  6.691  55.460 0.0000000000
75840  45.388  6.641  53.483 0.0000000000
133464  45.274  6.338  51.083 0.0000000000
75861  45.850  6.108  49.772 0.0000000000
52334  22.652  -17.918  74.170 0.0000000000
52356  19.900  -17.790  74.038 0.0000000000
51296  22.595  -18.959  76.384 0.0000000000
52313  26.699  -17.629  75.554 0.0000000000
73181  42.640  4.387  55.078 0.0000000000
48090  19.199  -21.804  73.006 0.0000000000
136438  19.310  -24.583  73.033 0.0000000000
44343  16.623  -25.940  73.171 0.0000000000
46230  19.044  -24.539  77.761 0.0000000000
123992  15.822  -25.959  75.131 0.0000000000
40489  10.099  -29.364  84.089 0.0000000000
65543  35.108  -5.073  63.060 0.0000000000
62553  30.850  -7.584  65.403 0.0000000000
60548  31.499  -9.348  67.637 0.0000000000
59537  31.177  -10.861  63.836 0.0000000000
145766  32.534  -12.233  63.114 0.0000000000
54442  30.715  -15.167  62.245 0.0000000000
52541  29.679  -17.385  61.432 0.0000000000
146704  32.321  -19.693  70.070 0.0000000000
53372  33.078  -17.122  69.040 0.0000000000
54351  32.972  -15.855  68.145 0.0000000000
53430  31.241  -16.104  65.835 0.0000000000
130987  29.387  -17.209  63.087 0.0000000000
63640  33.122  -6.298  59.942 0.0000000000
127436  31.303  -7.125  57.093 0.0000000000
132237  37.518  -2.844  62.020 0.0000000000
66535  37.407  -3.435  60.786 0.0000000000
66509  36.800  -3.459  62.269 0.0000000000
69243  38.716  -0.974  62.141 0.0000000000
50285  20.340  -19.351  70.088 0.0000000000
48134  19.225  -21.598  69.619 0.0000000000
122799  20.238  -19.912  70.946 0.0000000000
53328  22.030  -16.691  72.142 0.0000000000
125096  22.346  -16.767  70.745 0.0000000000
52410  21.021  -18.180  69.877 0.0000000000
50298  20.506  -19.175  69.112 0.0000000000
70261  37.370  0.751  55.395 0.0000000000
69319  38.833  -0.070  57.048 0.0000000000
70247  40.001  1.113  57.124 0.0000000000
70259  39.052  1.261  56.397 0.0000000000
71235  38.658  1.730  55.843 0.0000000000
123837  15.867  -26.663  81.007 0.0000000000
43353  15.537  -26.359  79.287 0.0000000000
43355  14.187  -26.763  79.765 0.0000000000
42357  13.307  -26.858  78.961 0.0000000000
42346  13.496  -27.823  80.440 0.0000000000
143075  12.742  -28.893  80.877 0.0000000000
58489  34.520  -11.243  67.850 0.0000000000
56396  34.535  -12.928  67.862 0.0000000000
56408  34.017  -13.560  66.405 0.0000000000
56403  34.240  -13.727  67.224 0.0000000000
52326  34.081  -17.530  75.131 0.0000000000
54390  26.073  -15.795  66.123 0.0000000000
53418  27.317  -17.103  66.131 0.0000000000
53447  26.402  -16.350  64.677 0.0000000000
52492  27.123  -16.993  64.184 0.0000000000
61621  29.643  -9.106  62.417 0.0000000000
61639  30.033  -8.613  61.058 0.0000000000
77767  48.121  7.954  50.026 0.0000000000
129599  48.889  8.605  50.225 0.0000000000
77772  49.379  9.038  49.425 0.0000000000
129252  48.678  8.841  48.583 0.0000000000
77780  47.975  8.289  48.412 0.0000000000
67523  38.132  -2.246  58.031 0.0000000000
122459  36.478  -2.267  57.289 0.0000000000
67536  37.155  -2.475  58.025 0.0000000000
65621  34.891  -4.766  58.242 0.0000000000
65634  34.705  -4.588  57.508 0.0000000000
64663  34.163  -4.930  57.137 0.0000000000
68388  39.182  -1.095  60.574 0.0000000000
68411  39.304  -1.204  59.093 0.0000000000
68424  39.084  -0.941  58.474 0.0000000000
46343  18.668  -23.825  69.806 0.0000000000
43441  18.409  -25.778  71.279 0.0000000000
51332  29.868  -18.167  74.415 0.0000000000
50244  29.532  -19.833  73.253 0.0000000000
52369  27.678  -17.986  72.356 0.0000000000
53376  23.411  -16.260  69.685 0.0000000000
53359  25.707  -15.916  70.436 0.0000000000
54353  24.609  -15.821  68.653 0.0000000000
133180  25.209  -15.732  68.116 0.0000000000
54366  22.978  -16.276  66.872 0.0000000000
52456  21.141  -17.323  66.015 0.0000000000
57512  31.682  -13.229  61.676 0.0000000000
74092  44.029  5.278  54.092 0.0000000000
74954  45.125  6.689  54.337 0.0000000000
74959  44.409  5.641  53.496 0.0000000000
74966  44.195  5.656  50.932 0.0000000000
74975  44.345  5.504  50.129 0.0000000000
75856  45.540  6.281  50.506 0.0000000000
52316  24.023  -18.160  74.971 0.0000000000
51334  22.333  -18.237  74.834 0.0000000000
51295  23.882  -18.766  76.376 0.0000000000
52300  26.073  -18.084  76.116 0.0000000000
52332  24.573  -17.781  74.416 0.0000000000
73163  43.822  5.061  56.044 0.0000000000
129798  42.952  4.304  55.810 0.0000000000
73184  39.669  3.379  54.355 0.0000000000
52337  19.690  -17.964  74.837 0.0000000000
50245  19.252  -19.053  73.132 0.0000000000
50246  18.752  -19.374  73.977 0.0000000000
127229  19.148  -22.630  75.707 0.0000000000
47164  19.826  -22.897  74.171 0.0000000000
142743  19.609  -24.396  74.159 0.0000000000
44351  18.315  -25.531  72.789 0.0000000000
126579  17.812  -25.388  74.061 0.0000000000
45245  20.158  -24.964  79.152 0.0000000000
128143  14.762  -26.135  77.012 0.0000000000
43397  16.569  -26.222  76.563 0.0000000000
44302  14.972  -25.924  75.445 0.0000000000
43415  15.187  -26.053  74.465 0.0000000000
62552  31.638  -6.945  65.307 0.0000000000
132872  32.884  -10.613  67.542 0.0000000000
60547  31.821  -9.626  68.190 0.0000000000
59501  31.835  -10.512  66.303 0.0000000000
60575  30.963  -10.119  66.012 0.0000000000
59527  32.574  -10.771  64.656 0.0000000000
58524  31.865  -11.449  63.233 0.0000000000
58514  33.133  -11.354  64.188 0.0000000000
55385  31.767  -14.498  64.236 0.0000000000
55394  31.568  -14.320  63.381 0.0000000000
54441  30.836  -14.976  63.139 0.0000000000
53483  30.002  -15.908  62.099 0.0000000000
53462  29.833  -16.291  63.117 0.0000000000
50282  30.329  -20.995  70.549 0.0000000000
49138  32.080  -20.841  70.996 0.0000000000
125102  30.085  -20.538  69.631 0.0000000000
51421  30.060  -18.503  67.676 0.0000000000
51405  31.518  -18.687  68.237 0.0000000000
52417  31.926  -17.934  67.887 0.0000000000
53388  32.885  -16.720  68.285 0.0000000000
52434  32.358  -17.019  67.604 0.0000000000
53402  32.385  -16.118  67.120 0.0000000000
52451  30.974  -17.057  66.671 0.0000000000
52522  28.158  -17.882  62.991 0.0000000000
52506  29.156  -17.460  63.974 0.0000000000
64568  33.822  -5.734  63.273 0.0000000000
64581  34.393  -5.488  61.832 0.0000000000
63620  33.168  -6.308  61.334 0.0000000000
137451  30.049  -8.148  58.724 0.0000000000
62650  31.352  -7.508  59.046 0.0000000000
78846  50.119  9.400  46.570 0.0000000000
67494  38.344  -2.507  59.764 0.0000000000
66567  37.172  -3.256  59.203 0.0000000000
66550  37.325  -3.393  59.956 0.0000000000
65599  36.188  -4.356  60.090 0.0000000000
65601  34.864  -5.128  59.315 0.0000000000
70181  39.523  0.353  61.931 0.0000000000
69257  39.026  -0.871  61.322 0.0000000000
47238  18.884  -22.263  68.997 0.0000000000
47221  18.895  -22.349  69.936 0.0000000000
47210  18.871  -22.418  70.844 0.0000000000
52349  25.976  -17.240  73.598 0.0000000000
52370  26.401  -17.017  72.246 0.0000000000
53325  24.812  -16.848  72.228 0.0000000000
53362  22.841  -16.592  70.203 0.0000000000
53393  22.025  -17.337  68.621 0.0000000000
52438  21.487  -17.473  67.333 0.0000000000
51410  20.695  -18.812  68.228 0.0000000000
49171  19.616  -20.493  67.680 0.0000000000
127288  41.138  4.801  52.205 0.0000000000
51260  24.832  -19.033  77.987 0.0000000000
133055  41.779  1.742  57.691 0.0000000000
71215  41.242  1.934  56.982 0.0000000000
72237  41.061  2.499  56.323 0.0000000000
72247  40.924  2.779  55.875 0.0000000000
72249  39.761  2.277  55.988 0.0000000000
71249  38.426  2.045  55.114 0.0000000000
51279  19.495  -19.096  77.253 0.0000000000
49082  18.055  -19.761  75.269 0.0000000000
50205  17.834  -19.268  77.036 0.0000000000
49070  17.444  -20.527  76.667 0.0000000000
47145  18.589  -22.688  76.432 0.0000000000
43365  19.166  -26.683  78.609 0.0000000000
130655  17.283  -26.867  78.975 0.0000000000
43384  15.232  -26.199  77.670 0.0000000000
43386  13.596  -26.455  77.338 0.0000000000
42380  12.335  -27.525  77.668 0.0000000000
59482  34.113  -10.707  67.579 0.0000000000
59500  33.887  -11.052  66.290 0.0000000000
57481  33.702  -11.659  64.565 0.0000000000
57471  33.907  -12.613  65.991 0.0000000000
55373  33.376  -14.430  65.533 0.0000000000
55375  32.088  -14.859  64.945 0.0000000000
51409  27.942  -18.009  68.543 0.0000000000
51408  28.606  -19.386  68.721 0.0000000000
51424  28.116  -18.324  67.864 0.0000000000
139893  28.473  -18.375  66.802 0.0000000000
51452  29.015  -18.383  66.025 0.0000000000
52453  29.668  -17.861  66.130 0.0000000000
130165  28.214  -17.619  64.999 0.0000000000
52508  27.618  -17.595  63.625 0.0000000000
62600  31.550  -7.327  62.557 0.0000000000
63622  32.003  -7.427  61.203 0.0000000000
62621  30.827  -8.140  61.430 0.0000000000
61653  29.753  -8.544  60.202 0.0000000000
78830  50.583  9.410  48.263 0.0000000000
77786  48.509  8.603  47.622 0.0000000000
68445  37.911  -1.144  56.870 0.0000000000
123056  36.368  -1.066  56.077 0.0000000000
68447  36.905  -1.572  56.805 0.0000000000
66583  35.787  -3.751  57.806 0.0000000000
65642  35.147  -4.034  57.084 0.0000000000
71169  41.647  1.384  61.344 0.0000000000
70201  41.615  0.912  60.393 0.0000000000
70200  42.075  1.162  59.964 0.0000000000
69309  40.172  -0.278  58.133 0.0000000000
69310  39.001  -0.611  57.695 0.0000000000
145137  32.698  -19.890  74.900 0.0000000000
131661  32.727  -20.077  74.387 0.0000000000
49110  30.908  -20.945  73.193 0.0000000000
50257  29.281  -20.191  72.341 0.0000000000
50270  28.770  -19.649  70.857 0.0000000000
52388  26.716  -17.176  71.473 0.0000000000
52397  26.976  -17.083  70.648 0.0000000000
135746  27.785  -17.720  69.376 0.0000000000
53390  26.654  -15.934  68.407 0.0000000000
54376  25.382  -15.329  66.422 0.0000000000
54410  24.387  -15.719  64.628 0.0000000000
76770  46.596  7.478  53.347 0.0000000000
121924  44.263  5.743  52.533 0.0000000000
75845  45.495  6.763  52.533 0.0000000000
76780  46.416  7.325  52.412 0.0000000000
76784  46.555  7.327  51.475 0.0000000000
128163  46.763  7.366  50.576 0.0000000000
76794  46.744  7.176  49.659 0.0000000000
76798  46.806  7.048  48.806 0.0000000000
52375  21.437  -16.822  72.779 0.0000000000
51366  20.114  -17.710  72.223 0.0000000000
52355  20.369  -17.568  73.373 0.0000000000
51335  21.382  -18.152  74.808 0.0000000000
51297  21.645  -18.715  76.444 0.0000000000
128122  22.854  -19.467  77.172 0.0000000000
51278  20.408  -19.074  77.184 0.0000000000
129191  20.748  -19.479  78.470 0.0000000000
51287  33.374  -18.271  76.069 0.0000000000
50217  32.036  -19.201  75.428 0.0000000000
51331  30.388  -18.812  74.971 0.0000000000
52327  29.347  -17.480  74.899 0.0000000000
52297  28.398  -17.752  76.272 0.0000000000
130076  26.644  -17.410  74.143 0.0000000000
52350  25.156  -17.538  73.803 0.0000000000
52352  22.965  -17.391  73.569 0.0000000000
74942  44.482  5.902  56.039 0.0000000000
74081  43.654  5.123  54.701 0.0000000000
74082  43.170  4.783  54.494 0.0000000000
73183  40.654  3.651  54.596 0.0000000000
73195  40.993  4.051  53.961 0.0000000000
74094  40.869  4.413  53.049 0.0000000000
50259  19.813  -19.163  72.373 0.0000000000
49122  19.520  -20.852  72.000 0.0000000000
140788  19.144  -22.976  72.160 0.0000000000
48078  18.890  -21.386  74.211 0.0000000000
132032  19.584  -23.250  72.964 0.0000000000
46304  19.107  -23.661  72.335 0.0000000000
44358  18.376  -25.641  71.990 0.0000000000
43432  17.356  -26.356  71.849 0.0000000000
47130  17.850  -23.041  77.900 0.0000000000
45288  19.353  -24.752  76.296 0.0000000000
44299  18.167  -25.930  76.242 0.0000000000
44328  17.671  -25.475  74.751 0.0000000000
44329  16.876  -25.692  74.068 0.0000000000
40497  11.351  -29.826  82.799 0.0000000000
66495  36.662  -3.448  63.341 0.0000000000
63575  32.619  -6.389  63.542 0.0000000000
62582  31.485  -7.180  63.430 0.0000000000
62583  30.648  -7.644  63.808 0.0000000000
60593  30.003  -9.378  64.120 0.0000000000
61571  30.830  -8.070  66.208 0.0000000000
132246  30.410  -9.706  64.837 0.0000000000
59538  30.095  -10.353  63.753 0.0000000000
58534  31.360  -11.915  62.541 0.0000000000
57498  32.025  -12.596  62.250 0.0000000000
56437  32.015  -13.110  62.187 0.0000000000
123232  32.798  -12.564  63.496 0.0000000000
56428  31.905  -13.526  62.650 0.0000000000
55408  31.203  -14.706  61.588 0.0000000000
54454  30.520  -15.477  61.309 0.0000000000
52540  30.211  -17.561  60.685 0.0000000000
55335  33.393  -13.588  69.719 0.0000000000
50254  33.287  -19.004  73.216 0.0000000000
51362  33.328  -18.176  71.831 0.0000000000
52386  33.299  -17.475  71.379 0.0000000000
51394  31.150  -19.559  68.639 0.0000000000
52395  33.112  -18.195  70.094 0.0000000000
53357  33.094  -16.657  70.878 0.0000000000
54339  32.816  -15.380  69.568 0.0000000000
54350  32.929  -15.220  68.597 0.0000000000
55353  33.412  -14.395  68.334 0.0000000000
54373  33.482  -15.074  67.067 0.0000000000
146938  32.242  -15.655  66.040 0.0000000000
54389  31.215  -15.787  65.146 0.0000000000
141927  29.682  -17.505  65.110 0.0000000000
135717  29.954  -17.169  64.685 0.0000000000
53446  30.280  -16.421  64.151 0.0000000000
52521  29.270  -17.786  62.184 0.0000000000
65573  35.589  -4.669  61.592 0.0000000000
64613  34.318  -5.630  60.010 0.0000000000
63653  33.317  -5.931  58.983 0.0000000000
63655  31.982  -7.159  59.647 0.0000000000
63665  31.933  -6.945  58.733 0.0000000000
63674  32.513  -6.122  57.447 0.0000000000
75877  47.464  6.586  47.484 0.0000000000
67468  37.807  -2.112  62.642 0.0000000000
66508  37.140  -2.753  62.933 0.0000000000
68375  38.279  -1.368  62.841 0.0000000000
51387  20.591  -18.506  70.493 0.0000000000
50286  19.868  -20.183  70.109 0.0000000000
50271  20.346  -19.023  71.108 0.0000000000
53329  21.048  -16.716  71.919 0.0000000000
52389  21.101  -17.074  71.128 0.0000000000
52399  20.753  -17.685  70.758 0.0000000000
51397  20.690  -18.776  69.723 0.0000000000
70262  36.580  0.307  54.847 0.0000000000
69320  37.979  -0.314  56.655 0.0000000000
70249  38.574  0.536  56.574 0.0000000000
69333  37.802  0.444  56.202 0.0000000000
70260  38.134  1.159  56.052 0.0000000000
123741  15.280  -26.765  81.098 0.0000000000
43336  14.740  -26.734  80.415 0.0000000000
42345  14.128  -27.242  80.510 0.0000000000
129787  13.624  -27.170  79.772 0.0000000000
132129  34.652  -12.626  68.773 0.0000000000
57457  34.712  -12.036  68.279 0.0000000000
55352  34.019  -13.759  68.008 0.0000000000
52309  34.530  -17.018  76.325 0.0000000000
51329  33.723  -18.223  74.645 0.0000000000
54409  25.608  -15.789  64.748 0.0000000000
54408  26.043  -15.972  65.338 0.0000000000
53448  25.620  -16.075  63.916 0.0000000000
60607  29.622  -9.569  62.841 0.0000000000
77773  48.418  8.487  49.339 0.0000000000
76797  47.350  7.569  48.374 0.0000000000
67524  37.734  -2.791  58.686 0.0000000000
64653  34.324  -4.930  57.876 0.0000000000
64654  33.803  -5.266  57.453 0.0000000000
63673  33.141  -5.595  57.021 0.0000000000
68412  38.741  -1.835  59.385 0.0000000000
68397  39.303  -1.235  59.714 0.0000000000
68425  38.663  -1.689  58.658 0.0000000000
45355  18.570  -24.560  70.188 0.0000000000
135134  18.478  -25.158  69.729 0.0000000000
44364  18.470  -25.396  70.590 0.0000000000
145809  18.559  -24.606  70.946 0.0000000000
52346  29.203  -17.574  74.031 0.0000000000
51348  28.586  -17.989  73.069 0.0000000000
126019  27.822  -17.607  73.090 0.0000000000
53391  23.312  -16.459  68.815 0.0000000000
54343  23.980  -15.854  69.188 0.0000000000
53406  23.188  -16.472  67.857 0.0000000000
54354  23.879  -16.084  68.315 0.0000000000
132158  22.380  -16.556  66.569 0.0000000000
53421  21.954  -16.998  67.005 0.0000000000
55418  31.598  -13.948  61.471 0.0000000000
74093  43.598  4.963  53.998 0.0000000000
122045  44.373  5.663  54.196 0.0000000000
74960  43.696  5.260  53.135 0.0000000000
75862  45.153  5.716  50.019 0.0000000000
51315  24.389  -18.434  75.694 0.0000000000
51316  23.569  -18.517  75.572 0.0000000000
51314  25.243  -18.319  75.883 0.0000000000
143683  42.395  3.245  56.423 0.0000000000
128736  43.654  4.464  56.199 0.0000000000
72245  42.277  3.490  56.095 0.0000000000
51319  19.165  -18.273  75.183 0.0000000000
51337  18.782  -18.655  74.604 0.0000000000
46261  19.632  -23.719  75.100 0.0000000000
45313  19.687  -24.103  74.530 0.0000000000
44340  19.179  -24.868  73.978 0.0000000000
44327  18.580  -25.190  74.439 0.0000000000
44263  20.319  -25.559  79.418 0.0000000000
43399  14.203  -26.245  76.767 0.0000000000
132694  14.843  -26.017  76.295 0.0000000000
125857  14.564  -26.360  75.074 0.0000000000
59483  33.112  -10.513  66.392 0.0000000000
134178  32.071  -10.542  67.056 0.0000000000
59518  31.596  -10.507  65.437 0.0000000000
54424  31.043  -14.976  63.993 0.0000000000
133795  30.297  -15.575  62.855 0.0000000000
54425  30.485  -15.626  63.623 0.0000000000
50283  29.330  -20.412  70.249 0.0000000000
50297  29.205  -20.268  69.565 0.0000000000
52418  31.089  -18.350  67.579 0.0000000000
52435  31.422  -17.483  67.251 0.0000000000
52452  30.328  -17.450  66.338 0.0000000000
64582  33.823  -5.841  62.378 0.0000000000
63598  32.781  -6.604  62.048 0.0000000000
67481  38.310  -2.453  60.713 0.0000000000
67495  37.942  -3.046  60.291 0.0000000000
65586  36.211  -4.291  60.998 0.0000000000
66536  36.769  -3.852  60.452 0.0000000000
65600  35.554  -4.767  59.709 0.0000000000
70180  39.772  1.112  62.649 0.0000000000
129200  38.373  -1.730  62.129 0.0000000000
68389  38.617  -1.601  61.248 0.0000000000
125357  19.571  -21.006  70.277 0.0000000000
52371  25.261  -17.251  72.966 0.0000000000
53326  23.818  -16.610  72.272 0.0000000000
53363  22.157  -17.001  70.025 0.0000000000
129418  22.922  -16.388  70.929 0.0000000000
53377  22.692  -16.866  69.334 0.0000000000
53378  22.013  -17.279  69.341 0.0000000000
52420  21.620  -17.705  68.150 0.0000000000
142648  21.234  -18.220  68.452 0.0000000000
49159  19.689  -20.153  68.474 0.0000000000
50307  20.076  -19.489  68.418 0.0000000000
70235  41.365  1.209  58.499 0.0000000000
70236  40.797  1.316  57.546 0.0000000000
71224  39.774  1.573  56.618 0.0000000000
70246  40.624  1.947  56.660 0.0000000000
71223  41.242  2.273  56.629 0.0000000000
71233  40.166  2.122  56.335 0.0000000000
145304  40.653  2.371  56.251 0.0000000000
70272  37.762  1.559  54.971 0.0000000000
51280  18.526  -19.057  77.214 0.0000000000
49057  17.469  -20.376  77.376 0.0000000000
48053  17.525  -21.246  77.002 0.0000000000
47146  17.890  -21.991  76.631 0.0000000000
47138  17.716  -22.172  77.407 0.0000000000
129710  17.455  -27.029  80.040 0.0000000000
135461  18.489  -26.869  80.050 0.0000000000
128391  14.854  -26.371  78.945 0.0000000000
43368  15.403  -26.311  78.512 0.0000000000
43369  14.567  -26.288  78.322 0.0000000000
43385  14.284  -26.215  77.550 0.0000000000
42367  13.073  -26.918  77.992 0.0000000000
42358  12.902  -27.765  79.572 0.0000000000
42368  12.443  -27.436  78.616 0.0000000000
123824  12.203  -29.363  81.058 0.0000000000
40506  11.899  -29.496  82.006 0.0000000000
59463  34.401  -10.706  68.409 0.0000000000
58490  34.355  -11.114  67.013 0.0000000000
144183  33.800  -10.734  66.920 0.0000000000
58507  33.918  -11.565  65.424 0.0000000000
142515  33.737  -14.183  66.075 0.0000000000
56413  33.683  -13.527  65.636 0.0000000000
55374  32.846  -14.570  65.028 0.0000000000
54387  32.667  -15.197  65.655 0.0000000000
52419  27.759  -17.388  67.987 0.0000000000
52455  28.039  -17.771  66.513 0.0000000000
51438  28.788  -18.541  66.719 0.0000000000
52454  28.634  -18.260  66.175 0.0000000000
62601  30.867  -7.859  62.336 0.0000000000
60639  29.350  -9.143  60.558 0.0000000000
61664  29.282  -8.834  59.564 0.0000000000
136775  48.075  8.081  47.022 0.0000000000
75876  47.868  7.304  47.060 0.0000000000
69321  37.326  -0.970  56.431 0.0000000000
68446  37.608  -1.495  56.956 0.0000000000
67544  35.810  -2.406  56.755 0.0000000000
143841  35.318  -3.490  56.752 0.0000000000
66568  36.508  -3.738  58.895 0.0000000000
145917  36.283  -3.553  58.326 0.0000000000
129515  34.017  -4.928  56.674 0.0000000000
65643  34.369  -4.583  56.708 0.0000000000
65653  34.112  -4.452  55.772 0.0000000000
70191  40.343  0.893  61.764 0.0000000000
71170  40.967  1.308  61.639 0.0000000000
70202  41.016  0.305  60.244 0.0000000000
70215  40.803  0.306  59.459 0.0000000000
70224  41.162  0.830  59.162 0.0000000000
69297  40.351  -0.316  58.995 0.0000000000
126482  38.543  -1.355  57.883 0.0000000000
145971  39.710  -0.618  58.052 0.0000000000
69311  38.380  -0.881  57.202 0.0000000000
50228  31.684  -19.781  74.816 0.0000000000
49098  32.165  -20.276  74.500 0.0000000000
50243  30.277  -20.280  73.634 0.0000000000
51363  28.902  -19.102  72.700 0.0000000000
50258  28.705  -19.520  71.797 0.0000000000
51376  28.320  -18.852  71.265 0.0000000000
143159  26.204  -16.524  71.775 0.0000000000
54341  25.586  -15.715  69.574 0.0000000000
123074  26.555  -16.459  70.231 0.0000000000
52396  27.685  -17.588  70.261 0.0000000000
52408  27.174  -16.910  69.754 0.0000000000
53373  26.908  -16.222  69.087 0.0000000000
54377  24.530  -15.386  66.743 0.0000000000
54363  25.397  -15.483  67.317 0.0000000000
54392  24.551  -15.284  65.679 0.0000000000
54393  23.535  -15.726  65.239 0.0000000000
51425  20.335  -18.499  67.221 0.0000000000
51439  20.280  -18.415  66.355 0.0000000000
75829  45.933  7.246  56.065 0.0000000000
75837  45.690  7.468  54.920 0.0000000000
75839  45.920  7.126  53.922 0.0000000000
76756  46.662  7.595  54.286 0.0000000000
75844  45.916  7.139  53.159 0.0000000000
74968  42.680  5.447  51.613 0.0000000000
74963  43.468  5.558  52.094 0.0000000000
75849  44.805  6.011  51.383 0.0000000000
75846  44.823  6.181  52.116 0.0000000000
75848  45.346  6.541  51.661 0.0000000000
76781  45.892  6.998  51.811 0.0000000000
76785  45.868  6.875  51.042 0.0000000000
75855  46.211  6.722  50.173 0.0000000000
75860  46.387  6.571  49.339 0.0000000000
52353  22.010  -17.210  73.622 0.0000000000
52354  21.079  -17.371  73.429 0.0000000000
52335  21.720  -17.851  74.164 0.0000000000
51317  22.009  -18.422  75.633 0.0000000000
51318  20.997  -18.330  75.625 0.0000000000
51275  23.606  -19.211  77.171 0.0000000000
50190  22.406  -19.792  77.910 0.0000000000
51277  21.295  -19.084  77.155 0.0000000000
127622  21.736  -19.621  77.713 0.0000000000
50191  21.021  -19.344  77.836 0.0000000000
50215  32.887  -18.722  75.743 0.0000000000
51313  29.843  -18.113  75.371 0.0000000000
52298  27.577  -17.635  76.112 0.0000000000
52312  27.610  -17.319  75.248 0.0000000000
128047  26.961  -17.400  74.862 0.0000000000
135756  25.895  -17.469  74.192 0.0000000000
52330  26.229  -17.576  74.794 0.0000000000
52333  23.626  -17.725  74.203 0.0000000000
68460  35.502  -1.475  55.787 0.0000000000
73180  43.302  4.853  55.230 0.0000000000
73179  43.649  5.209  55.394 0.0000000000
74083  42.338  4.565  54.173 0.0000000000
72263  40.373  3.051  55.309 0.0000000000
72262  41.025  3.312  55.284 0.0000000000
73197  39.502  3.617  53.113 0.0000000000
73196  40.152  4.007  53.671 0.0000000000
73203  39.959  4.140  52.641 0.0000000000
52377  19.954  -17.693  73.075 0.0000000000
51378  20.134  -18.697  71.940 0.0000000000
51367  19.732  -18.326  72.721 0.0000000000
137413  19.065  -20.175  73.258 0.0000000000
124946  19.621  -20.049  72.399 0.0000000000
138889  19.242  -20.947  72.710 0.0000000000
48102  19.266  -21.609  72.046 0.0000000000
47187  19.265  -22.438  72.544 0.0000000000
49100  18.405  -20.636  74.659 0.0000000000
48066  18.683  -21.454  74.907 0.0000000000
46292  19.836  -23.445  73.776 0.0000000000
132933  19.682  -23.985  73.244 0.0000000000
45338  18.993  -24.411  72.484 0.0000000000
45349  18.579  -25.044  71.680 0.0000000000
45339  18.744  -25.015  72.561 0.0000000000
44352  17.467  -25.977  72.616 0.0000000000
43433  16.498  -26.332  72.390 0.0000000000
46216  19.203  -24.472  78.660 0.0000000000
46231  18.595  -23.731  77.533 0.0000000000
45274  19.295  -24.998  77.275 0.0000000000
43366  18.168  -26.826  78.318 0.0000000000
43382  17.940  -26.566  77.510 0.0000000000
44300  16.591  -25.992  75.711 0.0000000000
128123  17.287  -26.080  76.164 0.0000000000
44313  17.512  -25.753  75.546 0.0000000000
44314  16.737  -25.805  74.947 0.0000000000
144141  16.082  -25.972  74.460 0.0000000000
40496  12.064  -29.611  83.082 0.0000000000
40486  12.248  -29.746  84.008 0.0000000000
130700  11.052  -30.101  84.591 0.0000000000
40488  10.920  -29.876  83.489 0.0000000000
64554  34.532  -5.442  63.663 0.0000000000
63556  32.589  -6.273  64.315 0.0000000000
62565  32.082  -6.803  63.855 0.0000000000
142475  32.036  -6.707  64.614 0.0000000000
62566  31.284  -7.187  64.430 0.0000000000
62554  30.469  -7.931  64.691 0.0000000000
61603  30.133  -8.361  63.974 0.0000000000
61586  30.309  -8.880  64.786 0.0000000000
61565  31.181  -8.788  66.951 0.0000000000
59519  30.799  -10.222  65.201 0.0000000000
60576  30.530  -9.490  65.474 0.0000000000
59529  30.533  -10.292  64.451 0.0000000000
58525  30.734  -11.164  63.241 0.0000000000
57489  32.261  -12.086  62.828 0.0000000000
56427  32.335  -12.706  62.813 0.0000000000
134610  33.743  -12.547  64.852 0.0000000000
57482  33.379  -12.101  64.037 0.0000000000
56421  32.311  -13.566  63.617 0.0000000000
55407  31.430  -14.380  62.402 0.0000000000
49120  31.803  -21.233  72.713 0.0000000000
50242  32.838  -19.986  73.470 0.0000000000
49119  32.439  -20.626  72.810 0.0000000000
135543  32.460  -19.888  70.755 0.0000000000
51375  32.938  -19.086  71.459 0.0000000000
51374  33.193  -18.232  70.950 0.0000000000
50296  29.797  -19.795  68.886 0.0000000000
51404  32.181  -18.197  68.568 0.0000000000
51393  31.952  -18.791  69.026 0.0000000000
52406  32.762  -18.020  69.240 0.0000000000
136728  33.242  -17.513  70.541 0.0000000000
52405  33.185  -17.432  69.801 0.0000000000
53371  33.108  -16.502  69.858 0.0000000000
53387  33.005  -16.176  68.897 0.0000000000
54360  33.212  -15.064  67.837 0.0000000000
54361  33.042  -15.663  67.432 0.0000000000
53416  31.282  -16.423  66.368 0.0000000000
53415  31.859  -15.968  66.356 0.0000000000
54388  31.808  -15.583  65.522 0.0000000000
52473  29.371  -17.847  65.472 0.0000000000
52489  29.294  -17.636  64.776 0.0000000000
138691  29.553  -17.339  64.349 0.0000000000
53463  29.725  -17.025  63.920 0.0000000000
65558  36.254  -4.118  62.875 0.0000000000
65559  35.653  -4.638  62.493 0.0000000000
64614  33.676  -6.076  60.606 0.0000000000
64597  34.346  -5.580  60.938 0.0000000000
133665  33.758  -5.943  59.753 0.0000000000
62635  31.470  -7.782  60.861 0.0000000000
63642  32.039  -7.343  60.505 0.0000000000
62658  31.294  -7.301  58.088 0.0000000000
63664  32.570  -6.336  58.370 0.0000000000
63675  31.893  -6.710  57.771 0.0000000000
77796  49.960  8.938  45.956 0.0000000000
78845  50.899  9.408  46.216 0.0000000000
75866  46.958  6.859  47.999 0.0000000000
75012  46.878  5.915  47.830 0.0000000000
67467  38.150  -2.390  61.650 0.0000000000
66521  37.301  -3.319  61.487 0.0000000000
66522  36.784  -3.779  61.314 0.0000000000
50299  19.922  -19.802  69.230 0.0000000000
49148  19.531  -20.684  69.267 0.0000000000
49140  19.847  -20.543  70.844 0.0000000000
53327  22.915  -16.493  72.276 0.0000000000
53345  21.811  -16.820  71.303 0.0000000000
137281  21.765  -17.056  70.635 0.0000000000
52398  21.457  -17.477  70.115 0.0000000000
52421  21.018  -18.554  69.090 0.0000000000
70238  39.688  0.020  57.402 0.0000000000
70248  39.341  0.745  56.842 0.0000000000
50173  19.242  -19.559  78.869 0.0000000000
50194  18.060  -19.373  77.810 0.0000000000
50174  18.485  -19.656  78.638 0.0000000000
43354  14.796  -26.475  79.604 0.0000000000
126280  14.115  -26.458  79.030 0.0000000000
142591  13.778  -26.736  79.373 0.0000000000
41403  12.948  -28.490  80.340 0.0000000000
41402  13.236  -28.423  81.100 0.0000000000
41394  13.314  -28.434  81.999 0.0000000000
57456  34.830  -11.351  68.730 0.0000000000
57464  34.570  -11.942  67.356 0.0000000000
57470  34.352  -12.804  66.881 0.0000000000
132820  33.948  -14.406  66.727 0.0000000000
53419  26.714  -16.364  66.627 0.0000000000
53404  27.447  -16.966  67.186 0.0000000000
53433  26.642  -16.434  65.678 0.0000000000
53432  27.430  -16.996  65.112 0.0000000000
129643  26.360  -16.609  63.830 0.0000000000
126129  30.272  -8.062  63.137 0.0000000000
61620  30.055  -8.539  62.214 0.0000000000
61640  29.593  -9.106  61.615 0.0000000000
137157  47.641  7.763  50.635 0.0000000000
77766  48.430  8.085  50.846 0.0000000000
77778  50.221  9.269  49.023 0.0000000000
68438  37.487  -1.954  57.401 0.0000000000
66582  36.365  -3.001  57.880 0.0000000000
65620  35.412  -4.681  58.776 0.0000000000
65633  35.319  -4.360  57.970 0.0000000000
69256  39.741  -0.466  61.089 0.0000000000
69268  40.512  -0.167  60.624 0.0000000000
69269  39.946  -0.791  60.201 0.0000000000
69284  39.986  -0.965  59.373 0.0000000000
69298  39.878  -0.866  58.658 0.0000000000
43451  18.239  -26.277  70.519 0.0000000000
132792  30.267  -18.913  74.427 0.0000000000
50230  30.104  -19.036  73.919 0.0000000000
51347  29.476  -18.353  73.564 0.0000000000
53360  24.703  -15.869  70.706 0.0000000000
54330  24.988  -15.607  70.048 0.0000000000
54342  24.788  -15.683  69.404 0.0000000000
54352  25.471  -15.674  68.831 0.0000000000
54365  23.748  -15.940  67.279 0.0000000000
54394  22.796  -15.962  65.535 0.0000000000
53420  22.276  -16.413  65.818 0.0000000000
142325  21.829  -16.920  66.228 0.0000000000
74955  44.427  6.125  54.614 0.0000000000
74958  44.952  5.940  53.864 0.0000000000
75841  44.965  6.090  52.992 0.0000000000
74967  43.434  5.564  51.224 0.0000000000
74976  43.491  5.439  50.301 0.0000000000
75857  44.907  5.868  50.714 0.0000000000
51333  23.159  -18.285  74.832 0.0000000000
134073  22.834  -18.555  75.545 0.0000000000
125253  23.218  -18.849  76.072 0.0000000000
52314  25.766  -17.954  75.335 0.0000000000
52331  25.427  -17.783  74.590 0.0000000000
52315  24.909  -18.168  75.104 0.0000000000
73164  43.498  4.856  55.770 0.0000000000
132789  39.072  2.817  54.261 0.0000000000
51349  19.457  -18.149  73.541 0.0000000000
51350  19.011  -18.584  73.887 0.0000000000
47152  19.072  -22.128  75.268 0.0000000000
47165  19.389  -22.211  74.542 0.0000000000
46279  19.813  -23.493  74.291 0.0000000000
129553  19.848  -23.914  73.930 0.0000000000
45324  19.532  -24.442  73.610 0.0000000000
44350  18.990  -24.983  73.251 0.0000000000
44341  18.453  -25.262  73.635 0.0000000000
44342  17.599  -25.621  73.389 0.0000000000
46205  18.538  -23.802  79.312 0.0000000000
45259  19.519  -25.101  78.267 0.0000000000
129392  17.046  -26.636  77.255 0.0000000000
43398  15.503  -26.078  76.801 0.0000000000
44301  15.648  -25.965  75.952 0.0000000000
63543  32.470  -6.310  65.325 0.0000000000
62541  31.942  -6.797  66.136 0.0000000000
134493  31.308  -7.339  65.991 0.0000000000
59465  32.390  -10.142  68.338 0.0000000000
59484  31.908  -10.147  67.675 0.0000000000
60559  31.379  -9.984  66.891 0.0000000000
59528  31.467  -10.634  64.544 0.0000000000
58515  32.272  -11.048  63.886 0.0000000000
58523  32.658  -11.777  63.494 0.0000000000
55384  32.546  -14.086  64.490 0.0000000000
53484  29.615  -16.812  62.139 0.0000000000
49131  30.894  -21.397  71.270 0.0000000000
49130  31.578  -21.377  71.569 0.0000000000
49139  31.363  -21.237  70.615 0.0000000000
50281  31.101  -20.818  69.766 0.0000000000
50280  31.933  -20.601  70.129 0.0000000000
51406  30.576  -19.047  68.124 0.0000000000
52416  32.597  -17.534  68.425 0.0000000000
130879  32.806  -16.282  67.751 0.0000000000
53403  31.680  -16.604  66.887 0.0000000000
53417  30.725  -16.727  66.044 0.0000000000
52507  28.443  -17.695  63.787 0.0000000000
128543  28.854  -17.639  63.061 0.0000000000
51499  28.695  -18.331  62.270 0.0000000000
64567  34.438  -5.438  62.734 0.0000000000
65560  35.031  -5.084  62.161 0.0000000000
64598  33.825  -5.958  61.522 0.0000000000
138850  32.968  -6.405  60.657 0.0000000000
62644  30.671  -7.928  59.327 0.0000000000
62651  30.662  -7.810  58.403 0.0000000000
131219  49.373  9.022  46.938 0.0000000000
67508  37.921  -3.006  59.405 0.0000000000
66551  36.670  -3.819  59.619 0.0000000000
65619  36.114  -4.360  59.226 0.0000000000
143875  34.963  -4.917  58.699 0.0000000000
71154  40.554  1.559  62.370 0.0000000000
69242  38.919  -0.128  62.507 0.0000000000
126056  39.131  -0.368  61.747 0.0000000000
68398  38.734  -1.804  60.210 0.0000000000
46358  18.800  -23.036  68.341 0.0000000000
46342  18.725  -23.057  69.374 0.0000000000
131886  18.701  -23.102  70.330 0.0000000000
144574  26.545  -17.310  73.429 0.0000000000
126716  26.912  -17.486  72.763 0.0000000000
134777  26.150  -17.015  72.918 0.0000000000
53324  25.809  -16.605  72.313 0.0000000000
53342  24.280  -16.299  71.498 0.0000000000
53343  23.350  -16.341  71.543 0.0000000000
53361  23.629  -16.108  70.660 0.0000000000
53392  22.598  -16.904  68.401 0.0000000000
52439  21.032  -18.066  67.687 0.0000000000
51426  20.031  -19.238  67.614 0.0000000000
74964  42.734  5.271  52.510 0.0000000000
74969  41.864  5.313  51.992 0.0000000000
51274  24.564  -18.804  77.176 0.0000000000
51273  25.333  -18.802  77.595 0.0000000000
71203  42.569  2.070  58.236 0.0000000000
71214  41.805  2.221  56.906 0.0000000000
72236  41.764  2.750  56.430 0.0000000000
72246  41.500  3.039  56.021 0.0000000000
72248  40.319  2.492  55.920 0.0000000000
71248  39.073  2.220  55.646 0.0000000000
72265  38.745  2.400  54.684 0.0000000000
127185  38.004  2.120  54.168 0.0000000000
146497  18.945  -18.763  76.664 0.0000000000
51320  18.458  -18.844  75.517 0.0000000000
51300  18.373  -18.923  76.442 0.0000000000
50219  17.838  -19.380  76.224 0.0000000000
49083  17.542  -20.186  76.045 0.0000000000
50206  17.472  -19.781  76.826 0.0000000000
48060  17.677  -21.221  76.112 0.0000000000
48059  18.460  -22.062  75.934 0.0000000000
47144  19.355  -23.374  75.907 0.0000000000
128430  19.521  -24.058  75.880 0.0000000000
43350  19.416  -26.673  79.578 0.0000000000
43351  18.324  -26.904  79.244 0.0000000000
127949  16.991  -26.840  77.972 0.0000000000
43367  16.263  -26.432  78.766 0.0000000000
125177  16.013  -26.340  78.069 0.0000000000
43400  13.638  -26.648  76.469 0.0000000000
42379  13.055  -27.043  77.134 0.0000000000
59450  33.957  -10.170  69.054 0.0000000000
59464  33.454  -10.502  68.363 0.0000000000
59516  33.535  -10.802  65.611 0.0000000000
58508  33.466  -10.998  64.883 0.0000000000
56414  33.282  -13.746  64.921 0.0000000000
141140  28.152  -18.676  68.986 0.0000000000
142165  28.802  -19.881  69.308 0.0000000000
137191  28.264  -18.812  68.235 0.0000000000
131379  28.639  -18.961  68.053 0.0000000000
52437  28.109  -17.992  67.265 0.0000000000
51423  28.481  -18.611  67.471 0.0000000000
51422  29.073  -18.736  67.425 0.0000000000
144621  29.751  -18.334  67.287 0.0000000000
140230  29.384  -18.361  66.717 0.0000000000
144793  29.937  -17.849  66.591 0.0000000000
52474  28.784  -18.011  65.358 0.0000000000
52491  27.923  -17.537  64.389 0.0000000000
63576  32.253  -6.798  62.886 0.0000000000
63599  32.114  -7.102  61.936 0.0000000000
62620  31.492  -7.608  61.728 0.0000000000
62636  30.556  -8.107  60.340 0.0000000000
61663  29.875  -8.292  59.480 0.0000000000
77779  49.475  9.245  48.173 0.0000000000
76816  48.438  7.646  46.690 0.0000000000
145819  36.860  -0.683  55.942 0.0000000000
68448  36.060  -1.758  56.545 0.0000000000
138247  36.814  -3.041  58.568 0.0000000000
66591  34.616  -4.151  56.372 0.0000000000
125289  41.144  0.604  61.007 0.0000000000
146759  41.845  1.131  60.828 0.0000000000
70223  41.770  1.134  59.319 0.0000000000
70225  40.655  0.545  58.496 0.0000000000
51311  33.267  -18.649  75.263 0.0000000000
51330  33.299  -18.958  74.650 0.0000000000
141251  31.708  -20.768  73.687 0.0000000000
50256  29.978  -20.842  72.849 0.0000000000
50268  30.079  -20.889  71.748 0.0000000000
50269  29.357  -20.307  71.280 0.0000000000
51385  28.419  -18.989  70.409 0.0000000000
124354  26.970  -17.848  71.906 0.0000000000
51365  27.775  -18.208  71.597 0.0000000000
53358  26.327  -16.483  71.018 0.0000000000
52387  27.407  -17.677  71.126 0.0000000000
51386  28.064  -18.201  70.767 0.0000000000
51396  28.204  -18.289  69.920 0.0000000000
52407  27.479  -17.066  68.837 0.0000000000
53389  27.198  -16.496  68.207 0.0000000000
54362  26.103  -15.589  68.082 0.0000000000
54375  26.126  -15.615  67.079 0.0000000000
54391  25.485  -15.520  65.500 0.0000000000
52457  20.783  -17.748  66.735 0.0000000000
52477  20.625  -17.826  65.953 0.0000000000
58536  29.588  -11.282  62.004 0.0000000000
76769  47.414  7.819  53.656 0.0000000000
136648  44.188  5.709  51.714 0.0000000000
76779  47.307  7.706  52.721 0.0000000000
76783  47.229  7.655  51.874 0.0000000000
76791  47.198  7.646  51.178 0.0000000000
76793  47.352  7.625  49.895 0.0000000000
128873  47.150  7.494  49.181 0.0000000000
52390  20.505  -17.196  71.666 0.0000000000
52376  20.519  -17.116  72.594 0.0000000000
127913  20.776  -17.873  74.056 0.0000000000
52336  20.355  -17.956  74.827 0.0000000000
141508  19.875  -18.156  75.640 0.0000000000
51298  20.662  -18.611  76.447 0.0000000000
138282  23.238  -19.132  76.605 0.0000000000
50189  23.215  -19.593  77.852 0.0000000000
51276  22.129  -19.443  77.172 0.0000000000
51299  19.709  -18.672  76.517 0.0000000000
50192  20.170  -19.334  77.908 0.0000000000
50172  20.001  -19.424  78.690 0.0000000000
50156  20.800  -19.483  79.337 0.0000000000
145482  34.305  -17.428  76.576 0.0000000000
51310  33.691  -18.015  75.742 0.0000000000
136518  32.797  -19.332  75.126 0.0000000000
50227  32.452  -19.662  75.032 0.0000000000
50218  31.121  -19.068  75.218 0.0000000000
52328  28.631  -17.246  74.580 0.0000000000
52311  28.488  -17.324  75.429 0.0000000000
144719  28.153  -17.184  74.939 0.0000000000
52329  27.671  -17.309  74.462 0.0000000000
145251  24.772  -17.385  73.377 0.0000000000
52351  24.359  -17.375  73.787 0.0000000000
52373  23.367  -16.821  72.995 0.0000000000
52374  22.435  -16.817  72.945 0.0000000000
69335  36.223  -0.377  55.373 0.0000000000
126261  45.399  6.363  56.391 0.0000000000
123210  44.167  5.946  55.314 0.0000000000
74065  43.941  5.482  55.697 0.0000000000
74080  43.952  5.537  54.844 0.0000000000
73166  41.421  3.322  55.579 0.0000000000
73165  42.094  3.707  55.591 0.0000000000
73182  41.595  3.974  54.807 0.0000000000
74084  41.537  4.417  53.786 0.0000000000
74096  41.880  4.913  52.995 0.0000000000
50272  20.130  -19.601  71.734 0.0000000000
49132  19.845  -20.375  71.541 0.0000000000
48111  19.473  -21.142  71.217 0.0000000000
145494  19.145  -21.861  71.255 0.0000000000
47199  19.044  -22.399  71.682 0.0000000000
46317  18.768  -23.199  71.378 0.0000000000
137530  18.473  -19.233  74.771 0.0000000000
50231  18.448  -19.839  74.521 0.0000000000
48091  19.038  -21.164  73.513 0.0000000000
48077  19.376  -22.122  73.871 0.0000000000
45348  18.654  -24.120  71.597 0.0000000000
43442  18.110  -26.255  71.359 0.0000000000
140378  18.095  -26.014  72.132 0.0000000000
137008  17.379  -26.769  71.204 0.0000000000
47137  18.169  -22.946  77.142 0.0000000000
46247  18.785  -23.398  76.741 0.0000000000
43364  20.017  -26.297  78.951 0.0000000000
44272  19.907  -25.595  78.712 0.0000000000
44284  19.348  -25.780  77.739 0.0000000000
43396  17.633  -26.304  76.780 0.0000000000
43395  18.721  -26.353  76.948 0.0000000000
44297  19.216  -25.567  76.729 0.0000000000
44298  18.982  -25.906  76.384 0.0000000000
44311  19.268  -25.236  75.826 0.0000000000
44330  15.887  -26.088  73.751 0.0000000000
43423  15.732  -26.306  72.955 0.0000000000
41385  12.707  -29.048  82.478 0.0000000000
40487  11.540  -29.886  83.799 0.0000000000
63574  33.192  -5.935  63.823 0.0000000000
61604  29.763  -8.862  63.195 0.0000000000
60606  29.730  -9.593  63.457 0.0000000000
61572  30.502  -8.478  65.510 0.0000000000
60560  30.725  -9.191  66.239 0.0000000000
144433  29.726  -10.090  63.191 0.0000000000
140422  29.953  -10.683  63.152 0.0000000000
58535  30.155  -11.317  62.666 0.0000000000
122420  31.265  -12.563  61.838 0.0000000000
54453  31.214  -14.892  60.697 0.0000000000
54465  30.571  -15.845  60.370 0.0000000000
53500  29.987  -16.491  61.075 0.0000000000
130657  34.161  -12.942  69.382 0.0000000000
146358  33.482  -18.752  74.052 0.0000000000
51346  33.664  -18.188  73.684 0.0000000000
50255  32.842  -19.799  72.375 0.0000000000
145259  33.217  -18.804  72.300 0.0000000000
135108  33.502  -18.170  72.726 0.0000000000
53340  33.291  -16.726  71.881 0.0000000000
50295  30.797  -20.256  69.166 0.0000000000
50294  31.695  -19.849  69.445 0.0000000000
130733  32.480  -18.871  69.747 0.0000000000
139457  33.061  -16.020  71.516 0.0000000000
54329  32.829  -15.504  70.708 0.0000000000
55336  32.832  -14.405  70.163 0.0000000000
55345  33.052  -14.409  69.162 0.0000000000
55344  33.650  -13.677  68.846 0.0000000000
55359  33.775  -14.441  67.529 0.0000000000
54374  32.766  -15.578  66.548 0.0000000000
54407  30.855  -15.710  64.462 0.0000000000
52472  30.102  -17.336  65.535 0.0000000000
53431  30.665  -16.472  65.123 0.0000000000
130045  29.646  -18.283  61.407 0.0000000000
65572  36.211  -4.180  61.920 0.0000000000
65574  34.939  -5.076  61.265 0.0000000000
65588  34.906  -5.125  60.336 0.0000000000
64631  34.139  -5.508  59.174 0.0000000000
63663  33.245  -5.753  57.929 0.0000000000
63621  32.540  -6.849  61.124 0.0000000000
63641  32.541  -6.765  60.209 0.0000000000
63654  32.559  -6.568  59.328 0.0000000000
76806  47.424  7.292  47.663 0.0000000000
43380  19.472  -26.246  78.354 0.0000000000
44285  19.049  -26.252  77.038 0.0000000000
44312  18.634  -25.450  75.451 0.0000000000
45300  19.483  -24.444  75.373 0.0000000000
46246  19.201  -24.179  76.736 0.0000000000
47151  19.604  -22.915  74.959 0.0000000000
47175  19.578  -22.685  73.452 0.0000000000
49097  32.307  -20.589  73.654 0.0000000000
49099  31.206  -20.318  74.081 0.0000000000
49111  18.722  -20.444  73.997 0.0000000000
49129  32.299  -20.847  71.948 0.0000000000
50195  17.639  -19.685  77.618 0.0000000000
50216  32.564  -18.989  75.477 0.0000000000
50226  33.009  -19.605  74.908 0.0000000000
50241  33.151  -19.459  74.157 0.0000000000
50267  32.559  -20.096  71.496 0.0000000000
51286  33.924  -17.781  76.359 0.0000000000
51336  19.314  -18.129  74.372 0.0000000000
51384  32.786  -18.952  70.525 0.0000000000
51395  28.462  -19.226  69.540 0.0000000000
52310  34.130  -17.539  75.849 0.0000000000
52345  33.676  -17.429  73.291 0.0000000000
52348  27.301  -17.442  73.599 0.0000000000
53344  22.565  -16.535  71.500 0.0000000000
53375  24.239  -15.791  69.961 0.0000000000
53408  22.035  -17.162  67.820 0.0000000000
54340  26.241  -15.749  68.945 0.0000000000
54364  24.545  -15.794  67.749 0.0000000000
54379  22.734  -16.120  66.165 0.0000000000
64645  34.556  -5.085  58.596 0.0000000000
66590  34.945  -3.625  56.307 0.0000000000
70214  41.403  0.789  59.802 0.0000000000
124376  33.360  -6.200  62.039 0.0000000000
126719  25.056  -15.465  64.933 0.0000000000
127201  19.816  -19.831  67.870 0.0000000000
137372  23.740  -17.177  73.583 0.0000000000
139398  49.706  8.801  50.376 0.0000000000
142794  18.319  -21.552  75.492 0.0000000000
144495  22.352  -17.140  68.925 0.0000000000
144887  18.011  -22.467  76.901 0.0000000000
145436  33.209  -17.035  70.262 0.0000000000
145793  26.751  -16.378  69.715 0.0000000000
146007  18.751  -24.167  78.087 0.0000000000
146572  21.439  -17.291  66.649 0.0000000000
