#!ascii label  , from subject sub-v1s15x0050186_ses-1 vox2ras=TkReg
1925
3787  27.395  -75.005  6.600 0.6999999881
2917  27.196  -76.183  6.487 0.8000000119
134627  27.266  -75.479  8.559 0.8000000119
3318  26.865  -75.649  8.872 0.6999999881
3350  27.427  -75.519  4.630 0.6000000238
125432  27.440  -75.909  5.297 0.6000000238
2907  27.042  -76.170  7.203 0.6000000238
3359  27.037  -75.319  3.350 0.6000000238
3317  27.472  -74.993  9.159 0.8000000119
3308  27.068  -75.310  9.524 0.6999999881
3758  26.270  -74.668  11.084 0.6999999881
3281  25.328  -74.900  10.945 0.6999999881
3803  27.402  -74.972  5.261 0.6000000238
3775  27.508  -75.048  8.269 0.6999999881
3309  26.090  -75.459  9.557 0.6999999881
3824  26.279  -74.714  2.767 0.6000000238
124267  25.615  -74.396  2.088 0.6000000238
124771  26.397  -75.963  1.798 0.6000000238
2963  24.756  -76.339  0.221 0.6000000238
2962  25.789  -76.865  0.853 0.6000000238
3744  27.290  -74.107  11.035 0.8000000119
127327  26.520  -73.255  12.515 0.8000000119
4224  25.662  -73.542  12.742 0.6999999881
4737  24.581  -72.483  13.479 0.6999999881
139392  23.842  -72.758  13.482 0.6999999881
3756  27.388  -74.254  10.472 0.8000000119
3732  26.165  -73.982  12.201 0.6999999881
4225  24.934  -73.729  12.911 0.6999999881
3757  26.992  -74.564  10.791 0.8000000119
127860  25.207  -74.209  12.361 0.6999999881
3782  27.423  -75.022  7.356 0.6999999881
3351  27.242  -75.075  3.999 0.6999999881
3825  25.748  -73.763  2.803 0.6000000238
3813  26.514  -74.196  3.594 0.6000000238
3390  25.068  -75.479  0.664 0.6000000238
3379  25.621  -75.127  1.370 0.6000000238
2964  24.484  -75.891  -0.590 0.6000000238
2562  26.002  -78.286  -1.746 0.6999999881
128110  25.066  -77.520  -1.359 0.6000000238
1845  27.608  -78.915  -1.809 0.5000000000
2189  26.653  -78.934  -1.927 0.6000000238
1841  28.287  -79.139  -1.605 0.5000000000
4735  26.213  -71.995  13.188 0.8999999762
4736  25.520  -72.174  13.407 0.8000000119
5241  24.893  -71.520  13.588 0.6999999881
4248  27.403  -73.585  10.663 0.6999999881
4223  27.186  -73.010  12.024 0.8999999762
124269  22.868  -71.823  13.430 0.6999999881
126116  27.263  -74.129  7.702 0.8000000119
123954  27.465  -74.284  8.718 0.8000000119
4283  27.068  -73.622  5.867 0.8000000119
4837  26.687  -73.107  3.946 0.6999999881
3794  27.312  -74.442  5.932 0.6999999881
4297  26.121  -73.330  3.417 0.8000000119
4305  25.435  -73.035  2.704 0.8000000119
122691  24.976  -73.500  1.959 0.6999999881
3832  24.988  -74.284  1.462 0.6999999881
3391  24.543  -75.309  0.062 0.6000000238
2977  25.062  -76.679  -1.312 0.6999999881
2560  27.952  -77.897  -1.754 0.6999999881
126324  27.095  -72.413  11.860 0.8999999762
134772  23.291  -70.766  13.562 0.6999999881
4257  27.299  -73.090  9.840 0.8000000119
4778  27.245  -72.819  10.607 0.8000000119
4264  27.121  -73.335  8.028 0.6999999881
4827  27.081  -72.831  4.645 0.6999999881
4816  27.201  -72.679  5.589 0.6000000238
138709  26.887  -73.238  4.629 0.8000000119
4838  26.074  -72.793  3.248 0.8000000119
4313  24.968  -72.839  1.981 0.8000000119
4314  24.468  -73.012  1.187 0.6999999881
129040  24.069  -73.661  -0.114 0.8000000119
3833  24.420  -73.783  0.809 0.6999999881
4335  24.163  -73.630  -1.012 0.8000000119
3407  27.279  -76.212  -1.545 0.6999999881
134986  25.610  -76.166  -1.408 0.6999999881
3410  24.529  -75.097  -0.937 0.6999999881
2974  28.087  -77.403  -1.643 0.6999999881
2975  27.350  -76.985  -1.602 0.6999999881
6553  19.342  -70.204  -0.392 0.6000000238
6552  19.710  -69.729  -1.013 0.6000000238
6579  18.268  -69.911  -1.397 0.6000000238
7250  17.296  -69.143  -1.097 0.6999999881
5240  25.905  -71.237  13.357 0.8999999762
130820  24.279  -70.921  13.637 0.6999999881
4797  27.322  -72.664  7.395 0.6000000238
5321  27.320  -72.277  5.180 0.6000000238
5310  27.357  -72.263  5.825 0.6000000238
5338  26.644  -72.400  3.350 0.6999999881
5923  25.828  -71.278  1.262 0.6999999881
5348  25.705  -72.102  2.337 0.6999999881
7811  19.987  -67.567  9.511 0.6999999881
7126  19.723  -67.983  9.316 0.6999999881
5361  25.231  -71.904  1.637 0.8000000119
4847  25.408  -72.500  2.335 0.8000000119
7828  20.628  -67.741  8.132 0.6000000238
7812  19.739  -67.895  8.329 0.6000000238
125786  19.504  -68.569  7.734 0.6999999881
4858  24.727  -72.370  1.350 0.6999999881
7154  19.787  -67.890  7.463 0.5000000000
7165  19.307  -68.660  6.411 0.6999999881
4331  23.774  -73.101  -0.654 0.8000000119
4325  23.921  -73.106  0.181 0.8000000119
7842  19.985  -67.762  7.110 0.5000000000
7861  20.049  -67.890  5.883 0.5000000000
3408  26.321  -75.526  -1.487 0.6999999881
7860  20.878  -68.087  5.406 0.5000000000
7864  22.059  -68.152  4.085 0.6000000238
125018  21.042  -68.185  3.909 0.5000000000
7866  19.883  -68.064  4.259 0.6000000238
7191  19.294  -68.262  3.362 0.6999999881
6527  18.439  -69.515  2.482 0.6999999881
7873  20.417  -68.171  3.365 0.5000000000
7881  20.061  -68.176  2.556 0.6000000238
7199  19.108  -68.393  2.304 0.6000000238
7230  19.691  -69.184  -0.125 0.6000000238
7872  21.739  -68.216  3.350 0.6000000238
7215  19.977  -68.328  1.596 0.6000000238
7229  20.248  -68.487  0.280 0.6000000238
7894  22.058  -67.825  2.029 0.5000000000
134923  21.185  -68.164  1.862 0.5000000000
7236  20.466  -68.192  -0.858 0.6000000238
7248  19.044  -68.977  -1.766 0.6000000238
7249  18.268  -68.908  -1.547 0.6999999881
7922  16.182  -67.565  -0.428 0.6000000238
7240  14.804  -68.064  -0.182 0.6999999881
131553  21.053  -68.127  0.908 0.6000000238
7908  21.116  -67.933  -0.243 0.6000000238
7237  19.741  -68.386  -1.244 0.6000000238
7934  18.714  -67.690  -1.786 0.6999999881
8606  16.507  -67.026  -0.234 0.5000000000
5766  25.120  -70.561  13.517 0.8999999762
4791  27.172  -72.646  8.341 0.6000000238
5267  26.841  -72.212  10.025 0.6999999881
5768  23.345  -69.594  13.419 0.8000000119
5785  21.816  -70.705  12.818 0.6999999881
6422  21.314  -69.087  12.148 0.6999999881
7075  22.878  -68.685  12.914 0.8000000119
5337  27.322  -71.745  3.356 0.6999999881
125629  21.165  -68.004  10.964 0.8000000119
7109  20.324  -68.187  10.690 0.6000000238
7810  20.639  -67.612  9.054 0.6999999881
7141  21.858  -68.099  8.259 0.6000000238
5393  23.658  -71.690  -0.769 0.8000000119
5937  24.247  -71.242  -0.267 0.8000000119
5401  24.292  -71.857  -1.801 0.8000000119
7841  20.794  -67.988  7.183 0.5000000000
4882  25.065  -72.775  -1.699 0.8000000119
7852  20.626  -67.944  6.307 0.5000000000
122865  22.762  -68.045  5.635 0.5000000000
8549  22.495  -67.042  4.177 0.6000000238
7859  22.171  -68.218  4.855 0.6000000238
9298  22.306  -66.186  3.562 0.6000000238
8554  22.202  -66.844  3.003 0.6000000238
138420  15.001  -66.578  0.448 0.5000000000
143139  21.620  -67.701  1.361 0.5000000000
8590  15.939  -66.587  0.459 0.5000000000
8607  15.388  -67.007  -0.007 0.6000000238
7907  21.632  -67.414  0.482 0.6000000238
7918  21.047  -67.502  -1.358 0.6999999881
8617  19.490  -67.254  -1.715 0.6999999881
141616  18.004  -67.363  -1.233 0.6999999881
9333  22.138  -65.717  0.389 0.6000000238
7920  18.577  -66.833  -1.247 0.6000000238
137402  22.154  -65.668  -0.414 0.6999999881
8615  21.032  -66.424  -1.779 0.6000000238
8604  19.620  -66.367  -1.611 0.5000000000
4770  26.901  -72.136  11.069 0.6999999881
5764  26.313  -70.937  12.718 0.6999999881
5765  25.788  -70.374  13.144 0.6999999881
6397  24.184  -69.238  13.196 0.8000000119
6414  23.983  -68.701  12.635 0.6999999881
142764  21.822  -67.922  10.236 0.6999999881
7097  21.686  -68.329  11.735 0.6999999881
146129  14.366  -65.414  2.831 0.5000000000
9273  21.225  -65.074  5.146 0.5000000000
9284  22.232  -65.605  4.389 0.6000000238
9338  15.062  -65.888  1.552 0.5000000000
9285  21.075  -64.945  4.454 0.5000000000
10055  20.430  -64.594  4.907 0.5000000000
8560  22.169  -66.938  2.275 0.6000000238
8588  18.042  -66.452  -0.166 0.5000000000
123964  20.467  -64.519  4.057 0.5000000000
9311  21.348  -65.218  2.433 0.6000000238
136809  21.954  -65.892  1.598 0.6000000238
9317  21.396  -64.954  1.537 0.6000000238
5262  26.449  -71.367  11.206 0.6999999881
5783  26.072  -70.396  12.549 0.6999999881
6413  24.772  -69.272  12.668 0.6999999881
131218  22.135  -64.624  -1.080 0.5000000000
10826  20.017  -63.839  4.628 0.5000000000
9353  20.700  -65.089  -1.578 0.5000000000
123984  20.152  -64.054  2.737 0.5000000000
10096  22.157  -64.992  0.533 0.5000000000
129809  22.299  -64.838  -0.455 0.5000000000
9358  21.417  -65.462  -1.475 0.5000000000
10144  21.924  -63.961  -1.092 0.5000000000
10879  20.385  -63.309  -0.910 0.5000000000
11568  20.649  -62.431  1.360 0.5000000000
10865  21.819  -63.431  -0.714 0.5000000000
10145  21.426  -64.483  -1.402 0.5000000000
130671  20.304  -63.087  1.993 0.5000000000
10117  21.614  -63.489  0.102 0.5000000000
10116  22.151  -64.205  -0.272 0.5000000000
10834  20.010  -63.916  3.574 0.5000000000
10841  20.269  -63.801  1.974 0.5000000000
11579  21.482  -62.521  -0.091 0.5000000000
8551  15.932  -66.399  4.208 0.6000000238
7875  15.555  -67.733  3.220 0.6000000238
9287  14.476  -65.052  3.952 0.5000000000
8550  16.386  -66.854  4.771 0.6999999881
7874  16.116  -67.725  3.854 0.6000000238
7193  15.674  -68.323  3.775 0.6000000238
7179  14.937  -69.188  5.914 0.6999999881
7854  16.535  -67.168  6.255 0.6000000238
7177  16.287  -68.149  5.053 0.6999999881
7185  15.786  -68.543  4.675 0.6999999881
7186  15.077  -68.943  4.372 0.6999999881
7168  14.663  -69.290  6.856 0.8000000119
128050  16.677  -66.817  7.037 0.5000000000
8546  16.338  -66.556  5.591 0.5000000000
7167  15.541  -68.832  6.504 0.8000000119
143028  16.088  -68.503  7.133 0.6000000238
7144  13.314  -68.429  8.397 0.6999999881
9251  16.796  -65.529  7.479 0.5000000000
9263  15.812  -65.148  6.030 0.5000000000
7143  14.069  -68.985  8.520 0.6999999881
7158  13.561  -69.009  7.783 0.6999999881
146555  15.792  -68.648  7.877 0.6999999881
7843  16.585  -67.269  7.789 0.6999999881
130222  12.415  -66.851  8.803 0.6999999881
7816  13.553  -67.818  9.650 0.6999999881
8518  16.750  -66.763  8.563 0.6000000238
7830  15.965  -68.375  8.551 0.8000000119
12927  10.704  -59.999  9.853 0.6999999881
12890  10.953  -60.882  11.411 0.8000000119
10784  17.580  -63.908  9.481 0.4000000060
8508  12.114  -66.135  9.053 0.6999999881
9238  17.386  -65.313  8.940 0.5000000000
7794  12.858  -67.262  10.033 0.6999999881
9223  17.105  -66.224  9.311 0.6000000238
8506  16.573  -67.153  9.666 0.6000000238
7814  15.359  -68.361  9.297 0.6999999881
122125  16.425  -67.669  8.610 0.8000000119
7813  16.017  -67.876  9.904 0.8000000119
142860  5.437  -54.035  13.365 0.5000000000
122630  5.743  -54.346  12.781 0.5000000000
19163  6.942  -54.194  12.565 0.5000000000
15551  8.472  -58.601  3.908 0.5000000000
14620  10.075  -59.368  5.274 0.6000000238
15528  9.299  -58.642  3.873 0.6000000238
16364  8.198  -57.582  5.472 0.6000000238
125817  9.914  -54.800  9.206 0.6000000238
13765  10.047  -59.486  5.868 0.6999999881
13766  9.270  -59.191  4.902 0.6999999881
13722  10.387  -59.469  7.745 0.6999999881
13723  9.946  -58.669  7.993 0.6999999881
140562  12.044  -65.157  10.363 0.6999999881
9992  11.614  -64.701  10.685 0.6999999881
10757  10.897  -63.262  11.450 0.8000000119
9991  17.611  -65.068  10.845 0.5000000000
8487  12.536  -66.607  10.585 0.6999999881
9222  17.359  -65.628  10.023 0.6000000238
7793  13.805  -67.536  10.320 0.8000000119
7790  16.262  -67.358  10.409 0.6999999881
8485  14.205  -67.201  11.029 0.8000000119
7792  14.745  -67.649  10.500 0.8000000119
20117  5.241  -53.243  13.295 0.5000000000
19165  5.352  -53.873  12.546 0.6000000238
20138  5.553  -52.508  11.507 0.5000000000
19174  5.666  -53.416  11.165 0.6000000238
18205  6.047  -54.044  10.941 0.6000000238
18204  6.711  -54.270  10.734 0.6000000238
18220  5.869  -54.158  9.820 0.6000000238
18219  7.232  -54.369  9.733 0.5000000000
16398  9.228  -57.763  3.937 0.5000000000
16385  8.618  -57.363  4.359 0.5000000000
144463  10.671  -57.784  5.585 0.6000000238
17281  8.230  -55.463  5.409 0.6000000238
16346  8.203  -56.176  5.840 0.6999999881
136577  8.584  -54.638  9.318 0.6000000238
15509  10.928  -58.797  6.098 0.6000000238
13764  10.836  -59.414  6.344 0.6999999881
124308  9.069  -58.909  5.680 0.6999999881
143768  7.991  -58.449  5.144 0.6999999881
16345  8.617  -56.977  6.444 0.8000000119
17244  9.120  -55.618  7.707 0.6999999881
12965  11.990  -59.958  7.672 0.6999999881
12966  11.626  -60.086  7.969 0.6999999881
12946  12.285  -60.283  8.451 0.6999999881
12926  11.843  -60.550  9.460 0.8000000119
12159  12.385  -61.740  11.337 0.8000000119
127676  11.369  -61.590  11.522 0.8000000119
9184  17.371  -65.587  11.643 0.5000000000
9955  15.670  -64.416  12.714 0.6000000238
9190  12.262  -64.973  11.034 0.8000000119
132823  12.627  -63.798  11.471 0.8000000119
8464  17.143  -66.279  11.306 0.6000000238
9185  16.911  -65.919  12.043 0.6999999881
9188  13.796  -65.639  11.476 0.8000000119
8466  15.585  -66.632  11.535 0.6999999881
130192  14.824  -66.051  11.832 0.6999999881
7781  15.195  -67.220  11.093 0.8000000119
21041  5.815  -51.825  13.193 0.4000000060
21058  5.813  -51.935  12.119 0.5000000000
20151  6.042  -52.555  10.686 0.4000000060
19189  5.855  -53.598  10.223 0.5000000000
18239  5.751  -53.986  8.975 0.5000000000
16383  9.939  -57.416  4.413 0.5000000000
18320  8.583  -55.435  4.749 0.6000000238
127037  7.793  -54.871  6.363 0.6000000238
128990  6.878  -54.708  7.853 0.6000000238
15488  11.778  -58.491  6.861 0.6000000238
17262  7.918  -55.048  6.203 0.6999999881
18257  8.251  -54.711  7.702 0.6999999881
126463  12.311  -58.650  7.424 0.6000000238
12905  12.386  -60.977  10.153 0.8000000119
9972  14.503  -64.358  12.176 0.6999999881
9187  14.412  -65.204  11.891 0.6999999881
130053  13.495  -63.997  11.718 0.8000000119
10755  13.215  -63.218  11.676 0.8000000119
9175  15.313  -65.257  12.304 0.6999999881
126065  6.317  -51.745  12.599 0.4000000060
21979  6.380  -50.853  13.637 0.4000000060
21972  5.508  -50.048  13.927 0.4000000060
21071  6.836  -51.109  11.117 0.5000000000
21057  6.528  -51.530  11.851 0.4000000060
22871  5.412  -49.697  14.271 0.5000000000
146456  5.919  -53.746  8.842 0.5000000000
20203  8.406  -53.039  7.243 0.5000000000
19227  6.307  -53.938  7.868 0.5000000000
20202  9.129  -52.255  7.158 0.5000000000
18280  6.849  -54.434  6.768 0.6999999881
13721  12.689  -59.702  8.117 0.6000000238
144187  13.112  -61.389  10.983 0.8000000119
10736  15.025  -63.499  12.610 0.6000000238
11472  14.542  -62.575  12.376 0.6000000238
12176  14.299  -60.756  11.152 0.6999999881
12177  13.643  -61.179  10.971 0.6999999881
10754  14.068  -63.351  12.075 0.6999999881
23853  6.862  -48.503  15.564 0.3000000119
123311  7.606  -51.252  11.895 0.4000000060
127868  7.375  -51.508  12.753 0.3000000119
21029  7.561  -51.198  13.681 0.4000000060
21971  6.880  -50.417  14.155 0.4000000060
22869  7.395  -49.940  14.742 0.4000000060
131312  7.114  -49.247  15.077 0.5000000000
22026  7.250  -50.762  10.495 0.4000000060
124647  7.976  -48.960  15.714 0.3000000119
144200  6.366  -52.081  10.100 0.4000000060
20222  8.386  -53.575  6.494 0.5000000000
21119  7.377  -51.888  9.041 0.4000000060
19266  9.281  -53.621  5.464 0.6000000238
21100  7.894  -50.949  9.291 0.4000000060
20221  9.206  -52.774  6.360 0.4000000060
21138  8.561  -52.102  7.913 0.5000000000
12925  12.821  -60.657  9.272 0.6999999881
11473  13.730  -62.515  11.770 0.6999999881
22858  5.694  -49.358  14.837 0.4000000060
22856  8.425  -49.754  15.413 0.4000000060
23852  9.080  -49.063  16.113 0.3000000119
22011  7.779  -50.698  11.050 0.3000000119
141962  8.190  -51.441  8.603 0.4000000060
21154  9.952  -52.031  6.673 0.4000000060
21137  9.442  -51.494  7.507 0.4000000060
21039  8.353  -51.449  13.290 0.3000000119
21028  8.877  -51.371  14.047 0.3000000119
21970  8.289  -50.652  14.624 0.4000000060
21956  9.233  -50.350  15.296 0.3000000119
142748  9.284  -51.269  12.402 0.3000000119
22047  7.667  -50.522  9.935 0.3000000119
22078  9.710  -50.473  7.858 0.3000000119
22060  8.705  -50.786  8.841 0.3000000119
21136  10.302  -51.170  7.015 0.3000000119
21969  9.538  -50.927  14.788 0.3000000119
22855  9.653  -49.812  15.891 0.3000000119
21038  9.418  -51.493  13.297 0.3000000119
21955  10.150  -50.472  15.535 0.3000000119
132254  9.433  -50.277  9.455 0.3000000119
22947  9.785  -50.025  8.388 0.3000000119
22968  10.076  -49.479  7.896 0.3000000119
23832  8.210  -48.184  16.213 0.3000000119
21055  10.169  -51.350  12.620 0.3000000119
21037  10.648  -51.479  13.562 0.3000000119
22924  10.417  -49.669  8.862 0.3000000119
131990  19.631  -68.251  5.808 0.6000000238
134015  19.414  -68.395  5.020 0.6999999881
7184  18.864  -68.851  4.826 0.6999999881
6517  18.503  -69.474  3.455 0.6999999881
20187  6.847  -52.990  8.639 0.4000000060
19267  8.017  -54.331  6.105 0.6000000238
22846  10.211  -49.085  16.284 0.3000000119
2918  26.910  -76.461  6.405 0.6999999881
144208  24.647  -74.507  12.263 0.6999999881
3795  27.022  -73.807  5.104 0.8000000119
2971  24.631  -76.717  -0.945 0.6000000238
135942  24.747  -75.938  -1.105 0.6999999881
4271  27.269  -72.875  6.802 0.6000000238
5784  22.470  -70.116  13.313 0.6999999881
5376  24.220  -71.931  0.311 0.8000000119
3409  25.022  -75.253  -1.325 0.6999999881
3854  25.476  -74.503  -1.417 0.8000000119
7238  17.230  -68.193  -1.008 0.6999999881
127431  20.003  -67.978  5.176 0.5000000000
129100  19.289  -68.686  1.243 0.6000000238
7924  13.859  -67.309  -0.032 0.6000000238
7932  21.310  -66.763  -1.436 0.6999999881
7098  20.798  -68.619  11.425 0.8000000119
7164  22.874  -68.615  6.923 0.5000000000
7851  22.125  -68.275  6.414 0.6000000238
9310  22.046  -65.961  2.784 0.6000000238
8468  12.940  -66.289  11.178 0.8000000119
133492  31.469  -79.907  5.380 0.4000000060
1421  32.861  -79.919  6.630 0.4000000060
1818  30.321  -79.219  2.674 0.3000000119
135305  30.077  -79.363  3.990 0.4000000060
1796  30.416  -79.971  5.132 0.4000000060
1795  30.885  -80.040  5.669 0.4000000060
2542  33.828  -76.717  1.240 0.4000000060
2532  34.091  -77.273  2.249 0.5000000000
2165  33.397  -78.005  2.795 0.5000000000
2533  33.179  -77.629  1.789 0.3000000119
2166  32.423  -78.266  2.378 0.4000000060
1811  32.311  -79.095  4.258 0.4000000060
132377  32.338  -78.064  1.297 0.3000000119
1812  31.512  -79.006  3.809 0.3000000119
1806  30.825  -79.578  4.501 0.3000000119
2176  30.832  -78.945  1.296 0.3000000119
2543  33.053  -77.331  0.715 0.4000000060
2953  33.881  -76.059  0.404 0.4000000060
2952  34.274  -76.104  1.396 0.5000000000
2961  33.360  -76.077  -0.581 0.3000000119
2174  32.238  -77.762  0.159 0.3000000119
2180  30.634  -78.899  0.136 0.4000000060
2179  31.419  -78.161  -0.444 0.3000000119
1840  29.083  -78.556  -1.610 0.4000000060
1831  29.308  -79.560  -0.471 0.4000000060
1836  28.713  -79.478  -1.128 0.4000000060
3384  33.577  -75.952  -0.053 0.4000000060
3385  32.940  -75.697  -0.336 0.4000000060
3398  32.733  -76.076  -1.187 0.4000000060
141515  32.101  -75.771  -0.948 0.4000000060
146917  29.148  -75.746  0.660 0.5000000000
2555  31.937  -76.813  -1.417 0.4000000060
3400  30.346  -76.218  -1.158 0.4000000060
2184  30.524  -78.435  -1.042 0.4000000060
1839  29.968  -78.070  -1.623 0.5000000000
2973  30.216  -76.898  -1.482 0.4000000060
127864  28.676  -78.382  -1.706 0.4000000060
2190  25.790  -79.113  -1.911 0.6000000238
1842  27.414  -79.259  -1.741 0.4000000060
3831  28.548  -74.672  0.702 0.6000000238
3840  28.246  -74.406  -0.106 0.6000000238
3401  29.394  -76.006  -1.162 0.6000000238
3849  28.061  -74.701  -0.814 0.6000000238
3851  28.172  -75.574  -1.251 0.6000000238
3852  27.513  -74.594  -1.302 0.6999999881
131268  29.400  -77.215  -1.573 0.5000000000
131670  28.085  -76.517  -1.456 0.6000000238
3853  26.641  -74.560  -1.484 0.6999999881
4880  27.656  -71.934  -1.671 0.6999999881
145823  27.196  -71.997  -1.978 0.6999999881
4878  27.882  -72.607  -0.931 0.6000000238
4881  27.194  -72.628  -1.550 0.6999999881
5406  25.111  -71.055  -2.429 0.6999999881
140916  24.195  -71.070  -1.891 0.6999999881
5936  24.888  -71.339  0.665 0.6999999881
4332  26.912  -73.602  -1.486 0.6999999881
4884  25.526  -71.942  -2.227 0.6999999881
4333  25.872  -73.609  -1.480 0.6999999881
5971  27.461  -70.137  -2.882 0.5000000000
6585  26.055  -69.590  -2.445 0.6000000238
5405  26.262  -71.303  -2.583 0.6999999881
5967  24.629  -70.309  -2.005 0.6000000238
5956  24.636  -70.135  -1.311 0.6999999881
140304  25.421  -69.643  -0.849 0.6999999881
126192  26.238  -72.746  -1.688 0.6999999881
125375  24.879  -70.507  -0.282 0.6999999881
142706  25.557  -70.743  0.593 0.6000000238
6586  25.267  -69.744  -2.142 0.6000000238
7246  26.325  -68.490  -1.657 0.6000000238
5935  25.846  -70.051  0.229 0.6000000238
6565  26.046  -69.039  -1.022 0.6000000238
5320  27.776  -71.589  5.058 0.5000000000
141344  24.474  -74.999  11.247 0.6000000238
125686  25.392  -75.304  10.161 0.6000000238
123996  26.325  -70.538  1.039 0.6000000238
5922  26.640  -71.166  1.775 0.6000000238
5908  27.516  -71.041  2.469 0.5000000000
5326  27.924  -71.499  4.052 0.5000000000
132070  23.032  -74.087  13.437 0.6000000238
4205  23.417  -73.367  13.408 0.6000000238
3746  24.161  -74.887  12.089 0.6000000238
6551  26.248  -69.313  -0.119 0.6000000238
5921  27.300  -70.318  1.524 0.5000000000
5347  26.484  -71.823  2.616 0.5000000000
4772  20.789  -72.256  11.623 0.6000000238
4771  21.299  -71.941  12.185 0.6000000238
4760  21.511  -72.247  13.006 0.6000000238
4740  21.896  -72.741  13.378 0.6000000238
4739  22.533  -72.502  13.386 0.6000000238
5243  22.344  -71.161  13.249 0.6000000238
5244  22.155  -72.024  13.188 0.6000000238
5268  26.473  -71.475  10.376 0.6000000238
6537  27.446  -69.530  1.063 0.6000000238
4779  20.522  -72.184  10.753 0.6000000238
5814  20.099  -71.020  9.824 0.6000000238
138683  21.469  -71.330  12.206 0.6000000238
5800  20.389  -70.266  10.722 0.6000000238
5793  20.853  -70.715  11.234 0.6000000238
6435  19.807  -68.542  10.176 0.5000000000
6423  20.753  -69.606  11.488 0.6000000238
6434  20.160  -69.054  10.921 0.5000000000
4773  20.125  -72.547  11.150 0.6999999881
4780  20.021  -72.566  10.192 0.6000000238
5269  20.571  -71.430  10.610 0.6000000238
134766  19.634  -70.123  9.479 0.6000000238
6460  19.501  -68.751  8.599 0.6000000238
4285  17.845  -72.677  4.960 0.6000000238
4786  20.250  -72.107  9.924 0.6000000238
5274  19.884  -71.913  9.188 0.6000000238
125308  19.397  -69.846  8.806 0.5000000000
5282  19.320  -71.612  8.536 0.6000000238
5850  18.389  -70.872  6.994 0.6000000238
4807  17.866  -71.924  6.317 0.6000000238
4817  18.215  -72.262  4.828 0.6000000238
4792  19.439  -72.271  8.761 0.6000000238
130966  19.221  -69.550  7.995 0.6000000238
5297  18.673  -71.205  7.847 0.6000000238
5849  18.773  -70.239  7.506 0.5000000000
131494  18.339  -70.703  6.082 0.6000000238
5322  18.118  -71.599  5.622 0.5000000000
5328  18.359  -71.558  4.778 0.5000000000
6493  19.048  -68.784  5.645 0.6000000238
6480  18.671  -69.427  5.455 0.6000000238
5881  18.398  -70.660  4.675 0.6000000238
130037  18.530  -71.332  3.947 0.6000000238
122086  18.597  -70.909  3.063 0.6999999881
145538  19.114  -72.820  2.308 0.6999999881
126912  19.233  -72.442  1.369 0.6999999881
4860  19.307  -73.293  0.084 0.6999999881
6507  18.546  -69.640  4.533 0.6000000238
138468  18.397  -70.086  3.035 0.6999999881
122075  18.891  -71.003  1.071 0.6999999881
145677  19.164  -71.768  1.063 0.6999999881
5362  19.184  -72.175  -0.085 0.6999999881
5377  19.044  -71.785  -1.171 0.6000000238
6538  18.582  -69.934  1.207 0.6000000238
138644  27.980  -71.442  5.963 0.5000000000
5309  27.588  -71.918  6.305 0.5000000000
5848  28.615  -70.810  7.404 0.5000000000
5308  28.170  -71.448  6.860 0.5000000000
5295  28.218  -71.533  7.739 0.6000000238
6470  29.085  -69.547  7.889 0.6000000238
145180  28.843  -70.251  7.841 0.6000000238
5830  28.457  -70.868  8.324 0.6000000238
5273  26.850  -71.601  9.524 0.6000000238
142081  28.379  -69.672  8.935 0.5000000000
131258  26.903  -69.925  9.625 0.6000000238
5798  26.028  -70.722  10.855 0.6000000238
6447  25.765  -69.330  9.948 0.6000000238
6432  25.339  -69.635  10.600 0.5000000000
5799  25.564  -70.124  10.977 0.6000000238
6421  25.172  -69.639  11.624 0.6000000238
130418  25.035  -68.431  9.632 0.5000000000
6433  24.785  -69.312  10.903 0.6000000238
7124  21.956  -67.963  9.238 0.5000000000
7123  23.261  -68.287  9.517 0.5000000000
7085  23.721  -68.439  11.809 0.6000000238
7107  23.523  -68.353  10.755 0.6000000238
127187  29.096  -77.852  -1.732 0.6000000238
133688  27.396  -75.528  -1.452 0.6999999881
5296  27.643  -72.151  7.969 0.5000000000
6479  18.824  -69.332  6.223 0.6000000238
5909  18.485  -70.370  2.203 0.6999999881
5281  27.311  -72.039  8.745 0.6000000238
7095  24.454  -68.934  11.805 0.6000000238
1813  30.579  -79.170  3.573 0.3000000119
2167  31.507  -78.582  1.990 0.3000000119
2155  32.520  -78.593  3.450 0.4000000060
2175  31.526  -78.478  0.745 0.3000000119
2551  32.112  -77.301  -0.863 0.4000000060
2183  31.187  -77.543  -1.305 0.4000000060
3386  31.445  -75.634  0.182 0.4000000060
3399  31.571  -76.228  -1.309 0.3000000119
3388  29.688  -75.891  -0.416 0.5000000000
3389  28.743  -75.389  -0.201 0.6000000238
2557  31.254  -76.938  -1.508 0.5000000000
3405  29.870  -76.695  -1.403 0.5000000000
2559  29.806  -77.454  -1.603 0.5000000000
4330  27.602  -73.587  -1.088 0.6000000238
136218  26.138  -70.728  -2.699 0.6999999881
5815  19.554  -70.894  9.024 0.6000000238
4873  18.881  -72.826  -0.691 0.6000000238
5811  28.209  -70.379  8.977 0.6000000238
7805  27.090  -67.894  9.511 0.5000000000
5812  27.324  -70.620  9.346 0.6000000238
5813  26.375  -70.790  9.927 0.6000000238
7119  27.358  -68.976  9.442 0.5000000000
6431  25.999  -70.038  10.237 0.6000000238
7807  25.671  -67.814  9.579 0.5000000000
7122  24.335  -68.453  9.902 0.5000000000
1574  26.605  -79.834  23.035 0.4000000060
1587  26.449  -78.852  22.641 0.4000000060
1586  27.131  -79.763  22.189 0.5000000000
732  24.835  -82.306  22.849 0.5000000000
958  24.098  -81.200  22.838 0.5000000000
1969  23.179  -78.141  23.403 0.5000000000
731  25.693  -82.840  22.549 0.5000000000
540  25.956  -83.012  22.835 0.5000000000
2344  25.880  -77.035  22.735 0.4000000060
2755  26.193  -76.326  22.752 0.4000000060
2356  26.406  -76.846  21.942 0.5000000000
1757  31.683  -79.237  8.742 0.3000000119
1747  31.858  -79.518  9.661 0.3000000119
1758  31.243  -79.165  7.910 0.3000000119
1769  30.518  -79.092  7.161 0.3000000119
720  25.308  -83.000  23.328 0.4000000060
951  24.151  -82.105  23.396 0.5000000000
128355  23.165  -80.493  23.854 0.5000000000
719  26.354  -82.178  23.278 0.4000000060
135000  26.938  -81.513  22.759 0.4000000060
1968  25.711  -77.848  23.295 0.3000000119
1954  25.375  -78.373  24.256 0.3000000119
3175  27.664  -75.652  21.148 0.4000000060
2730  26.096  -76.202  23.577 0.3000000119
2754  26.957  -75.653  22.434 0.4000000060
2767  26.599  -76.142  21.982 0.5000000000
2740  27.468  -75.883  23.654 0.3000000119
125163  32.143  -80.592  9.682 0.3000000119
136741  31.467  -78.766  10.018 0.3000000119
1768  32.268  -79.752  7.985 0.3000000119
1396  32.792  -80.135  7.231 0.3000000119
1782  31.246  -79.862  6.321 0.3000000119
524  25.912  -82.709  23.851 0.3000000119
721  24.586  -82.883  23.736 0.4000000060
940  25.654  -80.829  24.484 0.3000000119
2728  27.554  -76.347  24.207 0.3000000119
2765  28.643  -75.478  21.916 0.4000000060
3174  28.323  -75.430  21.393 0.4000000060
2753  27.909  -75.513  22.859 0.4000000060
1058  33.567  -81.628  10.972 0.4000000060
1358  31.995  -81.552  10.630 0.4000000060
1346  32.115  -81.521  11.694 0.4000000060
1725  31.814  -80.312  11.891 0.4000000060
1711  31.398  -79.444  12.153 0.4000000060
125240  31.304  -79.507  13.006 0.5000000000
809  32.805  -82.130  9.326 0.3000000119
1372  32.311  -81.381  8.966 0.3000000119
1078  32.568  -81.314  8.265 0.3000000119
1410  32.356  -79.868  6.682 0.3000000119
1794  32.572  -79.771  5.813 0.3000000119
127849  25.780  -81.968  24.144 0.3000000119
2354  30.291  -76.603  22.034 0.3000000119
2764  29.600  -75.719  21.550 0.3000000119
2776  30.501  -75.940  20.010 0.4000000060
2786  30.421  -75.713  19.016 0.4000000060
2318  29.296  -77.248  24.410 0.3000000119
2343  29.828  -76.477  23.065 0.3000000119
2329  30.001  -76.948  23.737 0.3000000119
2739  28.711  -76.273  23.724 0.3000000119
2054  30.968  -77.903  15.594 0.5000000000
128769  30.397  -77.258  16.047 0.5000000000
126012  34.949  -78.522  11.259 0.3000000119
128793  34.353  -79.668  11.281 0.3000000119
1345  34.957  -79.684  10.520 0.3000000119
1049  34.334  -81.049  11.603 0.3000000119
1050  33.443  -81.598  11.885 0.4000000060
1328  32.533  -79.977  13.738 0.5000000000
141283  31.257  -78.839  14.210 0.5000000000
1048  34.731  -80.373  11.093 0.3000000119
1039  32.680  -82.070  12.232 0.4000000060
1029  32.773  -81.404  13.008 0.4000000060
1698  31.938  -79.772  13.356 0.5000000000
1699  31.553  -79.309  13.777 0.5000000000
817  32.600  -81.424  8.500 0.3000000119
133156  32.592  -81.443  7.209 0.3000000119
831  32.759  -81.060  6.537 0.3000000119
1420  33.031  -79.809  6.267 0.3000000119
1793  33.301  -79.450  5.551 0.4000000060
2353  30.980  -77.174  21.108 0.3000000119
2017  30.940  -77.908  19.503 0.4000000060
1952  29.717  -78.082  24.777 0.3000000119
1966  30.928  -77.346  23.664 0.3000000119
2342  30.768  -77.070  22.885 0.3000000119
2372  30.674  -76.762  19.341 0.4000000060
1967  29.969  -77.439  24.262 0.3000000119
132336  30.531  -76.665  17.563 0.4000000060
2402  30.602  -77.215  16.807 0.5000000000
1655  32.496  -79.366  17.068 0.4000000060
2046  31.595  -78.691  17.063 0.5000000000
2866  37.656  -76.555  11.860 0.3000000119
2053  31.437  -78.521  15.885 0.5000000000
146104  31.490  -78.570  16.431 0.5000000000
2090  35.234  -78.001  11.802 0.3000000119
1312  33.665  -79.190  15.553 0.4000000060
1313  33.027  -79.325  15.583 0.5000000000
1723  35.324  -78.575  10.437 0.3000000119
1724  34.216  -78.941  11.663 0.4000000060
1708  33.825  -78.745  12.496 0.4000000060
146264  33.417  -79.239  14.672 0.5000000000
126205  32.403  -79.385  15.040 0.5000000000
1056  35.144  -80.346  10.440 0.3000000119
1037  33.913  -81.113  12.431 0.4000000060
129917  33.559  -80.920  13.032 0.5000000000
1028  32.717  -80.872  13.170 0.5000000000
1076  34.084  -81.420  8.039 0.3000000119
1085  34.994  -80.254  6.700 0.4000000060
1094  34.162  -80.071  6.393 0.3000000119
139332  33.270  -80.519  6.257 0.4000000060
1419  33.638  -79.775  6.225 0.4000000060
1821  25.647  -79.682  2.532 0.5000000000
2146  32.964  -78.895  4.278 0.3000000119
1932  32.027  -77.131  26.095 0.3000000119
1573  31.051  -77.348  23.917 0.3000000119
2016  31.766  -78.551  19.963 0.3000000119
1542  30.794  -77.806  25.435 0.3000000119
1634  32.801  -80.058  19.080 0.3000000119
1656  32.136  -79.160  17.778 0.5000000000
123281  33.635  -79.066  17.430 0.4000000060
135761  33.174  -79.451  17.673 0.3000000119
3270  38.713  -75.409  12.047 0.3000000119
129199  34.275  -79.237  16.794 0.5000000000
2446  36.278  -77.245  12.407 0.3000000119
1672  35.295  -79.373  15.026 0.4000000060
1302  35.196  -79.589  15.754 0.4000000060
2075  34.401  -77.953  12.960 0.4000000060
1697  34.071  -78.404  13.257 0.4000000060
1686  34.683  -78.788  14.495 0.4000000060
1318  34.513  -79.302  14.740 0.4000000060
1356  34.815  -78.988  9.794 0.3000000119
1370  34.918  -79.085  8.984 0.3000000119
1326  33.609  -79.030  13.561 0.4000000060
1018  33.570  -79.234  14.019 0.5000000000
1395  34.896  -79.336  7.026 0.3000000119
1408  36.028  -79.891  6.783 0.4000000060
1792  34.083  -79.514  6.243 0.4000000060
2169  26.481  -78.950  2.551 0.5000000000
142400  33.765  -79.190  5.580 0.4000000060
2136  34.395  -78.457  5.785 0.5000000000
1832  24.921  -79.295  0.572 0.5000000000
1938  31.957  -77.082  25.048 0.3000000119
133375  22.216  -74.180  13.595 0.5000000000
1654  34.522  -78.784  17.157 0.3000000119
1645  35.046  -78.556  16.979 0.3000000119
3734  23.507  -74.743  12.926 0.5000000000
134346  20.759  -74.108  13.930 0.6000000238
3279  39.073  -74.398  11.798 0.3000000119
3271  38.352  -75.754  12.691 0.3000000119
3280  38.685  -75.094  11.316 0.3000000119
2856  36.958  -76.705  12.519 0.3000000119
2841  36.947  -76.368  13.309 0.3000000119
1670  36.287  -78.604  15.994 0.4000000060
1663  36.205  -78.534  16.472 0.4000000060
3319  25.673  -75.711  8.868 0.5000000000
4228  17.894  -73.838  12.287 0.5000000000
144144  35.694  -77.021  13.730 0.3000000119
145386  35.028  -77.396  13.965 0.3000000119
2412  35.315  -77.598  14.818 0.3000000119
2822  35.954  -76.998  15.161 0.3000000119
2908  26.152  -76.119  7.621 0.5000000000
1745  35.163  -78.506  8.609 0.3000000119
1384  34.977  -79.256  8.306 0.3000000119
2928  26.603  -76.764  5.703 0.5000000000
1767  35.152  -78.994  7.269 0.3000000119
2522  26.351  -77.915  3.654 0.5000000000
2123  35.252  -78.801  7.497 0.4000000060
131127  26.878  -78.349  2.585 0.6000000238
2493  34.812  -77.917  6.802 0.4000000060
2499  34.518  -77.793  5.845 0.5000000000
2535  27.041  -77.703  1.879 0.5000000000
2500  34.498  -77.579  4.956 0.4000000060
2509  34.665  -77.377  3.995 0.3000000119
2153  34.208  -78.169  4.186 0.4000000060
2181  25.423  -78.335  0.555 0.6000000238
3809  33.044  -74.856  4.266 0.3000000119
3356  33.859  -75.418  3.410 0.4000000060
2941  34.823  -76.430  2.791 0.4000000060
2519  34.351  -77.582  3.244 0.3000000119
2182  24.453  -78.429  -0.399 0.6000000238
123765  24.198  -79.224  -0.619 0.5000000000
130848  31.792  -74.658  3.518 0.3000000119
3820  32.240  -75.081  2.610 0.5000000000
137318  33.255  -75.299  1.699 0.4000000060
3373  33.967  -75.894  0.924 0.4000000060
2185  24.419  -78.726  -1.087 0.6000000238
3811  30.900  -74.422  3.470 0.3000000119
3821  31.214  -74.852  3.025 0.5000000000
3375  32.177  -75.390  1.274 0.4000000060
3374  33.531  -75.605  0.748 0.4000000060
3822  30.394  -74.811  2.865 0.4000000060
3366  31.013  -75.232  2.350 0.5000000000
3376  30.544  -75.556  1.488 0.5000000000
4208  20.729  -73.419  13.612 0.6000000238
4226  19.404  -72.921  12.979 0.6000000238
4217  38.841  -73.555  12.182 0.3000000119
3730  39.531  -74.327  12.643 0.3000000119
3718  39.933  -74.380  13.717 0.3000000119
138138  37.779  -75.936  13.488 0.3000000119
4741  20.363  -72.890  13.205 0.6000000238
4227  18.541  -73.268  12.628 0.6000000238
3739  38.493  -74.567  11.256 0.3000000119
3243  38.037  -75.641  14.551 0.3000000119
2821  37.303  -75.797  15.211 0.3000000119
129528  18.060  -73.247  10.964 0.6000000238
3751  36.787  -74.963  10.925 0.3000000119
2842  36.259  -76.557  13.913 0.3000000119
2831  36.387  -76.381  14.725 0.3000000119
4250  17.658  -73.787  10.528 0.6000000238
2113  35.182  -78.569  8.358 0.3000000119
138772  16.807  -73.901  7.937 0.6000000238
3768  17.153  -74.168  9.158 0.6000000238
126909  16.482  -74.631  7.772 0.6000000238
3336  16.276  -75.070  6.267 0.5000000000
130856  34.386  -77.180  5.251 0.4000000060
3348  34.533  -76.117  3.851 0.4000000060
4304  29.658  -74.006  2.805 0.4000000060
3823  29.568  -74.787  2.449 0.5000000000
4218  38.035  -73.198  12.279 0.3000000119
4749  39.172  -73.239  12.849 0.3000000119
4216  39.445  -73.902  12.371 0.3000000119
3729  40.015  -73.990  13.279 0.3000000119
125554  39.599  -74.868  14.299 0.3000000119
3242  39.104  -75.182  15.008 0.3000000119
126052  38.395  -75.219  15.619 0.3000000119
4761  20.927  -72.406  12.608 0.5000000000
4232  37.535  -73.623  12.042 0.3000000119
131983  37.423  -74.292  11.468 0.3000000119
4774  18.919  -72.675  10.892 0.5000000000
4763  19.109  -72.594  12.021 0.6000000238
4233  36.554  -73.543  12.139 0.3000000119
121909  36.606  -76.189  15.685 0.3000000119
4249  18.221  -73.064  10.209 0.6000000238
3741  35.090  -74.272  11.479 0.3000000119
4259  17.674  -73.543  9.542 0.6000000238
2916  33.605  -76.748  6.671 0.3000000119
2488  34.742  -77.605  7.077 0.3000000119
4274  16.677  -73.940  7.211 0.6000000238
3806  16.757  -74.865  4.504 0.6000000238
141014  18.426  -72.901  9.457 0.6000000238
4793  18.731  -72.502  8.400 0.5000000000
4272  17.514  -72.653  7.186 0.6000000238
4273  17.112  -73.299  7.579 0.6000000238
3788  16.798  -73.735  5.672 0.6000000238
3796  16.592  -74.519  5.477 0.6000000238
127656  17.225  -74.587  3.794 0.6000000238
3805  17.034  -73.885  4.569 0.6000000238
3815  18.098  -75.279  3.018 0.5000000000
4787  19.830  -72.434  9.395 0.5000000000
4798  18.831  -72.041  8.120 0.5000000000
4279  17.506  -72.521  6.104 0.5000000000
4292  17.916  -73.298  4.182 0.6000000238
3393  18.532  -75.969  0.765 0.5000000000
4316  18.074  -73.585  -0.183 0.6000000238
4326  18.743  -74.449  -0.123 0.6000000238
3844  17.732  -75.133  0.577 0.5000000000
4327  17.450  -74.192  0.410 0.6000000238
3835  16.494  -74.178  0.738 0.6000000238
141556  17.771  -72.182  6.960 0.5000000000
4298  18.857  -73.949  3.416 0.5000000000
4306  19.268  -74.493  2.396 0.5000000000
3814  19.054  -74.971  2.673 0.6000000238
4848  19.385  -73.619  1.549 0.6000000238
142393  19.556  -74.734  1.243 0.5000000000
3392  19.210  -75.971  0.663 0.5000000000
4315  19.420  -74.312  0.299 0.6000000238
5924  19.201  -71.139  -0.250 0.6000000238
136342  19.169  -73.869  -0.368 0.6000000238
4862  16.114  -72.778  1.912 0.5000000000
8521  7.784  -65.635  7.225 0.5000000000
5298  18.205  -71.737  7.239 0.5000000000
4291  18.457  -72.996  4.090 0.5000000000
4839  18.908  -73.279  3.093 0.6000000238
9226  7.574  -64.713  9.171 0.5000000000
9995  7.560  -64.428  10.023 0.6000000238
10006  7.681  -64.116  8.057 0.6000000238
9254  8.619  -64.394  6.787 0.6000000238
130541  7.532  -65.368  8.293 0.5000000000
9252  9.914  -65.909  6.771 0.5000000000
8530  9.674  -66.933  6.846 0.5000000000
5382  12.214  -71.643  0.042 0.5000000000
5365  14.501  -71.799  0.755 0.5000000000
11476  10.803  -62.236  11.561 0.6000000238
12162  10.213  -60.829  11.420 0.6999999881
10758  10.133  -62.782  11.237 0.6000000238
11485  9.276  -62.214  10.642 0.6999999881
11487  7.965  -61.922  10.260 0.6000000238
11478  7.498  -61.784  10.884 0.6000000238
10785  9.075  -63.158  9.013 0.6000000238
11498  8.149  -62.603  9.790 0.6000000238
10772  10.292  -63.728  10.983 0.6000000238
9994  10.006  -63.652  9.459 0.6000000238
10786  8.373  -63.193  9.039 0.6000000238
10774  7.878  -62.868  9.583 0.5000000000
126780  7.181  -62.653  11.288 0.6000000238
9993  10.840  -64.287  10.425 0.6000000238
10005  9.369  -63.419  8.284 0.6000000238
145593  8.039  -63.506  8.187 0.5000000000
10759  7.463  -63.606  10.586 0.6000000238
146442  10.748  -64.300  9.252 0.6000000238
10020  9.042  -63.685  7.477 0.6000000238
9225  10.937  -64.824  8.464 0.6000000238
10004  10.060  -63.978  8.094 0.6000000238
9241  10.168  -64.957  7.386 0.6000000238
8529  10.774  -66.446  7.089 0.5000000000
7855  10.629  -68.186  6.584 0.5000000000
6483  11.571  -69.423  5.868 0.5000000000
5872  11.890  -70.948  5.067 0.5000000000
5882  12.153  -71.083  4.403 0.5000000000
12180  8.478  -61.116  10.934 0.6000000238
12910  7.793  -60.271  11.338 0.6999999881
9209  11.551  -64.860  9.636 0.5000000000
8519  11.686  -66.183  8.147 0.6000000238
7833  11.721  -66.953  7.627 0.6000000238
7160  11.271  -68.144  6.577 0.5000000000
7159  12.109  -68.368  6.932 0.6000000238
6482  12.957  -69.461  6.144 0.5000000000
6495  13.439  -69.882  5.403 0.6000000238
5871  12.968  -70.620  4.878 0.6000000238
13702  13.707  -59.117  9.062 0.4000000060
135777  9.840  -58.434  9.321 0.6999999881
15429  9.071  -58.138  11.078 0.5000000000
134432  8.282  -57.062  11.933 0.5000000000
12923  13.933  -59.937  9.871 0.6000000238
131620  13.620  -59.744  9.170 0.5000000000
14545  8.373  -58.729  11.292 0.6000000238
136311  7.559  -58.569  11.542 0.5000000000
12903  14.357  -60.090  10.583 0.5000000000
13703  10.038  -59.164  9.621 0.6000000238
14544  9.040  -58.732  11.219 0.8000000119
12907  10.380  -60.282  11.088 0.6999999881
129574  8.819  -59.577  11.257 0.8000000119
137248  7.265  -59.042  11.733 0.6999999881
7145  12.726  -68.328  7.567 0.6000000238
7169  13.823  -69.263  6.998 0.6000000238
16280  8.931  -56.824  11.907 0.5000000000
14576  12.942  -58.852  8.104 0.5000000000
14597  9.402  -58.326  6.983 0.6999999881
16272  8.712  -56.657  12.799 0.5000000000
13665  14.719  -59.417  10.887 0.4000000060
144725  14.202  -58.520  10.021 0.4000000060
12873  14.954  -60.859  12.103 0.4000000060
126676  15.575  -61.272  12.641 0.5000000000
10735  16.062  -63.584  13.114 0.4000000060
16312  10.167  -57.657  9.106 0.5000000000
16278  10.187  -56.897  11.494 0.5000000000
14575  13.310  -58.130  8.722 0.3000000119
15487  12.057  -57.747  7.454 0.3000000119
15447  9.835  -58.108  9.048 0.6000000238
123940  15.754  -60.540  12.491 0.4000000060
11458  16.431  -62.766  13.081 0.4000000060
9954  16.674  -64.378  12.834 0.4000000060
15466  9.918  -57.637  7.878 0.6000000238
15489  9.295  -57.568  7.225 0.6000000238
10734  16.926  -63.519  12.958 0.4000000060
16311  10.593  -56.720  8.458 0.5000000000
16287  9.820  -56.884  10.970 0.5000000000
17212  13.274  -55.594  9.978 0.3000000119
16343  12.362  -56.853  8.174 0.3000000119
143448  11.845  -56.862  7.408 0.3000000119
16363  10.810  -56.686  5.686 0.4000000060
10733  17.575  -63.294  12.467 0.3000000119
9971  17.599  -64.700  11.838 0.4000000060
10771  17.808  -64.108  11.044 0.4000000060
16344  11.556  -56.320  6.713 0.4000000060
16328  9.169  -56.675  7.338 0.6000000238
16298  10.978  -56.425  10.069 0.4000000060
17279  11.134  -55.565  5.626 0.4000000060
17202  13.601  -54.977  10.613 0.3000000119
18234  13.130  -54.748  9.751 0.3000000119
139113  10.638  -55.776  9.129 0.5000000000
17280  10.207  -55.853  4.627 0.4000000060
17302  9.102  -56.091  4.401 0.4000000060
18299  8.865  -54.516  5.008 0.5000000000
126822  9.939  -55.355  4.330 0.4000000060
18319  9.215  -54.963  4.379 0.4000000060
22106  13.186  -51.020  4.759 0.3000000119
21152  11.730  -51.298  5.217 0.3000000119
21168  11.790  -52.354  4.706 0.3000000119
21153  10.957  -51.814  5.981 0.3000000119
143980  11.024  -50.933  6.374 0.3000000119
21030  4.909  -51.175  13.858 0.4000000060
22996  12.504  -49.999  5.412 0.3000000119
3232  36.779  -75.742  16.658 0.3000000119
2914  34.491  -77.603  6.176 0.4000000060
18318  10.612  -54.430  4.398 0.3000000119
6481  14.062  -69.613  6.160 0.6000000238
22872  5.153  -49.958  14.292 0.4000000060
12140  15.075  -61.827  12.552 0.5000000000
19265  10.504  -52.740  5.523 0.3000000119
2531  34.699  -76.853  2.595 0.3000000119
3365  34.281  -75.705  2.397 0.4000000060
4286  17.294  -73.150  5.343 0.5000000000
123418  25.968  -78.924  23.390 0.4000000060
949  27.065  -81.531  22.590 0.5000000000
1228  23.217  -79.396  24.021 0.5000000000
2766  27.007  -76.301  21.280 0.5000000000
1736  31.930  -80.194  10.272 0.4000000060
1234  26.363  -80.705  23.502 0.4000000060
3165  27.754  -75.431  21.962 0.4000000060
3185  27.974  -75.658  20.337 0.4000000060
140053  32.343  -82.130  9.879 0.4000000060
1726  31.536  -79.353  11.283 0.4000000060
2091  31.075  -78.353  11.546 0.4000000060
722  23.744  -82.498  24.060 0.3000000119
2319  28.135  -77.083  24.671 0.3000000119
2752  29.204  -75.821  22.607 0.3000000119
2777  29.928  -75.547  20.572 0.4000000060
130622  29.496  -75.311  20.238 0.4000000060
125607  33.568  -81.737  9.980 0.3000000119
1066  34.251  -81.336  9.648 0.4000000060
123620  30.423  -76.282  20.980 0.4000000060
2796  30.375  -75.820  18.190 0.4000000060
1319  32.773  -79.645  14.342 0.5000000000
2157  26.471  -78.644  3.095 0.5000000000
1077  33.003  -81.646  7.540 0.4000000060
1572  31.737  -77.717  23.006 0.3000000119
128071  30.981  -78.083  18.721 0.4000000060
2027  30.870  -77.575  18.146 0.4000000060
2037  31.000  -77.787  17.342 0.5000000000
1305  33.007  -79.378  16.707 0.5000000000
126118  35.441  -77.217  13.167 0.3000000119
1735  35.380  -78.444  9.567 0.3000000119
1065  35.158  -80.840  9.774 0.3000000119
1371  35.516  -80.158  8.695 0.3000000119
2178  25.883  -79.151  1.341 0.6000000238
128780  33.075  -80.041  18.822 0.3000000119
1648  32.270  -79.182  18.653 0.4000000060
140147  35.670  -78.520  15.107 0.3000000119
2510  27.136  -77.072  4.332 0.5000000000
142857  35.046  -79.530  6.408 0.4000000060
124405  34.986  -77.483  17.530 0.3000000119
129456  36.062  -76.954  16.055 0.3000000119
3349  33.743  -75.507  4.438 0.4000000060
2935  34.685  -76.841  4.276 0.4000000060
132903  34.902  -76.966  3.184 0.4000000060
143172  31.153  -73.575  4.419 0.3000000119
3717  40.382  -74.062  14.247 0.3000000119
4265  17.907  -72.866  8.028 0.6000000238
3340  34.210  -76.324  4.716 0.3000000119
3703  40.454  -74.051  15.391 0.3000000119
3693  39.947  -73.906  16.006 0.3000000119
3742  34.148  -74.172  11.215 0.3000000119
3826  19.426  -75.436  1.565 0.5000000000
134887  19.280  -74.623  -0.030 0.6000000238
12908  9.313  -60.197  11.164 0.6999999881
14546  7.736  -59.136  11.267 0.6999999881
13681  9.647  -59.432  10.654 0.6999999881
14561  9.485  -58.207  10.088 0.6000000238
16310  13.189  -56.522  9.631 0.3000000119
17225  12.825  -55.531  9.210 0.3000000119
3358  27.304  -76.341  3.245 0.5000000000
2942  27.347  -76.818  3.889 0.5000000000
5398  28.123  -71.248  -2.123 0.6000000238
143060  18.881  -72.063  2.922 0.5000000000
4861  16.546  -72.898  1.512 0.5000000000
5394  19.021  -71.087  -1.316 0.5000000000
137334  18.484  -72.089  -1.130 0.5000000000
5378  17.724  -72.566  -0.293 0.5000000000
5364  15.677  -71.809  1.395 0.5000000000
5379  16.218  -71.345  0.679 0.5000000000
6567  19.301  -70.388  -1.297 0.5000000000
5381  13.471  -71.154  0.229 0.4000000060
6568  17.372  -70.084  -1.031 0.5000000000
5939  16.615  -70.789  -0.311 0.5000000000
5941  14.263  -70.201  0.413 0.5000000000
133143  12.211  -71.049  0.157 0.5000000000
6569  16.433  -69.277  -0.599 0.6000000238
5940  15.480  -70.246  0.179 0.5000000000
5942  13.130  -70.239  0.311 0.5000000000
5895  12.135  -70.979  3.648 0.5000000000
6570  15.419  -69.169  -0.073 0.6000000238
5925  10.959  -70.484  0.772 0.5000000000
5910  11.621  -70.382  2.607 0.5000000000
6554  14.675  -69.514  0.257 0.6000000238
130847  11.908  -69.433  0.505 0.6000000238
5943  11.551  -70.772  0.305 0.5000000000
7239  16.402  -68.419  -0.623 0.6000000238
7241  13.799  -67.929  -0.068 0.6000000238
6572  13.263  -68.458  0.079 0.6000000238
122198  11.274  -69.645  1.459 0.6000000238
7925  12.809  -67.371  -0.013 0.6000000238
6520  12.629  -70.197  3.314 0.5000000000
5894  13.049  -70.674  4.150 0.5000000000
126063  11.624  -68.418  0.615 0.6000000238
6539  11.358  -69.016  0.917 0.6000000238
11460  6.903  -61.963  12.004 0.5000000000
12874  7.225  -60.521  12.223 0.5000000000
12163  7.372  -61.045  11.628 0.5000000000
6494  14.396  -69.523  5.153 0.6000000238
7897  11.500  -66.989  0.573 0.6000000238
6519  13.490  -69.790  3.780 0.6000000238
7218  11.392  -67.718  0.775 0.6000000238
7204  12.000  -68.202  1.883 0.6000000238
7885  12.220  -67.179  1.490 0.6000000238
17300  10.917  -54.812  4.471 0.3000000119
20103  4.879  -52.545  14.109 0.3000000119
3830  28.876  -74.886  1.642 0.4000000060
4324  28.358  -73.624  0.411 0.5000000000
2191  24.984  -79.180  -1.620 0.5000000000
2556  24.526  -77.720  -0.846 0.5000000000
4871  28.405  -72.567  0.010 0.4000000060
138656  24.471  -76.836  -0.401 0.4000000060
5403  27.779  -70.649  -2.696 0.4000000060
2947  27.330  -77.088  3.222 0.4000000060
2954  26.584  -76.883  1.431 0.4000000060
2948  27.168  -76.810  2.376 0.4000000060
2544  26.350  -77.646  1.007 0.4000000060
2552  25.129  -77.286  0.417 0.4000000060
7939  28.251  -67.344  -2.715 0.4000000060
7254  27.941  -68.065  -2.670 0.4000000060
7256  26.458  -68.797  -2.327 0.4000000060
2936  27.325  -76.452  4.706 0.4000000060
7253  29.063  -68.431  -2.586 0.4000000060
6584  26.955  -69.431  -2.701 0.4000000060
6564  26.571  -68.567  -0.553 0.5000000000
139745  12.035  -66.624  0.336 0.5000000000
8608  14.113  -66.836  0.175 0.5000000000
7895  12.668  -66.455  0.892 0.5000000000
121686  13.600  -66.386  0.901 0.5000000000
9312  14.623  -65.834  2.721 0.5000000000
7202  14.374  -68.062  2.636 0.5000000000
8557  14.878  -66.361  2.972 0.5000000000
14525  7.293  -58.208  12.336 0.4000000060
15411  7.571  -57.278  12.934 0.4000000060
7883  14.208  -67.203  2.293 0.5000000000
7195  13.908  -68.915  3.200 0.5000000000
5404  26.934  -70.736  -2.820 0.5000000000
5970  28.427  -70.030  -2.807 0.4000000060
7245  26.776  -67.888  -2.292 0.4000000060
146199  23.985  -79.162  22.864 0.4000000060
1589  23.737  -78.581  22.760 0.4000000060
980  23.315  -81.301  19.696 0.4000000060
140385  25.307  -82.099  22.101 0.4000000060
1241  24.274  -79.891  22.485 0.4000000060
1283  23.832  -80.235  19.239 0.4000000060
1258  24.592  -79.576  21.735 0.4000000060
1291  25.444  -80.219  18.378 0.4000000060
1650  25.050  -79.648  18.877 0.4000000060
1639  24.121  -79.402  19.645 0.4000000060
730  27.235  -82.076  22.009 0.5000000000
739  26.642  -82.631  21.273 0.4000000060
969  25.449  -81.414  21.312 0.4000000060
1637  25.027  -79.425  19.599 0.4000000060
130682  27.630  -81.604  22.496 0.5000000000
1256  27.508  -80.655  21.668 0.5000000000
738  28.021  -82.021  21.349 0.5000000000
979  26.265  -81.848  20.743 0.4000000060
1257  25.148  -79.918  21.018 0.4000000060
967  28.274  -81.883  21.285 0.4000000060
554  27.016  -82.595  20.724 0.4000000060
1279  28.226  -81.205  19.459 0.4000000060
752  27.852  -82.349  19.684 0.4000000060
987  26.752  -81.323  19.140 0.4000000060
988  26.092  -80.771  19.758 0.4000000060
1606  24.923  -79.354  20.395 0.4000000060
995  27.013  -81.392  18.335 0.4000000060
1281  25.590  -79.938  19.075 0.4000000060
1268  28.017  -80.880  20.328 0.5000000000
746  28.297  -82.232  20.191 0.4000000060
747  26.906  -82.529  20.467 0.4000000060
126448  25.632  -80.715  20.519 0.4000000060
1636  28.301  -80.066  19.729 0.5000000000
985  28.309  -81.880  19.780 0.4000000060
753  27.317  -82.376  19.758 0.4000000060
978  26.732  -81.884  19.962 0.4000000060
122761  27.869  -77.468  17.841 0.3000000119
2403  27.835  -77.485  16.945 0.3000000119
2392  27.650  -76.471  17.443 0.4000000060
146878  28.165  -78.285  18.894 0.3000000119
2804  27.847  -75.698  17.796 0.4000000060
130104  27.719  -76.544  18.139 0.4000000060
2826  27.552  -75.753  14.800 0.3000000119
134615  27.627  -75.294  15.456 0.4000000060
2393  27.574  -76.462  16.773 0.4000000060
3213  28.073  -75.150  17.106 0.4000000060
3234  27.881  -74.927  15.426 0.4000000060
3223  27.827  -75.058  16.204 0.4000000060
2814  28.791  -75.300  16.680 0.4000000060
2802  29.898  -75.611  17.523 0.3000000119
121914  28.522  -80.271  19.005 0.3000000119
141701  28.515  -75.492  18.939 0.3000000119
2797  27.847  -76.049  18.829 0.4000000060
3245  27.909  -75.061  14.818 0.4000000060
2803  29.013  -75.370  17.762 0.3000000119
3233  28.234  -74.981  15.746 0.4000000060
2813  30.011  -76.082  16.538 0.4000000060
2018  28.003  -78.052  19.418 0.4000000060
2373  27.695  -76.954  19.513 0.4000000060
2833  27.566  -76.252  14.157 0.4000000060
3203  29.960  -75.427  18.381 0.3000000119
2425  29.400  -76.224  13.830 0.4000000060
3257  28.300  -75.523  14.213 0.4000000060
2424  30.061  -77.426  14.251 0.4000000060
140479  29.717  -76.681  14.702 0.4000000060
2825  29.061  -75.478  15.671 0.4000000060
1619  27.937  -79.759  20.502 0.4000000060
2009  27.590  -77.712  20.307 0.4000000060
3195  28.264  -75.606  19.585 0.3000000119
2374  27.492  -76.687  20.126 0.4000000060
3194  29.227  -75.293  19.498 0.3000000119
2436  29.866  -76.930  13.357 0.4000000060
139542  30.607  -77.813  12.378 0.4000000060
2076  30.888  -78.736  13.372 0.4000000060
134618  31.283  -78.527  15.001 0.4000000060
2824  29.769  -76.462  15.498 0.4000000060
1605  27.537  -79.487  21.300 0.4000000060
2778  27.467  -76.091  20.530 0.3000000119
1981  26.996  -78.708  21.858 0.4000000060
1604  27.778  -80.435  20.995 0.4000000060
1997  26.829  -77.806  21.648 0.4000000060
1620  27.689  -78.846  20.635 0.4000000060
2365  27.230  -76.758  20.613 0.4000000060
6550  27.109  -69.041  0.392 0.4000000060
2414  29.144  -75.749  14.713 0.4000000060
532  26.508  -82.691  22.193 0.5000000000
533  26.192  -82.832  23.122 0.5000000000
534  25.571  -83.002  23.690 0.3000000119
543  28.105  -82.208  20.596 0.4000000060
544  27.233  -82.484  21.197 0.5000000000
545  26.675  -82.539  21.497 0.4000000060
546  26.290  -82.811  22.080 0.5000000000
553  27.435  -82.475  20.385 0.4000000060
562  27.840  -82.519  19.989 0.4000000060
563  27.469  -82.614  20.122 0.4000000060
718  26.647  -82.273  22.660 0.5000000000
729  27.980  -81.674  22.124 0.5000000000
751  28.091  -82.266  19.837 0.4000000060
758  27.998  -81.748  19.283 0.4000000060
784  32.881  -82.057  12.096 0.4000000060
791  32.684  -82.127  11.414 0.4000000060
799  32.715  -82.170  10.404 0.4000000060
824  32.740  -81.239  6.824 0.3000000119
825  32.603  -81.285  7.495 0.3000000119
830  32.936  -81.086  6.310 0.3000000119
950  26.432  -81.606  23.367 0.4000000060
952  23.544  -81.372  23.512 0.5000000000
957  24.690  -81.007  21.961 0.4000000060
968  28.090  -81.730  22.069 0.5000000000
977  28.123  -82.129  20.451 0.5000000000
986  27.504  -81.820  19.117 0.4000000060
997  24.316  -80.394  18.699 0.4000000060
1011  34.033  -79.081  15.055 0.4000000060
1012  33.120  -79.428  14.826 0.4000000060
1019  32.772  -79.617  13.877 0.5000000000
1020  32.637  -80.516  13.298 0.5000000000
1027  33.104  -79.707  12.893 0.5000000000
1036  33.962  -80.339  11.760 0.3000000119
1038  33.088  -81.640  12.708 0.4000000060
1051  32.413  -82.136  11.336 0.4000000060
1057  34.537  -81.118  10.577 0.3000000119
1059  32.356  -82.137  10.572 0.4000000060
1067  33.502  -81.709  8.874 0.4000000060
1068  32.342  -81.631  9.197 0.3000000119
1075  34.925  -80.923  7.825 0.4000000060
1086  34.142  -81.276  7.096 0.4000000060
1087  32.886  -81.391  6.793 0.3000000119
1095  34.177  -80.579  6.218 0.4000000060
1096  33.237  -81.305  6.677 0.4000000060
1097  32.688  -81.068  6.570 0.3000000119
1101  33.643  -79.836  6.180 0.4000000060
1102  33.089  -80.078  6.690 0.4000000060
1103  32.846  -80.683  6.606 0.3000000119
1240  27.038  -80.956  22.442 0.5000000000
1255  27.866  -81.341  21.079 0.4000000060
1269  25.457  -79.823  20.031 0.4000000060
1280  26.105  -80.515  18.464 0.4000000060
1282  24.559  -79.724  18.983 0.4000000060
1288  33.267  -79.574  18.214 0.3000000119
1289  33.020  -80.018  18.277 0.3000000119
1294  35.064  -79.386  16.666 0.5000000000
1295  33.611  -79.156  17.035 0.4000000060
1296  32.956  -79.703  17.574 0.4000000060
1303  34.034  -79.308  16.315 0.5000000000
1304  33.411  -79.170  16.459 0.5000000000
1310  34.733  -79.470  14.956 0.4000000060
1311  34.428  -79.496  15.639 0.4000000060
1327  33.138  -79.707  12.904 0.4000000060
1336  33.400  -79.503  12.104 0.4000000060
1337  32.381  -81.256  12.597 0.4000000060
1344  34.736  -79.051  10.813 0.3000000119
1355  34.920  -78.799  9.073 0.3000000119
1357  35.175  -79.777  9.834 0.3000000119
1369  34.865  -78.870  8.695 0.3000000119
1383  35.729  -79.251  7.815 0.3000000119
1385  32.652  -80.564  8.073 0.3000000119
1397  31.815  -79.657  7.148 0.3000000119
1409  34.639  -79.245  6.537 0.3000000119
1418  34.192  -79.594  6.335 0.3000000119
1422  31.952  -79.960  6.027 0.4000000060
1556  32.320  -77.616  23.037 0.3000000119
1557  31.571  -77.391  23.525 0.3000000119
1558  30.944  -77.345  24.159 0.3000000119
1559  30.489  -77.961  24.914 0.3000000119
1560  30.054  -78.647  25.230 0.3000000119
1562  23.100  -78.555  24.017 0.5000000000
1575  25.903  -79.529  23.965 0.3000000119
1576  23.580  -78.872  23.465 0.4000000060
1588  24.256  -78.947  22.181 0.4000000060
1638  24.703  -79.453  19.465 0.4000000060
1647  32.811  -79.941  18.090 0.5000000000
1653  35.743  -78.905  17.041 0.4000000060
1662  36.606  -78.789  16.491 0.4000000060
1664  35.777  -79.226  16.362 0.4000000060
1665  31.811  -79.059  16.331 0.5000000000
1671  36.087  -79.082  15.569 0.4000000060
1673  32.442  -79.283  16.046 0.5000000000
1674  31.817  -79.107  15.500 0.5000000000
1684  36.071  -78.680  15.480 0.3000000119
1685  35.802  -78.951  14.964 0.3000000119
1687  32.263  -79.569  14.114 0.5000000000
1709  34.400  -78.287  12.206 0.4000000060
1710  31.919  -80.162  12.705 0.4000000060
1722  35.961  -78.079  10.338 0.3000000119
1737  31.666  -79.417  10.496 0.3000000119
1746  32.515  -79.991  8.884 0.3000000119
1756  35.592  -78.996  8.453 0.3000000119
1779  36.047  -79.773  6.656 0.4000000060
1780  34.809  -79.600  6.602 0.4000000060
1781  34.342  -78.836  6.327 0.4000000060
1804  32.782  -79.368  4.912 0.4000000060
1805  31.914  -79.564  4.781 0.3000000119
1807  29.832  -79.600  4.499 0.4000000060
1817  31.020  -78.825  2.906 0.3000000119
1820  26.129  -79.322  2.178 0.5000000000
1828  25.526  -79.724  1.766 0.5000000000
1835  29.609  -78.875  -1.191 0.4000000060
1939  31.265  -77.606  25.819 0.3000000119
1950  31.468  -77.217  24.457 0.3000000119
1951  30.329  -77.835  24.623 0.3000000119
1965  31.626  -77.665  23.123 0.3000000119
1980  31.621  -77.739  22.657 0.3000000119
1982  26.350  -77.826  22.329 0.4000000060
1996  27.328  -78.310  21.139 0.4000000060
2008  27.988  -78.940  19.942 0.4000000060
2025  34.539  -78.006  17.587 0.3000000119
2026  31.420  -78.481  18.095 0.4000000060
2028  28.298  -78.565  18.315 0.3000000119
2047  31.137  -77.957  16.446 0.5000000000
2052  36.255  -78.584  15.907 0.4000000060
2063  35.038  -78.286  14.747 0.3000000119
2064  31.774  -79.188  14.619 0.5000000000
2065  30.763  -78.241  14.196 0.4000000060
2074  34.543  -78.001  13.737 0.4000000060
2077  30.343  -77.756  13.382 0.4000000060
2085  34.736  -77.816  12.523 0.4000000060
2104  35.801  -77.955  9.335 0.3000000119
2112  35.496  -79.089  8.222 0.3000000119
2124  35.049  -78.299  7.505 0.4000000060
2131  34.848  -78.938  7.246 0.4000000060
2135  34.558  -78.635  6.511 0.4000000060
2137  34.008  -79.134  5.887 0.5000000000
2144  34.233  -78.434  5.089 0.5000000000
2145  33.577  -78.891  4.829 0.3000000119
2154  33.583  -78.402  3.773 0.5000000000
2156  31.745  -78.615  2.928 0.3000000119
2158  25.711  -78.595  3.287 0.5000000000
2168  30.785  -78.964  2.170 0.3000000119
2177  26.505  -78.574  1.686 0.6000000238
2186  30.522  -77.454  -1.537 0.5000000000
2187  29.442  -77.932  -1.704 0.5000000000
2188  27.482  -78.697  -1.833 0.6999999881
2192  26.982  -79.193  -1.852 0.6000000238
2355  27.005  -77.264  21.108 0.5000000000
2364  30.789  -77.092  20.235 0.4000000060
2382  30.645  -76.623  18.473 0.4000000060
2383  27.871  -77.377  18.698 0.4000000060
2411  35.548  -78.014  15.543 0.3000000119
2413  30.208  -77.392  15.203 0.4000000060
2415  27.421  -76.484  15.373 0.4000000060
2434  36.243  -76.846  13.182 0.3000000119
2435  34.778  -77.565  13.126 0.4000000060
2447  35.345  -77.555  12.463 0.3000000119
2511  26.710  -77.367  4.357 0.5000000000
2520  27.106  -77.504  3.682 0.4000000060
2521  26.879  -78.074  3.226 0.6000000238
2534  27.189  -77.649  2.839 0.4000000060
2541  34.396  -76.592  1.956 0.5000000000
2549  33.491  -76.497  0.231 0.4000000060
2550  32.916  -76.903  -0.312 0.3000000119
2553  24.567  -77.506  -0.197 0.6000000238
2554  32.653  -76.407  -1.102 0.4000000060
2558  30.485  -77.166  -1.531 0.5000000000
2561  27.014  -77.879  -1.699 0.6999999881
2563  25.014  -78.439  -1.485 0.6000000238
2729  26.563  -76.193  24.060 0.3000000119
2741  26.791  -75.794  23.273 0.4000000060
2787  27.707  -76.102  19.788 0.3000000119
2805  27.706  -75.595  16.951 0.4000000060
2815  27.517  -75.859  16.181 0.4000000060
2823  35.721  -76.994  14.375 0.3000000119
2830  37.046  -76.073  14.177 0.3000000119
2832  28.746  -75.579  14.156 0.4000000060
2854  38.261  -75.929  11.662 0.3000000119
2855  37.716  -76.274  12.576 0.3000000119
2915  34.236  -77.403  6.637 0.3000000119
2925  33.966  -77.208  6.038 0.3000000119
2926  33.768  -76.560  5.690 0.4000000060
2927  27.188  -76.398  5.689 0.4000000060
2937  26.943  -76.896  4.985 0.5000000000
2946  34.630  -76.247  2.169 0.5000000000
2955  25.790  -76.091  1.024 0.6000000238
2968  33.277  -76.028  -0.900 0.4000000060
2969  32.923  -76.053  -1.121 0.4000000060
2970  32.161  -76.379  -1.395 0.3000000119
2972  31.108  -76.750  -1.496 0.3000000119
2976  26.148  -77.170  -1.536 0.6999999881
3183  29.080  -75.336  20.996 0.4000000060
3184  28.734  -75.378  20.250 0.4000000060
3193  30.096  -75.358  19.748 0.4000000060
3204  29.223  -75.336  18.632 0.3000000119
3205  28.327  -75.460  18.168 0.3000000119
3222  27.995  -74.933  16.206 0.4000000060
3229  40.147  -74.194  15.572 0.3000000119
3230  39.345  -74.466  15.734 0.3000000119
3235  27.751  -75.090  14.981 0.4000000060
3244  28.343  -75.111  14.889 0.4000000060
3246  27.839  -75.424  14.495 0.4000000060
3255  39.413  -74.903  13.133 0.3000000119
3256  38.772  -75.468  13.706 0.3000000119
3258  27.931  -75.864  13.887 0.4000000060
3269  39.152  -74.894  12.152 0.3000000119
3282  24.910  -74.655  11.765 0.6999999881
3294  27.305  -74.802  10.053 0.8000000119
3295  26.417  -75.053  10.335 0.6999999881
3327  27.272  -75.679  7.789 0.6999999881
3328  27.039  -75.958  8.095 0.6000000238
3329  26.299  -75.855  8.325 0.6999999881
3335  27.304  -75.664  6.921 0.8000000119
3343  27.418  -75.612  6.047 0.6999999881
3355  34.683  -76.012  3.014 0.4000000060
3357  33.510  -75.252  2.486 0.4000000060
3364  34.665  -76.023  2.402 0.4000000060
3367  30.022  -75.303  2.271 0.5000000000
3368  26.779  -75.704  2.587 0.6000000238
3369  18.885  -75.954  1.718 0.5000000000
3372  34.366  -75.903  1.795 0.4000000060
3377  29.390  -75.495  1.564 0.5000000000
3378  28.828  -75.400  1.026 0.5000000000
3380  19.304  -76.043  0.900 0.5000000000
3381  18.851  -76.280  0.927 0.5000000000
3387  30.942  -75.840  -0.736 0.4000000060
3402  28.678  -75.620  -1.105 0.6000000238
3403  24.445  -74.981  -0.453 0.6000000238
3404  30.665  -76.669  -1.436 0.4000000060
3406  28.962  -76.442  -1.382 0.5000000000
3692  40.324  -73.812  15.805 0.3000000119
3710  40.576  -74.060  14.985 0.3000000119
3711  40.296  -74.360  14.824 0.3000000119
3719  23.716  -74.002  13.212 0.6000000238
3731  26.734  -74.233  11.533 0.6999999881
3733  24.355  -74.248  12.764 0.6999999881
3740  36.127  -74.332  11.587 0.3000000119
3745  25.777  -74.496  11.692 0.6999999881
3750  37.855  -74.932  10.598 0.3000000119
3767  27.513  -74.120  9.740 0.8000000119
3776  16.791  -74.327  8.532 0.6000000238
3789  16.584  -74.179  6.378 0.6000000238
3801  31.527  -74.029  4.650 0.3000000119
3802  30.970  -74.003  3.952 0.3000000119
3804  27.089  -74.420  4.460 0.6999999881
3810  32.825  -74.887  3.431 0.3000000119
3812  30.232  -74.197  3.268 0.4000000060
3834  19.403  -75.356  0.567 0.6000000238
3841  24.791  -74.720  0.745 0.6000000238
3842  24.354  -74.440  0.060 0.6000000238
3843  19.064  -75.328  0.267 0.6000000238
3850  24.244  -74.166  -0.631 0.6999999881
3855  24.577  -74.388  -1.188 0.8000000119
4195  40.518  -73.650  14.650 0.3000000119
4201  40.273  -73.778  13.888 0.3000000119
4203  25.195  -73.048  13.238 0.6999999881
4204  24.289  -73.409  13.273 0.6999999881
4206  22.529  -73.291  13.473 0.6000000238
4207  21.513  -73.575  13.625 0.5000000000
4230  38.979  -74.053  11.719 0.3000000119
4231  38.373  -73.902  11.752 0.3000000119
4239  27.244  -73.601  11.467 0.8000000119
4240  18.286  -73.168  11.725 0.6000000238
4241  17.728  -73.831  11.417 0.5000000000
4258  18.195  -72.930  8.802 0.6000000238
4266  17.341  -73.573  8.517 0.6000000238
4270  27.151  -73.312  7.147 0.6000000238
4277  27.143  -74.030  6.701 0.8000000119
4278  27.124  -73.113  6.259 0.6000000238
4280  16.921  -73.242  6.507 0.6000000238
4284  27.017  -73.154  5.333 0.8000000119
4290  26.709  -73.588  4.174 0.8000000119
4299  18.062  -74.197  3.525 0.6000000238
4307  16.043  -72.900  2.027 0.5000000000
4317  16.544  -73.313  1.304 0.6000000238
4318  16.092  -73.186  1.832 0.5000000000
4329  27.991  -73.539  -0.417 0.6000000238
4334  24.743  -73.647  -1.401 0.8000000119
4738  23.173  -72.600  13.448 0.6999999881
4750  38.422  -72.797  12.703 0.3000000119
4758  26.698  -72.344  12.550 0.8999999762
4759  26.037  -72.753  13.073 0.8000000119
4762  20.145  -72.541  12.282 0.6999999881
4769  27.291  -72.944  11.343 0.8000000119
4781  19.117  -72.668  9.825 0.5000000000
4785  27.094  -72.457  9.189 0.6999999881
4788  19.141  -72.627  9.017 0.5000000000
4799  18.226  -72.352  7.694 0.5000000000
4806  27.373  -72.500  6.448 0.6000000238
4828  18.612  -72.331  4.034 0.4000000060
4846  29.625  -73.199  2.508 0.4000000060
4859  24.172  -72.589  0.526 0.8000000119
4872  23.701  -72.454  -0.390 0.8000000119
4874  13.240  -71.968  0.316 0.5000000000
4879  23.551  -72.206  -1.098 0.8000000119
4883  24.080  -72.849  -1.275 0.8000000119
5239  26.451  -71.577  12.832 0.8999999762
5242  23.824  -71.850  13.593 0.6999999881
5258  21.756  -71.580  12.818 0.6000000238
5263  21.037  -71.589  11.429 0.6000000238
5311  18.145  -71.389  6.463 0.6000000238
5327  27.316  -72.274  4.205 0.6000000238
5329  11.169  -71.505  3.914 0.5000000000
5339  25.993  -72.381  2.803 0.6999999881
5349  18.879  -71.379  2.017 0.6999999881
5360  26.001  -71.684  1.911 0.6999999881
5363  16.474  -72.183  1.395 0.5000000000
5380  14.906  -71.000  0.559 0.5000000000
5395  18.487  -71.463  -1.216 0.5000000000
5396  17.495  -71.550  -0.597 0.5000000000
5399  27.254  -71.444  -2.433 0.6999999881
5400  26.644  -72.026  -2.156 0.6999999881
5402  23.776  -71.496  -1.382 0.6999999881
5767  24.251  -70.061  13.530 0.8999999762
5791  26.371  -70.817  11.962 0.6999999881
5792  25.882  -70.225  11.842 0.6000000238
5801  19.844  -69.664  10.167 0.6000000238
5831  27.845  -71.217  8.961 0.6000000238
5832  19.120  -70.579  8.301 0.6000000238
5860  18.610  -70.041  6.662 0.5000000000
5870  18.453  -70.193  5.371 0.6000000238
5911  10.890  -70.772  1.784 0.5000000000
5934  26.723  -69.787  0.708 0.6000000238
5938  19.217  -71.040  -1.103 0.6000000238
5944  11.015  -71.192  0.074 0.5000000000
5957  24.041  -70.842  -1.193 0.6999999881
5958  18.402  -70.785  -1.293 0.5000000000
5959  17.494  -70.852  -0.902 0.5000000000
5960  16.460  -70.100  -0.479 0.6000000238
5972  26.579  -70.209  -2.782 0.6000000238
5973  25.621  -70.280  -2.477 0.6000000238
6396  25.059  -69.766  13.289 0.6999999881
6398  23.377  -68.825  13.088 0.8000000119
6399  22.668  -69.155  13.130 0.8000000119
6412  25.547  -69.878  12.665 0.6999999881
6415  21.894  -69.629  12.787 0.6999999881
6444  28.673  -69.997  8.461 0.6000000238
6445  27.810  -69.753  9.261 0.6000000238
6446  26.481  -69.440  9.690 0.6000000238
6448  19.565  -69.118  9.450 0.6000000238
6459  28.749  -69.225  8.581 0.5000000000
6471  19.098  -69.271  7.084 0.6000000238
6478  29.158  -70.001  7.041 0.6000000238
6496  12.461  -70.230  5.492 0.5000000000
6497  11.108  -70.139  5.503 0.5000000000
6508  13.608  -69.949  4.609 0.5000000000
6518  14.290  -69.370  4.097 0.6999999881
6528  12.913  -69.177  2.809 0.6000000238
6529  11.817  -69.273  2.259 0.5000000000
6555  13.775  -69.403  0.268 0.6000000238
6556  12.756  -69.300  0.302 0.6000000238
6557  11.462  -69.962  0.704 0.6000000238
6566  19.403  -69.428  -1.452 0.6000000238
6571  14.314  -68.711  0.071 0.6000000238
6576  25.702  -69.249  -1.841 0.6000000238
6577  25.010  -69.768  -1.729 0.6000000238
6578  19.034  -69.719  -1.607 0.6000000238
7086  23.190  -68.475  12.549 0.6999999881
7087  22.288  -68.690  12.523 0.8000000119
7096  22.782  -68.220  11.791 0.6999999881
7105  25.024  -69.008  10.196 0.5000000000
7106  24.298  -68.823  10.813 0.6000000238
7108  22.306  -68.039  10.941 0.6999999881
7120  26.448  -68.721  9.588 0.6000000238
7121  25.665  -68.622  9.657 0.5000000000
7125  19.932  -67.829  10.018 0.6999999881
7127  14.453  -68.714  9.083 0.6999999881
7128  13.744  -68.485  9.168 0.6999999881
7142  16.322  -68.087  7.814 0.8000000119
7153  21.917  -68.270  7.354 0.5000000000
7155  16.508  -67.733  7.017 0.6999999881
7156  15.320  -69.088  7.484 0.6999999881
7157  14.436  -69.265  7.769 0.6999999881
7166  16.302  -68.135  6.113 0.6999999881
7170  12.900  -68.918  6.985 0.6000000238
7171  10.973  -68.656  6.107 0.5000000000
7178  15.729  -68.643  5.552 0.8000000119
7183  19.222  -68.436  4.272 0.6999999881
7192  18.689  -68.714  2.880 0.6000000238
7194  14.827  -68.650  3.460 0.6000000238
7200  18.628  -68.932  1.896 0.6999999881
7201  15.191  -68.147  3.057 0.6000000238
7203  13.131  -68.109  2.392 0.6000000238
7205  11.411  -68.414  1.298 0.6000000238
7216  18.892  -69.315  0.877 0.6000000238
7217  11.430  -67.362  1.086 0.6000000238
7228  27.380  -68.249  0.089 0.4000000060
7231  12.209  -68.047  0.223 0.6000000238
7242  12.112  -67.145  0.069 0.6000000238
7247  19.314  -68.260  -1.740 0.6000000238
7255  27.188  -68.387  -2.570 0.4000000060
7789  20.668  -67.716  10.052 0.8000000119
7791  15.628  -67.591  10.535 0.8000000119
7815  14.330  -68.182  9.764 0.6999999881
7829  19.943  -67.715  7.901 0.5000000000
7831  13.157  -67.649  8.972 0.6999999881
7832  12.589  -67.571  8.067 0.6999999881
7844  11.854  -67.722  7.200 0.6000000238
7845  10.806  -67.379  6.780 0.5000000000
7853  19.805  -67.949  6.594 0.5000000000
7858  22.643  -67.615  4.823 0.6000000238
7862  16.466  -67.438  5.383 0.6999999881
7865  21.102  -68.167  4.570 0.5000000000
7867  16.362  -67.617  4.565 0.6000000238
7871  22.279  -67.477  3.474 0.6000000238
7879  22.172  -67.822  2.785 0.6000000238
7880  21.487  -68.246  2.642 0.5000000000
7882  14.897  -67.611  2.731 0.6000000238
7884  13.398  -67.132  1.909 0.5000000000
7896  11.726  -66.726  0.668 0.6000000238
7917  21.586  -67.126  -0.632 0.6000000238
7919  20.154  -67.557  -1.491 0.6999999881
7921  17.242  -67.471  -0.828 0.5000000000
7923  14.964  -67.386  -0.113 0.6999999881
7933  20.904  -67.034  -1.779 0.6999999881
7935  18.029  -67.974  -1.441 0.6999999881
8465  16.516  -66.508  11.491 0.6999999881
8467  13.922  -66.506  11.307 0.8000000119
8482  17.123  -66.407  10.418 0.6000000238
8483  16.703  -66.855  10.788 0.6000000238
8484  16.084  -67.138  11.056 0.6999999881
8486  13.136  -67.077  10.906 0.8000000119
8488  12.126  -65.827  9.915 0.6999999881
8507  12.391  -66.618  9.774 0.6999999881
8528  16.743  -66.381  7.710 0.5000000000
8531  8.964  -66.164  6.418 0.5000000000
8532  8.334  -65.384  6.491 0.5000000000
8538  16.291  -66.086  6.378 0.5000000000
8539  15.922  -65.729  5.695 0.5000000000
8552  15.150  -65.927  3.665 0.5000000000
8555  16.261  -67.137  4.128 0.6000000238
8556  15.695  -66.967  3.468 0.6000000238
8561  15.149  -67.180  2.900 0.6000000238
8562  14.546  -66.758  2.345 0.5000000000
8563  13.834  -66.538  1.585 0.5000000000
8574  22.054  -66.885  1.223 0.5000000000
8575  14.478  -66.199  1.741 0.5000000000
8576  11.742  -66.745  0.326 0.6000000238
8587  21.979  -66.489  0.050 0.6000000238
8591  14.341  -66.347  0.820 0.5000000000
8592  12.148  -66.779  0.120 0.5000000000
8603  21.805  -66.245  -0.862 0.6999999881
8605  17.545  -66.952  -0.624 0.5000000000
8609  13.009  -66.842  0.073 0.6000000238
8614  21.499  -66.059  -1.387 0.5000000000
8616  20.385  -66.769  -1.801 0.6000000238
9173  17.148  -65.096  12.334 0.4000000060
9174  16.387  -65.247  12.491 0.6999999881
9186  16.012  -66.028  12.095 0.6999999881
9189  12.926  -65.353  11.262 0.8000000119
9207  17.455  -65.924  10.936 0.6000000238
9208  12.302  -65.796  10.893 0.6999999881
9224  11.669  -65.498  8.773 0.6000000238
9239  17.058  -65.862  8.291 0.6000000238
9240  10.951  -65.571  7.684 0.6000000238
9242  7.812  -64.650  7.152 0.6000000238
9253  9.176  -65.209  6.428 0.6000000238
9299  21.686  -65.125  3.542 0.5000000000
9337  15.491  -66.055  1.183 0.5000000000
9352  22.052  -65.417  -1.030 0.6999999881
9354  19.777  -65.494  -1.306 0.5000000000
9359  20.607  -65.982  -1.831 0.6000000238
9953  17.364  -64.172  12.496 0.4000000060
9973  13.672  -64.802  11.597 0.8000000119
9974  12.835  -64.525  11.355 0.8000000119
9975  12.037  -64.274  11.190 0.6999999881
9976  11.103  -64.112  11.203 0.6999999881
10003  17.522  -64.754  9.697 0.5000000000
10007  7.748  -63.687  9.148 0.5000000000
10019  9.472  -64.386  7.140 0.6000000238
10021  8.201  -63.814  7.471 0.6000000238
10065  20.553  -64.538  3.054 0.6000000238
10079  20.514  -64.488  2.080 0.6000000238
10080  14.271  -64.939  2.712 0.5000000000
10097  20.959  -64.202  0.997 0.5000000000
10135  22.136  -64.120  -0.767 0.5000000000
10136  20.550  -64.235  -1.268 0.5000000000
10753  17.870  -63.795  11.936 0.3000000119
10756  11.775  -63.562  11.404 0.8000000119
10773  9.525  -63.078  10.283 0.6000000238
10850  20.621  -63.263  1.100 0.5000000000
10878  21.619  -62.974  -0.859 0.5000000000
10887  21.708  -63.421  -1.071 0.5000000000
11459  15.489  -62.703  12.916 0.6000000238
11474  12.835  -62.491  11.509 0.8000000119
11475  11.772  -62.569  11.545 0.8000000119
11477  10.114  -61.724  11.382 0.6999999881
11486  8.489  -61.977  10.312 0.6000000238
11497  8.749  -62.671  9.702 0.6000000238
11554  19.977  -63.026  3.916 0.5000000000
12139  15.927  -61.951  12.964 0.4000000060
12141  6.880  -61.359  12.708 0.5000000000
12157  14.219  -61.665  11.781 0.6999999881
12158  13.374  -61.868  11.373 0.6999999881
12160  11.808  -61.097  11.184 0.8000000119
12161  10.699  -61.411  11.514 0.6000000238
12178  12.685  -61.255  10.779 0.8000000119
12179  9.231  -61.263  10.996 0.6999999881
12181  7.986  -61.113  11.067 0.6000000238
12192  13.209  -61.032  10.135 0.6999999881
12888  15.400  -60.061  12.005 0.4000000060
12889  14.864  -60.079  11.390 0.4000000060
12891  7.468  -60.209  11.631 0.5000000000
12904  13.777  -60.578  10.314 0.6999999881
12906  11.309  -60.574  10.754 0.8000000119
12909  8.361  -60.275  11.173 0.8000000119
12924  13.403  -60.403  9.493 0.5000000000
12945  13.141  -60.158  8.697 0.6000000238
12947  11.392  -60.101  8.663 0.6999999881
12948  10.669  -59.607  8.728 0.6000000238
12967  11.041  -59.892  7.843 0.6999999881
13654  7.186  -59.044  12.824 0.5000000000
13666  7.245  -59.730  11.948 0.6999999881
13680  14.327  -59.500  10.265 0.4000000060
13682  8.871  -59.019  11.272 0.8000000119
13683  8.071  -59.512  11.221 0.8000000119
13684  7.494  -59.545  11.392 0.6999999881
13701  14.077  -59.161  9.685 0.4000000060
13704  9.468  -58.652  10.396 0.6999999881
13720  13.325  -59.449  8.576 0.5000000000
13741  11.515  -59.627  7.083 0.6999999881
13742  10.705  -59.659  6.960 0.6999999881
13743  9.867  -59.215  6.634 0.6999999881
14530  14.872  -58.683  11.113 0.4000000060
14560  13.795  -58.442  9.371 0.4000000060
14595  12.241  -59.343  7.484 0.6999999881
14596  11.704  -59.110  6.831 0.6000000238
14621  8.572  -58.385  4.553 0.6999999881
14636  9.319  -59.211  4.205 0.6999999881
14637  8.585  -59.161  3.928 0.6999999881
14638  8.287  -58.984  4.056 0.5000000000
14660  8.811  -59.065  3.655 0.5000000000
14661  8.562  -59.040  3.694 0.5000000000
15410  8.085  -56.745  12.460 0.4000000060
15416  8.278  -57.927  11.555 0.6000000238
15417  7.738  -57.485  12.069 0.5000000000
15428  9.458  -58.073  10.123 0.5000000000
15446  10.094  -57.741  8.288 0.6000000238
15464  12.963  -57.224  8.846 0.3000000119
15465  12.718  -57.939  8.088 0.3000000119
15467  9.848  -57.986  8.470 0.6999999881
15510  9.993  -58.752  4.817 0.6000000238
15511  8.586  -58.133  5.865 0.6999999881
15512  8.108  -58.410  4.676 0.6000000238
15550  8.852  -58.667  3.633 0.5000000000
16279  9.764  -56.871  12.389 0.5000000000
16288  9.021  -57.360  11.429 0.5000000000
16299  9.784  -57.355  10.302 0.5000000000
16326  12.766  -56.386  8.877 0.3000000119
16327  9.888  -56.767  7.692 0.5000000000
16365  8.307  -56.872  5.052 0.6000000238
16384  9.119  -57.150  4.114 0.5000000000
16399  8.858  -57.937  3.853 0.5000000000
17226  10.264  -55.942  8.272 0.5000000000
17245  8.426  -55.612  6.770 0.6999999881
17261  11.750  -55.384  6.856 0.4000000060
17301  9.568  -56.572  4.284 0.5000000000
17303  8.513  -56.180  4.773 0.6000000238
18195  6.178  -54.442  11.764 0.5000000000
18236  9.724  -55.222  8.457 0.6000000238
18237  8.561  -54.772  8.601 0.6999999881
18238  7.350  -54.390  8.767 0.6000000238
18258  6.459  -54.223  7.258 0.6999999881
18259  6.173  -54.078  8.055 0.5000000000
18279  6.930  -54.782  6.780 0.6999999881
18300  8.258  -54.932  5.132 0.5000000000
19153  5.651  -54.112  13.778 0.5000000000
19164  5.560  -54.179  11.852 0.5000000000
19175  5.303  -53.442  11.831 0.6000000238
19188  5.803  -53.884  9.360 0.6000000238
19208  5.987  -53.110  9.751 0.5000000000
19226  6.932  -53.903  6.864 0.5000000000
19286  10.626  -53.595  4.606 0.3000000119
19287  9.721  -54.236  4.548 0.6000000238
20116  5.597  -52.431  12.944 0.5000000000
20130  5.274  -52.849  12.303 0.6000000238
20150  6.568  -52.552  9.395 0.4000000060
20186  7.578  -53.137  7.929 0.4000000060
21040  6.535  -51.439  13.245 0.4000000060
21042  5.240  -52.249  13.442 0.4000000060
21056  8.450  -51.352  12.581 0.3000000119
21070  8.593  -50.986  11.771 0.3000000119
21072  6.225  -51.783  11.295 0.5000000000
21083  6.584  -51.433  10.653 0.4000000060
21101  7.090  -51.358  9.869 0.4000000060
21167  12.655  -51.753  4.702 0.3000000119
21968  10.582  -50.972  14.921 0.3000000119
21980  5.482  -50.855  13.638 0.4000000060
22025  8.123  -50.395  10.304 0.3000000119
22046  8.608  -50.424  9.546 0.3000000119
22059  9.334  -50.580  8.486 0.3000000119
22079  9.043  -51.155  8.252 0.3000000119
22092  10.507  -50.197  7.195 0.3000000119
22107  12.284  -50.849  5.082 0.3000000119
22857  6.039  -49.050  14.820 0.4000000060
22870  6.234  -49.617  14.425 0.4000000060
22925  9.829  -49.975  8.882 0.3000000119
121822  28.355  -79.172  19.110 0.3000000119
122202  12.921  -66.587  0.359 0.5000000000
122475  7.676  -62.403  10.153 0.6000000238
122947  27.244  -73.273  8.920 0.8000000119
122983  21.964  -61.630  -0.881 0.5000000000
123535  32.158  -74.498  4.182 0.3000000119
123662  21.932  -68.186  5.648 0.6000000238
123876  38.923  -75.318  12.695 0.3000000119
124004  21.145  -72.859  13.341 0.5000000000
124084  28.261  -78.396  -1.758 0.6000000238
124885  27.507  -71.894  5.675 0.5000000000
125042  27.681  -72.044  7.116 0.5000000000
125109  16.428  -74.628  6.979 0.5000000000
125770  18.428  -70.340  3.833 0.6000000238
125776  31.599  -78.576  19.094 0.4000000060
126028  8.252  -59.090  11.249 0.8000000119
126030  34.592  -81.187  8.871 0.3000000119
126319  11.945  -68.880  6.455 0.5000000000
126328  10.916  -55.755  10.208 0.4000000060
126399  15.233  -68.024  10.049 0.8000000119
127408  29.972  -75.256  19.049 0.4000000060
127904  33.697  -79.464  5.906 0.4000000060
128019  30.010  -77.549  -1.615 0.5000000000
128088  31.855  -80.345  11.038 0.4000000060
128276  28.669  -77.690  -1.713 0.6000000238
128389  27.113  -75.752  21.738 0.4000000060
128469  30.000  -75.855  0.561 0.4000000060
128472  26.744  -71.603  12.083 0.6999999881
128650  28.515  -81.954  20.805 0.4000000060
128992  30.004  -79.122  -0.546 0.4000000060
129084  8.636  -63.310  8.073 0.6000000238
129329  18.789  -68.803  3.904 0.6999999881
129942  14.839  -65.592  2.328 0.5000000000
130712  15.190  -68.966  5.141 0.6999999881
130907  9.195  -58.500  10.976 0.6000000238
131051  32.552  -80.786  13.220 0.5000000000
131281  33.935  -75.606  1.597 0.4000000060
131755  32.062  -81.960  9.774 0.4000000060
131889  15.321  -72.438  1.476 0.5000000000
132199  34.813  -76.641  3.444 0.4000000060
132208  35.101  -79.436  7.746 0.3000000119
132626  10.849  -56.771  9.119 0.5000000000
132927  21.332  -70.410  12.010 0.6999999881
133208  26.633  -76.416  -1.556 0.6999999881
133268  15.613  -67.933  -0.335 0.6999999881
133902  20.100  -63.281  2.897 0.5000000000
134912  17.866  -72.197  5.532 0.6000000238
135196  25.959  -82.513  21.721 0.5000000000
135472  11.507  -57.550  6.520 0.6000000238
135639  27.462  -75.972  3.973 0.6000000238
135708  9.288  -50.377  8.943 0.3000000119
135826  13.478  -58.804  8.724 0.5000000000
136107  7.743  -52.289  8.459 0.4000000060
136309  19.936  -67.596  8.772 0.6000000238
136314  19.913  -68.899  -0.832 0.6000000238
136481  14.501  -58.909  10.396 0.4000000060
136643  28.057  -69.185  -2.654 0.4000000060
136720  30.547  -77.981  25.196 0.3000000119
137047  28.722  -77.080  -1.555 0.6000000238
137174  11.759  -67.164  0.312 0.6000000238
137520  35.112  -79.028  7.260 0.3000000119
138448  35.743  -78.234  11.044 0.3000000119
138576  36.226  -78.847  16.971 0.4000000060
138578  7.892  -62.470  9.892 0.5000000000
139008  15.746  -68.552  -0.311 0.6000000238
139182  10.160  -59.043  8.733 0.6000000238
139369  12.442  -63.140  11.523 0.8000000119
139611  33.589  -80.466  12.484 0.5000000000
139645  28.025  -71.592  8.413 0.6000000238
140109  16.591  -66.005  7.067 0.5000000000
140310  9.543  -59.291  5.706 0.6999999881
140334  28.148  -78.875  -1.735 0.5000000000
140690  28.364  -75.438  20.830 0.4000000060
140905  30.804  -77.461  18.809 0.4000000060
140934  21.903  -63.667  -0.824 0.5000000000
141262  26.873  -73.663  12.017 0.8000000119
141358  39.762  -74.648  15.157 0.3000000119
141385  30.445  -78.566  8.037 0.3000000119
141662  18.309  -70.943  5.334 0.5000000000
141728  27.254  -75.386  9.042 0.8000000119
141868  26.833  -72.787  3.836 0.6999999881
141877  30.703  -77.929  14.879 0.4000000060
142099  14.754  -66.745  11.398 0.6999999881
142118  19.034  -70.437  -1.424 0.5000000000
142178  26.245  -68.053  9.555 0.5000000000
142296  26.132  -80.472  19.031 0.4000000060
142634  21.268  -63.673  -1.316 0.5000000000
142635  35.569  -80.062  7.519 0.3000000119
142684  31.167  -77.322  24.573 0.3000000119
142718  15.086  -69.034  8.445 0.6999999881
143083  17.646  -64.250  10.245 0.4000000060
143193  7.477  -59.101  11.392 0.6999999881
143246  18.746  -68.375  -1.853 0.6999999881
143418  16.887  -71.825  0.589 0.5000000000
143465  34.573  -79.558  16.224 0.4000000060
144047  30.556  -77.986  -1.456 0.5000000000
144051  19.505  -68.436  7.051 0.6999999881
144489  16.167  -68.124  4.350 0.6000000238
144646  11.356  -59.867  7.514 0.6999999881
144681  18.542  -69.920  5.979 0.6000000238
144751  35.397  -79.040  8.337 0.3000000119
145118  8.317  -55.010  7.208 0.6999999881
145348  31.430  -74.259  4.002 0.3000000119
145410  24.531  -76.939  0.001 0.4000000060
145420  23.688  -80.017  23.275 0.5000000000
145607  26.166  -75.162  2.093 0.6000000238
145768  33.252  -79.516  17.127 0.4000000060
146041  24.734  -71.883  1.051 0.8000000119
146141  19.246  -70.094  -1.497 0.5000000000
146278  16.220  -68.012  9.231 0.8000000119
146314  12.296  -70.186  0.405 0.6000000238
146826  22.455  -67.931  4.457 0.6000000238
