#!ascii label  , from subject sub-v1s15x0050186_ses-1 vox2ras=TkReg
567
55109  22.101  -15.853  3.539 0.1428571492
55110  21.782  -15.881  3.858 0.1428571492
56138  21.796  -14.784  3.409 0.1428571492
142443  23.631  -14.801  5.116 0.1428571492
56127  22.055  -15.072  3.290 0.2857142985
55122  21.867  -15.517  3.416 0.1428571492
57147  23.842  -14.036  4.924 0.1428571492
58256  22.871  -13.309  2.736 0.5714285970
57180  23.147  -13.713  3.281 0.1428571492
58253  24.919  -12.207  3.752 0.2857142985
58237  24.570  -12.771  4.210 0.2857142985
59239  25.296  -11.543  3.386 0.1428571492
59225  25.690  -11.614  4.295 0.2857142985
61353  26.271  -9.532  1.304 0.2857142985
60317  25.861  -10.233  1.514 0.1428571492
60318  25.458  -10.932  1.932 0.2857142985
63274  26.710  -7.753  1.228 0.2857142985
62336  26.539  -8.650  1.289 0.2857142985
64308  26.788  -6.711  -0.549 0.2857142985
63285  26.690  -7.396  0.072 0.2857142985
65280  27.149  -5.173  -1.602 0.2857142985
142359  27.343  -2.768  -2.193 0.8571428657
66244  27.220  -4.404  -1.838 0.4285714328
65270  27.379  -5.238  -0.477 0.2857142985
69045  27.434  -1.692  -2.691 0.7142857313
68155  28.295  -1.666  -2.181 0.7142857313
68156  27.790  -2.237  -2.206 0.7142857313
67227  27.163  -3.575  -2.014 0.7142857313
70909  27.779  -0.162  -2.623 0.8571428657
69946  27.917  -0.994  -2.637 0.5714285970
128958  26.898  -1.217  -3.114 0.8571428657
128011  27.042  -2.301  -2.705 0.7142857313
133312  27.252  1.672  -2.607 0.4285714328
70910  26.799  0.138  -2.862 0.7142857313
69947  27.093  -0.618  -2.838 0.8571428657
73801  27.508  3.320  -2.490 0.2857142985
73802  26.600  3.369  -3.010 0.5714285970
132354  26.605  1.808  -3.211 0.8571428657
72899  26.931  2.553  -2.688 0.7142857313
71902  26.687  1.004  -2.984 0.8571428657
135211  26.677  4.930  -2.818 0.1428571492
74665  27.152  4.152  -2.613 0.1428571492
72905  26.419  2.563  -3.664 0.5714285970
75529  26.139  5.749  -3.259 0.1428571492
75513  27.387  5.717  -2.478 0.1428571492
74666  26.293  4.124  -3.519 0.4285714328
77355  25.910  7.550  -3.241 0.1428571492
76392  26.062  6.671  -3.126 0.1428571492
75530  25.718  5.463  -5.094 0.4285714328
74677  26.130  4.085  -5.279 0.5714285970
73809  26.182  3.319  -4.321 0.7142857313
72906  26.208  2.410  -5.315 0.8571428657
76393  25.650  6.723  -4.483 0.1428571492
77356  25.560  7.422  -4.834 0.1428571492
73810  26.176  3.224  -6.371 0.8571428657
138653  25.697  8.338  -3.717 0.1428571492
144019  25.561  8.000  -4.707 0.2857142985
76408  25.746  6.594  -6.777 0.8571428657
135607  26.304  4.917  -6.655 0.8571428657
124891  26.202  4.766  -7.640 0.8571428657
79401  25.416  9.184  -6.185 0.1428571492
80339  25.392  9.988  -5.205 0.1428571492
77361  25.431  7.679  -5.800 0.4285714328
77371  25.449  6.878  -7.222 0.8571428657
76409  25.507  6.557  -7.493 0.8571428657
75545  25.864  5.662  -7.535 0.8571428657
75537  25.520  4.835  -7.714 0.8571428657
78368  25.406  8.393  -6.047 0.4285714328
76399  25.322  5.966  -7.633 0.8571428657
80360  25.284  9.936  -7.174 0.2857142985
78378  25.149  8.306  -7.107 0.5714285970
78379  24.862  8.114  -7.251 0.8571428657
77384  25.056  7.496  -7.297 0.8571428657
77372  25.273  6.894  -7.404 0.8571428657
76410  24.886  6.790  -7.267 0.8571428657
77373  24.801  7.333  -7.196 0.8571428657
76400  24.154  6.076  -5.943 0.8571428657
80361  24.982  10.276  -7.621 0.2857142985
79416  24.914  9.550  -7.652 0.7142857313
79409  25.228  9.265  -7.127 0.5714285970
78385  24.807  8.826  -7.445 0.8571428657
78369  24.043  7.812  -6.721 0.8571428657
77363  22.930  7.699  -4.863 0.8571428657
77362  23.459  6.834  -5.323 0.8571428657
78386  24.289  9.021  -7.591 0.8571428657
79410  23.662  9.071  -7.093 0.8571428657
130886  23.826  8.389  -6.769 0.8571428657
79391  22.658  9.359  -5.135 0.7142857313
78357  23.240  8.328  -5.626 0.7142857313
79418  23.821  9.465  -7.858 0.8571428657
80362  23.239  9.697  -7.545 0.8571428657
79402  23.257  9.017  -6.042 0.8571428657
79403  22.945  9.738  -6.196 0.8571428657
79411  22.648  10.306  -7.369 0.8571428657
145613  22.492  9.959  -5.358 0.7142857313
80374  22.893  11.007  -8.889 0.7142857313
80368  22.788  10.649  -8.458 0.8571428657
81377  22.583  11.334  -8.402 0.8571428657
82353  22.176  11.847  -7.525 0.8571428657
82362  22.426  12.354  -8.213 0.7142857313
81370  22.318  11.134  -7.504 0.8571428657
142356  24.523  14.434  -10.144 0.1428571492
81384  22.881  11.683  -8.930 0.8571428657
82375  22.729  12.607  -9.204 0.7142857313
83356  22.094  13.097  -8.712 0.7142857313
84359  24.056  14.679  -10.929 0.1428571492
83366  22.135  13.024  -10.411 0.5714285970
83375  22.745  13.319  -11.051 0.5714285970
141113  20.869  14.167  -12.531 0.5714285970
84360  22.999  13.958  -11.610 0.1428571492
85298  25.319  15.758  -10.291 0.1428571492
84374  19.766  14.847  -12.555 0.5714285970
86192  24.946  16.545  -9.657 0.1428571492
87075  25.283  17.393  -8.970 0.1428571492
85300  23.256  14.795  -11.373 0.1428571492
84372  22.049  14.236  -12.232 0.5714285970
87076  24.331  17.342  -8.836 0.1428571492
87060  25.721  18.008  -8.177 0.1428571492
136780  22.137  -16.469  4.076 0.1428571492
55088  21.922  -16.336  4.456 0.1428571492
57166  22.763  -14.242  3.674 0.2857142985
57165  23.475  -13.903  4.068 0.1428571492
57179  23.938  -13.452  3.548 0.2857142985
61344  26.415  -9.438  2.317 0.2857142985
122425  26.041  -10.060  2.643 0.2857142985
60308  25.644  -10.760  3.035 0.1428571492
65271  26.906  -5.931  -1.124 0.2857142985
64319  26.632  -6.838  -1.998 0.2857142985
138630  27.946  -3.742  -1.507 0.4285714328
71901  27.476  0.746  -2.576 0.2857142985
123760  26.691  -2.984  -2.440 0.7142857313
72898  27.860  2.408  -2.442 0.1428571492
70914  26.158  0.420  -3.923 0.8571428657
75536  25.692  5.979  -5.874 0.8571428657
145915  26.327  5.327  -7.079 0.8571428657
74680  25.825  4.130  -7.716 0.8571428657
80366  24.199  9.869  -8.110 0.8571428657
80373  23.121  10.679  -8.743 0.8571428657
85299  24.501  15.557  -10.663 0.1428571492
87901  26.377  18.001  -9.490 0.1428571492
54090  21.759  -16.099  5.866 0.1428571492
59240  24.604  -12.400  2.573 0.2857142985
58255  23.629  -13.244  2.735 0.4285714328
59249  25.057  -11.823  2.182 0.1428571492
62324  26.729  -8.786  2.129 0.2857142985
137528  26.368  -9.557  0.248 0.2857142985
62346  26.545  -8.537  0.228 0.2857142985
66258  26.721  -4.482  -2.392 0.7142857313
76381  27.021  6.499  -2.516 0.1428571492
145501  26.440  7.939  -2.610 0.1428571492
78356  25.530  8.490  -4.790 0.1428571492
79390  25.469  9.221  -4.986 0.1428571492
74678  26.241  4.132  -7.322 0.8571428657
73811  25.830  3.468  -7.295 1.0000000000
80352  25.416  9.975  -6.337 0.1428571492
81368  25.239  10.771  -6.536 0.1428571492
81369  24.860  11.248  -7.229 0.2857142985
81376  24.343  10.646  -8.125 0.5714285970
81382  23.739  11.130  -8.601 0.5714285970
82373  23.737  11.992  -8.772 0.5714285970
83365  23.386  13.155  -9.754 0.4285714328
83364  24.071  12.885  -8.979 0.2857142985
84346  24.408  13.771  -9.484 0.2857142985
84347  23.768  13.869  -10.566 0.1428571492
86206  21.519  16.232  -10.841 0.2857142985
86193  23.852  16.575  -9.716 0.1428571492
86194  22.474  16.772  -9.872 0.1428571492
87061  24.889  17.955  -8.080 0.1428571492
87887  26.222  18.272  -7.462 0.1428571492
130606  24.410  11.587  -7.816 0.4285714328
82361  24.294  12.251  -7.929 0.4285714328
133106  24.172  12.502  -8.480 0.4285714328
82374  23.288  12.278  -9.009 0.5714285970
56126  22.902  -14.727  4.241 0.1428571492
55089  21.342  -15.498  5.260 0.1428571492
57181  22.251  -14.020  3.131 0.4285714328
57164  24.210  -13.400  4.607 0.1428571492
58254  24.242  -12.880  3.089 0.1428571492
69046  26.620  -1.813  -3.258 0.7142857313
133611  25.713  6.114  -4.168 0.2857142985
135608  25.828  4.832  -4.136 0.1428571492
145654  25.418  7.097  -6.030 0.5714285970
77383  25.227  7.467  -7.098 0.8571428657
77385  24.616  7.900  -7.145 0.8571428657
139325  23.891  7.406  -6.315 0.8571428657
80367  23.263  10.063  -8.300 0.8571428657
83376  21.636  13.559  -11.816 0.5714285970
83367  20.976  13.374  -11.113 0.5714285970
86191  25.766  16.343  -9.557 0.1428571492
85301  22.004  15.099  -11.622 0.4285714328
86205  23.152  15.763  -10.736 0.1428571492
87074  25.890  17.452  -9.186 0.1428571492
61326  26.828  -9.531  3.083 0.1428571492
58265  23.543  -12.917  2.216 0.4285714328
61362  26.442  -9.574  -0.855 0.5714285970
60348  25.937  -10.821  -1.733 0.5714285970
61363  24.415  -10.315  -0.307 0.5714285970
61365  22.860  -9.613  0.377 0.2857142985
62371  25.951  -9.170  -2.555 0.5714285970
139579  24.873  -9.386  -1.350 0.5714285970
141040  23.587  -11.002  0.663 0.4285714328
61382  25.671  -10.015  -2.054 0.5714285970
137210  22.151  -9.270  0.615 0.2857142985
62347  22.657  -8.927  0.146 0.4285714328
64334  26.168  -6.838  -2.801 0.4285714328
63323  25.849  -7.485  -2.952 0.5714285970
124128  24.561  -7.782  -1.591 0.5714285970
63296  23.172  -7.605  -0.593 0.4285714328
64335  25.973  -6.677  -2.986 0.5714285970
131580  25.302  -6.048  -2.470 0.5714285970
63311  24.995  -7.238  -2.238 0.4285714328
65297  25.970  -5.622  -2.860 0.7142857313
65282  24.330  -5.579  -1.825 0.4285714328
66260  25.834  -4.851  -2.663 0.4285714328
62360  23.326  -8.605  -0.297 0.4285714328
62348  21.784  -8.471  0.295 0.2857142985
61366  21.345  -8.856  0.722 0.2857142985
64321  23.746  -6.892  -1.268 0.4285714328
65296  26.198  -5.846  -2.734 0.7142857313
67229  25.809  -3.982  -2.541 0.7142857313
67219  23.898  -3.694  -1.658 0.4285714328
68159  24.839  -2.519  -2.571 0.7142857313
68160  23.734  -2.234  -2.198 0.5714285970
69047  24.284  -1.682  -2.757 0.7142857313
69048  23.315  -1.646  -2.548 0.2857142985
67228  26.471  -3.920  -2.462 0.5714285970
133773  26.087  -3.147  -2.675 0.5714285970
138475  25.520  -3.098  -2.576 0.7142857313
146380  25.615  -1.406  -3.595 0.7142857313
69951  24.354  -0.439  -3.650 0.7142857313
69952  23.417  -0.361  -3.600 0.7142857313
69953  22.570  -0.768  -3.489 0.4285714328
69959  22.746  -0.040  -3.866 0.4285714328
68165  26.017  -1.918  -3.521 0.5714285970
69051  26.132  -1.208  -3.661 0.5714285970
69958  25.002  0.077  -4.251 0.5714285970
70918  24.777  0.820  -4.936 0.7142857313
129610  24.992  2.146  -5.797 0.7142857313
70919  23.886  0.948  -4.605 0.7142857313
71912  23.424  1.406  -4.628 0.5714285970
142065  23.516  2.470  -4.913 0.5714285970
71906  26.331  1.207  -3.841 0.7142857313
69957  25.532  0.733  -4.710 0.5714285970
71909  25.639  1.481  -5.363 0.7142857313
70920  23.022  0.684  -4.281 0.4285714328
134202  24.643  2.769  -5.821 0.7142857313
73813  24.700  3.459  -6.140 0.7142857313
132513  22.531  2.523  -4.631 0.5714285970
73814  23.468  3.147  -4.923 0.7142857313
70917  26.042  1.180  -4.802 0.5714285970
71910  25.153  1.499  -5.512 0.7142857313
72911  25.555  2.771  -6.783 0.8571428657
73812  25.445  3.431  -7.269 0.8571428657
132482  23.926  3.941  -5.213 0.7142857313
132481  22.648  3.749  -4.646 0.5714285970
138341  22.236  4.955  -4.555 0.2857142985
134952  25.815  2.676  -6.500 0.7142857313
74681  25.068  3.998  -7.331 0.7142857313
75539  21.904  5.703  -4.525 0.7142857313
74682  24.327  4.685  -5.764 0.8571428657
138090  23.387  5.375  -4.883 0.8571428657
76401  22.890  6.281  -4.721 0.8571428657
76402  21.963  6.519  -4.494 0.7142857313
132275  22.474  7.088  -4.591 0.8571428657
77364  22.010  7.877  -4.377 0.7142857313
80353  22.350  10.442  -5.739 0.7142857313
80354  21.668  11.067  -5.065 0.7142857313
81360  22.082  11.120  -6.294 0.5714285970
80341  20.949  10.709  -4.451 0.7142857313
81371  21.870  11.848  -6.598 0.8571428657
128819  21.801  12.686  -6.928 0.7142857313
81361  21.462  11.936  -5.445 0.7142857313
82344  20.809  13.486  -5.462 0.7142857313
83328  21.066  14.106  -6.132 0.7142857313
141732  21.898  13.211  -7.645 0.7142857313
83341  21.547  13.685  -6.809 0.7142857313
84297  20.071  14.326  -5.774 0.5714285970
84317  21.190  14.544  -6.942 0.4285714328
84318  20.387  14.854  -6.527 0.5714285970
83357  21.554  13.946  -7.868 0.5714285970
132547  20.917  14.901  -7.870 0.5714285970
84298  19.177  15.235  -5.709 0.4285714328
84277  18.144  15.100  -5.558 0.5714285970
84276  19.215  14.289  -5.339 0.4285714328
85266  19.023  16.362  -6.172 0.5714285970
85290  20.006  15.296  -9.366 0.5714285970
85256  17.087  16.397  -5.995 0.4285714328
84278  17.241  14.413  -5.473 0.4285714328
85255  18.325  16.379  -6.166 0.5714285970
86165  17.201  17.918  -6.452 0.4285714328
143748  28.038  -2.872  -1.732 0.2857142985
86164  18.145  18.141  -6.597 0.2857142985
86166  15.865  17.759  -6.278 0.2857142985
60350  25.371  -11.134  -0.944 0.5714285970
143090  26.459  -8.629  -2.132 0.2857142985
130597  26.362  -9.548  -1.968 0.4285714328
60341  23.564  -10.255  0.342 0.5714285970
63295  26.575  -7.672  -1.468 0.2857142985
63309  26.264  -7.899  -2.626 0.5714285970
60342  22.673  -10.203  0.826 0.2857142985
64320  24.541  -6.402  -2.006 0.4285714328
136767  21.684  -7.902  -0.166 0.2857142985
63297  22.148  -7.483  -0.554 0.2857142985
66261  25.023  -4.299  -2.094 0.5714285970
69039  28.871  -1.787  -1.693 0.2857142985
67232  22.220  -3.097  -2.103 0.2857142985
69054  23.590  -0.975  -3.077 0.7142857313
74683  23.061  4.505  -4.721 0.7142857313
128840  21.982  9.297  -4.530 0.7142857313
80340  21.853  10.086  -4.761 0.7142857313
79392  21.395  9.517  -4.353 0.7142857313
122005  21.319  13.246  -6.015 0.7142857313
83311  19.962  13.546  -5.214 0.5714285970
84334  21.388  13.426  -9.589 0.5714285970
84335  20.925  14.259  -8.790 0.5714285970
85265  19.539  16.121  -6.917 0.5714285970
137019  23.573  -5.997  -1.444 0.4285714328
62358  26.524  -8.554  -1.045 0.2857142985
140249  26.426  -0.571  -3.510 0.7142857313
68157  26.357  -2.432  -3.024 0.5714285970
72909  26.279  1.780  -4.422 0.7142857313
134407  25.615  2.208  -6.003 0.7142857313
72910  26.012  1.881  -5.594 0.7142857313
75538  24.677  5.421  -6.927 0.7142857313
66259  26.323  -4.925  -2.703 0.5714285970
61381  26.022  -10.166  -2.149 0.5714285970
61375  25.181  -10.418  -1.363 0.5714285970
60349  25.879  -11.002  -1.444 0.4285714328
61364  23.483  -9.465  0.001 0.5714285970
61376  24.264  -9.322  -0.541 0.4285714328
62377  26.041  -8.227  -2.852 0.5714285970
62372  25.186  -8.793  -1.866 0.5714285970
63310  25.552  -8.155  -2.582 0.5714285970
62359  24.169  -8.341  -0.890 0.4285714328
60330  23.097  -11.147  1.185 0.5714285970
126705  22.454  -8.161  -0.159 0.4285714328
63322  26.028  -7.490  -2.968 0.5714285970
64336  25.408  -6.789  -2.614 0.5714285970
64309  22.740  -6.737  -0.871 0.4285714328
65298  25.157  -5.180  -2.238 0.5714285970
66246  24.134  -4.706  -1.655 0.4285714328
67230  24.926  -3.416  -2.215 0.7142857313
125101  24.098  -2.878  -1.926 0.5714285970
67231  23.189  -2.844  -1.712 0.4285714328
67220  22.762  -3.608  -1.607 0.4285714328
66247  23.098  -4.385  -1.474 0.4285714328
68158  25.695  -2.517  -3.011 0.7142857313
68166  25.265  -1.893  -3.228 0.7142857313
68161  22.747  -2.213  -2.233 0.2857142985
69053  24.795  -1.177  -3.364 0.7142857313
69052  25.359  -0.715  -3.782 0.7142857313
130423  23.888  0.282  -4.118 0.7142857313
69950  25.759  -0.201  -3.950 0.5714285970
71911  24.392  1.472  -5.147 0.7142857313
72912  24.021  2.035  -5.137 0.7142857313
72913  22.895  1.906  -4.649 0.2857142985
74684  21.848  4.274  -4.552 0.2857142985
144797  21.509  12.505  -5.995 0.7142857313
85264  20.261  15.252  -7.342 0.7142857313
64310  21.751  -6.935  -1.072 0.1428571492
124011  22.577  -5.947  -1.409 0.4285714328
126863  21.542  -13.722  3.433 0.4285714328
64285  27.574  -6.293  1.685 0.1428571492
63284  27.016  -6.859  1.273 0.1428571492
132764  27.271  -6.056  0.969 0.1428571492
66236  27.833  -4.476  -0.974 0.1428571492
67211  28.340  -3.752  -0.850 0.1428571492
65259  27.527  -5.333  0.586 0.1428571492
67197  28.390  -3.538  0.078 0.1428571492
66227  27.880  -4.688  0.114 0.1428571492
146411  28.386  -3.193  -1.290 0.1428571492
69038  28.816  -0.961  -2.041 0.2857142985
122511  28.491  -0.371  -2.374 0.1428571492
78358  22.403  8.589  -4.649 0.5714285970
87869  26.057  18.832  -6.091 0.1428571492
77365  20.998  7.829  -4.260 0.4285714328
87870  25.403  19.112  -6.144 0.1428571492
87077  23.140  17.373  -8.906 0.1428571492
79393  20.695  9.378  -4.211 0.4285714328
121936  21.027  9.990  -4.275 0.5714285970
87064  20.426  18.693  -9.004 0.2857142985
86196  19.210  17.407  -10.101 0.2857142985
85278  20.069  15.787  -8.187 0.2857142985
80345  17.674  10.323  -4.887 0.1428571492
81350  20.102  11.157  -4.386 0.5714285970
82343  21.161  12.745  -5.331 0.5714285970
126099  18.906  18.603  -8.934 0.2857142985
84349  18.878  14.988  -11.396 0.4285714328
81351  19.119  11.496  -4.651 0.4285714328
129848  19.554  12.947  -4.883 0.5714285970
86183  19.172  17.758  -8.964 0.2857142985
126154  18.002  11.854  -4.833 0.4285714328
82336  17.652  12.701  -5.106 0.2857142985
144320  18.751  17.461  -7.005 0.1428571492
86176  18.819  17.761  -7.973 0.1428571492
146504  16.783  13.022  -5.335 0.1428571492
123016  18.315  14.010  -5.237 0.4285714328
87037  17.318  19.090  -6.425 0.1428571492
87049  18.613  18.637  -7.198 0.1428571492
87048  18.833  18.806  -8.278 0.1428571492
83313  17.143  13.542  -5.343 0.2857142985
87014  16.276  19.202  -4.984 0.1428571492
87036  18.004  18.851  -6.309 0.1428571492
87024  17.181  19.502  -5.946 0.1428571492
87023  18.277  19.068  -5.428 0.1428571492
58257  21.967  -13.144  2.837 0.4285714328
59252  21.380  -11.652  2.664 0.2857142985
63273  27.160  -7.420  1.887 0.1428571492
146234  28.300  -4.451  1.299 0.1428571492
68144  28.731  -2.517  -1.348 0.1428571492
78360  20.403  8.541  -4.246 0.2857142985
85314  18.958  15.941  -12.169 0.2857142985
87080  19.575  17.581  -10.304 0.2857142985
143888  19.023  19.084  -7.592 0.2857142985
59241  21.291  -12.316  3.122 0.2857142985
60307  26.531  -10.225  3.491 0.1428571492
59238  26.118  -10.922  3.929 0.1428571492
62335  26.954  -8.051  2.045 0.1428571492
63255  27.688  -7.677  2.405 0.1428571492
68150  28.437  -2.214  -1.823 0.1428571492
144486  17.404  12.298  -5.162 0.1428571492
81352  18.324  10.917  -4.654 0.2857142985
84361  19.851  14.001  -12.113 0.4285714328
87893  19.442  19.243  -9.103 0.2857142985
87065  19.555  18.388  -9.484 0.2857142985
86207  19.625  16.806  -11.291 0.2857142985
87063  22.293  17.894  -8.158 0.1428571492
87890  22.974  18.317  -7.350 0.1428571492
87062  23.740  17.856  -8.031 0.1428571492
87889  24.440  18.353  -7.154 0.1428571492
70908  28.466  0.379  -2.453 0.2857142985
85302  20.321  15.592  -11.967 0.4285714328
87891  21.635  18.468  -7.820 0.2857142985
86195  20.752  17.265  -10.128 0.2857142985
87078  21.615  17.602  -9.146 0.1428571492
58266  22.632  -12.673  2.401 0.4285714328
84362  18.815  15.099  -12.311 0.2857142985
80342  20.175  10.144  -4.210 0.4285714328
145181  21.065  12.330  -4.949 0.5714285970
87025  16.464  19.019  -6.098 0.2857142985
78359  21.432  8.746  -4.286 0.5714285970
82334  20.566  12.721  -4.915 0.5714285970
83312  18.493  13.192  -5.064 0.5714285970
86175  19.706  16.524  -7.926 0.2857142985
66235  28.196  -4.153  -0.216 0.1428571492
65247  27.864  -5.522  1.593 0.1428571492
134011  28.574  -3.041  -0.685 0.1428571492
79394  19.665  9.186  -4.234 0.2857142985
85279  19.586  16.713  -9.203 0.2857142985
85291  18.806  16.285  -10.669 0.2857142985
82335  18.840  12.387  -4.856 0.4285714328
122060  19.924  12.120  -4.581 0.5714285970
136031  28.829  -2.445  -0.589 0.1428571492
87079  20.084  18.258  -9.784 0.2857142985
134201  21.550  3.505  -4.563 0.2857142985
87881  20.258  19.535  -8.165 0.1428571492
87892  20.460  19.125  -8.630 0.1428571492
88630  20.520  20.083  -8.323 0.1428571492
87872  20.214  18.805  -5.467 0.1428571492
128274  20.388  19.729  -7.664 0.1428571492
87880  21.008  19.230  -8.212 0.1428571492
87882  19.988  18.985  -6.997 0.1428571492
87871  20.430  19.327  -6.221 0.1428571492
88637  20.328  20.812  -9.075 0.1428571492
138942  19.639  19.341  -8.197 0.1428571492
89316  21.119  20.547  -5.633 0.1428571492
88631  20.255  20.362  -7.928 0.1428571492
73815  22.301  3.130  -4.596 0.2857142985
89321  20.204  20.994  -8.020 0.1428571492
89325  21.030  20.404  -8.283 0.1428571492
88622  20.795  19.895  -6.234 0.1428571492
135819  21.005  19.524  -5.091 0.1428571492
65281  26.604  -5.924  -2.308 0.4285714328
59275  24.067  -12.023  0.712 0.4285714328
59263  24.486  -12.108  0.824 0.2857142985
59262  24.961  -11.949  1.062 0.1428571492
135066  25.122  -11.502  -0.118 0.2857142985
59273  24.974  -11.714  0.288 0.1428571492
60339  25.434  -11.166  -0.614 0.2857142985
59264  23.984  -12.715  1.294 0.2857142985
142436  19.160  13.601  -5.060 0.4285714328
146679  26.291  -10.423  -0.795 0.2857142985
142785  23.429  -11.951  1.378 0.4285714328
60328  25.970  -10.601  0.006 0.1428571492
60329  25.395  -11.269  0.587 0.1428571492
60338  26.053  -11.016  -1.275 0.2857142985
60340  24.478  -11.230  0.157 0.4285714328
59274  24.742  -11.802  0.430 0.2857142985
80343  19.272  10.598  -4.466 0.2857142985
126410  22.198  -11.894  2.214 0.2857142985
58267  21.878  -12.361  2.575 0.2857142985
59251  23.117  -12.300  1.879 0.2857142985
59265  22.595  -11.440  1.723 0.2857142985
65283  23.332  -5.242  -1.475 0.2857142985
66248  22.273  -4.211  -1.753 0.2857142985
69055  22.408  -1.529  -2.983 0.1428571492
71913  22.329  1.173  -4.426 0.1428571492
134200  21.230  4.890  -4.548 0.1428571492
75540  20.724  5.573  -4.574 0.1428571492
76403  21.132  6.363  -4.482 0.1428571492
76404  20.230  6.250  -4.575 0.1428571492
78362  18.791  8.592  -4.499 0.1428571492
123343  19.269  9.866  -4.361 0.1428571492
79396  17.829  9.569  -4.749 0.1428571492
79395  18.639  9.340  -4.466 0.1428571492
85249  16.471  15.287  -5.791 0.1428571492
84279  15.708  14.321  -5.464 0.1428571492
85257  15.573  16.449  -6.048 0.1428571492
84281  14.995  16.364  -5.592 0.1428571492
129470  21.267  -12.931  3.415 0.2857142985
130443  21.524  7.117  -4.395 0.2857142985
135243  19.853  6.815  -4.572 0.1428571492
80344  18.488  10.083  -4.544 0.1428571492
57168  20.719  -13.297  3.752 0.2857142985
143381  23.153  -6.310  -1.077 0.2857142985
65284  22.444  -5.022  -1.709 0.2857142985
69960  21.826  -0.539  -3.952 0.1428571492
72914  21.670  1.842  -4.634 0.1428571492
74686  19.755  3.867  -5.006 0.1428571492
74685  20.796  4.061  -4.576 0.1428571492
135643  20.237  4.773  -4.691 0.1428571492
75541  19.813  5.523  -4.775 0.1428571492
123899  19.937  7.624  -4.426 0.1428571492
78363  17.864  8.856  -4.780 0.1428571492
65285  21.628  -5.554  -2.072 0.2857142985
126150  22.006  0.325  -4.194 0.1428571492
83314  15.870  13.255  -5.346 0.1428571492
138296  22.154  -6.528  -1.297 0.1428571492
133415  20.604  7.001  -4.428 0.1428571492
78361  19.578  8.361  -4.379 0.1428571492
66249  21.647  -4.774  -2.307 0.1428571492
58238  19.941  -12.863  3.986 0.1428571492
58258  20.585  -12.473  3.576 0.1428571492
59266  21.623  -11.008  2.087 0.1428571492
71900  28.397  1.373  -2.476 0.1428571492
57167  21.011  -14.129  3.881 0.1428571492
59242  20.480  -11.566  3.246 0.1428571492
60331  22.159  -10.584  1.491 0.1428571492
61354  21.563  -9.676  1.190 0.1428571492
82352  24.643  12.308  -6.843 0.1428571492
60332  21.369  -10.288  1.719 0.1428571492
61373  26.189  -10.479  -1.630 0.2857142985
61374  25.849  -10.798  -1.764 0.5714285970
62301  27.546  -8.465  2.659 0.2857142985
62370  26.101  -9.015  -2.500 0.4285714328
64296  26.917  -6.602  0.346 0.2857142985
66212  27.968  -4.779  1.081 0.1428571492
66245  26.703  -5.122  -2.487 0.5714285970
78350  26.154  8.430  -2.726 0.1428571492
78380  24.441  8.527  -7.339 0.8571428657
79417  24.435  9.350  -7.724 0.8571428657
80372  23.594  10.368  -8.448 0.5714285970
81349  20.838  11.753  -4.677 0.7142857313
81383  23.182  11.323  -8.936 0.7142857313
84348  20.101  13.911  -10.604 0.5714285970
84373  21.012  14.656  -12.507 0.5714285970
85254  19.597  15.228  -6.213 0.5714285970
85303  18.743  15.765  -11.706 0.2857142985
86208  18.998  16.659  -11.147 0.2857142985
88638  19.995  20.718  -9.057 0.1428571492
89317  20.474  20.803  -6.845 0.1428571492
89326  20.569  21.134  -9.042 0.1428571492
138778  17.475  9.259  -5.138 0.1428571492
144398  23.842  -7.602  -1.019 0.5714285970
144569  22.306  -16.445  4.735 0.1428571492
145152  25.295  1.097  -5.241 0.7142857313
145892  26.803  -6.870  0.013 0.2857142985
