#!ascii label  , from subject sub-v1s15x0050206_ses-1 vox2ras=TkReg
835
34724  -13.786  -38.126  75.819 0.0000000000
51041  -39.686  -21.040  73.746 0.0000000000
57713  -43.407  -14.224  69.999 0.0000000000
55851  -43.561  -15.278  61.934 0.0000000000
48047  -36.276  -24.424  74.817 0.0000000000
56818  -43.984  -13.412  64.204 0.0000000000
57809  -49.600  -13.420  60.358 0.0000000000
55884  -54.165  -17.368  61.405 0.0000000000
51089  -44.840  -22.685  71.313 0.0000000000
52882  -47.466  -19.420  68.819 0.0000000000
53759  -42.349  -17.882  71.696 0.0000000000
35725  -15.345  -35.568  80.181 0.0000000000
36742  -20.009  -34.844  79.911 0.0000000000
36751  -24.625  -35.213  78.179 0.0000000000
37769  -28.154  -34.082  76.494 0.0000000000
39795  -32.848  -32.354  75.540 0.0000000000
42871  -37.676  -28.821  74.862 0.0000000000
48051  -40.997  -24.659  73.654 0.0000000000
54839  -48.386  -17.424  66.481 0.0000000000
56889  -55.397  -15.756  59.572 0.0000000000
51045  -43.026  -21.882  73.580 0.0000000000
52862  -43.324  -19.517  71.476 0.0000000000
52849  -40.849  -19.208  72.814 0.0000000000
37739  -15.983  -33.829  79.661 0.0000000000
36741  -17.633  -35.291  80.376 0.0000000000
125871  -33.043  -29.915  77.243 0.0000000000
126890  -36.055  -30.833  76.125 0.0000000000
123274  -34.684  -28.104  77.020 0.0000000000
49074  -38.036  -22.843  73.893 0.0000000000
48035  -38.452  -24.043  76.433 0.0000000000
120427  -40.372  -22.074  74.672 0.0000000000
49077  -43.550  -23.325  72.792 0.0000000000
55751  -47.119  -15.767  70.615 0.0000000000
122043  -49.883  -18.050  67.806 0.0000000000
58612  -48.438  -12.766  68.252 0.0000000000
56839  -44.146  -14.599  63.015 0.0000000000
126084  -44.133  -16.504  65.804 0.0000000000
54858  -43.094  -17.405  63.937 0.0000000000
54881  -42.301  -18.077  62.037 0.0000000000
55866  -50.010  -16.260  63.219 0.0000000000
56859  -47.722  -14.627  61.590 0.0000000000
45891  -34.626  -26.260  75.068 0.0000000000
56856  -42.429  -15.268  61.544 0.0000000000
55882  -51.622  -16.302  61.202 0.0000000000
53912  -52.493  -19.235  61.577 0.0000000000
124342  -55.473  -17.728  56.778 0.0000000000
49120  -46.588  -23.044  68.113 0.0000000000
52026  -46.067  -20.542  69.282 0.0000000000
54772  -44.823  -17.954  70.242 0.0000000000
34697  -14.708  -37.077  78.328 0.0000000000
35752  -21.177  -36.496  77.216 0.0000000000
36749  -22.354  -35.175  78.509 0.0000000000
34715  -23.847  -36.943  76.790 0.0000000000
34717  -25.789  -37.461  75.952 0.0000000000
34720  -27.468  -37.669  75.278 0.0000000000
35797  -30.093  -36.715  74.569 0.0000000000
111580  -30.745  -33.124  75.310 0.0000000000
37782  -36.108  -34.197  74.751 0.0000000000
122896  -36.677  -26.173  76.824 0.0000000000
45884  -39.361  -26.819  74.554 0.0000000000
44853  -41.473  -27.787  73.570 0.0000000000
47009  -42.690  -25.234  71.978 0.0000000000
49096  -44.313  -23.514  70.142 0.0000000000
56797  -46.455  -14.964  66.427 0.0000000000
56870  -44.433  -14.269  59.618 0.0000000000
55876  -43.488  -15.491  60.088 0.0000000000
34696  -13.127  -38.049  77.500 0.0000000000
51043  -41.190  -20.657  73.484 0.0000000000
51974  -42.109  -20.225  73.206 0.0000000000
51972  -40.850  -19.951  73.129 0.0000000000
43836  -32.885  -28.671  76.670 0.0000000000
108040  -33.682  -28.598  77.190 0.0000000000
129845  -33.591  -27.682  76.762 0.0000000000
51040  -39.105  -21.503  74.110 0.0000000000
51015  -38.785  -21.402  75.801 0.0000000000
50071  -40.122  -21.311  74.665 0.0000000000
50073  -41.866  -22.323  73.603 0.0000000000
57704  -48.237  -13.524  69.618 0.0000000000
58594  -45.816  -12.992  69.658 0.0000000000
56846  -43.701  -14.784  62.643 0.0000000000
111467  -44.080  -15.892  63.272 0.0000000000
54870  -43.496  -16.665  62.941 0.0000000000
54882  -42.970  -17.434  62.509 0.0000000000
54883  -43.677  -16.334  62.099 0.0000000000
53886  -49.194  -18.168  61.667 0.0000000000
121824  -48.940  -17.036  62.268 0.0000000000
53908  -47.877  -18.683  60.329 0.0000000000
54946  -51.233  -17.125  59.141 0.0000000000
54921  -53.183  -17.617  62.116 0.0000000000
54887  -52.719  -17.498  63.179 0.0000000000
53891  -53.926  -18.320  61.814 0.0000000000
113644  -53.645  -19.014  60.959 0.0000000000
54935  -54.501  -17.774  60.892 0.0000000000
125579  -55.896  -17.245  58.306 0.0000000000
49098  -45.396  -22.941  70.350 0.0000000000
50153  -46.741  -22.460  69.382 0.0000000000
51106  -45.090  -22.409  70.588 0.0000000000
53760  -42.779  -18.513  71.764 0.0000000000
53772  -44.376  -18.825  70.357 0.0000000000
54756  -43.693  -17.331  70.670 0.0000000000
55748  -44.492  -16.151  70.705 0.0000000000
55734  -42.645  -16.472  70.536 0.0000000000
34698  -15.659  -37.169  78.325 0.0000000000
35736  -15.802  -36.421  79.664 0.0000000000
124226  -19.151  -35.105  80.326 0.0000000000
117104  -23.734  -32.697  79.296 0.0000000000
122665  -23.237  -34.748  78.632 0.0000000000
130909  -22.641  -35.980  77.840 0.0000000000
36760  -24.238  -35.972  77.967 0.0000000000
34716  -24.622  -36.986  76.876 0.0000000000
35755  -24.926  -36.270  77.301 0.0000000000
122520  -27.280  -36.084  76.124 0.0000000000
35783  -28.755  -37.126  74.926 0.0000000000
36773  -28.936  -35.362  74.993 0.0000000000
39761  -32.483  -32.385  77.312 0.0000000000
39777  -31.211  -33.089  77.216 0.0000000000
38781  -31.624  -32.922  74.986 0.0000000000
38803  -31.196  -33.671  74.193 0.0000000000
38805  -33.398  -34.055  73.969 0.0000000000
37795  -34.346  -34.883  74.411 0.0000000000
38784  -34.411  -33.204  74.728 0.0000000000
41852  -36.937  -30.219  75.473 0.0000000000
40812  -37.236  -31.701  75.503 0.0000000000
41853  -37.737  -30.377  75.290 0.0000000000
42884  -38.854  -28.983  74.977 0.0000000000
121011  -34.911  -25.818  77.018 0.0000000000
48017  -35.552  -24.617  76.767 0.0000000000
48036  -39.643  -24.070  75.367 0.0000000000
46971  -38.909  -25.197  75.887 0.0000000000
46978  -40.033  -25.641  73.867 0.0000000000
121731  -40.269  -27.093  73.774 0.0000000000
46979  -41.016  -25.701  73.540 0.0000000000
46986  -42.239  -24.763  72.723 0.0000000000
50114  -44.505  -23.266  72.157 0.0000000000
48070  -44.329  -23.494  71.986 0.0000000000
49091  -44.838  -23.055  71.237 0.0000000000
49107  -45.201  -23.196  69.922 0.0000000000
108667  -14.386  -34.128  80.121 0.0000000000
35724  -14.078  -35.340  80.198 0.0000000000
35734  -13.881  -36.187  79.275 0.0000000000
51119  -48.107  -21.232  68.870 0.0000000000
51127  -49.023  -21.207  67.528 0.0000000000
54825  -50.090  -17.229  66.947 0.0000000000
57758  -44.583  -13.014  64.770 0.0000000000
58639  -45.718  -13.116  66.007 0.0000000000
57772  -45.017  -13.188  64.469 0.0000000000
54834  -43.063  -17.945  65.992 0.0000000000
53828  -44.327  -17.602  66.732 0.0000000000
55879  -46.317  -16.699  60.758 0.0000000000
125102  -45.513  -13.963  60.226 0.0000000000
56871  -45.013  -14.782  60.039 0.0000000000
55877  -44.078  -15.436  59.752 0.0000000000
54916  -43.864  -16.779  59.999 0.0000000000
54928  -43.042  -18.153  60.175 0.0000000000
56886  -53.901  -15.613  60.159 0.0000000000
116224  -54.703  -16.079  60.346 0.0000000000
56902  -54.796  -14.740  59.532 0.0000000000
58696  -55.310  -13.684  58.818 0.0000000000
51068  -44.293  -21.977  72.551 0.0000000000
51989  -44.312  -21.480  71.746 0.0000000000
51988  -43.475  -21.019  72.295 0.0000000000
52851  -42.276  -19.466  72.929 0.0000000000
53748  -41.644  -18.745  72.481 0.0000000000
36726  -15.165  -34.456  80.335 0.0000000000
36740  -16.668  -35.111  80.414 0.0000000000
119863  -18.849  -34.093  80.388 0.0000000000
108443  -33.669  -31.929  77.206 0.0000000000
39781  -34.074  -31.838  75.741 0.0000000000
123326  -34.532  -30.712  77.209 0.0000000000
41837  -35.217  -29.726  76.509 0.0000000000
43839  -36.225  -28.622  75.948 0.0000000000
48048  -36.890  -23.887  74.516 0.0000000000
48034  -36.501  -23.826  76.395 0.0000000000
50051  -37.814  -22.505  75.977 0.0000000000
49043  -38.877  -22.332  76.178 0.0000000000
112398  -40.977  -23.643  73.728 0.0000000000
48060  -41.812  -24.285  73.207 0.0000000000
49061  -42.278  -22.843  73.440 0.0000000000
50094  -43.468  -22.746  73.234 0.0000000000
37754  -14.660  -34.092  79.008 0.0000000000
55764  -47.085  -16.767  70.142 0.0000000000
121708  -49.428  -18.061  68.535 0.0000000000
55766  -48.970  -15.829  69.465 0.0000000000
56763  -49.852  -15.299  67.550 0.0000000000
56799  -49.328  -14.917  67.283 0.0000000000
121590  -43.798  -14.177  63.303 0.0000000000
56833  -44.986  -13.794  64.058 0.0000000000
55829  -44.484  -15.108  63.591 0.0000000000
54859  -43.846  -16.573  64.387 0.0000000000
57789  -50.357  -13.510  62.458 0.0000000000
58668  -48.329  -11.822  61.286 0.0000000000
56861  -49.368  -14.362  62.833 0.0000000000
55880  -47.290  -16.808  61.326 0.0000000000
51064  -39.129  -21.692  73.062 0.0000000000
49084  -38.122  -22.890  72.802 0.0000000000
57723  -43.468  -14.236  68.550 0.0000000000
56830  -43.131  -14.585  63.410 0.0000000000
56837  -42.891  -14.848  62.878 0.0000000000
56845  -43.405  -14.752  62.510 0.0000000000
56857  -43.150  -14.889  61.913 0.0000000000
56873  -50.450  -14.169  61.052 0.0000000000
56850  -51.630  -15.379  63.331 0.0000000000
54885  -52.033  -17.716  63.692 0.0000000000
110354  -50.471  -19.351  60.868 0.0000000000
54948  -55.572  -17.390  59.216 0.0000000000
54956  -54.467  -18.214  58.301 0.0000000000
49121  -47.530  -23.141  68.258 0.0000000000
51118  -47.393  -21.567  69.187 0.0000000000
119134  -46.872  -20.183  68.905 0.0000000000
52014  -44.718  -20.623  70.340 0.0000000000
52880  -45.489  -19.583  69.449 0.0000000000
54789  -46.684  -17.836  69.528 0.0000000000
54773  -46.055  -16.985  70.068 0.0000000000
56733  -44.989  -14.984  71.270 0.0000000000
51997  -40.004  -20.599  70.925 0.0000000000
52861  -40.921  -19.218  71.865 0.0000000000
54770  -40.946  -17.129  70.280 0.0000000000
116299  -13.961  -37.487  77.527 0.0000000000
34711  -15.070  -37.123  77.237 0.0000000000
35796  -22.191  -36.833  75.000 0.0000000000
38737  -18.990  -32.679  79.481 0.0000000000
37730  -20.323  -33.732  79.918 0.0000000000
37740  -20.785  -34.450  79.494 0.0000000000
35753  -22.252  -36.400  76.986 0.0000000000
115768  -26.507  -38.465  75.340 0.0000000000
33647  -27.362  -38.515  75.127 0.0000000000
38765  -28.713  -33.388  76.889 0.0000000000
131290  -29.992  -33.253  77.282 0.0000000000
38780  -29.228  -33.777  75.517 0.0000000000
37793  -29.943  -34.617  74.419 0.0000000000
36787  -31.445  -35.785  73.816 0.0000000000
39798  -35.558  -32.500  75.151 0.0000000000
108042  -34.397  -26.623  76.798 0.0000000000
122151  -35.573  -26.278  77.226 0.0000000000
44826  -37.314  -27.332  76.071 0.0000000000
46962  -37.000  -24.397  76.887 0.0000000000
45882  -37.972  -26.649  76.255 0.0000000000
43849  -38.274  -28.094  74.769 0.0000000000
43861  -40.002  -28.231  74.069 0.0000000000
125803  -41.520  -28.052  74.128 0.0000000000
48084  -42.700  -24.248  70.421 0.0000000000
46987  -43.191  -24.352  72.457 0.0000000000
48075  -43.468  -24.414  71.127 0.0000000000
49095  -43.487  -23.851  70.269 0.0000000000
49118  -43.796  -22.988  68.343 0.0000000000
34682  -13.233  -37.043  78.170 0.0000000000
58626  -46.007  -12.713  67.181 0.0000000000
57760  -47.448  -13.800  66.764 0.0000000000
55808  -46.975  -15.819  66.622 0.0000000000
55806  -45.340  -15.582  66.065 0.0000000000
55807  -45.930  -15.930  66.718 0.0000000000
53830  -46.450  -18.165  66.596 0.0000000000
111209  -42.760  -15.181  60.165 0.0000000000
56869  -42.929  -15.100  60.504 0.0000000000
58677  -46.393  -12.527  60.262 0.0000000000
57805  -45.233  -13.363  59.388 0.0000000000
56881  -43.875  -14.474  59.371 0.0000000000
55891  -43.134  -14.953  59.586 0.0000000000
55862  -43.219  -15.404  60.780 0.0000000000
54914  -43.161  -17.589  60.903 0.0000000000
33645  -13.241  -39.102  75.906 0.0000000000
51042  -40.306  -20.684  73.466 0.0000000000
42882  -32.579  -29.229  75.141 0.0000000000
43837  -33.350  -28.207  76.951 0.0000000000
43846  -33.231  -27.985  76.333 0.0000000000
51029  -39.236  -21.071  74.883 0.0000000000
51030  -39.757  -21.099  74.361 0.0000000000
50091  -40.616  -21.150  73.751 0.0000000000
57714  -44.357  -13.641  70.303 0.0000000000
58583  -46.081  -13.071  70.500 0.0000000000
58608  -45.004  -13.239  69.337 0.0000000000
55841  -43.940  -15.412  62.603 0.0000000000
53936  -48.822  -19.175  60.112 0.0000000000
53909  -48.642  -18.672  60.886 0.0000000000
55897  -53.310  -16.712  60.509 0.0000000000
55883  -53.808  -17.207  61.528 0.0000000000
54903  -53.949  -17.941  61.806 0.0000000000
53892  -54.113  -18.176  61.727 0.0000000000
127836  -54.254  -17.815  61.524 0.0000000000
50139  -45.020  -22.815  70.679 0.0000000000
112011  -43.210  -17.881  71.202 0.0000000000
54755  -42.880  -17.336  70.864 0.0000000000
116226  -42.231  -17.372  70.822 0.0000000000
36746  -19.635  -35.817  79.484 0.0000000000
37743  -24.035  -34.122  78.551 0.0000000000
128277  -23.288  -33.697  78.942 0.0000000000
36750  -23.913  -35.249  78.334 0.0000000000
36761  -25.162  -35.790  77.748 0.0000000000
119583  -27.394  -34.646  77.370 0.0000000000
125632  -26.970  -35.515  76.974 0.0000000000
36766  -27.676  -35.075  76.274 0.0000000000
36772  -28.312  -35.913  75.430 0.0000000000
37770  -28.571  -34.565  75.608 0.0000000000
39779  -32.633  -32.553  76.862 0.0000000000
39794  -32.031  -32.428  75.939 0.0000000000
38782  -32.588  -32.958  74.742 0.0000000000
38783  -33.499  -33.057  74.659 0.0000000000
39796  -33.703  -32.406  75.305 0.0000000000
123625  -37.187  -29.490  74.999 0.0000000000
42872  -38.259  -29.711  75.118 0.0000000000
48032  -35.430  -24.843  76.020 0.0000000000
48033  -35.940  -24.232  76.087 0.0000000000
125939  -40.300  -24.982  73.900 0.0000000000
48049  -39.872  -24.866  74.664 0.0000000000
122094  -41.535  -25.720  73.024 0.0000000000
110135  -41.564  -25.078  73.202 0.0000000000
50127  -44.723  -22.937  71.879 0.0000000000
49085  -44.631  -23.170  71.796 0.0000000000
50128  -44.779  -22.943  71.464 0.0000000000
123908  -14.970  -34.945  80.510 0.0000000000
36738  -14.294  -34.723  80.434 0.0000000000
122861  -14.696  -35.344  80.340 0.0000000000
52028  -47.758  -20.484  68.899 0.0000000000
51126  -48.686  -21.153  68.126 0.0000000000
52883  -48.289  -19.767  68.589 0.0000000000
54840  -49.501  -17.312  66.634 0.0000000000
53832  -49.121  -18.369  66.468 0.0000000000
52909  -48.234  -19.343  66.175 0.0000000000
53831  -47.727  -18.319  66.365 0.0000000000
57771  -44.694  -13.359  64.178 0.0000000000
131455  -48.054  -13.321  59.598 0.0000000000
56872  -45.919  -15.343  60.450 0.0000000000
55878  -45.218  -16.237  60.161 0.0000000000
51067  -43.644  -21.766  73.134 0.0000000000
51066  -42.863  -21.037  73.121 0.0000000000
52842  -41.651  -19.586  73.106 0.0000000000
53739  -41.713  -19.065  73.033 0.0000000000
53749  -41.997  -18.548  72.467 0.0000000000
52850  -41.400  -19.059  72.764 0.0000000000
116457  -15.744  -34.025  80.278 0.0000000000
38728  -18.215  -33.481  80.238 0.0000000000
42860  -32.547  -29.540  77.038 0.0000000000
41823  -32.273  -30.586  77.360 0.0000000000
40792  -32.688  -31.433  77.385 0.0000000000
40781  -33.250  -30.926  77.339 0.0000000000
123335  -34.305  -31.183  77.295 0.0000000000
118968  -33.604  -30.335  77.377 0.0000000000
108239  -34.289  -28.792  77.173 0.0000000000
123405  -34.581  -29.600  77.155 0.0000000000
108468  -34.966  -28.956  76.682 0.0000000000
42862  -35.737  -29.233  76.211 0.0000000000
43838  -35.434  -28.335  76.507 0.0000000000
49073  -37.479  -23.370  74.160 0.0000000000
49058  -37.191  -23.034  75.515 0.0000000000
49059  -37.736  -22.455  75.166 0.0000000000
50054  -39.498  -21.416  75.347 0.0000000000
50053  -38.905  -21.481  75.960 0.0000000000
49044  -39.625  -22.176  75.551 0.0000000000
48037  -39.655  -23.175  75.548 0.0000000000
115082  -40.393  -23.023  74.883 0.0000000000
126301  -40.692  -22.909  73.992 0.0000000000
49060  -41.211  -22.787  73.689 0.0000000000
50092  -41.910  -21.592  73.713 0.0000000000
50093  -42.731  -22.462  73.571 0.0000000000
50113  -44.027  -22.455  73.040 0.0000000000
37755  -15.550  -34.022  78.705 0.0000000000
37738  -15.203  -33.936  79.876 0.0000000000
55765  -48.097  -16.188  70.075 0.0000000000
56748  -47.682  -15.269  70.264 0.0000000000
58596  -48.136  -12.943  69.121 0.0000000000
119586  -48.496  -14.318  69.428 0.0000000000
57725  -49.261  -14.356  67.743 0.0000000000
56776  -49.745  -15.052  67.219 0.0000000000
57742  -49.090  -14.239  67.662 0.0000000000
56838  -43.607  -14.541  62.994 0.0000000000
54848  -42.922  -17.687  65.147 0.0000000000
53860  -42.072  -18.353  63.766 0.0000000000
55852  -50.118  -15.060  63.450 0.0000000000
113018  -46.773  -17.512  60.757 0.0000000000
50112  -38.563  -22.320  72.427 0.0000000000
55861  -41.446  -15.822  61.202 0.0000000000
54919  -51.369  -16.942  59.944 0.0000000000
55881  -50.470  -15.886  60.556 0.0000000000
56874  -51.287  -14.984  61.807 0.0000000000
56862  -51.371  -14.496  62.870 0.0000000000
55867  -51.897  -15.417  62.701 0.0000000000
53874  -52.658  -18.042  63.128 0.0000000000
54886  -52.355  -17.558  63.609 0.0000000000
53889  -52.285  -18.734  62.718 0.0000000000
125047  -50.637  -18.987  61.722 0.0000000000
53911  -51.466  -19.148  61.776 0.0000000000
109922  -51.473  -19.388  60.593 0.0000000000
129464  -52.396  -19.434  60.814 0.0000000000
123566  -53.776  -18.763  60.097 0.0000000000
56888  -54.939  -15.467  59.914 0.0000000000
55900  -55.161  -16.499  59.934 0.0000000000
55912  -55.752  -16.581  59.072 0.0000000000
121092  -55.788  -17.565  57.499 0.0000000000
54957  -55.461  -17.834  58.355 0.0000000000
49135  -46.280  -23.285  67.045 0.0000000000
49136  -46.771  -23.704  67.260 0.0000000000
118232  -46.986  -23.373  67.613 0.0000000000
51117  -46.444  -21.604  69.545 0.0000000000
52027  -47.029  -20.928  69.136 0.0000000000
51999  -43.775  -20.470  71.482 0.0000000000
124608  -44.379  -20.800  71.085 0.0000000000
52870  -44.116  -19.806  70.789 0.0000000000
53773  -45.088  -18.771  69.754 0.0000000000
53784  -45.952  -18.701  69.357 0.0000000000
118238  -45.620  -17.876  69.815 0.0000000000
111161  -45.218  -17.083  70.371 0.0000000000
55735  -43.540  -15.999  70.591 0.0000000000
34685  -16.232  -37.060  79.104 0.0000000000
35727  -17.154  -36.041  80.003 0.0000000000
35765  -20.526  -37.126  76.757 0.0000000000
35766  -21.282  -36.864  76.341 0.0000000000
35781  -21.285  -37.170  75.451 0.0000000000
38738  -19.844  -32.568  79.903 0.0000000000
126126  -19.816  -33.121  80.049 0.0000000000
37741  -21.659  -34.174  79.126 0.0000000000
36748  -21.337  -35.232  78.661 0.0000000000
35754  -23.380  -36.291  77.376 0.0000000000
35767  -23.045  -36.549  76.358 0.0000000000
35782  -22.853  -36.662  75.562 0.0000000000
34729  -23.524  -37.034  75.863 0.0000000000
124369  -25.174  -37.422  76.218 0.0000000000
34731  -25.767  -38.068  75.640 0.0000000000
33662  -25.957  -38.560  74.992 0.0000000000
33634  -26.322  -38.145  75.592 0.0000000000
35770  -27.018  -36.753  75.816 0.0000000000
35769  -26.561  -36.616  76.215 0.0000000000
34719  -26.944  -37.743  75.469 0.0000000000
34732  -27.635  -38.286  75.064 0.0000000000
34733  -28.308  -38.025  74.888 0.0000000000
35784  -29.578  -37.227  74.830 0.0000000000
35785  -30.180  -37.711  74.839 0.0000000000
34744  -30.767  -38.120  74.687 0.0000000000
35798  -30.707  -37.473  74.552 0.0000000000
120078  -30.620  -33.237  76.679 0.0000000000
38753  -30.495  -33.229  77.224 0.0000000000
109642  -29.984  -33.444  75.512 0.0000000000
38766  -29.756  -33.374  76.693 0.0000000000
38801  -29.678  -33.914  74.927 0.0000000000
38802  -30.311  -33.765  74.585 0.0000000000
121437  -32.806  -34.786  73.772 0.0000000000
119825  -31.869  -34.747  73.706 0.0000000000
36788  -32.749  -36.052  73.868 0.0000000000
37781  -35.083  -34.376  74.728 0.0000000000
36774  -35.076  -35.479  74.944 0.0000000000
36775  -35.928  -35.211  74.854 0.0000000000
40810  -35.328  -31.194  75.957 0.0000000000
40809  -34.946  -31.870  75.594 0.0000000000
126711  -35.698  -31.849  75.473 0.0000000000
44825  -33.779  -27.250  76.089 0.0000000000
45881  -34.288  -26.571  75.865 0.0000000000
121791  -35.752  -25.398  77.331 0.0000000000
126033  -35.307  -25.785  77.224 0.0000000000
44812  -36.238  -27.162  76.526 0.0000000000
48020  -37.538  -23.800  76.634 0.0000000000
48019  -36.783  -23.802  76.695 0.0000000000
122056  -39.140  -26.129  75.048 0.0000000000
45883  -38.458  -25.884  76.149 0.0000000000
125580  -38.569  -26.722  75.090 0.0000000000
44827  -37.918  -27.318  75.000 0.0000000000
44828  -38.871  -27.402  74.706 0.0000000000
43850  -39.329  -28.190  74.589 0.0000000000
44841  -39.725  -27.474  74.081 0.0000000000
44843  -41.355  -27.510  73.905 0.0000000000
44844  -42.024  -28.035  73.835 0.0000000000
131538  -42.282  -25.460  72.145 0.0000000000
47023  -42.639  -24.929  71.278 0.0000000000
48061  -42.839  -23.817  72.849 0.0000000000
48062  -43.555  -23.765  72.537 0.0000000000
48085  -44.262  -23.997  71.026 0.0000000000
48076  -43.878  -24.042  71.704 0.0000000000
49106  -43.571  -23.347  69.284 0.0000000000
49119  -45.490  -23.136  68.698 0.0000000000
119930  -45.551  -23.049  67.333 0.0000000000
34683  -14.365  -36.781  78.892 0.0000000000
128711  -13.817  -37.104  78.051 0.0000000000
53801  -49.519  -18.743  68.037 0.0000000000
53802  -49.743  -18.650  67.531 0.0000000000
57740  -44.392  -13.420  67.165 0.0000000000
58625  -45.082  -13.092  67.844 0.0000000000
121816  -46.368  -13.744  66.226 0.0000000000
58640  -46.843  -12.879  66.630 0.0000000000
56798  -47.211  -14.772  66.618 0.0000000000
55820  -44.949  -15.216  64.981 0.0000000000
54836  -45.096  -16.753  66.796 0.0000000000
53829  -45.422  -17.743  66.835 0.0000000000
54837  -45.982  -17.041  66.980 0.0000000000
130736  -45.788  -18.383  66.643 0.0000000000
56868  -42.938  -15.040  61.015 0.0000000000
109844  -42.978  -14.994  60.056 0.0000000000
57787  -47.657  -13.118  61.451 0.0000000000
58667  -47.713  -11.909  61.234 0.0000000000
57796  -46.871  -12.513  60.786 0.0000000000
57794  -45.083  -13.601  59.827 0.0000000000
58676  -45.580  -12.976  59.933 0.0000000000
57814  -44.570  -13.814  58.890 0.0000000000
124683  -44.544  -13.908  59.418 0.0000000000
57804  -43.969  -14.089  58.964 0.0000000000
54899  -43.445  -16.366  61.201 0.0000000000
54915  -43.596  -16.764  60.495 0.0000000000
51044  -42.177  -20.915  73.608 0.0000000000
51973  -41.539  -20.080  73.291 0.0000000000
42854  -33.243  -29.216  77.170 0.0000000000
41824  -33.839  -29.502  77.325 0.0000000000
42861  -33.146  -28.804  77.028 0.0000000000
44798  -33.853  -27.854  77.089 0.0000000000
127823  -38.209  -22.027  74.807 0.0000000000
50070  -38.309  -21.880  75.611 0.0000000000
51028  -38.724  -21.356  75.147 0.0000000000
51016  -38.971  -21.136  75.529 0.0000000000
50072  -40.924  -21.893  73.727 0.0000000000
117969  -46.283  -14.010  71.165 0.0000000000
56735  -47.041  -14.734  70.761 0.0000000000
113666  -46.523  -13.434  70.581 0.0000000000
58584  -46.970  -13.201  69.903 0.0000000000
59559  -47.888  -12.641  68.691 0.0000000000
54869  -42.716  -17.636  63.220 0.0000000000
54898  -43.143  -17.378  61.665 0.0000000000
54901  -50.091  -17.481  62.617 0.0000000000
54933  -51.961  -17.029  60.044 0.0000000000
54920  -52.445  -16.862  61.119 0.0000000000
55868  -52.576  -16.495  62.889 0.0000000000
53890  -53.254  -18.107  62.269 0.0000000000
111647  -52.831  -18.583  62.260 0.0000000000
120093  -52.976  -19.514  60.976 0.0000000000
53913  -53.428  -18.830  61.672 0.0000000000
53939  -54.254  -18.456  60.722 0.0000000000
124749  -54.668  -18.042  60.065 0.0000000000
56903  -55.741  -15.556  58.802 0.0000000000
55925  -56.104  -16.484  58.131 0.0000000000
55942  -56.255  -17.146  57.441 0.0000000000
54978  -55.383  -17.657  55.991 0.0000000000
49108  -46.116  -23.132  69.515 0.0000000000
50168  -46.914  -23.050  69.124 0.0000000000
50140  -45.807  -22.745  70.119 0.0000000000
51107  -45.806  -22.436  70.102 0.0000000000
114505  -45.391  -21.465  69.974 0.0000000000
53761  -43.614  -18.754  70.993 0.0000000000
119755  -44.054  -17.991  70.652 0.0000000000
131327  -44.431  -17.229  70.519 0.0000000000
115808  -43.367  -16.762  70.594 0.0000000000
56720  -42.144  -15.875  70.410 0.0000000000
34684  -15.265  -36.913  79.157 0.0000000000
36759  -23.306  -35.616  78.177 0.0000000000
35768  -24.234  -36.544  77.363 0.0000000000
34704  -25.348  -36.735  76.689 0.0000000000
35771  -27.781  -36.914  75.419 0.0000000000
121008  -29.193  -36.326  74.829 0.0000000000
36785  -29.605  -35.547  74.593 0.0000000000
39760  -31.653  -32.581  77.352 0.0000000000
39759  -30.879  -32.735  77.485 0.0000000000
39778  -31.947  -32.867  77.102 0.0000000000
39793  -31.316  -32.908  76.492 0.0000000000
38785  -35.343  -33.332  74.862 0.0000000000
41838  -36.125  -30.189  76.182 0.0000000000
40811  -36.290  -31.470  75.696 0.0000000000
119038  -36.667  -30.934  75.725 0.0000000000
114363  -37.354  -30.943  75.495 0.0000000000
42873  -39.318  -29.893  75.170 0.0000000000
115255  -40.024  -29.099  74.579 0.0000000000
46976  -34.912  -25.950  74.193 0.0000000000
108695  -34.664  -25.949  76.216 0.0000000000
108044  -35.101  -25.519  75.339 0.0000000000
46960  -35.785  -24.778  77.187 0.0000000000
120319  -39.262  -24.558  75.584 0.0000000000
46977  -39.580  -25.526  74.865 0.0000000000
45892  -39.731  -26.373  74.039 0.0000000000
130964  -39.722  -26.929  73.970 0.0000000000
45893  -40.655  -26.549  73.623 0.0000000000
45894  -41.043  -26.828  73.343 0.0000000000
131050  -42.003  -25.267  72.554 0.0000000000
46996  -42.599  -25.078  72.295 0.0000000000
50095  -44.096  -23.090  72.684 0.0000000000
48063  -44.056  -23.480  72.308 0.0000000000
48071  -44.518  -23.461  71.586 0.0000000000
49097  -44.780  -23.349  70.818 0.0000000000
37726  -13.634  -34.661  80.133 0.0000000000
36737  -13.422  -34.844  80.333 0.0000000000
35735  -14.832  -36.075  79.703 0.0000000000
54807  -50.132  -17.231  67.338 0.0000000000
53816  -49.941  -18.145  67.246 0.0000000000
53833  -49.756  -18.761  66.968 0.0000000000
109416  -44.773  -12.838  65.654 0.0000000000
57759  -45.100  -12.857  65.159 0.0000000000
56820  -45.373  -13.330  65.253 0.0000000000
54849  -43.577  -17.039  65.571 0.0000000000
126064  -44.423  -16.573  66.295 0.0000000000
55863  -46.952  -15.731  61.161 0.0000000000
57795  -46.616  -14.077  60.815 0.0000000000
55898  -54.260  -16.451  60.770 0.0000000000
56887  -54.541  -15.454  60.068 0.0000000000
57817  -55.188  -14.721  59.377 0.0000000000
131228  -55.019  -14.218  59.282 0.0000000000
56904  -55.736  -14.321  58.678 0.0000000000
51088  -44.681  -22.345  71.889 0.0000000000
120257  -43.042  -20.204  71.839 0.0000000000
51987  -42.630  -20.240  72.610 0.0000000000
52852  -42.593  -19.360  72.221 0.0000000000
54742  -41.924  -18.125  72.013 0.0000000000
36739  -15.701  -34.962  80.404 0.0000000000
36729  -18.191  -34.610  80.525 0.0000000000
37729  -19.525  -34.044  80.149 0.0000000000
38764  -28.022  -33.621  77.168 0.0000000000
40791  -31.946  -31.693  77.528 0.0000000000
129431  -32.916  -32.450  77.132 0.0000000000
39780  -33.292  -32.066  76.299 0.0000000000
39763  -34.095  -31.680  76.371 0.0000000000
40793  -34.618  -30.985  76.807 0.0000000000
108483  -34.789  -30.717  76.382 0.0000000000
123258  -34.287  -30.217  77.355 0.0000000000
108039  -34.797  -30.191  77.050 0.0000000000
41851  -35.299  -30.428  76.280 0.0000000000
42870  -36.501  -29.447  75.661 0.0000000000
43847  -36.845  -28.741  75.033 0.0000000000
49040  -36.615  -23.685  75.763 0.0000000000
49041  -37.169  -23.288  76.324 0.0000000000
49042  -38.126  -22.927  76.307 0.0000000000
50052  -38.562  -21.960  76.024 0.0000000000
110652  -38.993  -23.430  76.189 0.0000000000
48050  -40.324  -24.058  74.624 0.0000000000
49075  -42.008  -23.458  73.323 0.0000000000
49076  -42.928  -23.078  73.180 0.0000000000
113198  -44.516  -22.742  72.391 0.0000000000
53786  -47.635  -18.369  69.036 0.0000000000
53787  -48.604  -18.868  68.635 0.0000000000
54790  -48.014  -17.388  69.577 0.0000000000
54791  -49.104  -17.397  69.092 0.0000000000
131147  -49.551  -16.828  69.020 0.0000000000
56749  -48.491  -15.164  69.875 0.0000000000
56762  -49.115  -14.944  68.720 0.0000000000
55780  -50.088  -16.269  67.544 0.0000000000
112643  -50.135  -15.596  66.983 0.0000000000
56800  -49.949  -15.650  66.837 0.0000000000
55810  -49.067  -16.370  66.617 0.0000000000
56832  -44.391  -13.830  63.499 0.0000000000
55830  -44.812  -14.624  63.953 0.0000000000
55819  -44.488  -15.870  64.651 0.0000000000
57798  -50.037  -12.982  61.344 0.0000000000
57797  -49.081  -12.338  60.601 0.0000000000
58669  -49.186  -12.396  61.531 0.0000000000
56860  -48.692  -13.646  62.132 0.0000000000
55865  -48.945  -15.740  62.671 0.0000000000
55864  -47.971  -15.845  61.754 0.0000000000
51065  -39.613  -21.096  72.552 0.0000000000
51086  -38.971  -21.712  71.959 0.0000000000
48059  -36.424  -24.531  73.645 0.0000000000
48068  -37.069  -24.014  73.302 0.0000000000
49083  -37.643  -23.465  73.031 0.0000000000
117553  -38.619  -22.193  73.720 0.0000000000
56761  -41.974  -14.963  68.741 0.0000000000
57724  -44.222  -13.589  68.969 0.0000000000
120239  -43.387  -14.360  67.365 0.0000000000
56775  -43.208  -14.456  66.531 0.0000000000
56817  -43.091  -14.453  64.924 0.0000000000
56831  -43.577  -14.121  63.818 0.0000000000
56844  -42.689  -15.079  62.253 0.0000000000
115039  -43.352  -14.868  62.274 0.0000000000
56858  -43.032  -15.033  61.555 0.0000000000
56885  -49.562  -15.300  60.109 0.0000000000
57799  -50.858  -13.796  62.196 0.0000000000
57783  -51.006  -14.172  63.248 0.0000000000
55853  -50.909  -15.646  63.694 0.0000000000
55855  -52.160  -16.721  63.588 0.0000000000
124645  -52.049  -16.990  63.790 0.0000000000
54884  -51.296  -16.795  63.647 0.0000000000
53887  -50.344  -18.482  62.133 0.0000000000
53910  -49.615  -19.071  61.112 0.0000000000
53937  -49.689  -19.494  60.313 0.0000000000
115634  -52.230  -19.439  60.177 0.0000000000
55899  -54.542  -16.996  60.802 0.0000000000
54936  -54.897  -17.424  59.986 0.0000000000
54947  -55.167  -18.023  59.290 0.0000000000
50169  -47.674  -22.665  68.576 0.0000000000
50154  -47.918  -21.974  68.824 0.0000000000
130511  -47.645  -21.081  69.098 0.0000000000
51105  -44.792  -21.794  71.021 0.0000000000
130334  -45.191  -20.358  69.716 0.0000000000
52871  -44.736  -19.666  69.959 0.0000000000
52881  -46.394  -19.529  69.048 0.0000000000
53785  -46.772  -18.751  69.032 0.0000000000
55750  -46.398  -16.215  70.576 0.0000000000
55749  -45.550  -16.136  70.709 0.0000000000
56734  -46.144  -15.136  71.087 0.0000000000
51971  -40.246  -20.471  72.982 0.0000000000
51986  -40.694  -19.842  72.535 0.0000000000
51998  -40.562  -19.891  71.475 0.0000000000
53747  -41.480  -18.896  72.509 0.0000000000
53758  -41.686  -18.307  71.948 0.0000000000
54753  -41.778  -17.811  71.092 0.0000000000
55732  -41.669  -17.048  70.513 0.0000000000
57712  -42.556  -14.638  69.379 0.0000000000
34710  -14.259  -37.471  76.532 0.0000000000
35760  -14.995  -36.977  76.180 0.0000000000
35726  -16.234  -35.857  80.101 0.0000000000
35737  -16.721  -36.685  79.560 0.0000000000
38729  -19.028  -33.119  80.175 0.0000000000
36747  -20.442  -35.447  79.039 0.0000000000
36758  -21.817  -35.979  77.917 0.0000000000
110136  -22.102  -36.662  75.947 0.0000000000
113963  -24.346  -37.337  76.195 0.0000000000
35756  -25.975  -36.079  77.461 0.0000000000
34705  -26.005  -36.542  76.488 0.0000000000
34718  -26.276  -37.517  75.710 0.0000000000
33635  -26.746  -38.168  75.446 0.0000000000
34734  -29.476  -38.046  74.895 0.0000000000
33650  -29.809  -38.678  74.885 0.0000000000
39758  -30.026  -32.644  77.549 0.0000000000
38752  -29.459  -33.049  77.503 0.0000000000
38779  -28.782  -33.674  76.111 0.0000000000
37792  -29.270  -34.567  74.945 0.0000000000
36786  -30.433  -35.681  74.171 0.0000000000
37794  -30.788  -34.637  73.913 0.0000000000
113942  -31.004  -36.726  74.129 0.0000000000
129836  -31.880  -36.741  73.924 0.0000000000
39797  -34.623  -32.498  75.196 0.0000000000
38786  -36.306  -33.285  74.942 0.0000000000
39799  -36.628  -32.396  75.374 0.0000000000
38807  -36.974  -34.010  74.612 0.0000000000
43860  -33.387  -27.934  75.344 0.0000000000
112523  -33.951  -27.301  76.929 0.0000000000
108496  -34.416  -27.351  77.072 0.0000000000
108290  -34.947  -26.447  77.186 0.0000000000
44811  -35.206  -27.274  77.050 0.0000000000
125664  -35.951  -27.861  76.322 0.0000000000
43840  -36.718  -27.998  75.854 0.0000000000
43848  -37.330  -28.052  74.997 0.0000000000
48018  -36.152  -24.194  76.881 0.0000000000
46961  -36.353  -24.895  77.219 0.0000000000
46970  -38.028  -24.749  76.737 0.0000000000
46969  -37.425  -25.455  76.756 0.0000000000
44842  -40.744  -27.785  74.115 0.0000000000
43862  -40.875  -28.527  74.289 0.0000000000
47010  -43.307  -24.577  72.127 0.0000000000
48069  -43.779  -23.883  72.168 0.0000000000
116431  -43.252  -24.695  71.729 0.0000000000
49151  -44.288  -23.435  66.607 0.0000000000
110030  -44.493  -23.172  69.078 0.0000000000
129945  -44.709  -23.039  66.974 0.0000000000
52893  -48.999  -19.571  68.079 0.0000000000
58609  -45.767  -12.844  68.421 0.0000000000
59582  -47.717  -12.522  67.736 0.0000000000
128586  -46.190  -12.857  66.532 0.0000000000
112045  -47.507  -12.661  67.392 0.0000000000
58641  -47.876  -13.209  67.337 0.0000000000
57761  -48.455  -14.081  67.368 0.0000000000
55809  -47.960  -15.746  66.851 0.0000000000
113885  -47.685  -16.617  66.650 0.0000000000
56819  -45.344  -14.006  64.822 0.0000000000
56796  -45.862  -14.484  65.995 0.0000000000
117021  -46.728  -16.595  66.725 0.0000000000
54838  -47.162  -17.405  66.545 0.0000000000
56867  -42.184  -15.411  60.728 0.0000000000
58689  -48.111  -11.845  60.628 0.0000000000
58688  -47.358  -12.134  60.082 0.0000000000
58686  -45.860  -12.864  59.539 0.0000000000
111113  -45.879  -13.094  60.244 0.0000000000
130336  -45.662  -13.170  58.984 0.0000000000
56880  -43.577  -14.535  59.448 0.0000000000
54913  -42.416  -18.077  61.229 0.0000000000
38754  -34.007  -31.828  76.896 0.0000000000
38806  -34.174  -33.896  74.350 0.0000000000
39744  -33.593  -31.629  77.307 0.0000000000
39762  -33.207  -32.051  77.316 0.0000000000
39764  -34.297  -31.497  76.990 0.0000000000
40801  -34.725  -31.305  75.966 0.0000000000
42900  -42.212  -28.622  73.406 0.0000000000
48148  -46.608  -24.294  67.029 0.0000000000
49099  -46.174  -22.917  69.723 0.0000000000
49153  -46.172  -23.687  66.748 0.0000000000
51017  -39.395  -21.122  75.103 0.0000000000
52029  -48.505  -20.446  68.402 0.0000000000
52841  -41.313  -19.377  72.982 0.0000000000
52894  -49.506  -19.317  67.565 0.0000000000
52911  -49.672  -19.605  66.998 0.0000000000
53873  -52.295  -18.139  63.438 0.0000000000
53888  -51.518  -18.573  62.827 0.0000000000
53914  -54.025  -18.511  61.581 0.0000000000
53915  -54.251  -18.156  61.500 0.0000000000
54754  -41.938  -17.683  71.101 0.0000000000
54771  -41.369  -17.070  70.439 0.0000000000
54806  -49.845  -17.156  68.326 0.0000000000
54902  -51.060  -17.874  62.983 0.0000000000
55779  -49.685  -16.113  68.625 0.0000000000
55795  -50.168  -16.344  66.937 0.0000000000
55811  -49.895  -16.526  66.751 0.0000000000
55854  -51.552  -15.806  63.620 0.0000000000
56774  -42.530  -15.070  67.457 0.0000000000
56847  -50.393  -14.030  63.182 0.0000000000
56848  -51.030  -14.788  63.559 0.0000000000
56849  -51.238  -14.802  63.426 0.0000000000
57703  -47.023  -13.914  70.534 0.0000000000
57715  -47.889  -14.241  70.224 0.0000000000
57716  -48.670  -13.636  68.595 0.0000000000
57741  -48.742  -13.328  67.720 0.0000000000
57784  -51.171  -14.463  63.285 0.0000000000
57788  -49.495  -13.243  62.397 0.0000000000
57790  -51.023  -14.005  62.952 0.0000000000
57808  -48.861  -13.186  59.778 0.0000000000
58582  -45.236  -13.355  70.442 0.0000000000
58585  -47.624  -13.241  70.060 0.0000000000
58595  -47.813  -12.855  69.386 0.0000000000
58610  -46.582  -12.520  67.757 0.0000000000
58611  -48.171  -12.556  68.193 0.0000000000
58627  -47.014  -12.354  67.065 0.0000000000
58628  -48.366  -12.731  67.856 0.0000000000
58629  -48.893  -13.307  67.846 0.0000000000
58638  -45.351  -12.803  66.280 0.0000000000
58678  -47.211  -11.919  60.831 0.0000000000
58679  -48.507  -11.795  61.128 0.0000000000
58687  -46.565  -12.535  59.770 0.0000000000
59546  -46.473  -12.978  69.703 0.0000000000
59558  -47.204  -12.833  69.127 0.0000000000
59560  -48.099  -12.717  68.690 0.0000000000
59573  -46.495  -12.744  68.802 0.0000000000
59574  -47.419  -12.427  68.080 0.0000000000
59633  -47.862  -11.644  61.108 0.0000000000
59646  -46.939  -12.077  60.407 0.0000000000
59658  -47.441  -11.799  60.711 0.0000000000
108038  -33.719  -32.006  76.933 0.0000000000
108041  -34.141  -28.105  77.169 0.0000000000
108043  -35.135  -25.265  76.513 0.0000000000
108298  -34.042  -30.807  77.428 0.0000000000
108367  -34.108  -31.547  77.253 0.0000000000
108420  -35.376  -25.205  77.130 0.0000000000
108495  -33.863  -31.939  76.992 0.0000000000
110436  -49.023  -15.522  66.954 0.0000000000
112933  -32.930  -30.602  77.300 0.0000000000
112946  -49.715  -19.025  67.283 0.0000000000
113584  -48.209  -12.544  59.948 0.0000000000
115430  -48.572  -12.477  61.642 0.0000000000
116201  -44.597  -22.958  67.841 0.0000000000
117017  -48.167  -14.887  67.091 0.0000000000
120387  -48.521  -18.022  68.954 0.0000000000
120519  -48.967  -16.655  69.459 0.0000000000
121451  -49.825  -17.971  66.862 0.0000000000
123327  -33.889  -31.226  77.406 0.0000000000
123357  -33.836  -31.924  77.061 0.0000000000
123414  -33.829  -31.590  77.322 0.0000000000
126293  -48.612  -14.820  62.279 0.0000000000
129058  -43.557  -22.282  73.359 0.0000000000
131356  -43.935  -16.707  70.578 0.0000000000
