#!ascii label  , from subject sub-v1s15x0050206_ses-1 vox2ras=TkReg
942
48608  22.499  -24.765  62.661 0.0000000000
115600  31.039  -28.737  71.806 0.0000000000
66047  35.652  -6.169  50.160 0.0000000000
53669  29.442  -20.067  59.412 0.0000000000
116639  34.359  -24.122  67.870 0.0000000000
72428  48.152  1.293  41.489 0.0000000000
63167  35.539  -9.526  54.151 0.0000000000
59458  31.059  -12.751  52.968 0.0000000000
48636  17.720  -24.811  61.754 0.0000000000
45417  26.452  -27.448  66.728 0.0000000000
110619  30.286  -27.298  66.673 0.0000000000
117381  27.028  -24.527  62.008 0.0000000000
69778  41.536  -2.513  45.441 0.0000000000
124272  23.232  -25.347  68.082 0.0000000000
49577  19.954  -23.496  66.128 0.0000000000
67880  40.565  -4.726  49.555 0.0000000000
46549  17.054  -26.281  67.138 0.0000000000
44257  13.250  -28.384  68.577 0.0000000000
57679  32.015  -15.525  56.820 0.0000000000
116667  31.403  -21.761  64.210 0.0000000000
48574  36.272  -24.516  63.266 0.0000000000
44298  35.186  -28.296  65.028 0.0000000000
62247  35.746  -10.833  55.407 0.0000000000
61279  33.236  -11.303  53.103 0.0000000000
60343  33.433  -12.243  54.260 0.0000000000
63157  37.898  -8.980  55.842 0.0000000000
112452  21.824  -23.441  59.746 0.0000000000
47651  19.206  -24.977  59.978 0.0000000000
49623  20.448  -24.132  61.991 0.0000000000
47595  24.448  -26.248  64.519 0.0000000000
47593  26.322  -26.110  64.191 0.0000000000
48632  24.401  -24.443  61.772 0.0000000000
49668  24.722  -23.657  59.132 0.0000000000
66087  36.012  -5.921  47.820 0.0000000000
66013  37.413  -5.999  52.688 0.0000000000
66953  37.740  -5.499  50.166 0.0000000000
67902  38.603  -4.519  47.542 0.0000000000
50619  18.441  -22.407  66.982 0.0000000000
48531  18.684  -24.842  66.212 0.0000000000
49548  18.006  -24.008  68.552 0.0000000000
45342  14.417  -27.545  73.103 0.0000000000
45379  14.598  -27.658  70.419 0.0000000000
44212  13.264  -28.510  71.471 0.0000000000
124177  10.866  -29.904  71.620 0.0000000000
117469  10.756  -29.787  74.044 0.0000000000
52621  33.174  -19.818  65.051 0.0000000000
49572  32.800  -23.060  66.740 0.0000000000
49592  33.226  -23.539  64.225 0.0000000000
48542  35.776  -24.583  65.318 0.0000000000
113726  30.749  -26.805  64.045 0.0000000000
110892  32.248  -27.843  65.572 0.0000000000
45459  32.049  -27.338  63.339 0.0000000000
113398  33.717  -27.733  62.631 0.0000000000
130257  31.272  -18.023  57.821 0.0000000000
55728  29.568  -16.719  55.934 0.0000000000
53700  28.661  -19.546  56.631 0.0000000000
73312  51.102  2.158  39.917 0.0000000000
72440  49.620  0.686  39.398 0.0000000000
65060  35.371  -7.335  52.612 0.0000000000
63194  33.010  -9.151  52.110 0.0000000000
65050  37.570  -7.078  53.955 0.0000000000
44239  28.587  -28.351  69.805 0.0000000000
44253  30.465  -28.197  68.760 0.0000000000
45428  28.675  -27.067  66.561 0.0000000000
46586  28.552  -25.999  64.439 0.0000000000
132214  29.024  -25.188  61.691 0.0000000000
69761  44.000  -2.797  47.599 0.0000000000
70716  44.037  -1.762  46.134 0.0000000000
71571  44.788  -0.587  43.367 0.0000000000
71582  46.068  -0.321  41.159 0.0000000000
47580  22.435  -25.690  65.381 0.0000000000
48563  21.109  -25.223  64.451 0.0000000000
49574  22.066  -23.748  66.489 0.0000000000
46547  24.264  -26.884  67.318 0.0000000000
68796  41.547  -3.792  47.801 0.0000000000
48565  19.458  -24.978  64.678 0.0000000000
47598  16.607  -25.726  64.590 0.0000000000
46580  14.608  -26.729  65.033 0.0000000000
47538  17.429  -26.247  69.730 0.0000000000
46537  14.865  -27.150  67.770 0.0000000000
42148  7.664  -31.080  76.066 0.0000000000
60305  32.083  -12.198  57.398 0.0000000000
54635  32.085  -18.789  60.002 0.0000000000
53628  32.923  -19.344  62.613 0.0000000000
115129  30.470  -21.002  62.129 0.0000000000
50675  31.872  -22.846  62.280 0.0000000000
49617  35.377  -23.851  62.306 0.0000000000
47637  37.316  -25.028  61.744 0.0000000000
112258  33.174  -29.100  67.933 0.0000000000
44266  35.670  -28.676  67.426 0.0000000000
112201  35.923  -26.285  65.826 0.0000000000
121161  36.581  -26.468  64.419 0.0000000000
46610  36.206  -26.719  61.760 0.0000000000
122588  31.359  -14.151  54.712 0.0000000000
57739  28.657  -15.394  52.513 0.0000000000
132209  35.544  -11.259  56.331 0.0000000000
61251  34.655  -11.530  55.261 0.0000000000
61252  33.948  -11.720  55.575 0.0000000000
62232  36.476  -10.789  56.524 0.0000000000
132575  22.495  -23.825  61.510 0.0000000000
49638  21.184  -23.532  60.999 0.0000000000
120560  21.759  -24.434  62.445 0.0000000000
47612  23.322  -25.673  63.694 0.0000000000
48580  24.662  -25.454  63.051 0.0000000000
48633  23.720  -24.542  62.025 0.0000000000
49636  23.722  -24.045  61.398 0.0000000000
66078  36.210  -5.916  48.700 0.0000000000
66025  36.460  -5.981  51.469 0.0000000000
66943  37.819  -5.474  51.073 0.0000000000
66954  37.075  -5.837  49.856 0.0000000000
66965  36.963  -5.762  49.040 0.0000000000
45343  13.789  -27.948  73.444 0.0000000000
45369  13.940  -28.132  71.794 0.0000000000
44196  12.922  -28.685  72.635 0.0000000000
43162  11.896  -29.253  71.251 0.0000000000
44197  12.260  -29.018  72.615 0.0000000000
43153  10.781  -29.806  72.403 0.0000000000
51621  33.368  -21.517  67.585 0.0000000000
49559  33.370  -23.226  67.478 0.0000000000
124400  34.354  -24.134  65.872 0.0000000000
48527  35.344  -24.585  66.032 0.0000000000
44203  32.614  -28.724  71.519 0.0000000000
46612  30.387  -26.230  62.475 0.0000000000
46599  31.294  -26.929  63.317 0.0000000000
46611  31.063  -26.626  62.512 0.0000000000
45481  32.290  -27.203  61.796 0.0000000000
53682  29.677  -19.130  58.915 0.0000000000
54666  29.444  -18.340  57.529 0.0000000000
72425  47.430  1.195  42.886 0.0000000000
73303  48.661  1.718  42.559 0.0000000000
73302  49.234  2.048  42.311 0.0000000000
73314  49.514  1.754  40.669 0.0000000000
73315  48.793  1.507  41.039 0.0000000000
64156  34.932  -8.239  52.971 0.0000000000
64157  34.144  -8.233  52.435 0.0000000000
128804  34.390  -8.904  52.956 0.0000000000
111724  32.262  -12.165  53.004 0.0000000000
61288  31.888  -11.095  52.195 0.0000000000
60367  30.963  -11.937  52.040 0.0000000000
63165  36.762  -9.188  54.943 0.0000000000
64134  36.781  -8.362  54.443 0.0000000000
65051  36.204  -7.185  53.113 0.0000000000
48650  17.970  -24.940  61.028 0.0000000000
47625  16.388  -25.745  62.629 0.0000000000
45401  27.473  -28.073  68.140 0.0000000000
45400  28.350  -27.933  67.920 0.0000000000
116104  27.106  -27.802  67.408 0.0000000000
48578  26.441  -25.215  62.982 0.0000000000
46587  27.599  -26.097  64.697 0.0000000000
47623  27.837  -25.082  63.006 0.0000000000
47607  28.576  -25.506  63.385 0.0000000000
132638  28.262  -24.779  61.768 0.0000000000
112944  27.070  -24.395  59.705 0.0000000000
49648  32.402  -23.197  60.456 0.0000000000
127201  42.681  -2.567  46.589 0.0000000000
110602  43.557  -2.368  46.762 0.0000000000
69772  43.183  -1.960  45.953 0.0000000000
70741  43.364  -1.449  43.383 0.0000000000
70744  44.199  -1.282  42.123 0.0000000000
71574  45.440  -0.180  42.741 0.0000000000
47555  22.764  -25.399  66.803 0.0000000000
48544  22.085  -25.164  65.582 0.0000000000
48528  22.376  -24.663  66.456 0.0000000000
46548  23.430  -26.078  67.998 0.0000000000
133120  23.624  -26.321  66.546 0.0000000000
68784  42.486  -3.929  48.961 0.0000000000
67889  41.169  -4.535  49.043 0.0000000000
67912  39.080  -4.070  46.961 0.0000000000
48546  20.850  -24.849  65.067 0.0000000000
118923  19.914  -25.032  64.164 0.0000000000
48547  19.667  -24.740  65.142 0.0000000000
47568  18.018  -25.677  66.684 0.0000000000
47582  17.761  -25.720  65.865 0.0000000000
47569  17.372  -26.030  66.437 0.0000000000
47584  15.931  -25.998  65.028 0.0000000000
46565  16.269  -26.248  66.151 0.0000000000
47531  17.240  -25.435  70.744 0.0000000000
116792  14.147  -27.980  69.866 0.0000000000
45388  14.771  -27.515  69.464 0.0000000000
45405  13.695  -27.880  68.025 0.0000000000
45419  13.440  -27.753  67.059 0.0000000000
55683  33.057  -18.040  58.750 0.0000000000
51663  31.846  -20.916  65.171 0.0000000000
53598  33.119  -19.502  63.529 0.0000000000
52639  31.344  -20.631  63.451 0.0000000000
52647  31.285  -20.280  62.597 0.0000000000
51678  30.732  -20.939  62.812 0.0000000000
50670  31.051  -22.227  62.609 0.0000000000
50669  31.769  -22.712  63.151 0.0000000000
48576  35.542  -24.084  63.768 0.0000000000
115188  34.067  -23.634  63.010 0.0000000000
48575  35.734  -24.013  63.005 0.0000000000
48600  36.824  -24.721  62.181 0.0000000000
47620  36.964  -25.373  62.469 0.0000000000
45415  30.614  -27.641  67.396 0.0000000000
44252  31.671  -28.459  68.298 0.0000000000
45414  31.510  -27.941  67.459 0.0000000000
45436  33.153  -28.187  65.022 0.0000000000
44279  33.455  -28.601  66.474 0.0000000000
115122  35.302  -28.321  65.771 0.0000000000
45424  35.710  -27.367  66.365 0.0000000000
45434  35.783  -27.433  65.474 0.0000000000
46571  36.257  -26.657  65.116 0.0000000000
45444  35.689  -27.851  64.518 0.0000000000
45479  34.067  -27.552  61.211 0.0000000000
45466  35.401  -27.456  62.383 0.0000000000
59411  31.669  -13.636  56.725 0.0000000000
59425  31.886  -13.007  56.111 0.0000000000
57693  31.330  -15.218  55.906 0.0000000000
55746  28.543  -17.628  54.646 0.0000000000
56757  28.834  -16.076  54.229 0.0000000000
73319  52.457  1.876  39.236 0.0000000000
62258  35.523  -10.445  54.661 0.0000000000
62267  34.944  -10.192  53.875 0.0000000000
62259  34.794  -10.965  54.315 0.0000000000
60342  33.970  -11.911  54.129 0.0000000000
60354  32.614  -12.510  53.558 0.0000000000
63142  38.176  -9.638  56.816 0.0000000000
131158  36.729  -9.953  55.535 0.0000000000
49672  20.359  -23.863  59.889 0.0000000000
48634  19.161  -24.128  60.969 0.0000000000
48611  19.134  -24.294  61.777 0.0000000000
46577  25.436  -26.794  65.565 0.0000000000
46576  26.322  -26.782  65.410 0.0000000000
47594  25.387  -26.181  64.141 0.0000000000
48579  25.658  -25.326  62.928 0.0000000000
122936  25.815  -24.444  61.645 0.0000000000
48647  25.923  -24.031  60.801 0.0000000000
49652  24.627  -23.562  60.124 0.0000000000
49669  23.238  -23.532  59.229 0.0000000000
69803  40.698  -2.897  44.060 0.0000000000
48500  22.967  -24.186  68.242 0.0000000000
66926  38.733  -5.279  52.303 0.0000000000
66951  39.238  -5.005  50.740 0.0000000000
66962  39.172  -5.087  49.850 0.0000000000
67891  39.729  -4.764  48.528 0.0000000000
66972  38.246  -5.065  48.826 0.0000000000
66981  37.228  -5.220  47.712 0.0000000000
49578  19.307  -23.383  66.429 0.0000000000
48530  19.434  -24.288  65.885 0.0000000000
49562  18.647  -23.373  67.017 0.0000000000
48515  18.485  -24.658  67.096 0.0000000000
117022  18.193  -25.633  68.513 0.0000000000
46508  15.697  -26.829  71.398 0.0000000000
46509  15.077  -27.230  71.805 0.0000000000
45380  13.869  -28.184  70.742 0.0000000000
44242  13.422  -28.454  69.670 0.0000000000
43172  12.238  -29.063  70.566 0.0000000000
115684  32.426  -21.199  66.329 0.0000000000
50637  31.994  -22.283  65.545 0.0000000000
49593  32.348  -22.996  64.685 0.0000000000
120023  33.035  -23.543  65.062 0.0000000000
48560  35.020  -24.046  64.474 0.0000000000
48559  35.791  -24.360  64.685 0.0000000000
46572  30.308  -26.856  65.384 0.0000000000
45426  31.584  -27.609  66.104 0.0000000000
130726  31.541  -27.363  64.763 0.0000000000
112207  32.190  -27.665  64.705 0.0000000000
45446  33.816  -28.245  64.198 0.0000000000
45456  34.344  -28.042  63.465 0.0000000000
45457  33.209  -27.887  63.492 0.0000000000
45468  33.050  -27.510  61.901 0.0000000000
56716  32.126  -17.092  56.947 0.0000000000
56729  30.633  -16.321  56.306 0.0000000000
55715  30.052  -17.041  56.752 0.0000000000
54692  28.788  -18.283  56.221 0.0000000000
74189  50.715  2.530  40.818 0.0000000000
73320  50.578  1.619  39.692 0.0000000000
65070  35.091  -6.720  51.784 0.0000000000
65084  34.104  -6.678  50.527 0.0000000000
65072  33.753  -7.115  51.081 0.0000000000
63184  33.417  -9.900  52.668 0.0000000000
63196  31.691  -9.783  51.212 0.0000000000
64123  38.635  -8.398  55.890 0.0000000000
110805  38.716  -7.626  55.352 0.0000000000
65995  38.703  -6.541  54.305 0.0000000000
66004  37.780  -6.373  53.419 0.0000000000
66014  36.651  -6.279  52.465 0.0000000000
112012  29.861  -28.748  71.031 0.0000000000
118859  31.140  -28.860  70.450 0.0000000000
124884  29.280  -28.272  69.437 0.0000000000
45399  29.306  -27.789  68.016 0.0000000000
45427  29.475  -27.145  66.659 0.0000000000
123208  27.193  -26.647  65.411 0.0000000000
124874  28.527  -26.701  65.918 0.0000000000
46573  29.673  -26.619  65.340 0.0000000000
47606  29.293  -25.958  63.738 0.0000000000
47621  29.821  -25.852  62.441 0.0000000000
47638  30.135  -25.921  61.573 0.0000000000
132969  45.219  -1.211  45.836 0.0000000000
70735  43.169  -1.463  44.314 0.0000000000
114504  44.504  -0.998  44.860 0.0000000000
71566  45.660  -0.176  44.448 0.0000000000
71569  46.214  0.298  43.854 0.0000000000
72426  46.806  0.730  42.499 0.0000000000
72430  46.796  0.453  41.596 0.0000000000
71587  47.484  0.076  40.174 0.0000000000
48561  22.439  -25.431  63.719 0.0000000000
48582  21.751  -25.050  63.145 0.0000000000
48562  21.940  -25.573  64.754 0.0000000000
48545  21.427  -25.009  65.216 0.0000000000
49584  21.115  -24.141  65.680 0.0000000000
49561  21.917  -23.093  66.957 0.0000000000
50630  19.838  -22.529  66.456 0.0000000000
51641  19.259  -21.700  66.575 0.0000000000
44188  29.600  -28.649  72.440 0.0000000000
132619  28.443  -28.625  71.439 0.0000000000
44241  27.100  -28.320  69.910 0.0000000000
45387  25.839  -27.950  68.718 0.0000000000
46532  25.197  -27.494  68.381 0.0000000000
46546  25.025  -27.321  67.509 0.0000000000
46578  24.582  -26.622  65.754 0.0000000000
116347  23.694  -26.161  65.012 0.0000000000
68783  43.706  -3.416  48.765 0.0000000000
68795  42.505  -3.631  48.092 0.0000000000
68805  41.248  -3.342  46.967 0.0000000000
130351  40.103  -4.260  47.708 0.0000000000
68806  40.431  -3.522  46.620 0.0000000000
68813  40.289  -3.316  45.651 0.0000000000
128230  20.596  -25.004  63.283 0.0000000000
48584  19.989  -24.937  63.487 0.0000000000
121089  18.508  -24.775  63.049 0.0000000000
48548  18.889  -24.997  65.378 0.0000000000
48567  17.795  -25.332  64.431 0.0000000000
48587  17.233  -25.202  63.591 0.0000000000
47599  15.835  -25.871  64.026 0.0000000000
124069  15.367  -26.332  63.769 0.0000000000
47544  18.127  -25.688  69.441 0.0000000000
47545  17.710  -26.173  68.818 0.0000000000
120973  16.101  -26.863  69.068 0.0000000000
122659  15.704  -26.822  67.869 0.0000000000
129386  14.475  -26.859  66.388 0.0000000000
42146  9.216  -30.514  75.223 0.0000000000
61221  33.273  -11.566  57.485 0.0000000000
124570  32.500  -15.376  57.981 0.0000000000
55701  32.434  -17.583  57.533 0.0000000000
54652  31.729  -18.301  58.413 0.0000000000
53668  30.038  -19.396  59.708 0.0000000000
53655  32.342  -19.024  60.868 0.0000000000
53656  31.244  -19.373  60.701 0.0000000000
52667  29.977  -20.496  60.618 0.0000000000
121403  30.408  -21.769  61.181 0.0000000000
49633  31.970  -22.963  61.320 0.0000000000
111901  32.992  -23.353  61.136 0.0000000000
49603  33.343  -23.475  63.337 0.0000000000
49619  33.448  -23.466  62.542 0.0000000000
120425  34.628  -23.646  61.633 0.0000000000
49631  35.454  -23.822  61.561 0.0000000000
48626  36.869  -24.562  61.455 0.0000000000
48497  35.302  -24.971  68.766 0.0000000000
116960  32.323  -29.054  69.962 0.0000000000
119457  33.158  -29.139  69.851 0.0000000000
44250  34.524  -29.223  68.878 0.0000000000
44280  32.726  -28.284  66.587 0.0000000000
44251  34.175  -29.290  68.034 0.0000000000
125107  36.045  -28.511  68.172 0.0000000000
45396  36.302  -27.220  67.919 0.0000000000
47552  35.844  -26.124  67.963 0.0000000000
47553  35.704  -25.500  67.109 0.0000000000
47563  35.945  -25.536  66.020 0.0000000000
121347  36.267  -25.095  64.979 0.0000000000
128263  36.845  -26.140  63.768 0.0000000000
45455  35.582  -27.659  63.536 0.0000000000
46598  36.247  -27.022  62.870 0.0000000000
46609  36.868  -26.134  62.894 0.0000000000
46623  36.992  -25.633  61.883 0.0000000000
60319  33.002  -11.810  56.019 0.0000000000
59444  32.246  -13.218  54.321 0.0000000000
58600  30.825  -13.713  53.774 0.0000000000
114196  30.276  -15.327  55.259 0.0000000000
57725  29.878  -14.459  54.061 0.0000000000
58613  29.765  -13.553  52.678 0.0000000000
72441  48.320  0.302  39.767 0.0000000000
61235  35.512  -11.350  56.894 0.0000000000
61236  34.855  -11.508  56.150 0.0000000000
118448  34.779  -11.453  56.952 0.0000000000
127161  36.051  -11.157  56.814 0.0000000000
49621  22.163  -24.049  61.921 0.0000000000
48581  23.066  -25.258  63.113 0.0000000000
113988  23.756  -25.419  63.013 0.0000000000
115465  23.365  -24.860  62.541 0.0000000000
48607  22.976  -24.206  61.887 0.0000000000
66067  35.522  -6.163  49.222 0.0000000000
116342  36.427  -5.985  50.459 0.0000000000
66066  36.359  -5.979  49.558 0.0000000000
45344  13.154  -28.355  73.716 0.0000000000
44178  13.355  -28.412  73.002 0.0000000000
44179  12.752  -28.775  73.260 0.0000000000
44180  12.106  -29.206  73.539 0.0000000000
49558  33.909  -23.379  68.046 0.0000000000
111544  34.068  -23.973  67.329 0.0000000000
132814  34.474  -24.270  66.600 0.0000000000
48513  34.946  -24.598  67.150 0.0000000000
44185  32.338  -28.425  72.286 0.0000000000
44204  31.812  -28.737  71.701 0.0000000000
112876  30.801  -26.366  61.796 0.0000000000
45482  31.497  -26.716  61.557 0.0000000000
129203  29.133  -19.398  58.278 0.0000000000
73309  48.250  1.479  42.169 0.0000000000
73304  48.074  1.437  42.682 0.0000000000
73308  48.746  1.676  41.884 0.0000000000
64147  35.545  -8.636  53.680 0.0000000000
63174  34.933  -9.226  53.476 0.0000000000
60360  31.488  -12.303  52.710 0.0000000000
61281  31.725  -11.696  52.426 0.0000000000
60361  30.805  -12.433  52.379 0.0000000000
60368  30.291  -12.381  51.618 0.0000000000
59459  30.195  -12.942  52.321 0.0000000000
64135  36.123  -8.896  54.350 0.0000000000
64146  36.165  -8.074  53.817 0.0000000000
47653  17.761  -25.548  60.977 0.0000000000
47640  17.422  -25.368  61.526 0.0000000000
46629  16.762  -25.811  61.943 0.0000000000
47624  17.037  -25.296  62.205 0.0000000000
45402  26.589  -28.076  68.381 0.0000000000
48603  27.091  -24.853  62.670 0.0000000000
48602  27.755  -24.689  62.086 0.0000000000
48629  27.312  -24.428  61.351 0.0000000000
48645  27.585  -24.464  60.490 0.0000000000
49647  33.294  -23.421  60.305 0.0000000000
69773  41.832  -2.806  46.350 0.0000000000
69777  42.353  -2.262  45.735 0.0000000000
71579  44.763  -0.995  41.761 0.0000000000
48514  22.841  -24.893  67.481 0.0000000000
47554  23.103  -25.719  67.371 0.0000000000
67872  40.615  -4.620  50.438 0.0000000000
67879  41.204  -4.438  49.889 0.0000000000
49585  20.334  -24.277  65.535 0.0000000000
129884  17.781  -25.989  67.158 0.0000000000
47523  16.862  -25.702  71.340 0.0000000000
45389  14.006  -28.018  69.012 0.0000000000
52623  31.514  -20.917  64.385 0.0000000000
115477  32.105  -20.180  63.979 0.0000000000
51677  31.100  -21.249  63.590 0.0000000000
50657  31.195  -22.023  63.470 0.0000000000
131476  36.720  -24.904  62.786 0.0000000000
126964  31.080  -27.537  66.720 0.0000000000
44299  34.285  -28.413  64.933 0.0000000000
44289  34.689  -28.544  65.542 0.0000000000
131570  35.602  -27.938  65.606 0.0000000000
45435  35.685  -27.904  65.181 0.0000000000
121172  31.736  -14.666  56.699 0.0000000000
57692  31.609  -14.994  56.217 0.0000000000
62257  36.134  -10.362  55.217 0.0000000000
61262  35.122  -11.183  54.989 0.0000000000
60330  34.017  -11.843  54.734 0.0000000000
61263  34.475  -11.499  54.581 0.0000000000
60353  33.331  -12.226  53.830 0.0000000000
111698  32.809  -12.702  53.980 0.0000000000
63128  38.407  -9.916  57.568 0.0000000000
62246  36.333  -10.581  55.808 0.0000000000
62245  36.825  -10.366  56.206 0.0000000000
49639  20.520  -23.690  61.175 0.0000000000
49640  19.792  -23.957  61.408 0.0000000000
49624  19.783  -24.278  62.133 0.0000000000
47577  24.996  -26.506  64.961 0.0000000000
48606  24.169  -24.954  62.449 0.0000000000
47610  25.293  -25.749  63.484 0.0000000000
48605  25.156  -24.790  62.250 0.0000000000
48631  25.172  -24.227  61.381 0.0000000000
49635  24.501  -23.909  61.003 0.0000000000
111211  22.919  -23.631  60.989 0.0000000000
114878  23.118  -23.360  60.020 0.0000000000
49670  22.472  -23.458  59.511 0.0000000000
66012  38.175  -5.719  52.910 0.0000000000
66927  37.965  -5.565  52.020 0.0000000000
66942  38.582  -5.234  51.366 0.0000000000
66952  38.482  -5.253  50.451 0.0000000000
67882  39.086  -5.026  49.028 0.0000000000
66963  38.391  -5.222  49.595 0.0000000000
66974  36.763  -5.649  48.232 0.0000000000
66973  37.467  -5.326  48.561 0.0000000000
50631  19.019  -22.495  66.613 0.0000000000
49563  18.237  -23.782  67.765 0.0000000000
48516  18.299  -24.903  68.088 0.0000000000
46499  15.038  -27.124  72.683 0.0000000000
46498  15.633  -26.672  72.230 0.0000000000
44226  13.027  -28.687  70.608 0.0000000000
44243  12.561  -28.916  69.752 0.0000000000
115893  11.512  -29.406  71.978 0.0000000000
43145  10.738  -29.795  73.308 0.0000000000
42157  10.151  -30.090  73.820 0.0000000000
50614  32.878  -22.385  67.430 0.0000000000
51636  32.714  -21.540  66.980 0.0000000000
50627  32.521  -22.303  66.823 0.0000000000
110635  32.233  -21.881  66.374 0.0000000000
49573  32.392  -22.560  66.245 0.0000000000
49583  32.585  -23.100  65.692 0.0000000000
48543  35.194  -24.248  65.206 0.0000000000
122419  30.190  -26.620  64.721 0.0000000000
127704  30.938  -27.079  64.898 0.0000000000
45447  31.570  -27.285  64.130 0.0000000000
45458  32.413  -27.650  63.872 0.0000000000
111063  32.944  -27.972  64.242 0.0000000000
132622  32.588  -27.603  63.366 0.0000000000
45469  32.670  -27.504  62.749 0.0000000000
55702  31.778  -17.633  57.293 0.0000000000
55714  31.233  -17.033  56.861 0.0000000000
55703  30.652  -17.592  57.352 0.0000000000
53699  28.869  -18.659  56.880 0.0000000000
54676  28.627  -19.026  56.202 0.0000000000
73313  50.262  2.012  40.342 0.0000000000
73321  49.878  1.404  39.860 0.0000000000
72439  50.487  0.918  39.137 0.0000000000
65071  34.359  -6.922  51.405 0.0000000000
65061  34.598  -7.473  52.214 0.0000000000
111571  33.418  -8.320  51.927 0.0000000000
64168  32.616  -8.469  51.253 0.0000000000
63205  31.858  -9.012  50.819 0.0000000000
62269  33.688  -10.710  53.166 0.0000000000
63175  34.214  -9.830  53.218 0.0000000000
62276  33.016  -10.665  52.677 0.0000000000
61289  31.204  -11.222  51.614 0.0000000000
62285  31.725  -10.538  51.688 0.0000000000
62286  31.065  -10.395  50.844 0.0000000000
64113  38.470  -9.032  56.444 0.0000000000
64112  39.240  -8.566  56.593 0.0000000000
65044  37.468  -7.852  54.532 0.0000000000
64132  38.057  -8.157  55.208 0.0000000000
65043  38.204  -7.285  54.603 0.0000000000
65042  38.855  -6.982  54.908 0.0000000000
65049  38.139  -6.689  53.973 0.0000000000
66015  35.840  -6.484  52.181 0.0000000000
120339  29.356  -28.599  70.269 0.0000000000
117247  28.110  -27.548  67.164 0.0000000000
116491  28.976  -27.433  67.291 0.0000000000
45416  29.795  -27.483  67.359 0.0000000000
46588  26.752  -26.334  64.778 0.0000000000
46575  28.093  -26.417  65.375 0.0000000000
46574  28.928  -26.416  65.294 0.0000000000
46585  29.441  -26.306  64.588 0.0000000000
120377  28.618  -25.065  62.301 0.0000000000
47622  29.277  -25.587  62.867 0.0000000000
118973  29.397  -25.447  62.016 0.0000000000
121165  29.407  -25.444  61.059 0.0000000000
49651  25.438  -23.721  59.901 0.0000000000
49650  26.272  -24.039  59.835 0.0000000000
49667  25.675  -23.970  59.059 0.0000000000
68793  44.062  -3.163  48.297 0.0000000000
69771  44.402  -2.160  46.896 0.0000000000
70715  44.822  -1.620  46.315 0.0000000000
70714  45.528  -1.379  46.453 0.0000000000
110403  44.602  -1.310  45.573 0.0000000000
69790  41.889  -1.972  44.016 0.0000000000
129416  42.486  -1.740  44.406 0.0000000000
70734  44.087  -1.055  44.068 0.0000000000
71567  44.919  -0.544  44.264 0.0000000000
71558  45.196  -0.707  45.139 0.0000000000
71570  45.521  -0.111  43.616 0.0000000000
71577  46.073  0.184  42.125 0.0000000000
47596  22.910  -25.862  64.655 0.0000000000
48529  21.754  -24.300  65.897 0.0000000000
49575  21.473  -23.480  66.340 0.0000000000
50616  22.206  -22.981  67.698 0.0000000000
50618  21.123  -21.974  67.149 0.0000000000
50629  20.585  -22.171  66.725 0.0000000000
113149  28.921  -28.698  71.869 0.0000000000
45386  26.443  -28.138  69.277 0.0000000000
130147  23.839  -26.571  67.894 0.0000000000
46533  24.383  -26.984  68.279 0.0000000000
46562  24.968  -27.006  66.516 0.0000000000
46563  24.109  -26.614  66.526 0.0000000000
47579  23.052  -25.919  65.627 0.0000000000
47564  23.768  -26.293  65.883 0.0000000000
65105  33.816  -6.799  49.474 0.0000000000
68785  41.754  -4.115  48.602 0.0000000000
68804  42.142  -3.188  47.210 0.0000000000
67892  38.923  -4.826  48.313 0.0000000000
67901  39.544  -4.460  47.800 0.0000000000
118014  38.842  -4.069  46.123 0.0000000000
68798  39.880  -3.958  47.175 0.0000000000
68807  39.572  -3.712  46.168 0.0000000000
68814  39.729  -3.617  45.211 0.0000000000
123103  21.657  -25.405  63.949 0.0000000000
48583  21.118  -25.176  63.589 0.0000000000
48585  19.173  -25.001  63.823 0.0000000000
47597  17.424  -25.642  65.008 0.0000000000
48549  18.165  -25.411  65.261 0.0000000000
47613  17.100  -25.459  64.268 0.0000000000
47614  16.555  -25.534  63.749 0.0000000000
46579  15.255  -26.367  65.458 0.0000000000
46589  15.210  -26.314  64.550 0.0000000000
47537  17.822  -25.636  70.211 0.0000000000
124973  16.789  -26.557  68.957 0.0000000000
46517  15.106  -27.268  70.946 0.0000000000
46516  15.776  -26.950  70.572 0.0000000000
46536  15.400  -27.143  68.681 0.0000000000
124837  16.124  -26.774  68.526 0.0000000000
46551  15.105  -26.814  67.093 0.0000000000
133286  14.421  -27.056  67.056 0.0000000000
43128  9.871  -30.089  75.358 0.0000000000
43118  10.044  -29.808  76.320 0.0000000000
42132  8.414  -30.814  76.637 0.0000000000
42147  8.574  -30.855  75.601 0.0000000000
59400  31.490  -13.325  58.232 0.0000000000
116130  32.799  -16.291  58.059 0.0000000000
56715  32.614  -16.878  57.353 0.0000000000
55690  33.068  -17.377  58.256 0.0000000000
54643  32.692  -18.380  59.343 0.0000000000
127281  32.418  -18.266  58.738 0.0000000000
54644  31.845  -18.578  59.224 0.0000000000
54645  30.822  -18.742  59.112 0.0000000000
53667  31.021  -19.044  59.888 0.0000000000
53644  32.740  -19.166  61.734 0.0000000000
52656  30.660  -20.526  62.010 0.0000000000
53645  31.474  -19.725  61.667 0.0000000000
53646  30.482  -20.104  61.214 0.0000000000
52657  30.246  -20.911  61.417 0.0000000000
51719  30.036  -21.280  60.554 0.0000000000
51702  30.471  -21.449  61.794 0.0000000000
50676  31.257  -22.533  61.826 0.0000000000
110571  32.738  -23.265  61.976 0.0000000000
49604  32.459  -23.144  63.696 0.0000000000
49602  34.890  -23.845  63.040 0.0000000000
49618  34.340  -23.645  62.380 0.0000000000
49632  33.668  -23.502  61.774 0.0000000000
115210  37.232  -25.353  61.048 0.0000000000
44237  30.928  -28.667  69.533 0.0000000000
130276  31.619  -28.943  69.954 0.0000000000
44235  32.483  -28.985  68.565 0.0000000000
130794  32.619  -29.137  69.295 0.0000000000
117777  33.431  -29.298  68.888 0.0000000000
44234  34.046  -29.154  69.700 0.0000000000
45425  32.223  -27.947  66.338 0.0000000000
44278  34.539  -28.766  66.362 0.0000000000
111275  33.855  -28.991  67.205 0.0000000000
44267  34.856  -29.061  67.283 0.0000000000
115702  35.176  -29.134  68.086 0.0000000000
129048  36.521  -27.782  68.222 0.0000000000
44265  36.328  -27.975  67.584 0.0000000000
46544  35.725  -26.757  66.587 0.0000000000
122728  35.882  -26.715  67.509 0.0000000000
117800  35.762  -26.146  66.833 0.0000000000
113095  35.730  -24.981  66.541 0.0000000000
47575  36.399  -25.925  65.073 0.0000000000
47591  36.667  -25.780  64.252 0.0000000000
123205  34.709  -27.770  62.816 0.0000000000
61238  32.771  -11.786  56.977 0.0000000000
60320  32.277  -12.270  56.506 0.0000000000
59436  32.088  -13.351  55.106 0.0000000000
58588  31.768  -13.719  54.709 0.0000000000
59445  31.544  -13.632  54.136 0.0000000000
56743  30.786  -15.547  55.772 0.0000000000
56744  29.889  -15.932  55.614 0.0000000000
56768  28.733  -15.734  53.408 0.0000000000
57713  29.310  -15.226  54.150 0.0000000000
57726  29.190  -14.818  53.367 0.0000000000
58601  29.894  -13.947  53.416 0.0000000000
73318  53.295  1.953  39.082 0.0000000000
114795  47.896  -0.601  39.510 0.0000000000
61249  35.920  -10.994  56.097 0.0000000000
61250  35.324  -11.267  55.704 0.0000000000
49637  21.978  -23.564  61.175 0.0000000000
49655  21.508  -23.452  60.380 0.0000000000
49622  21.301  -23.931  61.783 0.0000000000
120503  23.811  -26.033  64.169 0.0000000000
47611  24.600  -25.958  63.780 0.0000000000
126665  24.020  -25.789  63.498 0.0000000000
66024  37.186  -5.760  51.756 0.0000000000
66046  37.116  -5.799  50.759 0.0000000000
66964  37.638  -5.439  49.340 0.0000000000
51629  17.939  -21.838  67.084 0.0000000000
44195  13.376  -28.440  72.273 0.0000000000
123611  12.773  -28.742  72.031 0.0000000000
43161  12.581  -28.855  71.310 0.0000000000
127032  12.203  -29.025  71.843 0.0000000000
43152  11.461  -29.443  72.953 0.0000000000
43144  11.394  -29.551  73.825 0.0000000000
50613  33.505  -22.417  68.043 0.0000000000
49571  33.704  -23.782  66.657 0.0000000000
46600  30.570  -26.503  63.252 0.0000000000
45470  31.801  -27.067  62.562 0.0000000000
54653  30.575  -18.432  58.414 0.0000000000
54665  30.247  -18.103  57.870 0.0000000000
54654  29.567  -18.669  58.157 0.0000000000
53693  28.871  -19.219  57.557 0.0000000000
72422  47.450  1.116  43.602 0.0000000000
73294  47.938  1.375  43.202 0.0000000000
73306  49.992  2.275  41.188 0.0000000000
73307  49.338  1.963  41.543 0.0000000000
72433  48.974  1.101  40.034 0.0000000000
111820  35.620  -7.887  53.270 0.0000000000
63183  33.755  -9.037  52.585 0.0000000000
61280  32.524  -11.390  52.717 0.0000000000
61290  30.451  -11.746  51.078 0.0000000000
132007  37.259  -9.343  55.537 0.0000000000
114486  36.847  -7.526  53.886 0.0000000000
48649  18.722  -24.662  60.666 0.0000000000
46613  16.245  -26.311  62.451 0.0000000000
44240  27.880  -28.252  69.407 0.0000000000
44256  27.908  -28.168  68.656 0.0000000000
132057  27.769  -27.880  67.635 0.0000000000
132966  26.672  -25.744  63.858 0.0000000000
47592  27.061  -25.821  64.178 0.0000000000
48577  27.036  -25.357  63.481 0.0000000000
47608  27.797  -25.614  63.880 0.0000000000
47639  28.654  -24.975  61.276 0.0000000000
48628  28.003  -24.609  61.252 0.0000000000
49649  31.632  -22.884  60.534 0.0000000000
69762  43.045  -2.980  47.399 0.0000000000
70745  43.513  -1.601  42.502 0.0000000000
71575  44.768  -0.743  42.468 0.0000000000
71578  45.363  -0.460  41.862 0.0000000000
47566  22.605  -25.508  66.078 0.0000000000
46564  23.576  -26.353  67.199 0.0000000000
47565  23.150  -25.957  66.538 0.0000000000
68775  41.815  -4.172  49.409 0.0000000000
68786  40.998  -4.353  48.321 0.0000000000
122706  20.523  -25.149  63.976 0.0000000000
48564  20.281  -24.950  64.673 0.0000000000
47567  18.312  -25.305  66.738 0.0000000000
47581  18.319  -25.350  66.076 0.0000000000
47583  16.934  -25.938  65.519 0.0000000000
47532  17.149  -26.039  70.526 0.0000000000
45378  15.175  -27.295  70.205 0.0000000000
45404  14.463  -27.525  68.405 0.0000000000
45418  14.073  -27.394  67.472 0.0000000000
55682  33.593  -17.695  59.177 0.0000000000
129233  33.361  -18.123  59.402 0.0000000000
54634  33.146  -18.458  60.124 0.0000000000
131392  32.922  -19.808  64.324 0.0000000000
52638  32.084  -19.901  63.123 0.0000000000
53629  32.080  -19.680  62.343 0.0000000000
51693  30.650  -21.516  62.396 0.0000000000
51692  30.843  -21.550  63.020 0.0000000000
49591  34.319  -23.766  63.811 0.0000000000
48601  36.236  -24.303  62.583 0.0000000000
45397  30.922  -28.026  68.120 0.0000000000
113564  31.151  -28.434  68.758 0.0000000000
44268  32.321  -28.536  67.755 0.0000000000
44291  32.914  -28.266  65.931 0.0000000000
44290  33.851  -28.519  65.691 0.0000000000
44277  35.352  -28.558  66.654 0.0000000000
44276  35.844  -28.114  66.876 0.0000000000
44288  35.609  -28.020  66.106 0.0000000000
46556  35.820  -26.850  65.800 0.0000000000
45443  36.148  -27.236  64.815 0.0000000000
45454  36.236  -27.209  64.215 0.0000000000
111922  33.702  -27.590  61.809 0.0000000000
45467  34.423  -27.621  62.030 0.0000000000
110746  35.020  -27.391  61.242 0.0000000000
59426  31.725  -12.785  57.004 0.0000000000
58565  31.681  -14.031  55.947 0.0000000000
58577  31.526  -14.329  55.360 0.0000000000
133058  28.900  -17.238  55.490 0.0000000000
55745  29.010  -16.535  55.054 0.0000000000
56758  28.556  -16.897  54.212 0.0000000000
72438  51.241  1.447  39.254 0.0000000000
128815  51.760  1.846  39.401 0.0000000000
62268  34.346  -10.865  53.689 0.0000000000
61269  34.324  -11.474  54.045 0.0000000000
61270  33.769  -11.592  53.631 0.0000000000
61271  32.993  -11.931  53.332 0.0000000000
60355  31.891  -12.697  53.266 0.0000000000
130910  38.017  -9.388  56.349 0.0000000000
62231  37.073  -10.572  56.883 0.0000000000
63143  37.471  -9.840  56.297 0.0000000000
63166  36.170  -9.773  54.789 0.0000000000
48668  19.837  -24.291  59.875 0.0000000000
49656  20.731  -23.610  60.409 0.0000000000
49657  19.885  -23.848  60.506 0.0000000000
48648  19.352  -24.341  60.384 0.0000000000
48635  18.463  -24.472  61.351 0.0000000000
48612  18.370  -24.511  62.197 0.0000000000
46561  25.916  -27.099  66.156 0.0000000000
47576  25.877  -26.528  64.791 0.0000000000
47609  26.123  -25.735  63.548 0.0000000000
48604  26.253  -24.787  62.281 0.0000000000
48630  26.553  -24.360  61.459 0.0000000000
49634  25.159  -23.837  60.647 0.0000000000
49653  23.812  -23.595  60.533 0.0000000000
116083  23.921  -23.469  59.611 0.0000000000
114590  42.027  -2.014  44.877 0.0000000000
69791  41.331  -2.385  44.498 0.0000000000
66925  39.523  -4.948  52.584 0.0000000000
66941  39.350  -4.926  51.672 0.0000000000
67864  39.982  -4.721  51.041 0.0000000000
67873  39.915  -4.872  50.135 0.0000000000
67881  39.839  -4.878  49.286 0.0000000000
67893  38.009  -4.848  48.086 0.0000000000
67903  37.765  -4.765  47.150 0.0000000000
114103  18.879  -24.107  66.471 0.0000000000
47556  18.177  -25.550  67.491 0.0000000000
47557  17.775  -26.088  67.897 0.0000000000
45368  14.521  -27.698  71.322 0.0000000000
52583  32.982  -20.672  66.505 0.0000000000
52603  32.530  -20.575  65.693 0.0000000000
51651  31.987  -21.365  65.755 0.0000000000
51664  31.642  -21.547  64.990 0.0000000000
50645  31.731  -22.269  64.696 0.0000000000
49582  33.378  -23.660  65.841 0.0000000000
49581  34.079  -23.863  64.911 0.0000000000
48558  36.307  -24.823  64.053 0.0000000000
110860  30.810  -27.209  65.885 0.0000000000
45437  31.536  -27.447  65.324 0.0000000000
45445  34.893  -28.261  64.249 0.0000000000
56727  32.204  -16.314  56.842 0.0000000000
57680  31.707  -15.742  56.493 0.0000000000
56728  31.619  -16.416  56.615 0.0000000000
55716  29.468  -17.806  56.970 0.0000000000
55729  29.178  -17.481  56.172 0.0000000000
55730  28.636  -18.025  55.465 0.0000000000
66026  35.708  -6.200  51.167 0.0000000000
66048  34.767  -6.400  49.837 0.0000000000
66027  34.916  -6.423  50.837 0.0000000000
64166  33.898  -7.590  51.738 0.0000000000
64167  33.258  -7.675  51.170 0.0000000000
62277  32.331  -10.614  52.261 0.0000000000
63185  32.699  -9.953  52.239 0.0000000000
63195  32.326  -9.393  51.614 0.0000000000
66003  38.478  -6.089  53.625 0.0000000000
66005  37.038  -6.697  53.298 0.0000000000
112662  30.654  -28.787  71.094 0.0000000000
130183  31.328  -28.811  71.185 0.0000000000
44221  30.317  -28.720  70.302 0.0000000000
44238  30.011  -28.395  69.488 0.0000000000
44255  28.746  -28.069  68.852 0.0000000000
44254  29.670  -28.028  68.753 0.0000000000
45398  30.133  -27.806  68.064 0.0000000000
46560  26.699  -27.073  65.958 0.0000000000
46559  27.619  -27.096  66.302 0.0000000000
46558  29.214  -26.770  65.977 0.0000000000
46557  29.959  -26.963  65.992 0.0000000000
111957  30.018  -26.373  63.924 0.0000000000
46601  29.900  -26.072  63.140 0.0000000000
48646  26.818  -24.214  60.624 0.0000000000
48665  26.469  -24.408  59.038 0.0000000000
51720  29.608  -20.838  59.830 0.0000000000
70722  45.853  -0.778  45.817 0.0000000000
70736  42.810  -1.737  45.109 0.0000000000
70723  43.767  -1.430  45.171 0.0000000000
71557  45.869  -0.295  45.107 0.0000000000
71565  46.309  0.160  44.649 0.0000000000
72423  46.810  0.792  43.320 0.0000000000
71573  46.129  0.355  43.016 0.0000000000
72429  47.549  1.138  42.062 0.0000000000
72435  47.465  0.722  41.082 0.0000000000
49576  20.652  -23.202  66.293 0.0000000000
49560  22.482  -23.768  67.327 0.0000000000
50617  21.682  -22.365  67.558 0.0000000000
120451  18.790  -20.998  66.512 0.0000000000
51642  18.613  -21.706  66.695 0.0000000000
44186  31.513  -28.520  72.436 0.0000000000
44205  30.226  -28.711  71.754 0.0000000000
44206  29.538  -28.720  71.644 0.0000000000
111590  29.074  -28.731  71.151 0.0000000000
44222  28.352  -28.540  70.698 0.0000000000
44223  27.531  -28.358  70.617 0.0000000000
113852  27.878  -28.324  70.112 0.0000000000
45385  27.164  -28.240  68.979 0.0000000000
45403  25.897  -27.804  67.710 0.0000000000
46545  25.639  -27.373  66.931 0.0000000000
47578  24.286  -26.386  65.207 0.0000000000
66068  34.651  -6.496  48.834 0.0000000000
68794  43.414  -3.335  48.119 0.0000000000
128755  43.056  -3.625  48.645 0.0000000000
67890  40.472  -4.688  48.768 0.0000000000
67900  40.288  -4.503  48.122 0.0000000000
68797  40.634  -3.955  47.567 0.0000000000
68812  41.005  -3.016  46.038 0.0000000000
69779  40.788  -2.841  45.058 0.0000000000
48609  21.041  -24.644  62.688 0.0000000000
48610  20.213  -24.615  62.726 0.0000000000
113404  19.312  -24.605  62.755 0.0000000000
48613  17.576  -24.904  62.715 0.0000000000
48566  18.635  -25.160  64.598 0.0000000000
48586  18.142  -25.039  63.721 0.0000000000
48588  16.688  -25.295  62.955 0.0000000000
123562  16.081  -25.730  63.272 0.0000000000
46614  15.754  -26.209  63.103 0.0000000000
46602  15.236  -26.787  63.495 0.0000000000
48501  18.252  -24.986  69.020 0.0000000000
46507  16.436  -26.445  70.994 0.0000000000
46515  16.551  -26.584  70.185 0.0000000000
46524  15.756  -27.043  69.668 0.0000000000
46523  16.533  -26.671  69.527 0.0000000000
46535  16.756  -26.491  68.047 0.0000000000
46550  16.011  -26.519  67.107 0.0000000000
119954  15.261  -26.553  66.326 0.0000000000
46566  14.655  -26.695  65.745 0.0000000000
45438  14.087  -27.124  65.669 0.0000000000
43135  10.383  -29.915  74.626 0.0000000000
42158  9.634  -30.296  74.524 0.0000000000
42159  8.742  -30.774  74.498 0.0000000000
42131  9.255  -30.490  76.062 0.0000000000
58556  31.702  -14.217  57.313 0.0000000000
58555  32.146  -15.096  57.313 0.0000000000
57672  32.461  -15.935  57.353 0.0000000000
125840  32.066  -17.992  57.743 0.0000000000
55691  32.577  -18.012  58.128 0.0000000000
53657  30.275  -19.743  60.432 0.0000000000
53658  29.757  -20.108  60.046 0.0000000000
50677  30.702  -22.070  61.832 0.0000000000
50683  30.957  -22.528  61.036 0.0000000000
50656  31.752  -22.555  63.988 0.0000000000
49620  32.587  -23.191  62.821 0.0000000000
111886  33.943  -23.539  60.968 0.0000000000
49646  34.985  -23.707  60.786 0.0000000000
49645  36.048  -24.032  61.099 0.0000000000
48627  36.192  -24.141  61.889 0.0000000000
48498  34.824  -24.547  68.196 0.0000000000
44220  31.971  -28.889  70.781 0.0000000000
44219  32.876  -28.954  70.681 0.0000000000
44236  31.810  -28.852  69.188 0.0000000000
44218  33.730  -28.921  70.533 0.0000000000
131443  35.714  -28.448  69.551 0.0000000000
130602  31.726  -27.764  66.752 0.0000000000
45413  32.244  -28.080  67.027 0.0000000000
111346  32.934  -28.596  67.164 0.0000000000
44249  35.487  -28.796  68.919 0.0000000000
44248  36.351  -28.047  68.952 0.0000000000
125024  36.530  -27.228  68.676 0.0000000000
45412  35.894  -27.325  67.152 0.0000000000
48511  35.587  -25.509  68.041 0.0000000000
48512  35.446  -25.079  67.538 0.0000000000
48526  35.994  -24.929  65.723 0.0000000000
130428  36.169  -25.396  65.423 0.0000000000
47605  36.809  -25.484  63.347 0.0000000000
46597  36.538  -26.759  63.664 0.0000000000
130665  35.792  -26.944  60.869 0.0000000000
46624  36.572  -26.254  60.956 0.0000000000
61237  33.772  -11.553  56.669 0.0000000000
60331  33.305  -12.099  55.023 0.0000000000
60332  32.533  -12.463  55.506 0.0000000000
60344  32.716  -12.631  54.597 0.0000000000
59451  32.176  -13.072  53.758 0.0000000000
59452  31.405  -13.203  53.515 0.0000000000
129792  31.235  -15.826  56.272 0.0000000000
57711  30.988  -14.843  55.132 0.0000000000
56756  29.509  -15.616  54.881 0.0000000000
57712  30.074  -14.871  54.717 0.0000000000
58589  30.803  -14.242  54.363 0.0000000000
112101  30.409  -14.070  53.931 0.0000000000
59453  30.545  -13.305  53.151 0.0000000000
72434  48.165  0.895  40.564 0.0000000000
113263  48.990  0.354  39.469 0.0000000000
49654  22.305  -23.385  60.311 0.0000000000
52622  32.288  -20.358  64.789 0.0000000000
122075  14.354  -27.173  64.923 0.0000000000
129511  29.919  -17.854  57.518 0.0000000000
129648  32.159  -10.064  51.825 0.0000000000
131479  15.718  -26.006  63.504 0.0000000000
