#!ascii label  , from subject sub-v1s15x0050206_ses-1 vox2ras=TkReg
867
15474  35.671  -59.498  -5.562 0.3000000119
23822  32.060  -50.697  -5.372 0.6000000238
25649  33.410  -48.320  -2.419 0.6999999881
113246  32.884  -48.624  -1.866 0.6999999881
16352  35.011  -58.962  -5.432 0.4000000060
122919  31.248  -55.235  -7.417 0.4000000060
16374  34.900  -58.393  -7.312 0.5000000000
16361  35.581  -58.844  -6.260 0.5000000000
123814  32.314  -50.284  -5.875 0.6999999881
24740  32.348  -49.834  -4.513 0.6999999881
113902  32.542  -49.773  -5.144 0.5000000000
25657  33.675  -48.678  -3.710 0.6000000238
133466  33.345  -48.714  -3.134 0.6000000238
127102  33.923  -48.132  -2.963 0.6999999881
26560  33.310  -47.833  -1.640 0.6999999881
16363  33.457  -58.381  -5.927 0.5000000000
19250  31.027  -56.101  -7.165 0.4000000060
16362  34.546  -58.576  -6.038 0.6000000238
21102  31.749  -53.281  -7.033 0.4000000060
21997  31.909  -52.562  -6.691 0.5000000000
121440  33.248  -57.643  -7.816 0.6000000238
21097  31.692  -53.306  -6.075 0.6000000238
22903  32.088  -51.740  -6.386 0.6000000238
17304  34.320  -57.886  -8.229 0.6000000238
23828  32.202  -50.905  -6.125 0.6000000238
24739  32.762  -49.535  -4.648 0.6000000238
113943  34.141  -48.668  -4.366 0.6000000238
26571  34.962  -47.243  -3.748 0.6999999881
26558  34.349  -47.408  -3.002 0.6999999881
27443  34.015  -46.800  -2.492 0.6999999881
27436  33.455  -46.887  -1.679 0.6999999881
27451  34.551  -46.583  -3.156 0.6999999881
27452  34.060  -45.991  -2.757 0.6999999881
128712  33.659  -46.233  -2.195 0.6999999881
28384  34.422  -45.649  -3.456 0.6999999881
16376  32.750  -57.933  -6.808 0.5000000000
131873  31.486  -57.301  -7.206 0.5000000000
17300  31.058  -57.286  -6.902 0.5000000000
20197  31.544  -54.251  -6.969 0.4000000060
22001  31.909  -52.755  -7.576 0.5000000000
22902  32.366  -51.139  -6.924 0.6000000238
17315  33.777  -57.308  -9.054 0.6000000238
17316  32.959  -56.823  -9.136 0.5000000000
19263  32.889  -55.836  -9.734 0.5000000000
24749  32.619  -49.804  -5.890 0.6999999881
24748  32.987  -49.504  -5.230 0.6000000238
25665  34.877  -48.078  -4.322 0.6000000238
25671  34.594  -48.693  -5.070 0.6000000238
27456  35.529  -46.733  -4.384 0.6000000238
25656  34.434  -48.054  -3.600 0.6000000238
27457  35.048  -46.201  -3.814 0.6000000238
28366  33.201  -45.919  -1.696 0.6999999881
28389  34.789  -45.258  -4.164 0.6000000238
28385  33.801  -45.136  -3.175 0.6999999881
28373  33.465  -45.482  -2.442 0.6999999881
20202  31.319  -54.659  -8.211 0.4000000060
117058  32.149  -57.403  -7.442 0.5000000000
18278  31.147  -56.623  -7.501 0.4000000060
119309  31.599  -53.584  -7.846 0.5000000000
22908  32.184  -51.983  -7.238 0.6000000238
18290  31.496  -56.448  -8.351 0.4000000060
17317  32.074  -56.731  -8.546 0.4000000060
119843  31.338  -55.320  -8.790 0.4000000060
20209  32.020  -55.363  -9.355 0.4000000060
21111  32.398  -54.466  -9.564 0.4000000060
24754  32.948  -49.621  -6.751 0.6999999881
115989  33.336  -49.492  -5.956 0.6000000238
25664  35.339  -47.506  -4.463 0.6000000238
25670  35.322  -48.085  -5.046 0.6000000238
28374  32.870  -45.001  -2.002 0.6999999881
29312  33.265  -44.647  -2.854 0.6999999881
29321  34.094  -44.821  -3.919 0.6000000238
29322  33.488  -44.375  -3.707 0.6000000238
21106  31.550  -53.753  -8.740 0.4000000060
23831  32.678  -50.566  -7.461 0.6999999881
129570  31.832  -53.840  -9.283 0.4000000060
24758  33.390  -49.709  -7.333 0.8000000119
111146  33.668  -54.322  -10.190 0.5000000000
24753  33.726  -49.479  -6.717 0.6999999881
115841  35.120  -48.704  -5.794 0.6000000238
26575  35.862  -47.363  -4.993 0.5000000000
26580  36.031  -48.008  -5.835 0.6000000238
29305  32.492  -44.823  -1.284 0.6999999881
29333  35.628  -44.394  -5.790 0.6000000238
28388  35.524  -45.767  -4.528 0.6000000238
29313  32.844  -44.264  -2.553 0.8000000119
30274  32.546  -44.251  -1.836 0.8000000119
29327  35.227  -44.846  -4.887 0.6000000238
29328  34.339  -44.480  -4.682 0.6000000238
22003  32.265  -52.466  -8.884 0.5000000000
22914  32.200  -52.214  -8.088 0.6000000238
22917  33.043  -52.127  -9.161 0.5000000000
22915  35.453  -52.301  -9.425 0.6999999881
22007  32.768  -52.879  -9.472 0.4000000060
24752  34.668  -49.173  -6.645 0.6999999881
25674  35.585  -48.708  -6.652 0.6999999881
26574  36.457  -47.236  -5.581 0.6000000238
27460  37.038  -46.701  -5.959 0.6000000238
30275  32.228  -43.493  -1.561 0.6000000238
28393  36.029  -45.294  -5.331 0.6000000238
29323  32.927  -43.888  -3.384 0.6999999881
133154  32.625  -43.422  -3.356 0.6999999881
29334  34.598  -44.126  -5.524 0.6999999881
29335  33.662  -43.838  -5.251 0.6999999881
30288  33.102  -43.717  -4.472 0.6999999881
22912  33.401  -51.306  -8.667 0.5000000000
119558  33.889  -50.654  -8.306 0.6000000238
23838  32.862  -50.897  -8.117 0.6000000238
118613  35.931  -51.580  -9.209 0.6999999881
22916  34.210  -52.089  -9.321 0.6000000238
24762  34.088  -49.994  -7.877 0.6999999881
22909  36.734  -51.558  -8.907 0.6999999881
22005  35.157  -52.952  -9.872 0.6999999881
25681  35.141  -49.134  -7.428 0.6999999881
25680  35.879  -48.795  -7.516 0.6999999881
26579  37.091  -47.460  -6.518 0.5000000000
25673  36.554  -48.289  -6.998 0.6000000238
31237  31.593  -42.780  -0.748 0.5000000000
28397  37.588  -44.927  -7.010 0.6000000238
31243  32.022  -42.664  -1.626 0.6000000238
115731  31.714  -42.005  -1.085 0.5000000000
29332  36.562  -44.700  -6.310 0.6000000238
28392  36.871  -45.751  -5.977 0.6000000238
30289  32.616  -43.289  -4.031 0.6000000238
31250  32.060  -42.329  -2.764 0.5000000000
113532  31.461  -40.992  -3.055 0.5000000000
29339  36.319  -43.698  -6.773 0.6999999881
30294  35.103  -43.655  -6.183 0.6999999881
115848  34.133  -43.553  -5.970 0.6999999881
127279  32.968  -43.365  -5.270 0.6999999881
31262  32.163  -42.434  -5.164 0.5000000000
127427  34.752  -43.172  -6.392 0.6999999881
30296  32.668  -42.878  -5.461 0.6000000238
22911  34.631  -51.364  -8.965 0.6999999881
23836  35.100  -50.498  -8.679 0.6000000238
23834  37.382  -50.913  -9.038 0.6999999881
120789  34.969  -49.557  -8.033 0.6999999881
26578  38.233  -47.186  -7.621 0.6000000238
32213  31.379  -41.338  -0.655 0.4000000060
115362  37.726  -46.797  -6.787 0.5000000000
34072  31.195  -40.129  -3.098 0.4000000060
29338  37.273  -44.066  -7.149 0.6000000238
31260  31.684  -41.914  -4.742 0.5000000000
120474  31.684  -41.770  -3.609 0.5000000000
32235  31.275  -41.160  -5.164 0.4000000060
30299  35.665  -42.967  -6.802 0.6000000238
31265  34.080  -42.801  -6.224 0.6999999881
31266  33.152  -42.623  -5.800 0.6000000238
32239  33.041  -41.939  -5.676 0.5000000000
128901  37.802  -50.389  -9.088 0.6000000238
24761  35.976  -49.915  -8.618 0.6999999881
23829  38.105  -50.608  -8.024 0.6999999881
23832  38.616  -50.082  -8.648 0.6999999881
25679  36.624  -48.687  -8.085 0.6000000238
120201  37.675  -48.013  -8.013 0.6000000238
28395  39.520  -45.507  -7.892 0.6000000238
27464  38.765  -46.311  -7.699 0.5000000000
28396  38.693  -45.132  -7.658 0.6000000238
30298  37.621  -43.207  -7.546 0.6000000238
29337  38.457  -43.947  -7.704 0.6000000238
32232  31.232  -41.166  -4.446 0.4000000060
33172  31.021  -40.523  -4.073 0.5000000000
33173  30.793  -39.777  -4.119 0.4000000060
114840  36.893  -42.656  -7.286 0.6000000238
33182  30.836  -40.466  -4.964 0.4000000060
30300  35.174  -42.463  -6.526 0.6000000238
111664  33.972  -42.059  -5.983 0.5000000000
121981  37.792  -49.776  -9.149 0.6999999881
25683  37.672  -48.898  -8.822 0.6000000238
24751  39.234  -49.358  -7.628 0.6999999881
133411  39.216  -48.875  -8.894 0.6000000238
25678  38.731  -48.513  -8.940 0.6000000238
24747  38.358  -49.767  -6.535 0.6999999881
26583  38.958  -47.703  -8.603 0.5000000000
28399  39.479  -44.522  -7.817 0.6000000238
28398  39.893  -45.420  -7.873 0.6000000238
30302  38.580  -43.028  -7.723 0.5000000000
30303  37.921  -42.563  -7.551 0.6000000238
31271  36.360  -42.170  -6.847 0.6000000238
115957  35.050  -41.524  -5.939 0.5000000000
24750  39.666  -48.567  -7.336 0.6999999881
122166  40.037  -47.874  -8.014 0.6999999881
26581  39.967  -47.248  -8.112 0.6000000238
28394  40.157  -45.381  -7.592 0.5000000000
29336  39.482  -43.675  -7.418 0.6000000238
29330  39.970  -44.523  -7.369 0.6000000238
31268  38.781  -42.266  -7.103 0.6000000238
31270  37.608  -41.971  -7.201 0.6000000238
32244  35.729  -41.752  -6.389 0.5000000000
118324  35.199  -55.369  -10.375 0.5000000000
21108  35.857  -53.840  -10.283 0.5000000000
20204  35.433  -55.113  -10.023 0.5000000000
20203  35.944  -53.972  -10.274 0.5000000000
22004  35.965  -53.263  -9.717 0.6999999881
22000  35.820  -52.838  -8.421 0.6999999881
21107  36.096  -53.570  -10.027 0.5000000000
21103  35.976  -53.478  -9.573 0.5000000000
22910  36.128  -52.476  -9.184 0.6999999881
21999  36.399  -52.250  -8.952 0.6999999881
22904  37.368  -51.161  -8.832 0.6999999881
16360  36.416  -59.433  -6.103 0.3000000119
26559  33.774  -47.546  -2.339 0.6999999881
25658  32.833  -49.298  -3.805 0.6000000238
28367  32.660  -45.516  -1.128 0.6999999881
118485  33.799  -53.500  -10.041 0.6000000238
27461  36.246  -46.422  -5.125 0.6000000238
29329  33.710  -44.244  -4.432 0.6999999881
30281  32.296  -42.991  -2.374 0.6000000238
30291  32.514  -43.092  -4.951 0.6999999881
31249  32.359  -42.944  -3.353 0.6000000238
30295  33.326  -43.246  -5.751 0.6999999881
32225  31.758  -41.680  -2.615 0.5000000000
120632  31.648  -41.242  -1.736 0.5000000000
31267  32.427  -42.244  -5.452 0.5000000000
25676  39.587  -48.716  -8.503 0.6999999881
27463  39.786  -46.496  -8.028 0.5000000000
31272  38.476  -42.389  -7.440 0.6000000238
32243  36.897  -41.534  -6.524 0.6000000238
124926  39.837  -47.937  -8.434 0.6000000238
30301  39.068  -43.086  -7.543 0.6000000238
26576  40.254  -47.049  -7.514 0.5000000000
21989  35.217  -52.423  -6.228 0.6000000238
22873  34.581  -51.942  -2.458 0.6000000238
22863  34.584  -51.609  -1.505 0.4000000060
22895  34.916  -52.363  -5.157 0.5000000000
22901  35.875  -51.841  -6.772 0.6000000238
116097  31.533  -52.757  -4.513 0.5000000000
21948  34.176  -52.094  -0.873 0.4000000060
22896  31.908  -51.483  -5.575 0.5000000000
128866  31.516  -52.034  -4.323 0.5000000000
22887  34.891  -52.050  -4.241 0.5000000000
22856  34.142  -51.706  -0.058 0.4000000060
21985  31.653  -52.086  -5.050 0.5000000000
121709  31.704  -50.735  -3.939 0.5000000000
22882  34.772  -51.911  -3.420 0.6000000238
23813  31.991  -50.400  -4.651 0.5000000000
22894  35.582  -51.715  -5.698 0.5000000000
22900  36.763  -51.500  -7.483 0.6000000238
22838  33.946  -51.406  1.806 0.4000000060
22833  34.265  -51.413  2.641 0.4000000060
22862  35.097  -51.084  -2.039 0.4000000060
22875  30.755  -51.907  -2.114 0.5000000000
22881  35.344  -51.357  -3.829 0.5000000000
23807  31.478  -50.937  -3.265 0.5000000000
23796  30.870  -51.189  -1.930 0.5000000000
23820  36.100  -51.061  -5.226 0.6000000238
22893  36.382  -51.280  -6.257 0.6000000238
22905  36.957  -51.586  -8.577 0.6000000238
23783  31.163  -50.480  -1.668 0.5000000000
23784  30.367  -50.775  -1.239 0.4000000060
23812  35.953  -50.856  -4.309 0.5000000000
118060  36.687  -50.433  -4.753 0.6000000238
23819  36.908  -50.650  -5.752 0.6000000238
23826  37.313  -50.861  -6.983 0.6000000238
110668  37.615  -50.308  -6.285 0.6000000238
23825  38.036  -50.352  -7.094 0.6000000238
22855  34.549  -51.347  -0.734 0.4000000060
22846  34.008  -51.514  0.879 0.4000000060
25638  32.401  -48.906  -1.105 0.5000000000
24714  30.835  -50.164  -0.967 0.5000000000
23785  29.347  -50.767  -0.916 0.4000000060
24713  32.317  -49.358  -2.084 0.6000000238
23806  35.980  -50.607  -3.342 0.6000000238
112704  36.508  -50.314  -3.952 0.6000000238
23811  37.179  -49.744  -4.133 0.6000000238
24738  37.814  -49.290  -4.654 0.6000000238
23737  34.661  -50.716  3.044 0.4000000060
25625  31.683  -48.882  -0.509 0.5000000000
24701  29.916  -49.498  -0.486 0.4000000060
23786  28.544  -50.060  -0.834 0.4000000060
23781  35.573  -50.366  -1.672 0.6000000238
23782  35.001  -50.880  -1.219 0.4000000060
23793  36.340  -50.086  -2.725 0.6000000238
22872  35.228  -51.222  -2.918 0.6000000238
125766  37.204  -49.342  -3.327 0.6000000238
23805  36.704  -49.917  -3.317 0.5000000000
24746  38.383  -49.203  -5.517 0.6000000238
23736  35.260  -50.703  3.630 0.4000000060
129340  34.451  -51.000  0.276 0.4000000060
25624  32.332  -48.198  -0.557 0.6000000238
132397  30.242  -48.967  -0.265 0.5000000000
25628  29.075  -48.564  -0.480 0.5000000000
24716  27.826  -49.456  -1.462 0.5000000000
24699  35.234  -50.051  -0.246 0.4000000060
23766  34.824  -50.288  0.357 0.4000000060
24712  35.960  -49.636  -1.314 0.5000000000
24711  36.547  -49.079  -1.739 0.5000000000
25648  37.085  -48.517  -2.160 0.5000000000
24732  37.702  -48.866  -3.858 0.6000000238
25663  38.329  -48.658  -4.722 0.6000000238
114652  38.992  -49.086  -6.519 0.6000000238
116452  35.068  -49.489  3.265 0.4000000060
24676  34.680  -49.998  2.741 0.4000000060
25576  35.463  -49.039  3.826 0.4000000060
24651  36.013  -49.377  4.388 0.4000000060
27437  32.838  -46.400  -0.988 0.6000000238
24675  34.926  -49.223  2.435 0.4000000060
24683  34.598  -49.872  1.863 0.4000000060
26546  30.854  -47.908  0.124 0.6000000238
26548  28.946  -47.712  -0.473 0.5000000000
25639  28.396  -48.066  -1.079 0.4000000060
24691  35.301  -49.474  0.324 0.4000000060
24724  36.188  -49.851  -2.075 0.5000000000
125756  37.394  -48.680  -2.947 0.5000000000
25655  37.877  -48.098  -3.401 0.6000000238
25669  39.121  -48.409  -5.840 0.6000000238
115070  39.455  -47.501  -5.634 0.6000000238
25563  35.777  -48.449  4.285 0.4000000060
28358  32.284  -45.934  -0.390 0.6000000238
27430  31.584  -46.562  0.089 0.6000000238
27432  29.498  -47.294  -0.110 0.5000000000
27439  27.744  -46.782  -2.061 0.5000000000
25602  35.273  -48.388  2.177 0.4000000060
24698  35.655  -49.504  -0.559 0.4000000060
25637  36.256  -48.809  -0.878 0.5000000000
112692  36.765  -48.286  -1.459 0.5000000000
26565  38.340  -47.626  -3.982 0.5000000000
25562  36.412  -48.408  4.776 0.4000000060
28359  31.560  -45.455  0.017 0.6000000238
28360  30.498  -45.900  0.315 0.5000000000
28362  28.631  -46.106  -0.482 0.5000000000
111287  37.150  -47.874  -1.863 0.4000000060
26566  37.909  -47.308  -3.303 0.4000000060
26570  38.884  -47.186  -4.738 0.4000000060
26573  39.592  -46.699  -5.552 0.6000000238
27462  40.368  -46.189  -7.167 0.4000000060
26475  36.420  -47.544  4.995 0.4000000060
127687  35.471  -48.310  3.657 0.4000000060
29296  32.187  -45.067  -0.586 0.6000000238
26510  35.417  -47.752  2.946 0.4000000060
29306  32.179  -44.273  -0.969 0.5000000000
29298  30.796  -44.869  0.228 0.5000000000
28361  29.362  -45.627  0.210 0.5000000000
113169  28.387  -45.163  -0.399 0.4000000060
111183  30.011  -45.088  0.388 0.4000000060
26543  36.528  -47.914  -0.777 0.5000000000
26552  36.837  -47.509  -1.376 0.5000000000
26557  37.160  -47.197  -1.987 0.6000000238
27449  38.396  -46.865  -4.002 0.4000000060
27455  38.955  -46.394  -4.824 0.4000000060
27459  39.689  -45.882  -5.750 0.4000000060
28371  37.343  -45.970  -2.852 0.5000000000
121515  31.682  -43.607  -0.635 0.5000000000
114933  30.951  -43.976  0.040 0.6000000238
30268  31.006  -43.116  -0.116 0.4000000060
28386  38.894  -45.520  -5.095 0.5000000000
28390  40.254  -45.478  -6.817 0.5000000000
28364  36.425  -45.830  -1.676 0.5000000000
27442  36.968  -46.354  -2.176 0.5000000000
28382  37.699  -45.573  -3.602 0.5000000000
28381  38.336  -46.026  -4.162 0.5000000000
27380  35.804  -46.967  4.552 0.4000000060
31264  38.301  -41.815  -6.402 0.5000000000
29331  39.466  -43.930  -6.682 0.4000000060
29325  38.764  -44.524  -5.455 0.5000000000
28383  37.136  -45.064  -3.075 0.5000000000
28372  36.737  -45.462  -2.385 0.5000000000
31238  31.049  -42.179  -0.258 0.4000000060
31261  38.052  -41.985  -5.452 0.4000000060
30290  38.017  -43.030  -5.120 0.4000000060
30297  39.207  -42.955  -7.011 0.5000000000
30292  38.706  -43.467  -5.853 0.5000000000
29326  38.007  -44.101  -4.772 0.5000000000
29319  37.523  -44.629  -3.854 0.5000000000
29320  36.896  -44.120  -3.369 0.5000000000
30286  37.402  -43.625  -4.167 0.4000000060
114031  32.854  -49.032  -2.768 0.5000000000
26553  32.847  -48.230  -1.120 0.6000000238
24741  32.041  -50.097  -3.939 0.6000000238
120839  32.838  -47.403  -0.858 0.6000000238
122478  31.642  -52.805  -5.288 0.5000000000
132003  31.915  -43.139  -1.112 0.5000000000
25668  39.996  -47.759  -6.849 0.6000000238
26572  40.163  -46.920  -6.470 0.4000000060
23795  31.390  -50.738  -2.559 0.5000000000
24734  31.752  -50.353  -3.245 0.5000000000
24725  31.737  -50.043  -2.358 0.5000000000
24700  30.796  -49.474  -0.531 0.4000000060
23776  29.413  -49.993  -0.630 0.4000000060
23794  35.738  -50.537  -2.455 0.6000000238
25626  30.876  -48.624  -0.111 0.6000000238
24702  29.159  -49.373  -0.547 0.4000000060
124275  34.798  -49.860  1.041 0.4000000060
123963  32.085  -47.420  -0.183 0.6000000238
26545  31.582  -48.100  -0.091 0.6000000238
26547  29.946  -48.158  -0.103 0.5000000000
25640  27.817  -48.462  -1.696 0.5000000000
24726  27.435  -49.794  -2.352 0.5000000000
26554  28.301  -47.239  -1.256 0.5000000000
27431  30.455  -47.114  0.174 0.5000000000
27433  28.791  -46.904  -0.547 0.5000000000
115799  29.492  -46.527  0.069 0.5000000000
25647  37.479  -47.803  -2.578 0.5000000000
27438  28.148  -46.503  -1.279 0.5000000000
110692  36.118  -48.265  -0.159 0.5000000000
29297  31.595  -44.521  -0.270 0.6000000238
11958  38.467  -63.619  -9.588 0.3000000119
120627  39.456  -63.929  -11.700 0.3000000119
11964  39.133  -63.450  -10.690 0.3000000119
11977  40.852  -62.658  -12.000 0.3000000119
11971  40.447  -63.057  -11.834 0.3000000119
129188  40.941  -62.504  -11.798 0.3000000119
12892  41.080  -61.931  -12.598 0.3000000119
12891  41.487  -61.617  -12.347 0.3000000119
13786  42.305  -61.206  -9.737 0.3000000119
13797  41.817  -61.456  -11.693 0.3000000119
13796  42.297  -61.130  -11.947 0.3000000119
14648  42.102  -60.473  -12.601 0.3000000119
13791  42.076  -60.974  -10.891 0.3000000119
14632  43.155  -59.858  -9.715 0.3000000119
14635  42.509  -60.270  -10.957 0.3000000119
14639  42.600  -60.576  -11.860 0.4000000060
14643  42.457  -60.530  -12.118 0.4000000060
16399  42.918  -58.773  -12.683 0.4000000060
16400  42.091  -58.821  -12.713 0.3000000119
15490  43.388  -58.911  -10.187 0.3000000119
120419  43.531  -59.168  -11.323 0.4000000060
15499  44.130  -58.945  -12.221 0.4000000060
15500  43.626  -59.221  -12.441 0.4000000060
15488  43.562  -58.738  -9.067 0.3000000119
17338  42.412  -58.170  -12.470 0.4000000060
16366  43.721  -57.723  -8.182 0.4000000060
16385  43.657  -57.638  -9.559 0.4000000060
16397  41.441  -58.264  -12.237 0.4000000060
16394  41.369  -57.906  -12.067 0.3000000119
16388  43.695  -57.530  -11.303 0.3000000119
16391  44.482  -57.103  -12.099 0.4000000060
16377  43.797  -57.553  -8.654 0.4000000060
18307  42.987  -56.054  -11.519 0.5000000000
17333  43.497  -56.841  -12.101 0.4000000060
16367  43.574  -57.394  -7.970 0.4000000060
17334  42.625  -57.165  -12.139 0.4000000060
15479  37.239  -59.882  -6.228 0.3000000119
15485  37.014  -59.236  -6.816 0.4000000060
15489  40.563  -59.573  -9.479 0.3000000119
123511  31.554  -54.577  -4.952 0.4000000060
118306  31.563  -54.311  -4.189 0.4000000060
20207  34.729  -55.154  -10.516 0.4000000060
19262  33.916  -55.981  -10.325 0.4000000060
17318  43.869  -56.408  -9.148 0.4000000060
17324  43.881  -56.445  -10.961 0.3000000119
18305  43.800  -56.291  -12.110 0.5000000000
18295  34.158  -56.521  -10.216 0.4000000060
17321  34.429  -57.084  -9.703 0.4000000060
17301  43.782  -56.456  -8.446 0.4000000060
133272  36.321  -58.933  -6.818 0.4000000060
17330  41.871  -57.007  -11.745 0.4000000060
16372  36.601  -58.618  -7.789 0.5000000000
115006  41.434  -57.522  -11.427 0.5000000000
16371  37.405  -58.807  -7.763 0.4000000060
15484  37.802  -59.521  -6.959 0.4000000060
15492  40.982  -58.961  -9.677 0.3000000119
124487  38.538  -59.684  -7.258 0.4000000060
21088  31.487  -53.466  -3.797 0.4000000060
21109  35.007  -54.151  -10.498 0.4000000060
18279  43.747  -55.479  -8.892 0.4000000060
18299  43.902  -55.780  -10.790 0.4000000060
18294  34.570  -56.596  -10.012 0.4000000060
17314  34.757  -57.514  -9.118 0.5000000000
18300  43.483  -55.712  -10.581 0.4000000060
18302  43.521  -55.541  -11.166 0.4000000060
126703  35.408  -57.675  -9.028 0.5000000000
17306  43.594  -55.314  -8.414 0.4000000060
18292  43.299  -55.464  -9.494 0.4000000060
17326  42.813  -55.791  -10.661 0.4000000060
17319  42.612  -55.902  -9.725 0.5000000000
17327  41.898  -56.884  -10.309 0.5000000000
17320  35.065  -57.109  -9.413 0.4000000060
17313  35.871  -57.506  -9.004 0.5000000000
19254  42.869  -54.447  -8.177 0.4000000060
16386  41.388  -58.065  -9.597 0.5000000000
16382  36.843  -58.191  -8.538 0.4000000060
15487  41.029  -58.892  -8.997 0.4000000060
15482  39.934  -59.477  -8.148 0.4000000060
15483  39.216  -59.674  -7.688 0.4000000060
16370  38.234  -58.971  -7.788 0.4000000060
19258  35.048  -56.003  -10.155 0.4000000060
20201  34.649  -55.114  -8.043 0.3000000119
18293  42.734  -54.934  -9.087 0.4000000060
17307  41.941  -55.961  -9.490 0.4000000060
18288  35.016  -56.665  -9.588 0.4000000060
23787  27.809  -50.397  -1.467 0.4000000060
19247  42.017  -54.667  -7.361 0.4000000060
18281  42.611  -54.489  -8.533 0.4000000060
123851  41.768  -56.907  -9.635 0.5000000000
16378  41.326  -57.732  -9.007 0.5000000000
18287  35.682  -57.073  -9.075 0.5000000000
127029  36.475  -57.755  -8.825 0.4000000060
19256  41.206  -54.614  -7.569 0.4000000060
15481  40.656  -58.798  -8.623 0.4000000060
16381  37.657  -58.166  -8.548 0.4000000060
16380  38.599  -58.136  -8.537 0.4000000060
17311  38.025  -57.461  -8.744 0.4000000060
21104  35.401  -54.293  -9.054 0.4000000060
123547  41.873  -54.820  -8.920 0.4000000060
17308  41.209  -56.302  -9.118 0.4000000060
18277  34.919  -55.968  -8.679 0.3000000119
18282  40.735  -55.034  -8.631 0.4000000060
124335  40.799  -57.851  -8.654 0.5000000000
127108  40.686  -54.739  -6.413 0.4000000060
18271  40.117  -54.926  -7.742 0.4000000060
17310  38.933  -57.155  -8.669 0.4000000060
17312  37.180  -57.597  -8.722 0.4000000060
21995  35.579  -52.446  -7.236 0.4000000060
17309  39.934  -56.518  -8.953 0.4000000060
12867  35.674  -62.262  -11.246 0.3000000119
14633  43.055  -60.691  -8.917 0.3000000119
121499  43.625  -58.590  -8.215 0.4000000060
16368  42.943  -57.138  -7.511 0.4000000060
17302  43.491  -55.971  -8.015 0.4000000060
17297  42.005  -56.047  -6.483 0.4000000060
18259  42.169  -54.983  -6.798 0.4000000060
113230  34.684  -54.206  -7.477 0.4000000060
19249  34.634  -55.416  -7.062 0.4000000060
18276  35.344  -56.435  -8.579 0.4000000060
18261  39.767  -54.895  -5.949 0.4000000060
18272  39.188  -55.891  -7.712 0.4000000060
18284  38.600  -56.731  -8.513 0.4000000060
18275  36.138  -56.757  -8.311 0.3000000119
18286  36.630  -57.246  -8.672 0.4000000060
129346  38.857  -55.492  -6.984 0.4000000060
16373  35.795  -58.528  -7.619 0.4000000060
21996  34.977  -53.196  -7.043 0.4000000060
11086  39.119  -64.414  -11.956 0.3000000119
112445  39.873  -63.215  -11.334 0.3000000119
12884  40.654  -62.525  -12.429 0.3000000119
12876  35.029  -62.332  -11.692 0.3000000119
13795  37.032  -61.914  -11.549 0.3000000119
12874  41.734  -61.614  -12.044 0.3000000119
120557  42.573  -60.606  -10.025 0.3000000119
133444  42.380  -60.997  -11.754 0.4000000060
15491  42.918  -59.633  -11.633 0.3000000119
15496  44.065  -59.406  -11.980 0.4000000060
15503  43.668  -58.660  -12.732 0.4000000060
117339  43.444  -59.639  -8.513 0.3000000119
16357  43.221  -58.381  -7.456 0.4000000060
17329  42.527  -56.140  -11.407 0.4000000060
131606  41.435  -57.802  -10.390 0.5000000000
14629  40.418  -59.612  -8.730 0.3000000119
123468  42.008  -56.477  -11.335 0.5000000000
18269  43.252  -54.834  -8.019 0.4000000060
16379  39.644  -57.793  -8.591 0.4000000060
18285  37.671  -56.955  -8.591 0.4000000060
21087  34.298  -53.645  -4.500 0.4000000060
21990  34.493  -53.124  -5.037 0.4000000060
21083  34.116  -53.562  -3.090 0.4000000060
21967  34.196  -52.975  -2.410 0.3000000119
119201  34.593  -52.502  -3.823 0.5000000000
126094  34.649  -53.120  -5.811 0.4000000060
19110  37.941  -55.424  2.402 0.3000000119
115875  36.951  -55.737  1.435 0.3000000119
21005  35.839  -53.349  3.232 0.3000000119
21017  34.153  -53.735  2.109 0.3000000119
21018  33.769  -53.017  2.061 0.3000000119
22847  33.758  -52.206  0.573 0.3000000119
19111  36.940  -55.375  2.198 0.3000000119
20086  36.433  -54.680  2.681 0.3000000119
21923  36.715  -53.004  3.224 0.3000000119
20083  39.220  -54.795  2.609 0.3000000119
116382  38.872  -54.083  2.721 0.3000000119
21006  34.939  -52.864  3.204 0.3000000119
22826  35.441  -51.487  3.541 0.3000000119
21014  37.504  -53.603  3.067 0.3000000119
22832  37.724  -51.852  3.171 0.3000000119
21916  35.838  -52.347  3.409 0.3000000119
21921  39.222  -52.319  2.204 0.3000000119
122674  38.405  -52.145  2.693 0.3000000119
23732  39.086  -50.303  3.313 0.3000000119
22830  38.955  -51.498  2.466 0.3000000119
24674  39.782  -49.939  2.774 0.3000000119
22824  37.045  -51.421  3.720 0.3000000119
24667  37.559  -49.964  4.417 0.3000000119
24650  36.893  -49.277  4.729 0.3000000119
23745  40.094  -50.171  1.931 0.3000000119
23733  37.908  -51.198  3.442 0.3000000119
24649  37.950  -49.216  4.706 0.3000000119
24673  40.449  -49.535  2.321 0.3000000119
24665  39.436  -49.569  3.658 0.3000000119
124049  38.221  -50.530  3.768 0.3000000119
25575  39.779  -48.844  4.009 0.3000000119
26474  37.751  -47.921  5.340 0.3000000119
25561  37.338  -48.562  5.051 0.3000000119
27378  37.191  -47.346  5.358 0.3000000119
27379  36.527  -46.773  5.208 0.3000000119
130679  38.602  -45.550  6.043 0.3000000119
133117  37.428  -45.923  5.770 0.3000000119
27364  36.688  -45.986  5.474 0.3000000119
21063  33.845  -53.512  -1.648 0.3000000119
121938  34.339  -53.218  -3.800 0.4000000060
21931  33.670  -52.751  1.603 0.3000000119
115944  35.805  -50.975  3.873 0.3000000119
20185  34.107  -54.191  -3.767 0.5000000000
20085  37.428  -54.635  2.834 0.3000000119
21915  36.864  -52.150  3.386 0.3000000119
117150  34.662  -53.509  2.774 0.3000000119
119711  33.653  -53.713  0.835 0.3000000119
21937  33.579  -52.944  0.838 0.3000000119
21922  37.631  -52.633  3.035 0.3000000119
21013  38.466  -53.147  2.730 0.3000000119
22825  36.217  -51.536  3.672 0.3000000119
22831  38.372  -51.534  2.925 0.3000000119
24664  40.186  -49.264  3.208 0.3000000119
25574  40.507  -48.531  3.569 0.3000000119
24666  38.594  -49.825  4.135 0.3000000119
25601  41.137  -49.126  1.950 0.3000000119
24648  38.939  -49.080  4.426 0.3000000119
123172  35.505  -56.311  -7.598 0.3000000119
18263  36.295  -56.418  -7.227 0.4000000060
126678  36.597  -56.096  -5.254 0.4000000060
18253  35.559  -55.988  -5.456 0.4000000060
18265  34.927  -55.943  -7.361 0.3000000119
113491  35.310  -55.802  -4.514 0.4000000060
18242  36.313  -55.973  -4.560 0.3000000119
19242  34.813  -55.616  -6.117 0.4000000060
19233  34.874  -55.625  -5.162 0.4000000060
19224  35.048  -55.675  -3.666 0.3000000119
118438  34.520  -55.181  -6.120 0.3000000119
19243  34.567  -55.256  -5.340 0.4000000060
19225  34.380  -55.151  -3.596 0.4000000060
122230  34.372  -54.673  -5.687 0.3000000119
120262  34.291  -54.674  -4.656 0.4000000060
20177  34.050  -54.539  -2.900 0.4000000060
20196  34.426  -54.830  -6.687 0.3000000119
21096  34.444  -53.963  -6.285 0.3000000119
19234  34.683  -55.430  -4.475 0.4000000060
18264  35.430  -56.122  -6.598 0.4000000060
15480  43.436  -59.350  -7.229 0.3000000119
18273  38.295  -56.366  -7.927 0.3000000119
117944  42.097  -61.637  -3.966 0.3000000119
13757  42.976  -61.042  -5.111 0.3000000119
14618  43.331  -60.036  -6.469 0.3000000119
119933  43.558  -58.525  -7.794 0.3000000119
123055  36.397  -56.236  -6.106 0.3000000119
122367  38.053  -56.096  -7.137 0.3000000119
14592  40.259  -61.054  -3.279 0.3000000119
14601  41.857  -60.452  -5.260 0.3000000119
14602  40.395  -60.769  -4.169 0.3000000119
15476  42.906  -59.132  -6.816 0.3000000119
16358  42.476  -58.084  -6.943 0.3000000119
18262  37.342  -56.213  -6.696 0.3000000119
15418  40.786  -59.938  -0.099 0.3000000119
14584  40.303  -61.237  -2.246 0.3000000119
14612  41.622  -59.565  -5.750 0.3000000119
15478  41.241  -58.580  -5.964 0.3000000119
14578  39.807  -60.365  -1.833 0.3000000119
14593  39.695  -60.346  -3.615 0.3000000119
15473  40.502  -58.886  -5.493 0.3000000119
14603  39.803  -60.076  -4.368 0.3000000119
16359  41.635  -57.627  -6.391 0.3000000119
18260  41.617  -55.187  -5.933 0.3000000119
19237  41.232  -54.831  -5.656 0.3000000119
15431  40.454  -59.791  -0.636 0.3000000119
16350  40.772  -57.751  -5.732 0.3000000119
17298  41.327  -56.387  -5.801 0.3000000119
18252  37.455  -56.005  -5.554 0.3000000119
15432  39.950  -59.529  -1.153 0.3000000119
122329  40.490  -59.224  -0.784 0.3000000119
15450  39.300  -59.748  -3.054 0.3000000119
15460  39.329  -59.524  -3.894 0.3000000119
16351  40.001  -57.881  -5.154 0.3000000119
18249  41.089  -55.276  -5.222 0.3000000119
19239  39.671  -54.839  -4.792 0.3000000119
18251  38.520  -55.560  -5.970 0.3000000119
19241  37.418  -55.792  -4.619 0.3000000119
18274  37.250  -56.600  -7.949 0.3000000119
15451  38.930  -59.108  -2.418 0.3000000119
17293  40.677  -56.527  -5.118 0.3000000119
19238  40.621  -54.772  -5.049 0.3000000119
14619  42.567  -59.592  -6.230 0.3000000119
13748  41.634  -61.067  -4.567 0.3000000119
14611  42.746  -60.277  -5.780 0.3000000119
11970  41.342  -62.116  -11.921 0.3000000119
11972  39.796  -63.736  -11.924 0.3000000119
12883  41.194  -62.086  -12.137 0.3000000119
12893  40.598  -62.271  -12.833 0.3000000119
13742  41.050  -61.499  -3.806 0.3000000119
13800  41.951  -61.143  -12.204 0.3000000119
13805  41.527  -61.292  -12.631 0.3000000119
14585  39.723  -60.452  -2.711 0.3000000119
14613  36.394  -60.013  -5.723 0.3000000119
14638  42.893  -59.674  -12.115 0.4000000060
14642  42.737  -59.636  -12.428 0.4000000060
14647  42.460  -59.524  -12.757 0.4000000060
15441  40.133  -60.258  -1.134 0.3000000119
15466  40.613  -60.106  -5.024 0.3000000119
15467  39.646  -59.071  -4.754 0.3000000119
15477  42.001  -58.802  -6.403 0.3000000119
15486  43.513  -59.428  -7.701 0.3000000119
15495  44.229  -59.032  -11.979 0.4000000060
15504  43.204  -59.167  -12.652 0.4000000060
15505  41.563  -59.382  -12.804 0.3000000119
16369  39.535  -58.866  -8.081 0.4000000060
16375  33.880  -58.171  -7.023 0.6000000238
16383  36.011  -58.105  -8.656 0.5000000000
16384  35.215  -58.086  -8.494 0.4000000060
16387  44.113  -57.005  -11.768 0.3000000119
16389  43.526  -58.095  -10.790 0.3000000119
16392  44.231  -58.401  -11.899 0.4000000060
16393  44.155  -58.900  -11.749 0.4000000060
16396  43.868  -58.001  -12.101 0.4000000060
16401  41.404  -58.733  -12.494 0.4000000060
17303  42.758  -55.645  -7.349 0.4000000060
17305  31.593  -56.966  -7.771 0.4000000060
17322  33.896  -56.979  -9.963 0.4000000060
17323  44.741  -56.131  -11.407 0.3000000119
17325  43.718  -56.618  -10.340 0.4000000060
17328  44.847  -56.457  -11.960 0.4000000060
17331  45.251  -56.932  -11.835 0.4000000060
17332  44.562  -57.237  -12.142 0.4000000060
17335  41.869  -57.645  -12.099 0.4000000060
17336  43.659  -57.783  -12.280 0.4000000060
17337  43.172  -58.005  -12.493 0.4000000060
17339  41.795  -58.341  -12.400 0.4000000060
18270  42.677  -54.555  -7.635 0.4000000060
18280  43.232  -54.834  -8.518 0.4000000060
18283  39.505  -56.092  -8.508 0.4000000060
18289  32.123  -56.467  -9.040 0.4000000060
18291  43.522  -55.822  -9.770 0.4000000060
18296  33.178  -56.447  -9.714 0.4000000060
18297  45.037  -56.255  -11.531 0.5000000000
18298  44.644  -56.215  -11.160 0.4000000060
18301  45.286  -56.611  -11.674 0.5000000000
18303  43.156  -55.571  -11.062 0.4000000060
18304  45.054  -56.696  -12.032 0.5000000000
18306  43.613  -55.750  -11.576 0.5000000000
19109  38.816  -55.449  2.407 0.3000000119
19248  41.556  -54.766  -6.498 0.3000000119
19255  42.091  -54.472  -8.223 0.4000000060
19257  31.172  -55.834  -8.140 0.4000000060
19259  32.249  -56.088  -9.331 0.4000000060
19260  31.516  -55.998  -8.915 0.4000000060
19261  34.721  -55.981  -10.344 0.5000000000
19264  44.637  -55.917  -11.308 0.5000000000
19265  44.153  -55.627  -11.116 0.4000000060
19266  43.659  -55.538  -10.957 0.4000000060
19267  44.937  -56.018  -11.869 0.5000000000
19268  44.305  -55.622  -11.358 0.5000000000
19269  43.886  -55.456  -11.237 0.4000000060
19270  44.113  -55.601  -11.738 0.5000000000
20084  38.416  -54.799  2.730 0.3000000119
20109  33.925  -54.125  1.237 0.3000000119
20205  31.503  -54.549  -9.079 0.4000000060
20206  35.520  -54.586  -10.325 0.5000000000
20208  33.252  -55.188  -10.010 0.5000000000
21015  36.611  -53.958  3.120 0.3000000119
21016  35.232  -53.653  3.034 0.3000000119
21028  33.704  -53.409  1.463 0.3000000119
21075  33.924  -53.807  -2.433 0.4000000060
21092  34.346  -53.854  -5.308 0.3000000119
21093  31.590  -53.650  -4.938 0.4000000060
21101  35.388  -53.596  -8.306 0.4000000060
21105  31.937  -53.159  -9.200 0.4000000060
21110  32.631  -53.638  -9.628 0.4000000060
21917  35.013  -52.024  3.323 0.3000000119
21924  34.411  -52.129  2.965 0.3000000119
21925  33.837  -52.243  2.225 0.3000000119
21957  34.208  -52.476  -1.661 0.3000000119
21979  34.423  -52.659  -3.172 0.6000000238
21984  34.557  -52.792  -4.430 0.4000000060
21991  31.818  -52.325  -5.838 0.6000000238
22002  35.984  -53.078  -9.518 0.6999999881
22006  33.889  -52.780  -9.714 0.4000000060
22827  34.792  -51.397  3.215 0.4000000060
22839  33.713  -52.169  1.345 0.3000000119
22886  35.422  -51.552  -4.737 0.5000000000
22888  31.713  -51.254  -4.676 0.5000000000
22906  36.337  -52.094  -7.997 0.6000000238
22907  32.495  -51.407  -7.729 0.6000000238
22913  32.626  -51.706  -8.457 0.5000000000
23714  36.603  -50.093  4.411 0.3000000119
23715  35.881  -50.314  4.128 0.4000000060
23734  37.264  -50.723  4.110 0.3000000119
23735  36.424  -50.849  4.071 0.3000000119
23746  39.435  -50.709  2.381 0.3000000119
23747  38.693  -50.973  3.006 0.3000000119
23748  34.330  -50.648  2.255 0.4000000060
23757  34.367  -50.640  1.223 0.4000000060
23773  35.408  -50.202  -0.909 0.4000000060
23774  34.848  -50.700  -0.407 0.4000000060
23775  30.130  -50.140  -0.738 0.4000000060
23797  27.440  -50.573  -2.215 0.4000000060
23818  37.528  -49.909  -5.325 0.6000000238
23821  32.271  -50.082  -5.275 0.5000000000
23824  38.672  -50.021  -7.787 0.6999999881
23827  32.524  -50.228  -6.645 0.6000000238
23830  37.505  -51.136  -8.265 0.6999999881
23833  37.935  -50.653  -8.831 0.6999999881
23835  36.514  -50.897  -9.102 0.6000000238
23837  33.177  -50.208  -7.842 0.6000000238
24668  35.423  -49.885  3.874 0.4000000060
24682  35.145  -49.074  1.386 0.4000000060
24715  28.421  -49.030  -0.869 0.5000000000
24723  36.817  -49.362  -2.590 0.5000000000
24733  32.255  -49.699  -3.182 0.5000000000
24755  39.138  -49.555  -8.430 0.6999999881
24756  36.744  -49.376  -8.709 0.6000000238
24757  35.792  -49.139  -8.078 0.6999999881
24759  39.014  -49.444  -8.860 0.6999999881
24760  38.394  -50.023  -9.052 0.6999999881
25588  35.224  -48.675  3.067 0.4000000060
25627  29.666  -48.928  -0.356 0.4000000060
25666  33.356  -49.182  -4.474 0.6000000238
25672  33.785  -49.200  -5.148 0.6000000238
25675  34.231  -49.214  -5.867 0.6000000238
25677  39.478  -48.248  -8.676 0.6000000238
25682  38.602  -49.321  -9.059 0.6999999881
26461  38.047  -47.210  5.628 0.3000000119
26473  38.665  -47.785  5.290 0.3000000119
26476  35.931  -47.796  4.559 0.4000000060
26490  35.595  -47.672  3.984 0.4000000060
26555  27.787  -47.570  -1.937 0.5000000000
26577  39.229  -47.064  -8.169 0.5000000000
26582  39.707  -47.538  -8.348 0.5000000000
27362  38.242  -46.289  5.865 0.3000000119
27363  37.361  -46.608  5.585 0.4000000060
27427  36.493  -47.059  -0.766 0.5000000000
27429  32.382  -46.741  -0.384 0.6000000238
27435  36.707  -46.701  -1.475 0.6000000238
27441  37.497  -46.860  -2.679 0.5000000000
27450  37.843  -46.461  -3.410 0.4000000060
27458  40.162  -46.234  -6.323 0.4000000060
27465  37.777  -46.045  -6.773 0.6000000238
27466  40.074  -46.271  -7.807 0.5000000000
28292  37.850  -45.393  5.967 0.3000000119
28387  38.191  -45.096  -4.413 0.5000000000
28391  39.663  -44.944  -6.215 0.5000000000
29340  39.834  -44.747  -7.727 0.6000000238
29341  39.485  -44.019  -7.683 0.6000000238
29342  39.152  -43.620  -7.817 0.6000000238
30280  32.574  -43.596  -2.636 0.8000000119
30293  38.586  -42.450  -6.234 0.5000000000
31259  32.210  -42.667  -4.459 0.6000000238
31269  38.313  -41.916  -7.042 0.5000000000
32238  34.750  -42.069  -6.268 0.6000000238
32240  32.126  -41.560  -5.450 0.5000000000
32242  37.815  -41.624  -6.492 0.6000000238
33186  35.533  -40.997  -5.352 0.5000000000
112091  38.716  -47.943  -4.765 0.6000000238
113454  31.338  -47.420  0.108 0.6000000238
113489  42.262  -56.691  -11.693 0.4000000060
114298  34.289  -49.494  -7.328 0.6999999881
114331  37.118  -50.292  -9.122 0.6000000238
114438  35.791  -48.915  -0.177 0.4000000060
115169  32.586  -57.147  -8.344 0.5000000000
116207  39.408  -59.854  -2.343 0.3000000119
116334  34.171  -52.922  2.665 0.3000000119
117470  36.986  -47.967  5.182 0.3000000119
120376  30.988  -56.077  -6.317 0.4000000060
121866  31.620  -49.674  -1.220 0.5000000000
121936  31.879  -41.984  -1.943 0.5000000000
124365  31.990  -42.345  -3.836 0.6000000238
125923  36.476  -62.123  -11.230 0.3000000119
126490  40.254  -58.708  -8.380 0.4000000060
126491  34.969  -50.168  3.386 0.4000000060
126502  42.300  -57.011  -6.966 0.3000000119
127522  34.869  -53.448  -10.230 0.4000000060
127663  42.973  -59.547  -10.820 0.3000000119
128544  38.913  -59.101  -7.826 0.4000000060
128698  38.154  -54.107  2.947 0.3000000119
129800  32.864  -49.908  -7.282 0.8000000119
129899  31.822  -52.943  -8.440 0.5000000000
131867  38.215  -48.243  -4.076 0.6000000238
132545  32.340  -49.732  -3.889 0.6000000238
132723  34.510  -51.181  -0.251 0.4000000060
132767  39.711  -55.022  -6.932 0.4000000060
132863  39.794  -59.967  -1.483 0.3000000119
133309  33.239  -50.689  -8.214 0.6000000238
