#!ascii label  , from subject sub-v1s15x0050207_ses-1 vox2ras=TkReg
551
5798  -31.255  -72.587  40.516 0.0000000000
10175  -33.881  -65.824  30.746 0.0000000000
10891  -28.692  -64.484  38.459 0.0000000000
7779  -34.201  -69.017  36.061 0.0000000000
14122  -29.287  -60.976  35.285 0.0000000000
9197  -26.936  -67.768  43.015 0.0000000000
10843  -31.425  -64.061  42.009 0.0000000000
10827  -37.318  -64.549  43.369 0.0000000000
14055  -27.992  -60.518  40.115 0.0000000000
12475  -29.910  -62.112  37.069 0.0000000000
14881  -27.895  -59.215  38.400 0.0000000000
10039  -29.282  -65.834  42.594 0.0000000000
9202  -32.346  -67.340  42.486 0.0000000000
12387  -37.872  -62.306  42.259 0.0000000000
130033  -36.339  -63.963  39.653 0.0000000000
5246  -33.206  -74.172  36.336 0.0000000000
9299  -34.656  -66.505  33.385 0.0000000000
6526  -36.888  -70.527  33.248 0.0000000000
8552  -38.447  -67.854  31.532 0.0000000000
7756  -30.446  -68.509  38.650 0.0000000000
6474  -33.673  -71.386  38.698 0.0000000000
10925  -32.779  -64.288  35.408 0.0000000000
11760  -31.923  -63.213  33.795 0.0000000000
10077  -27.604  -65.964  40.005 0.0000000000
11645  -28.259  -63.402  41.469 0.0000000000
131448  -30.802  -61.012  41.803 0.0000000000
9188  -35.615  -67.580  43.678 0.0000000000
10854  -34.248  -65.011  40.866 0.0000000000
141126  -33.260  -61.918  40.900 0.0000000000
14870  -33.604  -59.117  39.672 0.0000000000
5263  -34.799  -72.801  34.518 0.0000000000
14201  -28.896  -60.514  28.298 0.0000000000
10977  -32.782  -64.259  28.545 0.0000000000
11802  -36.281  -63.978  27.269 0.0000000000
15638  -28.614  -58.980  40.876 0.0000000000
133131  -27.990  -59.761  38.775 0.0000000000
5217  -32.706  -74.098  39.746 0.0000000000
128303  -34.235  -65.898  31.972 0.0000000000
8539  -35.925  -67.228  32.437 0.0000000000
9321  -35.659  -66.512  31.036 0.0000000000
9323  -38.248  -66.973  31.068 0.0000000000
10177  -35.369  -66.099  29.970 0.0000000000
10092  -29.248  -65.930  38.214 0.0000000000
122409  -30.206  -66.072  37.292 0.0000000000
145630  -29.684  -61.528  36.238 0.0000000000
10911  -31.579  -63.909  36.278 0.0000000000
133306  -31.170  -62.497  35.369 0.0000000000
11752  -32.756  -63.677  34.754 0.0000000000
13319  -30.269  -61.913  34.595 0.0000000000
123904  -27.607  -68.340  40.229 0.0000000000
8447  -27.194  -67.638  40.907 0.0000000000
132912  -30.625  -64.114  42.267 0.0000000000
131036  -29.158  -64.124  42.313 0.0000000000
11630  -30.194  -63.373  42.283 0.0000000000
13188  -29.072  -62.042  41.960 0.0000000000
12406  -31.039  -61.945  42.072 0.0000000000
10027  -36.453  -66.323  43.771 0.0000000000
9218  -35.442  -66.901  41.651 0.0000000000
10057  -36.298  -65.848  40.819 0.0000000000
12438  -36.273  -63.187  39.473 0.0000000000
12423  -34.519  -62.642  40.294 0.0000000000
14059  -34.924  -61.265  39.855 0.0000000000
14029  -33.318  -60.476  40.663 0.0000000000
128287  -34.232  -70.007  37.225 0.0000000000
6493  -35.398  -71.371  37.107 0.0000000000
6506  -35.804  -71.068  35.658 0.0000000000
120987  -35.635  -71.437  31.107 0.0000000000
15009  -29.187  -59.673  28.059 0.0000000000
141758  -30.651  -62.485  28.150 0.0000000000
12575  -34.328  -62.695  27.142 0.0000000000
12437  -27.984  -62.123  39.345 0.0000000000
132162  -29.044  -63.691  38.125 0.0000000000
13269  -28.186  -61.309  38.593 0.0000000000
124329  -28.868  -60.842  37.146 0.0000000000
14102  -28.835  -60.636  36.587 0.0000000000
123459  -27.872  -66.758  42.508 0.0000000000
10040  -30.705  -65.838  42.551 0.0000000000
10844  -31.957  -64.862  42.009 0.0000000000
11633  -37.174  -63.584  42.671 0.0000000000
10855  -36.869  -65.084  40.591 0.0000000000
11669  -37.432  -64.703  40.034 0.0000000000
12439  -37.316  -63.884  39.376 0.0000000000
13271  -36.980  -62.517  38.736 0.0000000000
8518  -34.609  -67.610  34.591 0.0000000000
125668  -35.834  -69.675  34.765 0.0000000000
7814  -35.810  -68.274  33.724 0.0000000000
7169  -38.171  -69.490  32.434 0.0000000000
7194  -37.443  -69.879  30.598 0.0000000000
7848  -38.895  -68.307  30.699 0.0000000000
8571  -39.531  -67.321  29.812 0.0000000000
10191  -40.289  -66.157  29.128 0.0000000000
7087  -31.225  -70.097  39.895 0.0000000000
6473  -32.905  -71.236  39.375 0.0000000000
7766  -32.106  -68.703  37.402 0.0000000000
8495  -33.083  -67.990  36.140 0.0000000000
10910  -30.854  -64.292  36.736 0.0000000000
10107  -32.064  -65.862  35.949 0.0000000000
9279  -33.534  -66.685  35.229 0.0000000000
9288  -33.811  -65.809  34.733 0.0000000000
10945  -33.071  -64.188  33.683 0.0000000000
10959  -32.376  -64.753  31.841 0.0000000000
7100  -29.824  -69.329  39.653 0.0000000000
8469  -28.770  -67.255  39.049 0.0000000000
10090  -28.002  -65.865  39.219 0.0000000000
10052  -27.662  -65.564  41.463 0.0000000000
10864  -27.645  -64.787  40.771 0.0000000000
11684  -27.873  -63.701  39.983 0.0000000000
13208  -28.194  -62.072  40.828 0.0000000000
14025  -29.232  -60.320  41.515 0.0000000000
14834  -30.625  -59.427  41.276 0.0000000000
8431  -34.776  -68.466  42.738 0.0000000000
9216  -34.203  -66.611  41.617 0.0000000000
10053  -32.818  -64.657  41.549 0.0000000000
143978  -35.759  -65.026  40.281 0.0000000000
11648  -33.840  -64.016  40.741 0.0000000000
12408  -32.575  -63.082  41.309 0.0000000000
13210  -32.278  -61.393  41.441 0.0000000000
14835  -32.031  -59.989  41.142 0.0000000000
5819  -34.390  -72.734  39.011 0.0000000000
5248  -34.228  -73.815  35.608 0.0000000000
5868  -35.983  -70.804  33.920 0.0000000000
5311  -34.988  -71.867  31.962 0.0000000000
13327  -29.621  -61.886  32.949 0.0000000000
11768  -30.578  -63.301  31.687 0.0000000000
145907  -31.623  -64.702  30.693 0.0000000000
11776  -30.532  -63.407  29.567 0.0000000000
10970  -32.694  -65.317  29.924 0.0000000000
10972  -35.435  -65.295  28.958 0.0000000000
10981  -36.948  -64.858  28.580 0.0000000000
15653  -29.585  -58.053  40.831 0.0000000000
15652  -28.697  -58.265  40.593 0.0000000000
5223  -31.996  -74.484  39.068 0.0000000000
142054  -32.561  -73.414  40.307 0.0000000000
10168  -33.605  -65.656  31.566 0.0000000000
9309  -34.895  -66.387  31.719 0.0000000000
10169  -34.363  -66.039  31.193 0.0000000000
9326  -35.741  -66.269  30.374 0.0000000000
10176  -34.556  -66.024  30.333 0.0000000000
10097  -29.016  -65.250  38.299 0.0000000000
9256  -29.749  -66.495  37.883 0.0000000000
10098  -29.691  -65.453  37.613 0.0000000000
13307  -29.867  -61.565  35.841 0.0000000000
12507  -30.760  -62.344  35.699 0.0000000000
13308  -30.528  -62.066  35.474 0.0000000000
12516  -31.127  -62.365  34.784 0.0000000000
131579  -29.915  -61.594  35.234 0.0000000000
8425  -26.266  -68.348  43.645 0.0000000000
8446  -26.602  -68.771  42.005 0.0000000000
129909  -26.995  -68.596  40.954 0.0000000000
9214  -27.102  -67.692  41.866 0.0000000000
11631  -31.000  -63.363  42.187 0.0000000000
12385  -30.555  -62.634  42.199 0.0000000000
12386  -31.263  -62.705  42.055 0.0000000000
10828  -38.186  -64.484  43.951 0.0000000000
10814  -38.481  -65.586  44.775 0.0000000000
146027  -37.793  -65.368  44.278 0.0000000000
10028  -37.181  -65.884  44.089 0.0000000000
10845  -36.612  -65.248  43.059 0.0000000000
9206  -35.967  -66.475  41.684 0.0000000000
10044  -36.355  -65.507  41.743 0.0000000000
13253  -35.755  -61.889  39.446 0.0000000000
134490  -35.180  -62.260  39.889 0.0000000000
14074  -34.662  -60.325  39.743 0.0000000000
14075  -35.406  -60.829  39.362 0.0000000000
7127  -34.569  -69.777  36.542 0.0000000000
7128  -35.240  -70.454  36.427 0.0000000000
7138  -34.910  -69.550  35.853 0.0000000000
12572  -31.961  -62.192  27.573 0.0000000000
12574  -33.623  -62.479  27.286 0.0000000000
13390  -33.413  -61.588  27.057 0.0000000000
13252  -27.966  -61.082  39.518 0.0000000000
12452  -28.352  -62.175  38.478 0.0000000000
14095  -28.425  -60.613  37.895 0.0000000000
14094  -28.157  -59.880  38.072 0.0000000000
14893  -28.392  -60.035  37.187 0.0000000000
14892  -27.886  -59.273  37.566 0.0000000000
10041  -31.429  -65.599  42.350 0.0000000000
10042  -32.164  -65.945  42.239 0.0000000000
11611  -38.648  -63.712  43.562 0.0000000000
11634  -38.071  -63.049  42.845 0.0000000000
11649  -36.922  -63.841  41.475 0.0000000000
128481  -37.272  -62.905  42.062 0.0000000000
12454  -37.318  -63.745  39.118 0.0000000000
5261  -33.516  -73.823  34.847 0.0000000000
8529  -34.684  -67.070  33.941 0.0000000000
8519  -35.132  -67.776  34.002 0.0000000000
8530  -35.318  -67.359  33.259 0.0000000000
8540  -36.826  -67.758  32.260 0.0000000000
7824  -37.276  -68.522  32.814 0.0000000000
8541  -37.906  -68.213  32.167 0.0000000000
7183  -38.777  -68.909  31.189 0.0000000000
7206  -37.802  -69.210  30.344 0.0000000000
9328  -38.116  -66.324  30.493 0.0000000000
9329  -38.885  -66.766  30.680 0.0000000000
9333  -38.959  -66.196  30.216 0.0000000000
9334  -39.743  -66.614  29.577 0.0000000000
10190  -39.139  -65.760  29.572 0.0000000000
7101  -30.588  -69.265  39.183 0.0000000000
7102  -31.503  -69.576  38.904 0.0000000000
7777  -32.738  -68.560  36.883 0.0000000000
8494  -32.351  -67.692  36.419 0.0000000000
11704  -29.338  -62.753  37.650 0.0000000000
10898  -30.053  -64.498  37.213 0.0000000000
134259  -30.478  -63.591  36.952 0.0000000000
144779  -31.805  -65.193  36.118 0.0000000000
138165  -32.348  -65.012  35.805 0.0000000000
9278  -32.788  -66.293  35.582 0.0000000000
124346  -33.385  -65.723  35.161 0.0000000000
11753  -33.070  -64.064  34.284 0.0000000000
143763  -32.722  -63.956  33.455 0.0000000000
10954  -32.733  -64.321  32.825 0.0000000000
11766  -32.281  -63.716  33.164 0.0000000000
8468  -27.888  -67.274  39.625 0.0000000000
8456  -28.408  -68.081  39.620 0.0000000000
9248  -28.348  -66.543  39.085 0.0000000000
9247  -27.792  -66.480  39.574 0.0000000000
10038  -28.568  -66.029  42.420 0.0000000000
10037  -28.141  -65.303  41.881 0.0000000000
11628  -28.624  -63.812  42.066 0.0000000000
10840  -28.220  -64.307  41.714 0.0000000000
130857  -27.882  -64.076  41.135 0.0000000000
10882  -27.826  -64.423  39.865 0.0000000000
11664  -27.946  -63.360  40.601 0.0000000000
12421  -27.964  -62.532  40.259 0.0000000000
12404  -28.134  -62.765  40.979 0.0000000000
138006  -29.854  -60.888  41.825 0.0000000000
13209  -29.159  -61.225  41.750 0.0000000000
14026  -30.230  -60.216  41.595 0.0000000000
14833  -29.702  -59.467  41.361 0.0000000000
126732  -35.318  -68.025  43.073 0.0000000000
10055  -34.723  -65.962  41.071 0.0000000000
10054  -33.582  -65.463  41.430 0.0000000000
10853  -33.471  -64.586  41.156 0.0000000000
10867  -37.081  -65.018  39.944 0.0000000000
10866  -36.648  -65.102  40.006 0.0000000000
11667  -35.778  -64.297  40.048 0.0000000000
12422  -33.778  -62.239  40.583 0.0000000000
11665  -33.823  -63.090  40.582 0.0000000000
11647  -33.259  -63.366  40.905 0.0000000000
12409  -33.219  -62.647  40.897 0.0000000000
133106  -32.717  -62.083  41.251 0.0000000000
13211  -32.990  -61.281  41.090 0.0000000000
14858  -33.137  -59.557  40.313 0.0000000000
14057  -32.697  -59.941  40.803 0.0000000000
14857  -32.301  -59.245  40.563 0.0000000000
5812  -33.549  -72.929  39.997 0.0000000000
5834  -35.651  -71.693  36.303 0.0000000000
5833  -35.309  -72.347  36.950 0.0000000000
5249  -34.952  -72.790  35.201 0.0000000000
5262  -34.269  -73.582  34.723 0.0000000000
5294  -34.355  -73.105  33.321 0.0000000000
6516  -36.560  -70.352  34.041 0.0000000000
7149  -35.985  -70.462  34.810 0.0000000000
132593  -36.059  -70.856  33.211 0.0000000000
5327  -35.120  -72.014  30.220 0.0000000000
123234  -34.894  -72.205  31.016 0.0000000000
13317  -28.808  -61.260  33.590 0.0000000000
13337  -28.391  -61.170  32.723 0.0000000000
134359  -30.098  -63.157  31.086 0.0000000000
11769  -31.151  -63.896  31.547 0.0000000000
11770  -30.532  -63.642  30.902 0.0000000000
11787  -32.015  -63.593  28.377 0.0000000000
11785  -30.565  -62.985  28.761 0.0000000000
10969  -31.793  -64.221  29.127 0.0000000000
134022  -32.432  -64.758  29.299 0.0000000000
126011  -33.326  -65.018  29.106 0.0000000000
10971  -34.385  -65.186  29.009 0.0000000000
10978  -33.831  -64.527  28.447 0.0000000000
10992  -36.051  -64.562  27.928 0.0000000000
130719  -35.504  -64.828  28.407 0.0000000000
10993  -37.078  -64.401  27.717 0.0000000000
14856  -28.372  -59.612  40.822 0.0000000000
14073  -27.976  -60.120  39.436 0.0000000000
131156  -28.172  -58.950  40.365 0.0000000000
14869  -27.914  -59.083  39.394 0.0000000000
15682  -27.819  -58.120  39.113 0.0000000000
12410  -37.510  -62.361  41.549 0.0000000000
13212  -37.644  -61.706  41.267 0.0000000000
5235  -32.981  -74.623  37.462 0.0000000000
10159  -34.434  -65.934  32.802 0.0000000000
9300  -35.086  -66.718  32.548 0.0000000000
9310  -35.707  -66.785  31.798 0.0000000000
8551  -37.360  -67.297  31.553 0.0000000000
120663  -37.256  -66.607  30.777 0.0000000000
9327  -36.405  -66.361  30.497 0.0000000000
10178  -36.262  -65.950  29.852 0.0000000000
8470  -29.533  -67.244  38.481 0.0000000000
8480  -30.188  -67.340  37.920 0.0000000000
9257  -30.427  -66.774  37.361 0.0000000000
9268  -30.760  -66.238  36.843 0.0000000000
13290  -29.729  -61.676  36.581 0.0000000000
11724  -30.833  -62.857  36.451 0.0000000000
12494  -30.920  -62.684  36.083 0.0000000000
12508  -31.420  -62.667  35.492 0.0000000000
11739  -32.038  -62.998  35.355 0.0000000000
10935  -33.026  -64.052  34.940 0.0000000000
145101  -32.300  -63.155  35.061 0.0000000000
12527  -31.609  -62.696  34.534 0.0000000000
12526  -30.843  -62.308  34.104 0.0000000000
145231  -27.434  -67.661  40.287 0.0000000000
9227  -27.366  -66.673  40.777 0.0000000000
126368  -30.142  -65.016  42.394 0.0000000000
10842  -29.430  -64.711  42.367 0.0000000000
126395  -29.826  -64.101  42.345 0.0000000000
11629  -29.287  -63.391  42.253 0.0000000000
12383  -28.971  -62.705  42.084 0.0000000000
12405  -28.529  -62.525  41.549 0.0000000000
12384  -29.699  -62.644  42.177 0.0000000000
13189  -30.009  -61.752  42.045 0.0000000000
10015  -37.093  -67.357  44.881 0.0000000000
9189  -35.881  -66.638  43.147 0.0000000000
9205  -35.519  -67.278  42.454 0.0000000000
144955  -35.880  -66.328  41.177 0.0000000000
10056  -35.741  -66.216  40.971 0.0000000000
12424  -35.418  -63.232  39.992 0.0000000000
13235  -34.366  -61.729  40.273 0.0000000000
13234  -33.644  -61.388  40.649 0.0000000000
14058  -34.167  -60.804  40.271 0.0000000000
14859  -33.894  -59.933  40.061 0.0000000000
14871  -34.356  -59.457  39.453 0.0000000000
7114  -33.661  -70.220  37.833 0.0000000000
6482  -34.520  -71.239  37.853 0.0000000000
126885  -34.846  -70.561  37.036 0.0000000000
142541  -35.639  -71.580  36.720 0.0000000000
5845  -35.518  -71.767  35.522 0.0000000000
5882  -36.344  -70.808  32.552 0.0000000000
14209  -29.593  -60.390  27.847 0.0000000000
13386  -29.977  -61.109  27.734 0.0000000000
13376  -29.625  -61.688  28.323 0.0000000000
13377  -30.320  -61.876  27.857 0.0000000000
12561  -31.378  -62.888  28.105 0.0000000000
139231  -32.738  -63.573  27.992 0.0000000000
11788  -33.430  -63.830  27.934 0.0000000000
124945  -34.677  -63.466  27.405 0.0000000000
11801  -35.518  -63.644  27.241 0.0000000000
141055  -28.300  -63.323  38.815 0.0000000000
11692  -28.601  -62.976  38.393 0.0000000000
12453  -28.876  -62.221  37.973 0.0000000000
12474  -29.338  -61.833  37.332 0.0000000000
14084  -28.101  -60.461  38.681 0.0000000000
13270  -28.749  -61.412  37.762 0.0000000000
13289  -29.260  -61.309  37.028 0.0000000000
13300  -29.321  -61.205  36.611 0.0000000000
14110  -29.389  -61.057  36.161 0.0000000000
135088  -29.990  -66.089  42.733 0.0000000000
9200  -30.297  -67.038  43.218 0.0000000000
122626  -31.047  -64.862  42.286 0.0000000000
125812  -37.845  -63.790  43.298 0.0000000000
11632  -36.660  -64.416  42.275 0.0000000000
11668  -37.303  -64.704  39.700 0.0000000000
124056  -37.305  -63.398  40.845 0.0000000000
11686  -37.505  -64.216  39.628 0.0000000000
11685  -37.076  -64.379  39.559 0.0000000000
13254  -36.636  -62.737  39.132 0.0000000000
14076  -36.193  -61.471  39.031 0.0000000000
7790  -34.622  -68.535  35.327 0.0000000000
7791  -35.299  -69.307  35.244 0.0000000000
124490  -35.385  -68.599  34.570 0.0000000000
7803  -36.200  -69.200  34.109 0.0000000000
7150  -36.906  -69.750  33.756 0.0000000000
7168  -37.653  -70.099  32.867 0.0000000000
6560  -36.962  -70.488  30.724 0.0000000000
8553  -38.936  -67.526  31.002 0.0000000000
7849  -39.146  -67.807  30.195 0.0000000000
8569  -38.817  -67.834  29.443 0.0000000000
8587  -39.752  -67.537  28.804 0.0000000000
9343  -40.664  -66.919  28.830 0.0000000000
6462  -31.488  -71.166  40.337 0.0000000000
5799  -32.197  -71.990  40.165 0.0000000000
6472  -32.068  -70.491  39.680 0.0000000000
7103  -32.352  -69.969  38.660 0.0000000000
6481  -33.038  -70.381  38.392 0.0000000000
7112  -31.801  -69.153  38.028 0.0000000000
7113  -32.741  -69.438  37.724 0.0000000000
7126  -33.470  -69.349  37.115 0.0000000000
7778  -33.518  -68.723  36.421 0.0000000000
7789  -33.756  -68.243  35.730 0.0000000000
10897  -29.358  -64.519  37.864 0.0000000000
10099  -30.551  -65.321  36.894 0.0000000000
10106  -31.298  -65.684  36.436 0.0000000000
9270  -32.134  -66.836  36.119 0.0000000000
8505  -32.831  -67.207  35.782 0.0000000000
8507  -34.024  -67.564  35.176 0.0000000000
9280  -34.121  -66.763  34.705 0.0000000000
9289  -34.286  -66.228  34.188 0.0000000000
10936  -33.282  -64.356  34.581 0.0000000000
10132  -33.823  -65.189  34.281 0.0000000000
10146  -34.239  -65.769  33.648 0.0000000000
10158  -33.810  -65.435  32.547 0.0000000000
10960  -33.108  -65.088  32.234 0.0000000000
10167  -32.791  -65.379  31.421 0.0000000000
123770  -30.870  -70.766  40.520 0.0000000000
7086  -30.250  -70.112  40.180 0.0000000000
7755  -29.907  -68.598  39.148 0.0000000000
136071  -29.039  -68.936  39.801 0.0000000000
7754  -29.303  -67.971  39.078 0.0000000000
9249  -29.063  -66.554  38.557 0.0000000000
10091  -28.628  -65.898  38.650 0.0000000000
131851  -28.310  -65.192  38.789 0.0000000000
9215  -27.500  -66.627  41.609 0.0000000000
10064  -27.510  -65.722  40.758 0.0000000000
10841  -28.724  -64.785  42.222 0.0000000000
136215  -27.852  -64.759  41.400 0.0000000000
128519  -27.853  -65.175  39.487 0.0000000000
10890  -28.139  -64.450  39.024 0.0000000000
11691  -28.101  -63.658  39.264 0.0000000000
131049  -27.947  -63.044  39.724 0.0000000000
124987  -27.947  -61.802  40.086 0.0000000000
13232  -28.151  -61.190  40.582 0.0000000000
13233  -28.571  -61.629  41.380 0.0000000000
14024  -28.609  -60.803  41.254 0.0000000000
14056  -28.253  -60.348  40.728 0.0000000000
14832  -28.900  -59.510  41.206 0.0000000000
15639  -29.216  -58.783  41.090 0.0000000000
9204  -34.765  -67.626  42.023 0.0000000000
10043  -33.085  -66.346  41.966 0.0000000000
141941  -32.718  -65.382  41.848 0.0000000000
10852  -32.207  -63.971  41.589 0.0000000000
10066  -36.226  -65.521  40.506 0.0000000000
10065  -35.262  -65.448  40.611 0.0000000000
11666  -34.672  -63.585  40.396 0.0000000000
10865  -34.868  -64.539  40.496 0.0000000000
124615  -32.999  -63.938  41.170 0.0000000000
11646  -31.730  -63.262  41.802 0.0000000000
12407  -31.881  -62.279  41.690 0.0000000000
138867  -31.549  -61.466  41.741 0.0000000000
14027  -31.734  -60.764  41.507 0.0000000000
14028  -32.541  -60.619  41.165 0.0000000000
131515  -31.187  -60.113  41.419 0.0000000000
136135  -31.492  -59.373  41.003 0.0000000000
15641  -30.965  -58.711  40.909 0.0000000000
5218  -33.586  -73.751  39.213 0.0000000000
5236  -33.734  -74.359  37.075 0.0000000000
5820  -34.863  -72.480  37.902 0.0000000000
5226  -34.581  -73.447  37.402 0.0000000000
129050  -33.687  -74.152  36.256 0.0000000000
4731  -33.734  -73.753  34.125 0.0000000000
7139  -35.611  -70.321  35.596 0.0000000000
5856  -35.836  -70.941  34.801 0.0000000000
5855  -35.299  -71.742  34.546 0.0000000000
5881  -35.572  -71.266  32.718 0.0000000000
5867  -35.424  -71.415  33.566 0.0000000000
5295  -34.868  -72.047  33.001 0.0000000000
16431  -28.096  -57.536  39.469 0.0000000000
14902  -27.593  -59.274  36.583 0.0000000000
14101  -28.128  -60.059  36.218 0.0000000000
14109  -28.686  -60.582  35.791 0.0000000000
142356  -28.479  -60.590  34.981 0.0000000000
13318  -29.401  -61.368  34.455 0.0000000000
13328  -30.112  -62.015  33.665 0.0000000000
12525  -30.330  -62.308  33.090 0.0000000000
13338  -28.947  -61.722  32.339 0.0000000000
12534  -30.527  -62.780  32.420 0.0000000000
11765  -31.390  -63.358  32.603 0.0000000000
10953  -31.931  -64.076  32.220 0.0000000000
10958  -31.656  -64.537  31.300 0.0000000000
10963  -32.169  -65.171  30.836 0.0000000000
12551  -29.434  -62.116  29.101 0.0000000000
12552  -29.944  -62.818  29.354 0.0000000000
12545  -30.060  -63.143  30.305 0.0000000000
134411  -30.629  -63.717  30.233 0.0000000000
10962  -31.741  -64.751  30.006 0.0000000000
10174  -33.045  -65.675  30.719 0.0000000000
10185  -33.822  -65.626  29.878 0.0000000000
10187  -35.696  -65.711  29.483 0.0000000000
10198  -36.311  -65.513  29.308 0.0000000000
10980  -36.229  -65.135  28.741 0.0000000000
10199  -37.089  -65.274  29.231 0.0000000000
10200  -38.098  -65.332  29.152 0.0000000000
5206  -31.778  -73.423  40.382 0.0000000000
5216  -31.729  -74.109  40.047 0.0000000000
5224  -32.819  -74.486  38.635 0.0000000000
5225  -33.907  -74.009  38.207 0.0000000000
5237  -34.522  -73.577  36.584 0.0000000000
5238  -35.170  -72.684  36.062 0.0000000000
5247  -33.423  -74.047  35.679 0.0000000000
5278  -34.348  -73.355  34.032 0.0000000000
5279  -34.854  -72.348  33.859 0.0000000000
5898  -35.748  -71.107  31.993 0.0000000000
5899  -36.413  -70.832  31.715 0.0000000000
6494  -35.718  -71.113  36.370 0.0000000000
7195  -38.298  -69.439  30.957 0.0000000000
7815  -36.696  -68.821  33.475 0.0000000000
7825  -38.124  -68.949  32.582 0.0000000000
7833  -38.622  -68.802  31.905 0.0000000000
7835  -39.035  -67.934  30.688 0.0000000000
7847  -38.612  -68.781  30.611 0.0000000000
7861  -38.918  -68.092  30.142 0.0000000000
8432  -35.107  -67.926  42.439 0.0000000000
8441  -26.377  -68.486  42.831 0.0000000000
8471  -30.006  -67.926  38.530 0.0000000000
8506  -33.419  -67.561  35.585 0.0000000000
8561  -39.217  -67.377  30.452 0.0000000000
8570  -39.391  -67.568  29.541 0.0000000000
8588  -39.997  -67.344  29.243 0.0000000000
9217  -35.126  -66.732  41.413 0.0000000000
9234  -27.472  -66.880  40.125 0.0000000000
9258  -30.958  -66.900  36.908 0.0000000000
9311  -36.417  -67.141  31.824 0.0000000000
9320  -35.044  -66.321  30.745 0.0000000000
9322  -36.431  -66.753  31.220 0.0000000000
9330  -39.281  -66.805  30.186 0.0000000000
10067  -36.702  -65.198  40.293 0.0000000000
10119  -32.905  -65.285  35.458 0.0000000000
10145  -33.881  -65.245  33.462 0.0000000000
10179  -37.131  -66.076  30.128 0.0000000000
10186  -34.908  -65.683  29.566 0.0000000000
10883  -36.907  -64.750  39.726 0.0000000000
10912  -32.052  -64.445  35.993 0.0000000000
10946  -33.494  -64.564  33.955 0.0000000000
10955  -33.417  -64.748  33.136 0.0000000000
11705  -30.197  -62.764  37.063 0.0000000000
11725  -31.566  -63.177  36.034 0.0000000000
11740  -32.590  -63.501  35.155 0.0000000000
11751  -32.230  -63.163  34.721 0.0000000000
11761  -32.670  -63.660  34.056 0.0000000000
11771  -31.107  -64.255  30.631 0.0000000000
11777  -31.086  -64.037  29.746 0.0000000000
11786  -31.188  -63.544  28.952 0.0000000000
11800  -33.907  -63.253  27.520 0.0000000000
12493  -30.382  -62.223  36.324 0.0000000000
12517  -31.777  -62.747  35.154 0.0000000000
12535  -31.167  -62.731  33.444 0.0000000000
12540  -30.058  -62.840  31.627 0.0000000000
12560  -30.007  -62.419  28.531 0.0000000000
12571  -31.118  -62.047  27.657 0.0000000000
13301  -30.149  -61.907  35.992 0.0000000000
14855  -28.025  -59.756  40.196 0.0000000000
15640  -30.087  -58.714  41.130 0.0000000000
121853  -33.968  -69.357  36.644 0.0000000000
123792  -36.279  -67.471  44.431 0.0000000000
124495  -27.631  -65.197  40.169 0.0000000000
126390  -27.814  -64.051  40.475 0.0000000000
129022  -29.530  -61.662  33.691 0.0000000000
129877  -31.352  -64.824  36.427 0.0000000000
133159  -28.618  -60.120  41.161 0.0000000000
133917  -31.100  -63.509  36.514 0.0000000000
134003  -28.147  -62.887  38.967 0.0000000000
134798  -28.660  -63.134  41.918 0.0000000000
134858  -28.442  -63.764  38.675 0.0000000000
134920  -29.705  -63.661  37.468 0.0000000000
136379  -37.262  -70.084  33.452 0.0000000000
139050  -29.320  -61.063  28.109 0.0000000000
140715  -40.300  -67.447  28.126 0.0000000000
141050  -37.442  -65.067  28.896 0.0000000000
141998  -36.198  -65.904  42.709 0.0000000000
142445  -34.392  -66.911  34.372 0.0000000000
143471  -36.425  -70.002  34.289 0.0000000000
143680  -31.654  -58.774  40.605 0.0000000000
145795  -32.931  -72.412  40.128 0.0000000000
145829  -29.023  -61.544  33.026 0.0000000000
