#!ascii label  , from subject sub-v1s15x0050207_ses-1 vox2ras=TkReg
1079
60000  13.882  -6.534  97.258 0.0000000000
51664  8.761  -14.047  89.087 0.0000000000
55975  10.308  -10.687  103.475 0.0000000000
60006  6.779  -6.636  96.289 0.0000000000
64680  8.756  -1.858  88.045 0.0000000000
58902  12.801  -6.844  102.347 0.0000000000
62268  9.078  -4.308  102.570 0.0000000000
59997  17.672  -6.796  98.109 0.0000000000
128856  16.971  -10.010  100.520 0.0000000000
52759  13.433  -12.615  102.870 0.0000000000
68133  6.900  0.813  96.461 0.0000000000
139611  6.529  -4.530  92.062 0.0000000000
70309  10.362  2.548  92.854 0.0000000000
52772  7.349  -14.296  100.502 0.0000000000
53963  9.323  -12.101  97.355 0.0000000000
57855  8.362  -8.452  100.612 0.0000000000
143728  5.944  -2.117  99.614 0.0000000000
56931  11.547  -9.262  93.001 0.0000000000
57935  8.821  -8.374  87.621 0.0000000000
59047  5.863  -6.666  83.126 0.0000000000
64745  12.708  -2.497  83.505 0.0000000000
59988  13.480  -6.667  100.775 0.0000000000
61072  11.823  -4.881  100.588 0.0000000000
59999  16.021  -6.875  97.311 0.0000000000
57860  17.206  -8.409  98.361 0.0000000000
57857  15.036  -7.712  99.650 0.0000000000
148417  15.957  -8.663  102.289 0.0000000000
70290  8.987  2.101  94.363 0.0000000000
53941  8.883  -11.834  102.856 0.0000000000
55022  9.354  -11.028  100.898 0.0000000000
56898  9.709  -9.500  102.110 0.0000000000
63423  8.397  -2.531  99.504 0.0000000000
63407  7.413  -3.256  100.924 0.0000000000
55965  12.229  -11.100  106.143 0.0000000000
51552  11.770  -14.681  103.606 0.0000000000
53927  9.996  -13.096  104.998 0.0000000000
50403  8.236  -15.845  102.745 0.0000000000
57868  10.235  -8.673  97.535 0.0000000000
55041  10.813  -11.338  95.423 0.0000000000
57882  9.933  -7.840  94.869 0.0000000000
64672  6.967  -2.992  90.139 0.0000000000
58990  7.955  -6.257  90.073 0.0000000000
61186  6.773  -5.361  87.548 0.0000000000
57946  7.042  -7.878  86.262 0.0000000000
62439  6.528  -4.680  84.894 0.0000000000
57836  11.983  -9.014  104.119 0.0000000000
58899  9.589  -7.418  103.062 0.0000000000
145006  11.697  -5.039  103.255 0.0000000000
62287  9.781  -4.047  99.130 0.0000000000
60003  19.240  -7.170  97.058 0.0000000000
140276  18.273  -8.221  95.296 0.0000000000
57872  17.822  -8.458  96.630 0.0000000000
55031  16.801  -10.906  98.090 0.0000000000
55015  15.911  -11.361  101.944 0.0000000000
56894  14.838  -9.402  103.611 0.0000000000
63442  6.582  -3.473  95.918 0.0000000000
138617  6.638  -5.846  94.314 0.0000000000
65807  6.797  -1.453  94.383 0.0000000000
67037  8.588  -0.969  92.042 0.0000000000
67047  10.198  -0.348  90.382 0.0000000000
61108  15.351  -5.068  95.886 0.0000000000
64587  19.798  -2.899  97.068 0.0000000000
144721  20.441  -0.704  99.920 0.0000000000
62277  18.330  -4.338  99.736 0.0000000000
62292  16.863  -4.428  97.860 0.0000000000
47962  6.796  -17.136  98.701 0.0000000000
51580  7.625  -14.674  96.845 0.0000000000
53959  8.197  -12.655  99.433 0.0000000000
142941  9.388  -9.749  99.668 0.0000000000
132699  7.984  -7.536  98.304 0.0000000000
59987  7.752  -6.438  102.401 0.0000000000
61078  6.342  -5.530  99.932 0.0000000000
62295  6.402  -5.173  97.709 0.0000000000
66974  6.282  -0.081  97.792 0.0000000000
52805  8.716  -14.084  95.242 0.0000000000
52845  10.025  -13.657  93.402 0.0000000000
54024  10.435  -12.370  90.007 0.0000000000
58965  8.915  -6.614  92.079 0.0000000000
57905  10.571  -8.997  90.102 0.0000000000
55077  9.081  -11.753  88.078 0.0000000000
56044  7.886  -10.511  85.992 0.0000000000
56983  6.896  -9.910  84.195 0.0000000000
71397  11.592  3.705  90.615 0.0000000000
68242  11.903  0.255  88.743 0.0000000000
140082  13.450  1.148  85.844 0.0000000000
64722  10.849  -2.852  85.996 0.0000000000
61235  9.578  -5.431  83.258 0.0000000000
59993  13.739  -6.837  98.980 0.0000000000
61082  13.169  -6.218  99.018 0.0000000000
61089  13.240  -5.970  97.536 0.0000000000
144987  14.617  -6.713  97.194 0.0000000000
147611  15.182  -7.262  98.132 0.0000000000
58915  14.652  -7.213  98.916 0.0000000000
58911  14.038  -7.182  99.965 0.0000000000
50524  7.474  -15.155  88.528 0.0000000000
52918  7.519  -13.551  88.018 0.0000000000
55014  9.848  -11.176  103.196 0.0000000000
55979  9.653  -10.290  102.081 0.0000000000
55976  9.790  -9.929  102.734 0.0000000000
58939  18.351  -7.278  94.051 0.0000000000
55011  11.678  -11.225  104.642 0.0000000000
53921  10.702  -12.506  105.767 0.0000000000
53930  10.875  -12.361  104.584 0.0000000000
53936  9.578  -12.262  103.223 0.0000000000
58926  8.447  -7.686  96.689 0.0000000000
57878  9.825  -7.930  95.731 0.0000000000
58930  8.163  -7.273  95.841 0.0000000000
64670  7.976  -2.331  89.293 0.0000000000
63520  6.901  -3.491  88.847 0.0000000000
63533  7.227  -3.484  87.547 0.0000000000
62406  6.723  -4.601  86.301 0.0000000000
63547  7.969  -3.200  86.307 0.0000000000
58896  12.639  -7.506  102.849 0.0000000000
58897  11.378  -6.605  103.246 0.0000000000
59981  12.222  -5.686  102.708 0.0000000000
135222  11.020  -4.547  100.392 0.0000000000
63430  9.467  -3.073  97.835 0.0000000000
59996  18.823  -6.883  97.735 0.0000000000
57866  18.257  -7.830  97.023 0.0000000000
58918  18.006  -7.868  97.719 0.0000000000
146108  17.024  -9.378  99.389 0.0000000000
56909  17.045  -9.439  98.350 0.0000000000
55984  17.213  -10.561  99.670 0.0000000000
55980  16.974  -10.835  101.248 0.0000000000
58900  14.687  -7.797  101.917 0.0000000000
57838  15.744  -9.069  103.303 0.0000000000
142612  14.059  -8.197  102.864 0.0000000000
57835  12.990  -8.990  103.672 0.0000000000
66995  6.537  -0.787  95.872 0.0000000000
65808  6.440  -1.911  94.728 0.0000000000
66994  7.037  -0.439  95.416 0.0000000000
70302  9.519  2.057  93.783 0.0000000000
68184  8.504  0.161  93.234 0.0000000000
68183  9.402  0.669  92.871 0.0000000000
67036  9.334  -0.579  91.655 0.0000000000
68194  10.319  0.710  91.544 0.0000000000
63410  18.792  -4.057  100.136 0.0000000000
126494  7.322  -15.069  99.819 0.0000000000
51570  7.148  -14.952  99.180 0.0000000000
52778  7.392  -14.001  99.963 0.0000000000
56904  9.368  -9.485  100.792 0.0000000000
55985  9.451  -10.217  100.060 0.0000000000
57858  9.012  -8.957  99.732 0.0000000000
57865  8.578  -8.266  99.240 0.0000000000
58912  8.009  -7.569  99.315 0.0000000000
61062  9.423  -4.755  103.597 0.0000000000
59982  8.843  -6.757  103.000 0.0000000000
61066  8.187  -4.966  103.419 0.0000000000
63408  6.603  -3.691  100.258 0.0000000000
145988  6.081  -5.088  101.038 0.0000000000
141945  6.382  -4.316  99.536 0.0000000000
59991  6.362  -5.452  99.222 0.0000000000
63424  6.533  -3.731  98.829 0.0000000000
127228  6.592  -2.919  98.091 0.0000000000
65770  5.760  -1.256  99.138 0.0000000000
56917  17.455  -9.666  95.481 0.0000000000
56919  17.789  -9.661  94.536 0.0000000000
53945  14.178  -12.923  101.674 0.0000000000
52770  12.905  -13.788  101.208 0.0000000000
52765  12.836  -13.733  102.406 0.0000000000
50406  10.672  -15.867  103.686 0.0000000000
49124  11.007  -16.166  103.039 0.0000000000
50412  7.629  -14.714  102.015 0.0000000000
50418  7.258  -16.155  100.484 0.0000000000
52786  8.245  -13.262  97.505 0.0000000000
51579  7.946  -14.250  96.238 0.0000000000
52794  9.117  -13.163  96.222 0.0000000000
55997  11.421  -10.102  94.126 0.0000000000
53985  10.452  -12.505  94.359 0.0000000000
55054  11.146  -12.058  92.813 0.0000000000
133961  10.683  -13.056  91.789 0.0000000000
55060  11.443  -11.143  91.316 0.0000000000
61139  6.635  -5.162  92.873 0.0000000000
58954  7.778  -6.430  93.087 0.0000000000
60047  6.980  -5.373  92.334 0.0000000000
128645  8.319  -7.055  88.404 0.0000000000
58976  9.089  -7.001  90.332 0.0000000000
57924  9.769  -8.114  88.999 0.0000000000
139931  10.107  -10.005  88.656 0.0000000000
56038  9.195  -10.173  87.535 0.0000000000
56032  8.758  -11.144  87.375 0.0000000000
56961  8.494  -9.063  86.993 0.0000000000
59037  6.422  -7.043  84.722 0.0000000000
57966  7.078  -9.226  84.932 0.0000000000
57976  6.528  -8.936  83.908 0.0000000000
71403  12.349  3.480  89.297 0.0000000000
69285  12.359  1.829  89.205 0.0000000000
70350  13.168  2.058  87.951 0.0000000000
65925  13.353  -0.749  83.078 0.0000000000
67132  13.277  -0.605  84.732 0.0000000000
67101  12.598  -0.851  86.341 0.0000000000
64734  11.977  -2.837  85.093 0.0000000000
62436  10.355  -4.212  84.518 0.0000000000
62453  11.326  -4.608  83.517 0.0000000000
58905  13.679  -6.993  101.419 0.0000000000
59986  12.497  -5.641  102.052 0.0000000000
61067  12.993  -5.947  100.588 0.0000000000
59998  16.520  -6.456  97.584 0.0000000000
58919  17.328  -7.971  98.095 0.0000000000
143807  16.436  -8.054  97.969 0.0000000000
57861  16.214  -8.259  98.291 0.0000000000
56907  16.348  -9.386  99.907 0.0000000000
56903  16.052  -9.569  100.853 0.0000000000
57852  15.428  -8.608  100.367 0.0000000000
129663  14.551  -7.538  101.482 0.0000000000
70267  8.111  2.812  96.329 0.0000000000
69215  8.109  1.638  95.391 0.0000000000
71345  8.601  2.980  95.551 0.0000000000
71374  9.644  3.409  94.294 0.0000000000
71373  10.278  3.662  93.387 0.0000000000
53942  7.936  -12.669  102.009 0.0000000000
53950  8.031  -12.277  100.718 0.0000000000
55019  9.278  -11.011  101.732 0.0000000000
55981  9.600  -10.306  101.192 0.0000000000
57850  8.799  -8.700  100.993 0.0000000000
63413  9.007  -3.040  100.717 0.0000000000
62269  8.013  -4.183  102.258 0.0000000000
63414  8.324  -2.596  100.476 0.0000000000
64571  7.214  -1.735  99.796 0.0000000000
65758  5.833  -0.883  100.998 0.0000000000
66952  5.530  -0.764  100.157 0.0000000000
53923  13.756  -12.000  105.638 0.0000000000
52755  12.756  -13.281  104.141 0.0000000000
52751  12.496  -13.388  105.271 0.0000000000
51545  10.257  -13.963  105.366 0.0000000000
50401  9.703  -15.614  103.712 0.0000000000
49120  8.720  -16.558  102.866 0.0000000000
51550  9.973  -14.218  103.401 0.0000000000
52763  8.430  -13.445  102.854 0.0000000000
138526  10.620  -9.897  97.492 0.0000000000
55037  10.703  -11.084  96.369 0.0000000000
56918  11.233  -9.194  96.072 0.0000000000
135060  11.288  -9.414  95.111 0.0000000000
57880  11.290  -8.461  94.094 0.0000000000
64659  7.060  -3.031  91.083 0.0000000000
61148  7.370  -5.419  91.163 0.0000000000
61167  6.902  -4.950  90.051 0.0000000000
60069  7.396  -6.015  88.862 0.0000000000
59009  7.944  -7.335  87.562 0.0000000000
59018  7.526  -7.611  86.883 0.0000000000
143800  6.592  -5.911  86.607 0.0000000000
127698  6.136  -5.602  85.531 0.0000000000
60102  5.901  -5.532  84.201 0.0000000000
126460  12.814  -2.070  82.084 0.0000000000
62469  12.207  -4.356  82.219 0.0000000000
63612  12.312  -4.052  80.646 0.0000000000
57837  10.998  -9.095  104.280 0.0000000000
145730  9.921  -8.682  103.754 0.0000000000
134151  10.894  -7.655  103.459 0.0000000000
59977  10.840  -5.761  103.463 0.0000000000
62262  10.016  -4.698  103.459 0.0000000000
61069  11.935  -4.721  101.767 0.0000000000
134310  10.561  -4.371  101.801 0.0000000000
62274  9.537  -3.765  101.006 0.0000000000
63422  9.160  -3.166  99.543 0.0000000000
61107  19.267  -6.263  96.325 0.0000000000
129599  18.719  -7.014  95.059 0.0000000000
58928  18.645  -7.605  95.784 0.0000000000
146401  17.200  -8.554  98.014 0.0000000000
55989  16.878  -10.133  97.701 0.0000000000
130257  16.912  -10.982  97.165 0.0000000000
53944  15.323  -12.426  101.525 0.0000000000
53939  14.329  -11.997  102.354 0.0000000000
56897  16.312  -10.021  102.299 0.0000000000
55973  15.454  -10.608  103.227 0.0000000000
55006  14.542  -11.296  104.168 0.0000000000
55966  13.995  -10.888  105.269 0.0000000000
55971  12.536  -10.701  104.740 0.0000000000
142482  6.381  -5.717  96.397 0.0000000000
60009  6.626  -6.488  95.600 0.0000000000
141032  6.615  -4.868  95.035 0.0000000000
63459  6.629  -3.720  94.001 0.0000000000
64620  6.898  -2.624  93.257 0.0000000000
68174  7.661  -0.387  94.269 0.0000000000
67026  7.647  -1.116  93.205 0.0000000000
64632  7.209  -2.624  92.410 0.0000000000
65864  7.778  -2.413  91.251 0.0000000000
65862  8.995  -1.370  90.244 0.0000000000
65872  9.114  -1.376  89.360 0.0000000000
60005  14.417  -6.312  96.552 0.0000000000
62313  19.384  -4.770  95.777 0.0000000000
68115  20.460  0.423  97.550 0.0000000000
132103  20.569  1.042  99.568 0.0000000000
66968  20.322  -0.626  98.107 0.0000000000
65777  20.173  -1.429  98.499 0.0000000000
64578  20.081  -3.341  98.026 0.0000000000
151263  19.625  -5.020  97.082 0.0000000000
61086  18.987  -6.006  98.055 0.0000000000
61087  18.156  -6.202  98.295 0.0000000000
62284  17.137  -4.085  98.614 0.0000000000
61088  16.978  -5.948  97.933 0.0000000000
61095  16.250  -5.632  97.000 0.0000000000
145671  15.202  -6.073  96.490 0.0000000000
52782  7.765  -13.780  98.170 0.0000000000
53964  8.752  -12.502  97.906 0.0000000000
53955  8.276  -12.305  100.108 0.0000000000
137076  9.208  -11.292  99.485 0.0000000000
55991  9.728  -10.877  98.257 0.0000000000
57863  9.850  -8.918  98.371 0.0000000000
57870  8.581  -8.079  98.332 0.0000000000
58923  7.512  -6.924  97.611 0.0000000000
57844  9.697  -8.388  103.063 0.0000000000
58904  8.239  -7.133  102.411 0.0000000000
58907  7.892  -7.367  101.810 0.0000000000
62270  7.016  -4.756  101.971 0.0000000000
61070  7.185  -5.641  101.827 0.0000000000
58910  7.652  -6.825  100.116 0.0000000000
133446  7.483  -6.368  99.267 0.0000000000
59995  6.614  -5.701  98.403 0.0000000000
61101  6.421  -5.691  97.164 0.0000000000
127800  6.485  -4.325  96.673 0.0000000000
65789  6.368  -1.284  96.583 0.0000000000
68134  6.462  0.430  97.023 0.0000000000
126310  6.266  0.104  98.707 0.0000000000
69185  6.542  1.624  97.821 0.0000000000
69199  7.153  1.620  96.881 0.0000000000
49142  11.811  -15.724  99.720 0.0000000000
51555  12.015  -15.017  102.923 0.0000000000
53986  9.819  -12.939  94.920 0.0000000000
132173  9.605  -13.987  94.175 0.0000000000
52879  9.819  -13.336  90.018 0.0000000000
150626  7.346  -6.912  94.326 0.0000000000
58942  9.335  -7.246  93.573 0.0000000000
57892  10.852  -7.803  92.911 0.0000000000
60045  8.312  -6.298  91.540 0.0000000000
57899  9.999  -7.050  91.786 0.0000000000
56937  11.408  -9.170  91.632 0.0000000000
56019  11.309  -10.769  90.444 0.0000000000
54033  10.098  -12.034  89.203 0.0000000000
127881  8.659  -12.803  88.571 0.0000000000
54042  8.098  -12.748  87.858 0.0000000000
56969  7.842  -9.662  86.075 0.0000000000
56049  7.461  -10.928  85.398 0.0000000000
72419  10.976  4.987  92.341 0.0000000000
129676  11.669  5.003  90.959 0.0000000000
70318  11.100  2.415  91.417 0.0000000000
69270  11.453  1.750  90.724 0.0000000000
67059  11.132  -0.146  89.180 0.0000000000
65880  10.150  -1.336  88.397 0.0000000000
68257  12.695  0.420  87.371 0.0000000000
65890  11.284  -1.439  87.458 0.0000000000
64709  9.510  -2.518  86.613 0.0000000000
63561  9.400  -3.491  85.541 0.0000000000
133384  8.554  -4.464  84.304 0.0000000000
61237  6.933  -5.263  83.290 0.0000000000
60129  8.461  -6.354  82.133 0.0000000000
128726  13.507  -6.503  98.141 0.0000000000
59992  14.371  -6.916  97.977 0.0000000000
140069  8.267  -14.865  89.130 0.0000000000
51675  7.919  -14.220  88.523 0.0000000000
51676  7.075  -14.491  87.819 0.0000000000
143957  9.733  -10.524  103.027 0.0000000000
139891  10.052  -9.954  103.449 0.0000000000
61120  18.934  -5.546  94.599 0.0000000000
60011  18.678  -6.356  94.302 0.0000000000
128355  19.072  -6.275  95.310 0.0000000000
55974  11.238  -11.182  103.789 0.0000000000
55012  11.391  -11.857  104.260 0.0000000000
55013  10.846  -11.638  103.467 0.0000000000
53935  10.515  -12.105  103.331 0.0000000000
58927  7.518  -7.064  96.659 0.0000000000
58931  7.149  -6.927  95.680 0.0000000000
64681  8.071  -2.371  88.457 0.0000000000
63519  7.158  -3.282  88.274 0.0000000000
64697  7.564  -2.887  87.984 0.0000000000
64711  7.741  -3.053  87.110 0.0000000000
59975  12.141  -6.463  102.961 0.0000000000
138891  18.288  -7.430  97.915 0.0000000000
56906  17.165  -10.028  99.880 0.0000000000
56905  17.067  -9.785  99.214 0.0000000000
138046  17.343  -11.248  99.977 0.0000000000
55982  17.286  -10.697  100.469 0.0000000000
55021  17.100  -11.373  100.705 0.0000000000
56902  16.768  -10.300  101.164 0.0000000000
58901  13.689  -7.424  101.825 0.0000000000
58894  14.420  -7.995  102.346 0.0000000000
58895  13.432  -7.806  102.339 0.0000000000
57840  13.256  -8.235  103.102 0.0000000000
68148  6.679  0.035  96.164 0.0000000000
68147  7.290  0.371  95.683 0.0000000000
70310  10.035  1.943  93.203 0.0000000000
69249  9.905  1.359  92.846 0.0000000000
69259  10.056  1.065  92.233 0.0000000000
69248  10.281  1.843  92.480 0.0000000000
51563  7.380  -14.874  100.137 0.0000000000
145332  7.357  -14.797  99.825 0.0000000000
52775  7.427  -13.764  100.434 0.0000000000
57854  8.870  -8.910  100.422 0.0000000000
56908  9.295  -9.568  100.237 0.0000000000
57859  8.412  -8.404  100.012 0.0000000000
135901  8.032  -7.880  100.397 0.0000000000
62260  9.114  -4.765  103.612 0.0000000000
61063  8.685  -4.803  103.494 0.0000000000
62264  8.574  -4.726  103.349 0.0000000000
63416  6.841  -3.213  99.614 0.0000000000
53940  13.941  -12.509  102.197 0.0000000000
52764  13.518  -13.161  102.087 0.0000000000
150492  13.174  -13.189  102.498 0.0000000000
47925  9.660  -16.816  103.209 0.0000000000
49125  10.323  -16.519  103.270 0.0000000000
51560  7.428  -14.129  101.320 0.0000000000
51558  7.306  -15.385  100.828 0.0000000000
51561  7.353  -14.781  100.466 0.0000000000
50422  7.271  -15.957  100.148 0.0000000000
53970  8.783  -12.794  96.986 0.0000000000
53969  9.515  -12.408  96.532 0.0000000000
56000  11.454  -10.193  93.469 0.0000000000
55049  11.361  -11.134  93.173 0.0000000000
56006  11.482  -10.256  92.658 0.0000000000
55053  11.451  -11.204  92.245 0.0000000000
56012  11.527  -10.211  91.740 0.0000000000
62344  6.498  -4.569  92.641 0.0000000000
58998  9.054  -7.675  88.536 0.0000000000
57925  9.491  -8.629  88.238 0.0000000000
56955  9.084  -9.280  87.494 0.0000000000
138781  8.619  -10.057  87.056 0.0000000000
143636  6.280  -7.096  83.907 0.0000000000
132736  6.616  -8.030  84.413 0.0000000000
133322  6.354  -7.784  83.453 0.0000000000
72451  12.622  4.781  88.893 0.0000000000
71411  12.663  3.847  88.583 0.0000000000
133935  12.568  3.085  88.748 0.0000000000
70340  13.039  3.003  88.095 0.0000000000
65926  13.116  -1.583  83.516 0.0000000000
65917  13.370  -0.744  83.921 0.0000000000
127608  12.723  -2.191  84.166 0.0000000000
64733  12.448  -2.338  84.755 0.0000000000
63572  12.315  -3.023  84.276 0.0000000000
63573  11.621  -3.532  84.688 0.0000000000
63583  12.333  -3.357  83.406 0.0000000000
59985  13.009  -6.122  101.406 0.0000000000
61083  12.584  -5.682  97.934 0.0000000000
58920  16.245  -7.713  97.650 0.0000000000
57862  15.462  -7.726  98.615 0.0000000000
58914  15.840  -7.763  97.803 0.0000000000
57856  15.789  -8.502  99.251 0.0000000000
57853  14.731  -7.633  100.624 0.0000000000
58909  14.159  -7.088  100.955 0.0000000000
70279  8.286  2.359  95.596 0.0000000000
72389  9.592  4.303  94.791 0.0000000000
72388  9.975  5.010  94.282 0.0000000000
72404  9.943  4.257  93.986 0.0000000000
144162  8.349  -12.222  102.515 0.0000000000
150630  8.223  -12.058  101.959 0.0000000000
55017  8.724  -11.613  102.253 0.0000000000
56901  9.571  -9.612  101.387 0.0000000000
149857  9.277  -9.165  101.101 0.0000000000
57847  9.286  -8.853  101.593 0.0000000000
152392  8.752  -2.732  100.155 0.0000000000
65764  6.222  -1.187  100.957 0.0000000000
66950  6.290  -0.635  100.741 0.0000000000
53918  13.125  -11.443  106.242 0.0000000000
53924  12.911  -12.627  105.698 0.0000000000
53919  12.416  -12.052  106.226 0.0000000000
53926  10.125  -12.993  105.350 0.0000000000
52753  10.360  -13.295  105.627 0.0000000000
52754  10.092  -13.656  105.201 0.0000000000
51546  10.353  -14.326  104.871 0.0000000000
51547  10.617  -14.255  104.151 0.0000000000
50398  9.908  -14.911  103.811 0.0000000000
52758  10.678  -13.536  103.734 0.0000000000
52762  9.803  -13.291  103.193 0.0000000000
53937  8.686  -12.555  102.913 0.0000000000
52766  8.054  -12.927  102.609 0.0000000000
56914  10.365  -9.312  97.927 0.0000000000
55993  10.962  -10.100  96.690 0.0000000000
56916  10.777  -9.188  97.058 0.0000000000
57877  10.854  -8.330  95.304 0.0000000000
56921  11.231  -8.625  94.674 0.0000000000
57881  10.575  -7.954  94.361 0.0000000000
63500  6.807  -3.904  90.696 0.0000000000
62365  6.892  -4.703  90.715 0.0000000000
142151  6.807  -4.324  90.129 0.0000000000
149704  6.794  -4.932  88.204 0.0000000000
62382  6.815  -4.949  89.033 0.0000000000
61177  6.981  -5.510  88.529 0.0000000000
60068  7.655  -6.631  88.178 0.0000000000
128361  7.059  -6.085  87.852 0.0000000000
59010  7.218  -6.804  87.289 0.0000000000
62405  6.917  -4.343  85.685 0.0000000000
61193  6.284  -5.186  85.773 0.0000000000
61206  5.965  -5.230  84.948 0.0000000000
61220  6.100  -5.149  84.487 0.0000000000
65943  12.785  -1.295  81.915 0.0000000000
131286  12.484  -1.672  81.305 0.0000000000
64762  12.495  -2.572  81.375 0.0000000000
64770  11.995  -2.191  80.564 0.0000000000
57842  11.348  -8.329  103.958 0.0000000000
59976  11.647  -5.478  103.286 0.0000000000
61060  11.091  -4.976  103.584 0.0000000000
61061  10.323  -4.834  103.542 0.0000000000
62261  10.663  -4.686  103.289 0.0000000000
61068  12.462  -5.320  101.387 0.0000000000
62272  11.211  -4.549  101.311 0.0000000000
62273  10.289  -4.256  100.835 0.0000000000
62280  9.637  -3.863  100.108 0.0000000000
61094  19.321  -6.279  97.291 0.0000000000
60008  19.029  -7.015  96.107 0.0000000000
57871  18.373  -8.074  96.285 0.0000000000
58913  17.422  -8.022  97.897 0.0000000000
55986  16.924  -10.287  98.726 0.0000000000
146780  16.701  -11.469  97.543 0.0000000000
53957  16.331  -12.104  98.507 0.0000000000
53943  16.025  -12.026  101.549 0.0000000000
132552  14.588  -12.442  101.781 0.0000000000
53938  15.082  -11.854  102.050 0.0000000000
57848  15.568  -8.869  101.356 0.0000000000
56900  16.238  -9.593  101.892 0.0000000000
56890  15.336  -9.975  103.643 0.0000000000
55968  14.793  -10.766  103.917 0.0000000000
142786  14.461  -10.965  104.683 0.0000000000
55969  14.432  -10.441  104.219 0.0000000000
56892  12.767  -9.801  104.224 0.0000000000
56893  11.761  -9.890  104.285 0.0000000000
136198  6.505  -4.539  95.847 0.0000000000
64609  6.441  -2.772  94.423 0.0000000000
65820  6.554  -2.170  94.071 0.0000000000
138452  6.563  -2.975  93.797 0.0000000000
65819  7.092  -1.684  93.659 0.0000000000
69231  8.488  1.375  94.503 0.0000000000
69232  7.907  0.783  95.125 0.0000000000
67025  8.186  -0.584  92.794 0.0000000000
67017  7.884  -0.383  93.574 0.0000000000
65835  7.450  -1.910  92.852 0.0000000000
65834  7.939  -1.355  92.397 0.0000000000
65852  7.700  -2.124  92.031 0.0000000000
65851  8.252  -1.742  91.589 0.0000000000
67048  9.535  -0.796  90.768 0.0000000000
67049  8.879  -1.289  91.177 0.0000000000
67061  9.690  -0.951  89.910 0.0000000000
61097  14.861  -5.704  96.062 0.0000000000
61109  14.604  -5.127  95.420 0.0000000000
150038  15.140  -4.756  95.530 0.0000000000
64594  19.369  -2.486  96.042 0.0000000000
64595  19.119  -3.088  95.331 0.0000000000
135093  19.551  -3.456  96.280 0.0000000000
66947  20.498  -0.087  100.893 0.0000000000
68095  20.606  0.836  100.766 0.0000000000
135732  20.611  -0.039  99.858 0.0000000000
68102  20.518  0.081  98.731 0.0000000000
66955  20.439  -0.783  99.106 0.0000000000
63438  19.934  -3.876  97.279 0.0000000000
63428  19.905  -4.304  98.387 0.0000000000
62282  18.817  -4.839  99.411 0.0000000000
61081  18.536  -5.470  98.673 0.0000000000
62283  18.048  -4.821  99.194 0.0000000000
62291  17.436  -5.255  98.410 0.0000000000
131803  16.635  -5.042  97.432 0.0000000000
61096  15.642  -5.538  96.400 0.0000000000
137897  6.909  -17.863  98.254 0.0000000000
49149  7.010  -16.356  98.469 0.0000000000
53960  7.581  -13.619  99.250 0.0000000000
51569  7.304  -14.392  98.823 0.0000000000
52781  8.218  -12.996  98.518 0.0000000000
55020  8.570  -11.683  101.363 0.0000000000
55023  8.790  -11.681  100.503 0.0000000000
127906  9.425  -10.574  99.561 0.0000000000
55029  9.308  -11.086  98.904 0.0000000000
55988  9.584  -10.136  98.915 0.0000000000
55987  9.885  -9.517  98.532 0.0000000000
56912  9.418  -9.277  99.085 0.0000000000
149146  8.300  -7.886  98.808 0.0000000000
58922  8.088  -7.610  97.485 0.0000000000
129708  10.045  -7.998  103.595 0.0000000000
59983  8.090  -6.102  103.171 0.0000000000
58906  8.446  -8.016  101.670 0.0000000000
63404  7.181  -3.981  101.584 0.0000000000
61074  6.555  -5.102  101.525 0.0000000000
61073  6.517  -5.390  100.857 0.0000000000
58908  7.400  -6.179  100.940 0.0000000000
148790  7.079  -5.887  100.069 0.0000000000
143532  6.339  -5.296  98.671 0.0000000000
61092  6.597  -5.585  98.135 0.0000000000
60002  6.550  -5.970  97.492 0.0000000000
150885  6.361  -4.824  97.154 0.0000000000
128682  6.509  -4.247  97.656 0.0000000000
65781  6.226  -1.327  97.773 0.0000000000
64582  6.416  -2.184  97.259 0.0000000000
131014  6.258  -0.705  97.319 0.0000000000
66983  6.382  -0.347  96.723 0.0000000000
147313  5.979  -0.244  99.604 0.0000000000
58932  18.414  -7.648  94.867 0.0000000000
144352  18.015  -8.875  94.803 0.0000000000
135639  12.509  -14.434  100.841 0.0000000000
127726  12.594  -14.553  99.967 0.0000000000
52761  12.248  -13.961  103.851 0.0000000000
51551  12.446  -14.246  103.083 0.0000000000
47955  6.687  -17.357  99.362 0.0000000000
46843  6.749  -18.572  98.695 0.0000000000
51590  8.123  -14.631  95.443 0.0000000000
50449  8.154  -15.296  94.874 0.0000000000
51607  8.561  -14.681  94.814 0.0000000000
55042  10.201  -11.946  96.007 0.0000000000
53976  10.295  -12.190  95.164 0.0000000000
53993  10.542  -12.822  93.375 0.0000000000
53994  9.965  -13.259  94.166 0.0000000000
51622  9.713  -14.447  93.535 0.0000000000
51633  10.106  -14.144  92.572 0.0000000000
54016  10.722  -12.707  90.897 0.0000000000
52861  10.486  -13.462  90.983 0.0000000000
148619  10.171  -12.952  90.262 0.0000000000
138906  6.583  -6.307  94.774 0.0000000000
143483  6.887  -6.793  94.857 0.0000000000
60012  6.952  -6.583  94.200 0.0000000000
58953  8.495  -6.596  92.730 0.0000000000
58943  8.466  -6.839  93.339 0.0000000000
58952  9.428  -6.937  92.772 0.0000000000
58941  10.117  -7.455  93.227 0.0000000000
58951  10.257  -7.380  92.582 0.0000000000
151782  7.592  -5.751  90.472 0.0000000000
60054  7.935  -5.968  90.989 0.0000000000
58977  8.422  -6.556  90.619 0.0000000000
57915  10.106  -8.141  89.908 0.0000000000
57906  9.779  -7.353  90.673 0.0000000000
57898  10.536  -8.046  91.031 0.0000000000
56938  11.087  -8.996  90.897 0.0000000000
56018  11.400  -9.859  90.964 0.0000000000
56942  11.095  -9.820  90.169 0.0000000000
56031  9.632  -10.735  88.101 0.0000000000
144444  10.432  -11.337  89.156 0.0000000000
55071  9.846  -11.513  88.621 0.0000000000
132335  9.267  -12.235  88.681 0.0000000000
54041  8.663  -12.383  88.176 0.0000000000
55078  8.442  -12.188  87.562 0.0000000000
56043  8.245  -10.879  86.614 0.0000000000
55089  7.674  -11.567  86.045 0.0000000000
57945  7.682  -8.330  86.542 0.0000000000
57956  7.468  -8.913  85.913 0.0000000000
56975  7.583  -9.979  85.517 0.0000000000
56982  7.299  -10.377  84.862 0.0000000000
56054  7.097  -10.758  84.203 0.0000000000
131592  11.515  4.355  90.974 0.0000000000
71391  11.287  3.877  91.363 0.0000000000
136037  11.313  3.216  91.180 0.0000000000
150258  11.036  1.734  91.326 0.0000000000
70326  11.538  2.756  90.647 0.0000000000
68225  12.327  0.983  89.060 0.0000000000
68226  11.639  0.551  89.557 0.0000000000
67072  10.654  -0.812  88.831 0.0000000000
67071  11.423  -0.444  88.440 0.0000000000
68281  13.545  0.860  85.016 0.0000000000
69330  13.674  1.737  85.297 0.0000000000
69319  13.544  1.762  86.215 0.0000000000
69310  13.369  1.826  87.121 0.0000000000
68256  13.182  0.977  86.689 0.0000000000
65899  12.056  -1.802  86.299 0.0000000000
67102  11.971  -1.190  87.013 0.0000000000
64707  11.275  -2.278  86.494 0.0000000000
65901  10.829  -1.921  87.056 0.0000000000
64708  10.392  -2.387  86.533 0.0000000000
63546  8.997  -3.099  86.165 0.0000000000
63545  9.918  -2.900  85.993 0.0000000000
62454  10.254  -4.739  83.873 0.0000000000
62437  9.498  -4.359  84.415 0.0000000000
62455  9.017  -4.831  83.829 0.0000000000
62456  7.808  -4.787  83.826 0.0000000000
61236  8.302  -5.323  83.212 0.0000000000
61233  11.553  -5.069  82.612 0.0000000000
59989  13.289  -6.558  99.852 0.0000000000
150887  13.053  -5.927  98.331 0.0000000000
58921  15.388  -7.040  97.521 0.0000000000
52935  6.971  -13.651  87.508 0.0000000000
136422  9.450  -11.618  103.038 0.0000000000
55016  9.309  -11.149  102.682 0.0000000000
55003  12.168  -10.891  105.975 0.0000000000
55004  11.522  -11.395  105.995 0.0000000000
55007  11.209  -11.694  105.424 0.0000000000
55008  10.563  -12.431  105.450 0.0000000000
53931  10.301  -12.807  104.867 0.0000000000
52757  10.685  -12.845  103.516 0.0000000000
57874  9.475  -8.137  96.838 0.0000000000
58925  8.987  -7.674  96.015 0.0000000000
58929  8.927  -7.526  95.074 0.0000000000
64671  7.415  -2.620  89.682 0.0000000000
64683  7.004  -2.991  89.413 0.0000000000
63534  6.955  -3.829  87.986 0.0000000000
62391  6.779  -4.556  87.459 0.0000000000
132097  6.591  -5.108  86.687 0.0000000000
63549  6.944  -4.058  87.186 0.0000000000
63548  7.230  -3.779  86.566 0.0000000000
63563  7.531  -3.725  85.862 0.0000000000
57841  12.336  -8.262  103.501 0.0000000000
133782  11.807  -7.475  103.265 0.0000000000
62286  10.551  -4.528  98.847 0.0000000000
135786  9.472  -3.435  98.609 0.0000000000
58917  18.700  -7.534  97.344 0.0000000000
57867  17.624  -8.183  97.359 0.0000000000
56911  16.980  -8.768  99.135 0.0000000000
56910  17.157  -8.975  98.857 0.0000000000
55018  16.616  -11.431  101.378 0.0000000000
55977  16.467  -10.833  101.813 0.0000000000
57846  15.518  -8.337  102.598 0.0000000000
57839  14.914  -8.505  103.121 0.0000000000
56895  13.980  -8.818  103.373 0.0000000000
56891  13.784  -9.702  103.924 0.0000000000
65796  6.489  -1.643  95.528 0.0000000000
64599  6.413  -2.578  95.190 0.0000000000
67009  6.721  -1.195  95.094 0.0000000000
67008  7.244  -0.804  94.711 0.0000000000
69240  9.033  1.588  93.928 0.0000000000
68172  8.809  0.941  93.665 0.0000000000
132651  9.498  1.405  93.396 0.0000000000
67024  9.001  -0.227  92.490 0.0000000000
68195  9.725  0.216  92.029 0.0000000000
68211  9.968  -0.090  91.198 0.0000000000
65785  19.585  -1.859  96.792 0.0000000000
65760  20.200  -1.011  100.490 0.0000000000
148628  19.420  -4.443  99.374 0.0000000000
63411  17.606  -3.582  100.083 0.0000000000
62301  16.521  -4.032  96.928 0.0000000000
49144  6.914  -16.350  99.297 0.0000000000
50427  7.049  -15.584  98.924 0.0000000000
50424  7.175  -15.391  99.616 0.0000000000
51566  7.299  -14.610  99.709 0.0000000000
55983  9.510  -10.271  100.547 0.0000000000
126515  9.806  -6.258  103.392 0.0000000000
59978  8.921  -5.393  103.514 0.0000000000
59979  8.226  -5.179  103.418 0.0000000000
59984  7.724  -5.489  102.838 0.0000000000
63405  6.611  -4.049  101.010 0.0000000000
62276  6.145  -4.752  100.538 0.0000000000
61079  6.124  -5.229  100.247 0.0000000000
62281  6.093  -5.091  99.524 0.0000000000
62288  6.305  -4.796  98.632 0.0000000000
64572  6.118  -1.956  98.442 0.0000000000
149359  6.157  -0.735  98.150 0.0000000000
150134  17.758  -9.252  95.128 0.0000000000
52769  13.713  -13.408  101.436 0.0000000000
149640  13.072  -13.590  101.852 0.0000000000
51559  12.524  -14.288  101.740 0.0000000000
50405  11.344  -15.457  103.363 0.0000000000
50409  7.715  -15.539  102.237 0.0000000000
50404  7.837  -16.268  102.488 0.0000000000
50410  7.391  -16.022  101.672 0.0000000000
47950  6.757  -17.538  100.455 0.0000000000
49137  6.843  -16.993  99.749 0.0000000000
52787  7.818  -13.937  97.120 0.0000000000
51591  7.800  -14.852  96.083 0.0000000000
52795  8.361  -13.605  96.535 0.0000000000
136347  8.803  -13.763  95.901 0.0000000000
52804  9.279  -13.420  95.468 0.0000000000
55998  11.252  -10.493  94.781 0.0000000000
55046  10.975  -11.641  94.625 0.0000000000
55045  11.357  -10.977  94.015 0.0000000000
55050  11.124  -11.936  93.771 0.0000000000
52844  10.399  -13.362  92.612 0.0000000000
54005  10.786  -12.750  92.479 0.0000000000
55061  11.193  -12.203  91.726 0.0000000000
128506  11.112  -11.862  90.651 0.0000000000
61130  6.789  -5.479  93.666 0.0000000000
60019  6.809  -6.115  93.958 0.0000000000
60033  6.980  -5.702  93.204 0.0000000000
60032  7.423  -5.896  92.772 0.0000000000
60031  8.059  -6.231  92.359 0.0000000000
58989  8.625  -6.871  89.500 0.0000000000
58988  9.465  -7.486  89.641 0.0000000000
56949  10.153  -9.014  88.996 0.0000000000
56948  10.515  -9.887  89.394 0.0000000000
137738  9.672  -9.625  88.116 0.0000000000
56968  8.183  -9.856  86.524 0.0000000000
57957  6.826  -8.059  85.403 0.0000000000
72444  12.288  4.668  89.719 0.0000000000
71404  12.038  3.945  89.884 0.0000000000
133905  11.952  2.250  89.965 0.0000000000
70332  12.327  2.696  89.294 0.0000000000
69298  12.722  1.499  88.454 0.0000000000
67131  13.515  0.116  84.242 0.0000000000
67116  13.316  -0.056  85.242 0.0000000000
67100  13.065  -0.266  85.951 0.0000000000
67117  13.033  -0.813  85.488 0.0000000000
64720  12.320  -2.124  85.444 0.0000000000
64721  11.652  -2.558  85.818 0.0000000000
63560  10.375  -3.389  85.486 0.0000000000
62435  11.155  -4.203  84.303 0.0000000000
59980  12.871  -6.458  101.905 0.0000000000
61071  12.449  -5.529  100.160 0.0000000000
61075  12.910  -5.951  99.741 0.0000000000
61077  11.846  -5.295  99.384 0.0000000000
127533  17.188  -7.370  97.982 0.0000000000
57849  15.126  -7.994  101.230 0.0000000000
57845  15.344  -8.006  101.966 0.0000000000
147927  14.182  -7.491  101.613 0.0000000000
70280  7.785  1.995  96.160 0.0000000000
69216  7.532  1.200  95.955 0.0000000000
70291  8.571  2.139  94.979 0.0000000000
71357  9.140  3.602  95.248 0.0000000000
71358  8.992  2.772  94.833 0.0000000000
139903  9.448  2.608  94.186 0.0000000000
70301  10.012  2.729  93.574 0.0000000000
152556  10.357  3.047  93.115 0.0000000000
52771  7.556  -13.336  101.205 0.0000000000
53951  7.657  -12.940  100.779 0.0000000000
53946  7.902  -12.425  101.371 0.0000000000
62275  8.953  -3.653  101.683 0.0000000000
63403  8.190  -3.247  101.357 0.0000000000
64564  7.720  -2.374  99.826 0.0000000000
63415  7.306  -2.708  100.154 0.0000000000
64565  7.028  -2.367  99.685 0.0000000000
64566  5.973  -1.684  100.449 0.0000000000
145322  5.553  -1.022  100.586 0.0000000000
66946  5.704  -0.838  100.754 0.0000000000
53933  13.760  -12.273  103.775 0.0000000000
53934  13.251  -12.726  103.654 0.0000000000
53929  13.600  -12.849  104.722 0.0000000000
52756  11.912  -14.089  104.915 0.0000000000
53920  11.474  -12.306  106.108 0.0000000000
52752  11.201  -13.650  105.569 0.0000000000
51548  10.804  -14.467  104.973 0.0000000000
51549  10.524  -14.775  104.387 0.0000000000
50400  10.387  -15.383  103.927 0.0000000000
49119  9.290  -16.370  103.270 0.0000000000
130746  9.107  -15.934  103.207 0.0000000000
50402  9.263  -15.184  103.292 0.0000000000
50407  8.588  -15.197  102.846 0.0000000000
51553  9.138  -14.278  103.020 0.0000000000
51554  8.179  -14.395  102.731 0.0000000000
51556  7.819  -13.771  102.369 0.0000000000
52767  7.751  -13.327  101.964 0.0000000000
55033  10.396  -10.771  97.420 0.0000000000
55038  10.004  -11.663  96.891 0.0000000000
55995  11.187  -10.285  95.710 0.0000000000
57873  10.539  -8.508  96.462 0.0000000000
56920  11.405  -9.404  94.451 0.0000000000
56925  11.537  -9.263  93.788 0.0000000000
57886  11.384  -8.386  93.340 0.0000000000
63491  6.674  -3.913  91.588 0.0000000000
146174  6.915  -5.134  91.651 0.0000000000
62355  6.752  -4.700  91.447 0.0000000000
61158  7.061  -5.041  90.949 0.0000000000
61157  7.269  -5.402  90.354 0.0000000000
62374  6.776  -4.262  89.375 0.0000000000
140312  7.158  -5.487  89.495 0.0000000000
60062  7.523  -5.876  89.758 0.0000000000
135744  7.935  -6.420  89.119 0.0000000000
59008  8.480  -7.699  87.792 0.0000000000
57936  8.225  -8.151  87.045 0.0000000000
59019  6.780  -6.946  86.491 0.0000000000
143431  6.320  -6.190  85.828 0.0000000000
59029  6.523  -7.002  85.668 0.0000000000
60093  5.900  -5.981  84.999 0.0000000000
142597  5.911  -6.213  83.976 0.0000000000
141207  5.839  -5.900  83.266 0.0000000000
65935  13.087  -1.388  82.613 0.0000000000
64754  12.642  -2.731  82.738 0.0000000000
63592  12.363  -3.522  82.533 0.0000000000
143435  12.573  -2.892  82.055 0.0000000000
64771  11.915  -3.190  80.284 0.0000000000
142473  9.177  -14.695  89.581 0.0000000000
55972  10.772  -10.072  104.014 0.0000000000
140926  10.168  -9.217  104.017 0.0000000000
57843  10.452  -8.509  104.021 0.0000000000
58898  10.446  -6.963  103.256 0.0000000000
134206  10.126  -5.070  103.716 0.0000000000
62259  9.607  -4.738  103.569 0.0000000000
62263  9.392  -4.654  103.446 0.0000000000
61064  12.069  -4.938  102.619 0.0000000000
62266  11.243  -4.601  102.505 0.0000000000
62267  10.116  -4.431  102.722 0.0000000000
133870  9.768  -4.101  101.751 0.0000000000
61093  19.453  -5.378  96.581 0.0000000000
58924  18.811  -7.576  96.764 0.0000000000
57876  18.025  -8.897  95.748 0.0000000000
55994  17.043  -10.339  95.765 0.0000000000
56913  17.239  -9.126  97.253 0.0000000000
55992  17.070  -10.130  96.635 0.0000000000
55035  16.876  -11.130  96.220 0.0000000000
55028  16.614  -11.544  98.335 0.0000000000
132049  15.279  -12.783  101.031 0.0000000000
126316  13.953  -12.003  103.049 0.0000000000
56899  16.564  -10.346  101.795 0.0000000000
55978  15.956  -10.611  102.363 0.0000000000
129214  16.230  -9.128  102.729 0.0000000000
133431  16.031  -9.786  103.053 0.0000000000
131846  15.315  -11.250  102.695 0.0000000000
55009  14.939  -11.164  103.477 0.0000000000
55010  14.598  -11.647  103.157 0.0000000000
53932  14.279  -11.817  104.065 0.0000000000
53922  14.365  -11.385  105.122 0.0000000000
55002  13.699  -10.921  106.030 0.0000000000
55967  13.269  -10.645  105.968 0.0000000000
55970  13.545  -10.543  104.677 0.0000000000
138192  11.695  -10.798  104.096 0.0000000000
60010  6.391  -6.009  95.678 0.0000000000
61123  6.500  -5.671  94.977 0.0000000000
135036  6.729  -5.201  94.290 0.0000000000
63451  6.583  -3.765  94.940 0.0000000000
62328  6.706  -4.460  94.334 0.0000000000
62335  6.636  -4.653  93.515 0.0000000000
63471  6.567  -3.718  93.152 0.0000000000
64633  6.792  -3.244  92.630 0.0000000000
68161  7.647  -0.091  94.945 0.0000000000
68173  8.115  0.357  94.166 0.0000000000
64645  6.892  -3.244  91.949 0.0000000000
64644  7.353  -2.677  91.722 0.0000000000
64658  7.596  -2.576  90.458 0.0000000000
65863  8.346  -2.021  90.649 0.0000000000
64657  7.970  -2.350  89.980 0.0000000000
65873  8.499  -1.918  89.753 0.0000000000
65882  8.587  -1.862  88.903 0.0000000000
65881  9.269  -1.445  88.552 0.0000000000
61098  13.501  -5.949  96.541 0.0000000000
137689  14.045  -5.836  95.783 0.0000000000
129774  20.565  0.918  98.410 0.0000000000
66969  19.948  -1.244  97.520 0.0000000000
65778  20.008  -2.269  97.908 0.0000000000
65767  19.984  -2.100  98.691 0.0000000000
62312  19.630  -4.448  96.547 0.0000000000
61080  19.322  -5.144  98.604 0.0000000000
64562  16.731  -2.873  100.559 0.0000000000
152171  16.889  -3.517  99.026 0.0000000000
63419  17.462  -3.909  99.392 0.0000000000
60004  15.796  -6.130  96.863 0.0000000000
139670  15.235  -6.577  96.881 0.0000000000
50426  7.242  -15.057  98.453 0.0000000000
51573  7.510  -14.509  97.828 0.0000000000
55034  9.234  -11.690  98.171 0.0000000000
55026  9.382  -11.011  100.131 0.0000000000
55027  8.828  -11.846  99.766 0.0000000000
55030  8.848  -12.045  98.895 0.0000000000
55990  10.231  -10.055  98.169 0.0000000000
57864  9.131  -8.666  98.844 0.0000000000
57869  9.429  -8.402  97.985 0.0000000000
57875  8.718  -8.059  97.451 0.0000000000
60001  6.797  -6.523  97.047 0.0000000000
56896  9.725  -9.247  103.150 0.0000000000
148144  9.556  -8.826  102.350 0.0000000000
58903  9.158  -7.927  102.299 0.0000000000
57851  8.113  -8.064  101.123 0.0000000000
62265  7.726  -4.871  102.726 0.0000000000
149790  7.171  -5.160  102.098 0.0000000000
62271  6.407  -4.745  101.356 0.0000000000
150867  7.591  -6.585  101.647 0.0000000000
145685  7.761  -7.225  101.031 0.0000000000
59990  6.612  -5.723  99.248 0.0000000000
149525  7.077  -6.007  98.595 0.0000000000
58916  7.597  -6.728  98.467 0.0000000000
59994  6.991  -6.194  97.851 0.0000000000
60007  6.473  -6.166  96.523 0.0000000000
62305  6.357  -5.162  96.689 0.0000000000
63431  6.578  -3.262  96.899 0.0000000000
64590  6.527  -2.374  96.163 0.0000000000
66961  5.946  -0.461  98.963 0.0000000000
68120  6.373  0.802  98.037 0.0000000000
69200  6.603  1.093  97.215 0.0000000000
70268  7.600  2.306  96.869 0.0000000000
141747  18.137  -8.276  93.389 0.0000000000
57879  18.033  -8.960  93.921 0.0000000000
52760  12.866  -13.273  103.181 0.0000000000
148030  12.377  -14.487  102.499 0.0000000000
50415  12.042  -15.054  102.103 0.0000000000
50420  12.010  -15.870  101.011 0.0000000000
50450  7.831  -15.419  95.590 0.0000000000
53977  9.704  -12.689  95.713 0.0000000000
52814  9.406  -13.659  94.777 0.0000000000
51606  9.279  -14.669  94.286 0.0000000000
50466  9.439  -15.229  93.753 0.0000000000
142402  10.448  -13.650  91.921 0.0000000000
52898  9.098  -13.301  89.194 0.0000000000
144794  7.766  -7.123  94.961 0.0000000000
58936  8.380  -7.153  94.133 0.0000000000
58944  7.565  -6.735  93.746 0.0000000000
58935  9.533  -7.558  94.234 0.0000000000
58934  10.055  -7.607  93.784 0.0000000000
57891  11.348  -8.506  92.407 0.0000000000
150529  7.178  -5.356  91.755 0.0000000000
60046  7.620  -5.706  91.863 0.0000000000
128733  9.108  -6.779  91.199 0.0000000000
130744  10.748  -7.791  92.074 0.0000000000
57897  11.097  -8.436  91.604 0.0000000000
141204  11.523  -9.434  92.279 0.0000000000
55065  10.814  -11.564  89.763 0.0000000000
56024  10.831  -10.692  89.575 0.0000000000
131948  9.598  -12.722  89.404 0.0000000000
52899  8.311  -13.426  88.546 0.0000000000
143945  7.927  -13.074  88.093 0.0000000000
54051  7.330  -13.088  87.587 0.0000000000
56962  8.006  -8.983  86.504 0.0000000000
72403  10.441  4.805  93.340 0.0000000000
133749  10.678  4.157  92.730 0.0000000000
71384  10.630  3.309  92.584 0.0000000000
72430  11.315  4.627  91.549 0.0000000000
72431  10.966  4.033  92.054 0.0000000000
70319  10.634  2.516  92.124 0.0000000000
69258  10.566  1.661  91.748 0.0000000000
69271  10.985  1.122  91.183 0.0000000000
68210  10.638  0.356  90.809 0.0000000000
69286  11.947  1.317  89.870 0.0000000000
68209  11.354  0.827  90.411 0.0000000000
68227  10.859  0.136  89.956 0.0000000000
67060  10.403  -0.559  89.569 0.0000000000
65871  9.909  -1.162  89.145 0.0000000000
65892  9.561  -1.646  87.803 0.0000000000
69311  13.047  1.223  87.682 0.0000000000
68258  12.146  -0.046  87.947 0.0000000000
68269  12.846  0.066  86.577 0.0000000000
67086  12.346  -0.392  87.167 0.0000000000
67087  11.715  -0.775  87.718 0.0000000000
67088  10.984  -1.140  88.147 0.0000000000
65891  10.464  -1.598  87.677 0.0000000000
64695  9.110  -2.197  87.300 0.0000000000
64710  8.621  -2.765  86.842 0.0000000000
63562  8.321  -3.532  85.644 0.0000000000
62423  7.513  -4.075  85.239 0.0000000000
62421  9.890  -3.902  84.991 0.0000000000
62422  8.698  -4.013  84.939 0.0000000000
62438  7.578  -4.449  84.542 0.0000000000
61219  6.698  -4.900  84.102 0.0000000000
61238  6.115  -5.405  83.683 0.0000000000
60114  6.137  -5.766  82.753 0.0000000000
62452  11.958  -4.156  83.069 0.0000000000
61234  10.650  -5.344  83.114 0.0000000000
61252  8.991  -6.030  82.632 0.0000000000
61253  7.544  -5.925  82.548 0.0000000000
60131  6.022  -6.497  82.375 0.0000000000
46838  6.575  -18.235  99.404 0.0000000000
49118  10.002  -16.168  103.690 0.0000000000
49123  7.545  -16.667  102.088 0.0000000000
49133  7.150  -16.650  100.412 0.0000000000
49138  7.000  -16.896  100.042 0.0000000000
50397  10.218  -14.809  104.079 0.0000000000
50408  8.029  -15.132  102.661 0.0000000000
50413  7.343  -15.371  101.343 0.0000000000
50417  7.371  -15.334  100.184 0.0000000000
50421  7.357  -15.281  99.865 0.0000000000
51557  7.351  -14.878  101.232 0.0000000000
52750  11.073  -12.963  106.022 0.0000000000
52776  7.386  -14.406  99.948 0.0000000000
53925  11.921  -12.911  106.002 0.0000000000
53928  14.270  -12.231  104.763 0.0000000000
53956  7.745  -13.089  100.096 0.0000000000
54999  12.531  -11.354  106.267 0.0000000000
55000  11.857  -11.611  106.176 0.0000000000
55001  11.198  -11.855  106.040 0.0000000000
55005  10.954  -11.930  105.802 0.0000000000
55964  12.906  -10.855  106.290 0.0000000000
56025  10.289  -10.728  88.864 0.0000000000
57887  10.743  -7.878  93.637 0.0000000000
60018  7.189  -6.272  93.527 0.0000000000
61065  11.299  -4.878  103.358 0.0000000000
61113  6.426  -5.375  95.797 0.0000000000
61149  6.586  -4.971  92.155 0.0000000000
62424  6.320  -4.884  85.301 0.0000000000
62440  6.085  -4.993  84.863 0.0000000000
63480  6.519  -3.957  92.342 0.0000000000
63510  6.835  -3.611  89.742 0.0000000000
63559  11.242  -3.213  85.376 0.0000000000
63574  10.803  -3.785  84.928 0.0000000000
63584  11.910  -3.926  83.969 0.0000000000
64560  5.618  -1.309  100.450 0.0000000000
64682  7.327  -2.770  88.847 0.0000000000
64694  9.939  -1.915  87.089 0.0000000000
64696  8.291  -2.513  87.620 0.0000000000
65759  5.784  -1.005  100.910 0.0000000000
65765  5.523  -1.268  100.174 0.0000000000
65900  11.515  -1.744  86.891 0.0000000000
65908  12.610  -1.439  85.695 0.0000000000
67018  7.374  -0.966  93.980 0.0000000000
68241  12.554  0.702  88.231 0.0000000000
68268  13.261  0.443  85.914 0.0000000000
70373  13.776  2.492  85.619 0.0000000000
71392  11.011  3.231  91.811 0.0000000000
129657  11.520  -14.442  104.301 0.0000000000
131375  8.326  -14.136  95.856 0.0000000000
131920  12.322  -3.098  80.838 0.0000000000
133310  12.405  4.141  89.273 0.0000000000
136186  6.678  -17.825  98.862 0.0000000000
137488  12.907  -1.494  84.727 0.0000000000
140605  7.170  -15.965  99.887 0.0000000000
140635  6.803  -4.288  88.469 0.0000000000
140982  12.662  2.365  88.600 0.0000000000
143579  12.947  -2.043  82.866 0.0000000000
143631  11.940  3.156  89.950 0.0000000000
143849  16.310  -10.448  102.060 0.0000000000
145653  14.772  -12.743  101.449 0.0000000000
147309  11.462  -10.476  91.095 0.0000000000
148868  9.087  -14.228  94.680 0.0000000000
150145  9.747  -11.447  97.630 0.0000000000
151099  8.611  2.560  95.234 0.0000000000
151230  13.076  -12.074  106.084 0.0000000000
