#!ascii label  , from subject sub-v1s15x0050207_ses-1 vox2ras=TkReg
1266
107930  44.395  46.692  38.131 0.0000000000
142162  50.956  50.934  41.129 0.0000000000
150094  51.844  40.529  38.224 0.0000000000
107259  39.443  45.032  40.958 0.0000000000
138473  41.285  43.108  34.033 0.0000000000
139998  42.817  52.782  37.649 0.0000000000
151592  43.912  50.290  42.106 0.0000000000
135795  42.135  56.045  40.664 0.0000000000
126599  50.854  42.199  47.276 0.0000000000
104707  44.642  41.151  45.572 0.0000000000
109268  48.200  48.094  36.794 0.0000000000
104842  49.843  40.713  34.244 0.0000000000
106093  53.387  43.538  34.770 0.0000000000
105384  55.779  43.001  41.951 0.0000000000
114917  41.356  58.184  35.782 0.0000000000
113697  46.455  56.393  40.715 0.0000000000
103377  44.976  39.548  38.692 0.0000000000
152210  41.997  45.833  39.860 0.0000000000
106698  39.496  44.326  37.246 0.0000000000
105432  42.961  42.864  38.099 0.0000000000
109919  43.456  49.690  37.952 0.0000000000
108548  42.008  48.344  40.014 0.0000000000
112447  39.835  53.432  42.924 0.0000000000
105297  50.598  42.436  51.700 0.0000000000
104641  47.561  41.624  51.385 0.0000000000
103927  48.257  40.654  54.899 0.0000000000
113768  49.072  56.014  33.335 0.0000000000
109927  49.962  49.835  37.332 0.0000000000
145774  51.586  47.412  34.820 0.0000000000
108559  52.574  47.630  37.046 0.0000000000
105984  51.151  43.883  43.083 0.0000000000
106021  53.931  43.524  40.430 0.0000000000
148084  53.862  45.731  43.607 0.0000000000
106602  54.848  44.186  46.227 0.0000000000
112455  45.209  53.504  41.481 0.0000000000
114273  45.170  57.593  41.250 0.0000000000
112467  47.512  53.289  40.828 0.0000000000
111838  46.597  52.360  38.920 0.0000000000
135481  51.402  39.040  34.059 0.0000000000
103450  47.659  38.964  34.069 0.0000000000
104120  48.033  39.816  38.120 0.0000000000
104809  39.398  42.201  37.036 0.0000000000
103443  41.376  39.018  34.182 0.0000000000
113708  42.855  55.734  37.299 0.0000000000
113081  41.281  54.811  36.891 0.0000000000
133059  47.353  49.928  41.567 0.0000000000
108545  51.062  47.413  39.778 0.0000000000
114900  36.370  58.220  39.048 0.0000000000
114897  39.192  57.725  38.270 0.0000000000
112457  42.807  53.431  42.050 0.0000000000
104739  51.536  40.910  43.604 0.0000000000
104761  48.286  41.549  42.426 0.0000000000
104684  48.000  41.625  46.542 0.0000000000
103988  44.663  40.142  50.119 0.0000000000
108573  46.396  47.360  37.047 0.0000000000
106074  46.883  43.687  37.044 0.0000000000
106724  49.534  44.614  35.844 0.0000000000
105499  52.178  42.034  33.403 0.0000000000
135572  54.341  39.663  35.673 0.0000000000
106057  52.455  43.600  37.538 0.0000000000
104808  55.210  41.611  38.204 0.0000000000
104068  54.366  40.599  40.577 0.0000000000
104718  54.007  41.594  44.330 0.0000000000
105950  54.142  43.392  48.787 0.0000000000
114345  43.406  56.500  32.959 0.0000000000
147720  45.552  58.311  34.874 0.0000000000
115925  44.289  58.662  37.777 0.0000000000
114309  45.110  57.218  37.052 0.0000000000
112471  44.303  54.099  38.687 0.0000000000
111224  45.201  51.217  37.519 0.0000000000
104831  45.897  41.578  34.284 0.0000000000
142932  43.384  40.368  33.778 0.0000000000
102704  41.845  38.547  37.182 0.0000000000
104058  45.589  40.204  41.618 0.0000000000
107269  43.015  45.752  39.071 0.0000000000
106697  42.600  43.945  39.081 0.0000000000
107279  43.641  45.146  38.737 0.0000000000
108562  44.019  48.192  37.872 0.0000000000
109920  42.864  49.225  38.665 0.0000000000
127541  43.001  47.522  38.915 0.0000000000
107911  42.046  47.475  40.047 0.0000000000
105263  51.280  42.420  53.609 0.0000000000
104624  49.152  41.860  52.999 0.0000000000
104590  49.577  41.561  54.810 0.0000000000
102018  39.587  36.745  35.385 0.0000000000
110550  50.933  50.582  39.247 0.0000000000
109925  51.956  49.530  37.349 0.0000000000
109910  51.695  49.323  39.605 0.0000000000
106620  51.315  44.810  44.421 0.0000000000
106642  53.096  44.870  43.296 0.0000000000
111169  47.899  52.057  41.649 0.0000000000
111794  46.953  53.185  41.458 0.0000000000
111185  49.761  51.865  41.136 0.0000000000
134991  49.158  51.835  39.929 0.0000000000
104128  51.851  40.038  36.503 0.0000000000
103414  49.607  39.039  36.072 0.0000000000
131196  50.282  40.602  38.511 0.0000000000
107261  37.369  44.879  40.507 0.0000000000
106688  37.911  44.530  38.764 0.0000000000
106076  40.927  43.670  36.054 0.0000000000
105466  38.937  44.036  36.577 0.0000000000
105464  39.696  43.082  35.303 0.0000000000
104130  40.822  40.595  35.930 0.0000000000
104142  41.111  41.026  34.622 0.0000000000
113075  42.447  54.640  37.582 0.0000000000
113709  42.060  55.293  36.981 0.0000000000
112480  41.932  53.541  37.538 0.0000000000
107245  40.013  45.990  41.333 0.0000000000
134323  38.580  46.240  41.827 0.0000000000
151499  46.073  49.842  41.588 0.0000000000
109223  47.311  48.199  41.083 0.0000000000
138292  45.811  48.084  41.656 0.0000000000
111156  42.132  51.539  42.655 0.0000000000
113046  41.384  53.833  42.260 0.0000000000
110520  43.693  51.378  42.059 0.0000000000
111172  44.514  51.727  41.713 0.0000000000
104720  51.437  41.338  45.021 0.0000000000
128222  49.715  41.482  44.707 0.0000000000
104682  49.617  41.816  46.894 0.0000000000
103970  46.410  40.620  52.484 0.0000000000
104651  46.529  41.539  50.280 0.0000000000
103272  45.281  39.176  51.951 0.0000000000
109269  47.245  48.139  36.928 0.0000000000
107948  47.758  46.163  36.593 0.0000000000
107947  49.141  46.575  36.149 0.0000000000
107303  51.776  45.322  35.256 0.0000000000
106732  51.346  44.543  34.800 0.0000000000
106101  52.611  42.983  33.634 0.0000000000
104166  53.113  40.883  33.647 0.0000000000
104838  54.561  40.849  34.856 0.0000000000
107267  49.455  45.629  39.310 0.0000000000
107275  51.322  45.438  38.141 0.0000000000
106047  50.977  43.923  38.824 0.0000000000
125973  56.151  44.232  40.770 0.0000000000
105418  55.619  42.432  39.519 0.0000000000
105405  57.170  42.397  40.276 0.0000000000
104081  55.407  40.843  39.258 0.0000000000
104773  55.952  41.820  40.815 0.0000000000
104756  54.250  40.951  42.679 0.0000000000
104735  55.443  41.532  42.714 0.0000000000
147163  55.509  45.126  48.175 0.0000000000
105953  55.073  43.372  47.750 0.0000000000
114323  42.345  57.052  34.416 0.0000000000
114332  45.208  57.622  33.905 0.0000000000
114921  43.134  57.705  35.125 0.0000000000
114292  40.386  56.647  39.213 0.0000000000
114896  40.175  58.006  37.861 0.0000000000
114879  41.722  57.340  38.963 0.0000000000
114263  46.706  57.312  41.327 0.0000000000
115406  45.030  58.637  40.134 0.0000000000
114876  46.646  58.127  39.650 0.0000000000
114905  45.169  57.823  37.236 0.0000000000
114299  45.731  57.054  38.385 0.0000000000
114300  44.769  56.481  38.004 0.0000000000
113071  45.009  54.924  39.685 0.0000000000
110564  47.680  50.223  37.887 0.0000000000
111214  45.927  51.663  38.043 0.0000000000
109929  47.192  49.519  37.428 0.0000000000
109931  45.596  49.350  37.278 0.0000000000
105456  47.957  42.369  36.326 0.0000000000
105458  46.438  42.267  36.438 0.0000000000
142928  47.564  41.229  34.489 0.0000000000
134741  45.864  39.538  37.006 0.0000000000
103438  46.025  39.852  34.682 0.0000000000
103418  44.193  39.890  36.346 0.0000000000
103420  42.919  39.605  35.747 0.0000000000
103379  42.527  39.470  38.413 0.0000000000
135019  46.859  41.511  44.058 0.0000000000
104780  46.735  41.225  41.915 0.0000000000
104027  44.933  40.878  44.186 0.0000000000
107258  40.457  45.387  40.873 0.0000000000
106674  39.614  44.300  39.736 0.0000000000
106685  41.415  44.029  39.905 0.0000000000
106050  41.540  43.393  38.593 0.0000000000
105462  42.091  43.071  35.989 0.0000000000
111216  43.618  51.122  37.559 0.0000000000
107912  41.562  46.914  40.669 0.0000000000
105316  51.300  42.678  49.532 0.0000000000
152246  49.068  42.587  48.968 0.0000000000
105298  49.665  42.375  51.231 0.0000000000
104610  47.591  41.100  53.456 0.0000000000
146436  49.644  49.432  36.850 0.0000000000
108578  50.255  48.251  35.671 0.0000000000
109266  51.073  49.242  35.700 0.0000000000
149300  52.474  47.279  35.340 0.0000000000
107293  52.401  45.469  35.989 0.0000000000
106010  50.196  43.632  41.640 0.0000000000
106035  51.529  43.353  39.949 0.0000000000
132734  52.197  43.620  41.831 0.0000000000
105995  54.977  45.206  41.954 0.0000000000
105994  55.519  45.037  42.262 0.0000000000
105971  55.187  43.239  44.180 0.0000000000
138229  54.116  45.322  44.467 0.0000000000
107199  55.389  46.036  46.173 0.0000000000
107829  55.032  46.602  48.064 0.0000000000
115462  40.781  58.506  36.256 0.0000000000
140337  43.404  55.145  41.455 0.0000000000
114274  43.964  56.987  41.069 0.0000000000
150765  45.209  55.328  41.391 0.0000000000
113057  46.024  55.496  41.210 0.0000000000
112462  46.794  54.182  41.037 0.0000000000
112469  46.199  53.784  40.007 0.0000000000
129167  47.285  53.004  39.874 0.0000000000
110553  48.235  51.002  38.269 0.0000000000
104169  50.320  39.774  32.881 0.0000000000
103477  48.786  39.395  32.709 0.0000000000
102723  49.354  38.444  34.060 0.0000000000
103415  48.504  38.972  36.300 0.0000000000
103375  46.480  39.678  38.442 0.0000000000
129054  44.254  40.129  46.859 0.0000000000
151816  44.292  39.725  45.293 0.0000000000
132341  38.529  42.354  38.943 0.0000000000
106699  38.840  44.460  37.571 0.0000000000
135514  38.434  43.450  37.577 0.0000000000
104107  39.785  40.745  38.594 0.0000000000
103381  40.173  40.209  37.743 0.0000000000
102715  40.581  38.718  35.080 0.0000000000
141444  41.719  37.584  33.183 0.0000000000
138502  43.947  55.583  35.246 0.0000000000
113758  42.461  54.971  34.438 0.0000000000
110515  48.909  50.764  41.736 0.0000000000
109235  51.020  48.686  40.986 0.0000000000
109237  48.975  48.290  40.931 0.0000000000
108539  48.904  47.224  39.870 0.0000000000
107255  48.527  45.648  40.062 0.0000000000
106026  48.817  44.267  40.749 0.0000000000
105999  49.703  43.715  42.323 0.0000000000
114899  37.234  58.105  38.909 0.0000000000
114882  38.507  57.147  39.078 0.0000000000
113690  40.857  55.550  40.788 0.0000000000
113059  42.523  54.732  41.611 0.0000000000
112456  44.186  53.105  41.638 0.0000000000
111170  46.704  51.661  41.797 0.0000000000
104056  51.726  40.640  41.360 0.0000000000
104789  50.381  41.117  40.312 0.0000000000
104759  50.163  41.237  42.778 0.0000000000
104723  48.237  41.491  44.133 0.0000000000
104705  46.286  41.503  46.145 0.0000000000
104661  47.868  42.137  48.332 0.0000000000
104663  46.107  41.696  48.751 0.0000000000
104664  45.028  41.134  47.936 0.0000000000
107939  45.097  46.894  37.421 0.0000000000
107287  45.976  45.394  37.581 0.0000000000
107286  46.464  46.037  37.366 0.0000000000
106714  48.156  44.739  36.693 0.0000000000
105475  49.764  42.413  35.513 0.0000000000
132891  50.386  45.931  35.193 0.0000000000
106085  50.437  43.450  35.287 0.0000000000
104841  50.806  40.958  34.122 0.0000000000
142191  51.776  40.138  33.456 0.0000000000
103431  52.781  39.622  34.753 0.0000000000
104115  52.608  40.093  37.179 0.0000000000
108552  52.363  47.034  39.101 0.0000000000
107936  52.107  45.864  37.842 0.0000000000
106071  53.341  43.369  36.809 0.0000000000
105420  53.265  42.790  38.806 0.0000000000
140101  53.671  42.701  37.817 0.0000000000
105454  54.424  42.191  36.227 0.0000000000
104113  55.362  40.290  37.091 0.0000000000
130332  54.692  40.190  38.624 0.0000000000
104084  52.762  40.543  39.699 0.0000000000
104055  52.848  40.506  41.335 0.0000000000
138668  52.962  41.223  44.241 0.0000000000
105354  52.688  42.080  46.275 0.0000000000
105352  55.044  42.646  45.983 0.0000000000
105339  53.852  42.336  46.554 0.0000000000
126972  52.234  42.726  48.434 0.0000000000
105315  52.180  42.725  50.179 0.0000000000
114344  45.897  57.219  33.262 0.0000000000
114330  46.997  57.922  34.676 0.0000000000
114913  47.734  57.306  36.067 0.0000000000
114877  43.746  58.164  39.683 0.0000000000
115454  42.699  58.668  36.766 0.0000000000
115453  43.767  58.470  36.643 0.0000000000
114910  44.278  57.990  36.148 0.0000000000
113726  45.791  56.939  36.363 0.0000000000
114306  43.897  56.284  37.046 0.0000000000
113703  43.904  55.595  38.390 0.0000000000
112479  43.700  53.200  37.905 0.0000000000
111824  45.511  53.276  38.916 0.0000000000
130239  45.015  52.787  38.164 0.0000000000
131716  43.956  51.842  37.508 0.0000000000
110567  44.668  50.571  37.409 0.0000000000
109260  44.668  48.343  37.473 0.0000000000
106059  45.500  43.304  37.494 0.0000000000
105460  44.749  42.236  36.268 0.0000000000
105480  43.065  42.307  34.553 0.0000000000
104172  46.378  40.625  33.524 0.0000000000
104174  44.848  41.022  33.286 0.0000000000
104849  42.488  41.595  33.224 0.0000000000
104140  42.362  40.278  33.519 0.0000000000
102725  42.404  38.323  33.393 0.0000000000
104800  48.861  41.214  39.900 0.0000000000
104090  46.681  40.280  39.800 0.0000000000
103347  45.270  39.645  40.211 0.0000000000
103314  44.167  39.542  43.996 0.0000000000
103349  43.250  39.451  40.079 0.0000000000
102559  49.432  38.828  56.735 0.0000000000
144151  49.359  37.819  55.903 0.0000000000
107931  43.739  46.170  38.712 0.0000000000
107278  44.438  45.568  38.340 0.0000000000
132417  44.008  47.511  38.121 0.0000000000
140254  43.502  47.917  38.406 0.0000000000
108554  43.607  47.092  38.545 0.0000000000
107919  43.018  46.663  38.971 0.0000000000
104607  50.674  42.111  54.395 0.0000000000
110540  51.127  50.764  40.403 0.0000000000
110549  51.342  50.104  39.694 0.0000000000
109901  51.426  49.940  40.453 0.0000000000
111168  49.507  51.564  41.549 0.0000000000
111186  48.860  52.260  41.349 0.0000000000
111184  50.503  51.382  40.797 0.0000000000
110541  50.432  51.242  39.863 0.0000000000
104116  51.641  40.245  37.543 0.0000000000
104117  50.605  40.013  37.523 0.0000000000
128467  51.220  40.409  38.336 0.0000000000
107260  38.369  44.875  40.742 0.0000000000
106676  37.612  44.657  39.587 0.0000000000
106675  38.644  44.626  39.815 0.0000000000
106087  40.423  43.702  35.112 0.0000000000
106088  40.029  43.686  35.025 0.0000000000
105483  40.384  42.893  34.514 0.0000000000
137024  40.289  41.914  35.159 0.0000000000
104833  41.118  42.748  33.866 0.0000000000
141504  42.897  53.695  37.680 0.0000000000
107246  39.050  45.585  41.479 0.0000000000
107247  38.087  45.389  41.421 0.0000000000
109873  44.406  49.870  42.001 0.0000000000
139177  45.759  49.011  41.682 0.0000000000
109891  44.850  49.030  41.942 0.0000000000
133494  42.899  51.288  42.413 0.0000000000
143457  42.562  52.000  42.481 0.0000000000
110501  43.514  50.671  42.235 0.0000000000
110519  44.312  50.772  41.872 0.0000000000
104681  50.939  41.844  46.474 0.0000000000
144847  50.908  41.551  45.760 0.0000000000
105342  50.314  41.871  46.834 0.0000000000
103271  45.783  39.382  52.576 0.0000000000
108572  47.670  47.439  36.671 0.0000000000
108571  48.646  47.315  36.434 0.0000000000
106729  52.781  44.140  34.786 0.0000000000
106094  52.678  43.625  34.239 0.0000000000
106100  53.148  43.142  33.963 0.0000000000
145939  53.764  41.907  33.818 0.0000000000
105489  54.290  41.736  34.734 0.0000000000
106683  49.578  44.713  39.546 0.0000000000
107277  50.098  45.152  38.924 0.0000000000
106694  50.249  44.375  39.226 0.0000000000
143104  57.073  43.875  41.705 0.0000000000
125419  56.982  43.388  40.597 0.0000000000
105394  57.369  42.578  41.447 0.0000000000
104772  57.248  42.159  40.788 0.0000000000
105395  57.067  42.146  41.602 0.0000000000
104754  55.684  41.488  41.588 0.0000000000
107176  55.813  45.638  49.565 0.0000000000
152073  41.071  57.567  34.987 0.0000000000
114324  41.356  57.006  34.385 0.0000000000
114922  42.042  57.636  35.212 0.0000000000
114322  43.434  57.397  34.478 0.0000000000
114916  42.247  58.415  36.005 0.0000000000
114291  41.235  56.595  39.505 0.0000000000
114290  42.210  56.678  39.924 0.0000000000
114272  46.772  56.949  41.215 0.0000000000
151606  46.789  58.191  40.486 0.0000000000
114288  46.711  57.464  40.340 0.0000000000
114298  46.336  57.611  39.017 0.0000000000
114289  46.024  56.753  39.554 0.0000000000
113698  45.365  55.860  39.954 0.0000000000
109928  48.178  49.533  37.552 0.0000000000
109942  47.714  48.792  37.193 0.0000000000
109943  46.792  48.832  37.141 0.0000000000
105476  48.711  41.831  35.732 0.0000000000
105477  47.611  41.567  35.455 0.0000000000
104829  48.374  41.149  34.913 0.0000000000
103417  45.152  39.797  36.223 0.0000000000
131176  44.886  39.653  37.114 0.0000000000
131179  43.685  39.689  37.115 0.0000000000
103398  43.433  39.571  38.066 0.0000000000
143832  46.102  41.459  44.366 0.0000000000
104744  46.291  41.377  43.550 0.0000000000
104725  45.207  41.304  44.834 0.0000000000
107257  41.437  45.797  40.521 0.0000000000
106673  40.780  44.626  40.350 0.0000000000
107271  41.733  44.963  40.037 0.0000000000
106049  42.878  43.423  38.566 0.0000000000
147295  42.269  43.425  38.821 0.0000000000
106062  42.182  43.019  38.102 0.0000000000
106075  41.821  43.186  37.027 0.0000000000
105447  42.599  42.792  37.370 0.0000000000
110555  43.137  50.582  37.910 0.0000000000
132919  42.731  50.040  38.494 0.0000000000
109247  42.399  48.797  39.354 0.0000000000
109911  42.226  49.719  39.211 0.0000000000
107921  42.005  46.590  39.977 0.0000000000
107913  40.921  46.389  41.150 0.0000000000
105309  51.273  42.581  50.390 0.0000000000
105317  50.335  42.606  49.770 0.0000000000
105310  50.459  42.507  50.776 0.0000000000
104591  48.585  41.210  54.619 0.0000000000
104609  48.581  41.471  53.808 0.0000000000
104592  47.914  40.922  54.207 0.0000000000
103958  47.220  40.437  53.892 0.0000000000
103943  47.612  40.209  54.490 0.0000000000
113769  48.301  56.417  32.716 0.0000000000
113148  49.109  55.677  32.149 0.0000000000
109940  50.492  49.711  36.518 0.0000000000
109257  52.738  48.702  36.973 0.0000000000
109265  52.592  48.937  35.753 0.0000000000
108568  52.876  47.364  36.156 0.0000000000
107946  52.288  46.476  36.261 0.0000000000
105998  50.630  43.676  42.368 0.0000000000
130366  51.149  43.557  41.678 0.0000000000
105997  51.655  43.717  42.445 0.0000000000
106618  53.612  45.719  43.743 0.0000000000
106641  54.100  45.436  42.518 0.0000000000
128876  54.117  46.035  43.058 0.0000000000
106640  54.291  45.698  43.176 0.0000000000
105972  54.485  44.565  44.132 0.0000000000
149374  54.134  45.554  43.711 0.0000000000
107200  55.072  46.146  45.195 0.0000000000
107840  55.182  46.807  46.849 0.0000000000
108464  55.023  47.758  47.281 0.0000000000
113058  44.324  54.813  41.472 0.0000000000
134743  45.491  54.504  41.388 0.0000000000
112453  47.346  53.329  41.219 0.0000000000
113056  46.361  54.464  41.141 0.0000000000
112461  46.930  53.777  41.115 0.0000000000
113067  46.192  55.060  41.065 0.0000000000
150402  47.198  53.701  41.055 0.0000000000
112468  47.019  53.604  40.484 0.0000000000
111822  48.010  52.623  40.500 0.0000000000
110551  50.035  50.853  38.777 0.0000000000
111211  48.710  51.487  39.034 0.0000000000
110562  49.531  50.378  37.883 0.0000000000
110563  48.641  50.342  37.866 0.0000000000
103449  50.578  38.702  33.354 0.0000000000
102741  49.877  38.427  32.928 0.0000000000
102722  50.027  38.376  33.594 0.0000000000
103394  49.094  39.472  37.108 0.0000000000
133012  48.264  39.457  37.351 0.0000000000
130280  47.616  39.280  36.858 0.0000000000
103374  47.263  39.739  38.260 0.0000000000
105421  38.087  42.399  39.673 0.0000000000
126540  37.855  43.068  38.814 0.0000000000
106686  39.717  44.159  38.583 0.0000000000
106687  38.660  44.531  38.550 0.0000000000
105465  39.229  43.209  36.195 0.0000000000
105448  38.757  43.278  36.993 0.0000000000
105433  38.815  42.482  37.958 0.0000000000
104810  39.545  41.606  38.101 0.0000000000
104106  40.109  41.146  37.639 0.0000000000
103421  41.489  40.077  34.635 0.0000000000
103422  40.839  39.582  35.542 0.0000000000
102727  40.879  38.034  34.043 0.0000000000
102737  41.850  38.333  33.198 0.0000000000
113727  44.568  56.360  36.549 0.0000000000
113728  43.123  55.762  36.067 0.0000000000
113716  41.612  55.181  36.440 0.0000000000
113729  41.944  55.328  35.937 0.0000000000
113744  42.213  55.288  35.213 0.0000000000
113730  41.003  55.031  35.955 0.0000000000
110516  47.937  50.709  41.907 0.0000000000
109887  49.171  49.838  41.703 0.0000000000
109888  48.159  49.845  41.691 0.0000000000
147192  48.067  48.134  40.666 0.0000000000
107909  48.263  46.713  40.267 0.0000000000
107256  47.818  45.126  40.745 0.0000000000
106011  49.372  43.774  41.623 0.0000000000
115431  36.852  58.588  38.375 0.0000000000
133596  38.795  56.399  39.641 0.0000000000
114278  39.681  56.199  39.759 0.0000000000
112445  42.026  53.256  42.395 0.0000000000
113060  41.665  54.522  41.800 0.0000000000
112458  42.255  54.018  42.037 0.0000000000
132181  43.249  54.239  41.664 0.0000000000
151688  43.545  53.503  41.751 0.0000000000
140840  45.347  51.184  41.632 0.0000000000
111171  45.684  52.126  41.586 0.0000000000
135352  47.632  51.340  41.903 0.0000000000
104758  51.469  40.696  42.175 0.0000000000
145076  51.131  40.705  41.677 0.0000000000
134591  51.036  40.786  42.888 0.0000000000
104702  49.432  41.521  45.479 0.0000000000
104722  49.179  41.465  44.089 0.0000000000
104703  48.472  41.528  45.602 0.0000000000
104704  47.315  41.512  45.533 0.0000000000
127024  47.061  41.586  46.499 0.0000000000
105319  48.603  42.428  49.436 0.0000000000
145250  48.512  42.395  48.687 0.0000000000
105313  48.024  42.165  49.987 0.0000000000
104652  45.681  41.271  49.980 0.0000000000
104656  46.301  41.660  49.442 0.0000000000
104657  45.556  41.335  49.142 0.0000000000
128859  45.555  41.394  48.356 0.0000000000
103997  44.920  40.829  48.637 0.0000000000
146835  44.437  40.273  48.315 0.0000000000
103282  44.480  39.591  49.752 0.0000000000
108560  45.742  47.118  37.184 0.0000000000
107938  45.820  46.377  37.423 0.0000000000
107937  46.437  46.691  37.132 0.0000000000
139343  48.654  46.024  36.301 0.0000000000
107295  48.205  45.550  36.516 0.0000000000
106713  48.824  44.134  36.244 0.0000000000
134855  49.612  43.684  35.768 0.0000000000
133214  50.564  47.405  35.037 0.0000000000
107956  49.970  46.568  35.335 0.0000000000
107955  50.799  46.577  34.778 0.0000000000
105490  51.805  42.773  33.908 0.0000000000
106722  50.845  44.233  35.037 0.0000000000
135714  51.124  43.191  34.682 0.0000000000
105491  51.207  42.058  34.474 0.0000000000
104840  51.652  41.513  33.805 0.0000000000
104856  50.964  40.497  33.468 0.0000000000
104855  51.802  40.927  33.500 0.0000000000
103446  54.055  39.708  34.839 0.0000000000
103447  53.086  39.813  34.419 0.0000000000
103430  53.586  39.595  35.094 0.0000000000
104127  52.776  39.830  36.215 0.0000000000
103410  53.817  39.634  36.047 0.0000000000
108538  50.540  47.927  40.495 0.0000000000
109246  51.461  48.108  40.320 0.0000000000
108553  51.708  46.858  39.292 0.0000000000
106058  51.883  44.130  37.701 0.0000000000
151116  51.848  46.159  38.315 0.0000000000
107285  51.925  44.933  37.645 0.0000000000
106072  52.901  44.234  36.765 0.0000000000
106022  52.637  43.203  40.294 0.0000000000
106034  52.441  43.075  39.328 0.0000000000
105408  53.545  43.006  39.653 0.0000000000
105429  55.014  42.244  38.731 0.0000000000
139163  54.467  42.338  37.883 0.0000000000
105441  54.613  42.017  37.090 0.0000000000
104816  55.351  41.096  37.175 0.0000000000
138635  54.978  41.493  36.343 0.0000000000
104067  55.182  40.579  40.227 0.0000000000
104100  55.153  40.217  38.396 0.0000000000
104083  54.114  40.616  39.699 0.0000000000
127026  53.322  40.398  38.808 0.0000000000
136706  53.345  40.549  40.533 0.0000000000
104054  53.992  40.669  41.270 0.0000000000
141099  54.801  41.459  43.916 0.0000000000
104737  53.774  41.254  43.529 0.0000000000
146640  52.402  41.395  44.748 0.0000000000
105353  53.546  41.925  45.671 0.0000000000
105960  54.957  43.420  44.932 0.0000000000
133050  55.183  42.585  45.151 0.0000000000
148361  55.120  43.204  45.765 0.0000000000
105949  55.199  43.591  48.599 0.0000000000
127964  54.649  42.782  47.137 0.0000000000
105330  54.387  43.108  47.931 0.0000000000
105340  52.901  42.456  47.139 0.0000000000
105331  53.213  42.829  48.056 0.0000000000
126403  52.173  42.827  49.278 0.0000000000
114333  42.703  56.669  33.504 0.0000000000
114347  41.950  56.774  32.671 0.0000000000
114346  42.793  56.562  32.591 0.0000000000
136723  44.589  57.952  34.667 0.0000000000
114331  46.114  58.082  34.390 0.0000000000
114318  47.984  57.145  35.597 0.0000000000
114320  46.324  58.219  35.325 0.0000000000
114868  43.311  57.268  40.294 0.0000000000
114867  44.430  57.887  40.674 0.0000000000
115414  45.033  58.739  39.211 0.0000000000
115415  44.109  58.645  38.969 0.0000000000
115425  44.190  58.719  38.303 0.0000000000
115931  43.109  58.676  37.043 0.0000000000
115459  43.153  58.414  36.190 0.0000000000
115440  44.000  58.601  37.221 0.0000000000
114909  44.736  57.880  36.577 0.0000000000
114316  44.816  57.750  36.279 0.0000000000
114315  45.389  57.738  35.851 0.0000000000
114310  44.728  57.063  36.525 0.0000000000
114305  44.771  56.705  37.273 0.0000000000
113699  44.481  55.466  39.229 0.0000000000
113072  43.985  54.812  38.764 0.0000000000
142121  43.598  54.038  38.153 0.0000000000
111823  46.370  53.100  39.430 0.0000000000
112470  45.281  54.057  39.352 0.0000000000
111223  45.883  50.885  37.528 0.0000000000
111215  44.946  52.038  37.722 0.0000000000
111840  44.294  52.601  37.831 0.0000000000
111225  44.376  51.247  37.440 0.0000000000
109259  45.494  48.447  37.239 0.0000000000
145370  45.815  47.726  37.158 0.0000000000
135575  45.188  47.651  37.264 0.0000000000
106704  46.496  44.527  37.361 0.0000000000
106705  45.732  44.344  37.609 0.0000000000
132952  46.188  43.735  37.357 0.0000000000
131276  45.579  41.973  35.535 0.0000000000
105459  45.607  42.456  36.862 0.0000000000
105479  44.610  41.956  35.069 0.0000000000
132391  43.866  42.168  35.433 0.0000000000
103465  48.560  39.082  32.972 0.0000000000
139394  47.233  40.448  33.342 0.0000000000
103467  46.739  40.051  33.429 0.0000000000
104138  44.099  40.497  34.065 0.0000000000
104155  45.190  40.895  33.423 0.0000000000
104156  44.399  40.923  33.321 0.0000000000
104848  43.330  41.385  33.150 0.0000000000
104157  43.062  41.038  32.932 0.0000000000
104158  42.408  41.008  33.062 0.0000000000
104139  42.863  40.596  33.156 0.0000000000
102703  42.490  39.100  36.391 0.0000000000
102713  42.576  38.994  34.542 0.0000000000
102714  42.315  38.199  35.607 0.0000000000
102726  42.466  37.905  33.948 0.0000000000
102007  41.587  37.615  36.567 0.0000000000
104777  49.219  41.451  41.302 0.0000000000
104799  49.676  41.185  39.712 0.0000000000
104791  48.621  41.441  40.668 0.0000000000
104057  46.253  40.665  41.365 0.0000000000
104793  46.974  41.076  41.121 0.0000000000
104073  46.460  40.495  40.580 0.0000000000
104091  45.989  39.919  40.026 0.0000000000
103337  45.101  39.683  41.062 0.0000000000
102647  44.160  39.217  45.364 0.0000000000
134932  44.302  39.726  44.788 0.0000000000
102655  43.446  38.916  44.986 0.0000000000
142399  42.504  46.249  39.476 0.0000000000
107270  42.400  45.351  39.533 0.0000000000
107280  42.877  44.789  39.123 0.0000000000
106696  43.357  44.171  38.696 0.0000000000
109253  43.480  48.741  38.224 0.0000000000
108555  42.957  48.365  38.841 0.0000000000
108547  42.490  47.942  39.439 0.0000000000
107920  42.520  47.095  39.479 0.0000000000
105280  50.871  42.371  52.636 0.0000000000
105281  49.744  42.247  52.243 0.0000000000
105264  50.153  42.149  53.241 0.0000000000
104578  49.036  41.097  55.385 0.0000000000
109918  50.480  50.233  38.166 0.0000000000
109926  51.038  50.090  37.291 0.0000000000
109917  51.463  49.827  38.566 0.0000000000
109252  52.217  48.788  38.561 0.0000000000
109251  52.479  47.842  38.213 0.0000000000
106643  51.807  44.422  43.635 0.0000000000
105983  52.112  44.099  43.041 0.0000000000
106619  52.555  45.167  44.058 0.0000000000
152009  53.457  45.727  44.234 0.0000000000
137634  46.614  52.564  41.648 0.0000000000
112454  46.270  53.785  41.333 0.0000000000
139083  47.331  52.579  41.627 0.0000000000
111792  47.999  52.577  41.273 0.0000000000
111809  48.462  52.628  41.172 0.0000000000
111197  49.889  51.858  40.431 0.0000000000
128276  51.354  39.238  34.866 0.0000000000
103413  50.508  39.113  35.421 0.0000000000
103392  50.457  39.559  36.479 0.0000000000
103393  49.851  39.731  36.978 0.0000000000
104118  49.654  40.134  37.740 0.0000000000
106064  40.184  44.118  36.740 0.0000000000
106707  39.545  44.264  36.511 0.0000000000
106077  39.915  44.156  35.783 0.0000000000
141124  39.559  43.877  35.806 0.0000000000
104822  39.626  42.376  35.965 0.0000000000
104817  40.226  41.402  36.585 0.0000000000
113715  42.743  55.747  36.683 0.0000000000
140484  42.358  55.240  37.373 0.0000000000
113080  41.743  54.647  37.295 0.0000000000
147724  39.485  46.775  41.682 0.0000000000
107248  37.135  45.275  41.324 0.0000000000
110518  45.890  50.546  41.615 0.0000000000
131239  47.370  49.166  41.346 0.0000000000
109889  46.636  49.501  41.485 0.0000000000
109224  46.540  48.601  41.447 0.0000000000
111785  40.429  52.936  42.958 0.0000000000
142341  40.554  53.638  42.541 0.0000000000
140083  41.851  52.375  42.628 0.0000000000
111783  42.641  52.669  42.323 0.0000000000
111797  43.375  52.842  41.951 0.0000000000
149126  43.828  51.844  41.911 0.0000000000
133977  51.199  41.046  44.223 0.0000000000
104740  50.573  41.184  43.655 0.0000000000
104701  50.363  41.449  45.277 0.0000000000
126378  50.097  41.581  46.146 0.0000000000
139283  49.073  41.625  46.290 0.0000000000
104627  46.914  41.232  51.941 0.0000000000
104650  47.407  41.757  50.548 0.0000000000
103983  46.085  40.814  51.674 0.0000000000
103984  45.343  40.409  51.245 0.0000000000
103278  45.006  39.691  51.344 0.0000000000
141556  46.954  47.599  36.900 0.0000000000
130422  47.177  46.893  36.813 0.0000000000
147491  48.102  46.697  36.428 0.0000000000
107294  49.542  45.940  35.739 0.0000000000
107304  51.274  45.641  35.107 0.0000000000
107313  51.113  45.105  34.994 0.0000000000
106731  51.750  44.379  34.548 0.0000000000
106095  52.071  43.523  34.027 0.0000000000
106102  52.243  42.739  33.545 0.0000000000
104854  52.503  41.496  33.328 0.0000000000
104853  53.251  41.701  33.428 0.0000000000
104839  54.031  40.985  33.953 0.0000000000
104150  54.352  40.208  34.748 0.0000000000
107917  50.247  46.602  39.086 0.0000000000
107928  50.998  46.258  38.383 0.0000000000
107276  50.641  45.538  38.498 0.0000000000
139272  50.712  44.793  38.563 0.0000000000
144317  51.702  43.696  38.184 0.0000000000
106020  55.299  44.012  40.439 0.0000000000
105407  54.863  43.033  39.899 0.0000000000
105406  56.362  43.164  39.971 0.0000000000
105417  56.500  42.213  39.925 0.0000000000
105428  55.610  41.917  39.354 0.0000000000
146153  55.488  41.309  39.024 0.0000000000
104798  55.859  41.576  39.811 0.0000000000
104052  55.711  41.006  40.569 0.0000000000
104053  55.069  40.549  41.074 0.0000000000
104775  54.821  40.558  41.910 0.0000000000
104755  55.248  40.827  42.356 0.0000000000
104736  54.979  41.171  43.240 0.0000000000
107188  55.189  44.934  47.134 0.0000000000
133676  55.321  43.978  47.190 0.0000000000
106588  55.482  44.349  48.016 0.0000000000
105948  55.504  43.940  48.421 0.0000000000
114923  40.477  57.261  34.264 0.0000000000
114334  41.674  56.687  33.648 0.0000000000
113757  44.210  56.910  33.389 0.0000000000
114920  44.128  58.006  35.106 0.0000000000
149644  39.812  57.432  38.329 0.0000000000
114301  40.321  57.323  38.498 0.0000000000
114857  46.071  57.241  41.474 0.0000000000
137267  45.440  58.343  41.004 0.0000000000
114865  46.616  58.230  41.191 0.0000000000
115413  46.380  58.641  40.176 0.0000000000
134754  45.802  58.664  39.367 0.0000000000
115439  44.948  58.381  37.633 0.0000000000
114893  46.203  58.029  38.718 0.0000000000
114303  45.815  57.648  38.250 0.0000000000
114304  45.436  57.338  37.571 0.0000000000
113702  44.867  56.174  39.006 0.0000000000
110554  47.268  50.948  38.161 0.0000000000
140764  46.896  51.607  38.544 0.0000000000
111213  46.491  51.080  37.906 0.0000000000
110565  46.624  50.331  37.619 0.0000000000
110566  45.794  50.147  37.344 0.0000000000
109930  46.333  49.516  37.291 0.0000000000
109258  46.105  48.861  37.170 0.0000000000
106073  47.914  43.555  36.726 0.0000000000
105457  47.138  42.773  36.712 0.0000000000
146866  47.175  42.043  36.204 0.0000000000
105478  46.593  41.776  35.430 0.0000000000
104830  46.804  41.399  34.456 0.0000000000
103437  46.990  39.322  35.086 0.0000000000
103451  46.780  39.603  33.951 0.0000000000
132192  46.041  39.578  35.830 0.0000000000
141650  45.374  39.966  35.307 0.0000000000
103440  43.757  40.144  35.007 0.0000000000
103419  43.341  39.804  36.010 0.0000000000
103399  42.884  39.511  37.160 0.0000000000
103400  42.148  39.242  37.811 0.0000000000
104742  47.839  41.547  43.269 0.0000000000
104779  47.565  41.493  41.706 0.0000000000
104763  46.505  41.299  42.726 0.0000000000
104764  45.820  40.984  43.017 0.0000000000
104045  45.422  40.330  42.471 0.0000000000
150197  39.832  44.675  40.498 0.0000000000
141281  40.537  43.953  39.760 0.0000000000
106039  40.980  43.619  39.213 0.0000000000
106684  42.175  44.379  39.584 0.0000000000
106051  40.531  43.728  38.072 0.0000000000
106063  41.201  43.447  37.481 0.0000000000
105463  41.177  43.440  34.809 0.0000000000
111841  43.437  52.309  37.603 0.0000000000
152140  42.780  52.087  37.730 0.0000000000
111217  42.354  51.697  38.239 0.0000000000
108541  41.494  47.847  40.544 0.0000000000
107902  40.981  47.340  41.175 0.0000000000
111784  40.964  52.331  42.839 0.0000000000
151832  42.328  50.912  42.621 0.0000000000
146513  50.642  42.688  48.993 0.0000000000
105333  50.557  42.472  48.176 0.0000000000
105318  49.369  42.553  49.599 0.0000000000
105299  48.926  42.190  51.088 0.0000000000
135847  48.916  41.915  52.264 0.0000000000
151856  47.637  41.509  52.107 0.0000000000
104626  47.212  41.164  52.692 0.0000000000
103959  46.672  39.823  53.610 0.0000000000
109941  48.842  48.956  36.927 0.0000000000
133985  49.231  48.113  36.381 0.0000000000
109267  49.918  48.967  36.315 0.0000000000
108577  51.370  48.389  34.986 0.0000000000
109939  51.551  49.939  36.375 0.0000000000
108576  52.460  48.292  35.107 0.0000000000
107954  51.685  46.155  35.584 0.0000000000
106721  52.441  44.771  35.223 0.0000000000
106720  53.117  44.206  35.442 0.0000000000
149264  50.077  43.787  40.454 0.0000000000
106036  50.599  43.737  39.787 0.0000000000
106024  50.713  43.553  40.806 0.0000000000
106023  51.813  43.388  40.988 0.0000000000
106009  53.037  43.638  41.276 0.0000000000
105996  52.860  44.239  42.468 0.0000000000
128542  53.762  44.498  41.919 0.0000000000
106008  54.399  44.272  41.225 0.0000000000
125416  55.499  44.718  41.240 0.0000000000
125856  55.920  44.712  41.715 0.0000000000
125418  56.201  44.490  42.123 0.0000000000
105375  55.484  42.918  42.976 0.0000000000
105981  54.937  44.583  43.017 0.0000000000
105961  54.540  44.259  45.195 0.0000000000
106593  54.828  45.218  46.056 0.0000000000
139983  55.247  45.862  47.596 0.0000000000
107179  55.546  45.746  48.696 0.0000000000
107815  55.338  46.397  49.163 0.0000000000
113688  42.481  55.710  41.114 0.0000000000
114275  42.928  56.387  40.772 0.0000000000
114265  43.491  55.968  41.247 0.0000000000
113676  44.422  55.675  41.393 0.0000000000
114264  44.766  56.621  41.318 0.0000000000
113675  45.547  56.163  41.354 0.0000000000
113674  46.444  56.588  41.279 0.0000000000
113687  46.373  56.080  41.088 0.0000000000
113068  46.228  55.453  40.731 0.0000000000
113070  46.208  54.609  40.524 0.0000000000
111199  47.540  52.304  39.270 0.0000000000
111198  48.422  52.090  39.677 0.0000000000
111212  47.874  51.671  38.693 0.0000000000
104153  50.180  40.337  33.414 0.0000000000
148707  48.627  40.301  33.182 0.0000000000
103464  49.659  39.299  32.532 0.0000000000
102754  49.056  38.715  32.571 0.0000000000
102735  48.256  38.618  33.975 0.0000000000
103434  49.890  38.557  34.761 0.0000000000
103435  49.038  38.678  35.195 0.0000000000
103436  47.858  38.727  34.753 0.0000000000
103416  46.852  39.356  36.391 0.0000000000
103395  46.804  39.496  37.506 0.0000000000
103376  45.745  39.590  38.618 0.0000000000
104012  44.327  40.713  46.203 0.0000000000
104020  44.393  40.394  45.248 0.0000000000
103303  44.283  39.670  45.929 0.0000000000
104075  38.886  41.465  39.977 0.0000000000
106700  38.329  44.353  37.982 0.0000000000
106052  38.176  44.080  37.797 0.0000000000
106066  38.627  44.288  37.266 0.0000000000
105449  38.538  43.940  37.185 0.0000000000
105434  38.148  43.272  38.186 0.0000000000
104802  39.264  41.561  38.931 0.0000000000
104092  39.436  40.888  39.436 0.0000000000
104121  40.428  40.647  37.044 0.0000000000
103401  40.467  39.868  36.761 0.0000000000
102716  39.987  37.932  35.527 0.0000000000
113743  43.220  55.513  35.290 0.0000000000
113119  44.150  55.040  34.560 0.0000000000
111842  42.222  52.484  37.863 0.0000000000
109885  50.780  50.409  41.482 0.0000000000
109902  51.281  49.664  41.132 0.0000000000
109220  50.537  49.336  41.432 0.0000000000
109236  50.043  48.466  41.064 0.0000000000
109222  48.352  48.910  41.295 0.0000000000
135035  49.402  47.780  40.382 0.0000000000
108546  49.745  47.275  39.672 0.0000000000
107918  49.104  46.590  39.551 0.0000000000
106025  49.472  43.996  40.591 0.0000000000
146818  49.829  43.736  41.056 0.0000000000
105985  50.169  43.839  43.058 0.0000000000
114898  38.125  57.853  38.578 0.0000000000
114883  37.597  57.450  39.351 0.0000000000
114881  39.508  56.887  38.896 0.0000000000
114277  40.597  56.073  40.027 0.0000000000
114276  41.446  56.058  40.335 0.0000000000
113061  40.650  54.420  41.983 0.0000000000
113679  41.190  55.022  41.385 0.0000000000
113689  41.679  55.567  40.976 0.0000000000
113677  42.747  55.334  41.363 0.0000000000
138328  44.302  53.936  41.550 0.0000000000
111796  43.980  52.343  41.772 0.0000000000
111795  44.905  52.618  41.569 0.0000000000
131510  48.540  51.585  41.762 0.0000000000
104085  51.714  40.738  39.721 0.0000000000
128022  51.087  40.728  39.110 0.0000000000
104070  51.274  40.712  40.485 0.0000000000
130765  50.070  41.312  41.193 0.0000000000
127968  49.722  41.303  41.993 0.0000000000
143999  49.934  41.461  44.073 0.0000000000
104741  49.645  41.402  43.434 0.0000000000
142884  48.727  41.448  43.341 0.0000000000
134645  47.491  41.520  43.870 0.0000000000
149556  46.790  41.509  44.744 0.0000000000
104706  45.303  41.416  45.830 0.0000000000
105325  49.170  42.417  48.352 0.0000000000
104670  48.594  42.189  47.921 0.0000000000
127025  47.962  41.898  47.516 0.0000000000
104655  47.209  41.883  49.690 0.0000000000
104662  47.016  41.898  48.761 0.0000000000
127344  47.194  41.744  47.249 0.0000000000
104685  46.341  41.572  47.031 0.0000000000
104686  45.431  41.411  46.734 0.0000000000
104687  44.704  41.202  46.453 0.0000000000
149220  44.382  40.392  47.539 0.0000000000
133056  45.161  45.989  37.806 0.0000000000
107297  46.839  45.378  37.296 0.0000000000
107949  47.064  46.142  37.079 0.0000000000
107296  47.555  45.449  36.892 0.0000000000
106715  47.314  44.563  37.051 0.0000000000
106086  48.811  42.943  36.127 0.0000000000
104828  49.364  41.201  35.057 0.0000000000
108570  49.579  47.325  35.810 0.0000000000
107306  49.965  45.293  35.603 0.0000000000
134186  50.697  45.233  35.185 0.0000000000
106723  50.242  44.465  35.468 0.0000000000
104827  50.363  41.557  34.866 0.0000000000
104168  51.046  39.859  33.272 0.0000000000
103462  51.337  39.339  33.559 0.0000000000
104167  52.364  40.649  33.541 0.0000000000
103448  52.158  39.521  34.267 0.0000000000
103432  52.138  39.344  34.711 0.0000000000
103412  52.062  39.588  35.499 0.0000000000
104101  52.498  40.358  38.084 0.0000000000
109234  51.598  49.016  40.462 0.0000000000
140702  52.351  47.876  39.210 0.0000000000
107926  52.490  47.063  38.149 0.0000000000
144711  52.062  46.473  38.901 0.0000000000
107927  52.255  46.510  38.440 0.0000000000
107935  52.421  46.639  37.313 0.0000000000
107284  52.462  45.572  37.043 0.0000000000
106712  52.844  44.697  36.053 0.0000000000
106084  53.602  43.504  35.821 0.0000000000
149228  51.161  43.574  39.386 0.0000000000
145792  51.639  43.392  38.966 0.0000000000
106046  52.416  43.056  38.316 0.0000000000
105419  54.437  42.691  39.144 0.0000000000
105431  53.160  42.744  38.145 0.0000000000
105443  53.016  42.926  37.623 0.0000000000
105442  53.834  42.722  37.245 0.0000000000
105455  53.947  42.745  36.437 0.0000000000
105473  54.045  42.679  35.418 0.0000000000
105472  54.516  41.862  35.685 0.0000000000
104136  54.901  40.344  35.511 0.0000000000
103409  54.976  39.651  36.245 0.0000000000
104099  55.343  40.661  38.101 0.0000000000
103372  55.126  39.765  37.519 0.0000000000
104114  54.458  39.651  36.967 0.0000000000
127931  53.736  40.127  37.733 0.0000000000
127345  52.052  40.760  38.825 0.0000000000
104069  52.248  40.611  40.521 0.0000000000
104043  52.425  40.587  42.152 0.0000000000
104042  53.563  40.627  42.065 0.0000000000
104757  53.072  40.676  42.886 0.0000000000
104738  52.527  40.921  43.598 0.0000000000
104719  51.964  41.136  44.219 0.0000000000
104700  51.696  41.804  45.967 0.0000000000
105341  51.814  42.217  46.947 0.0000000000
105365  55.268  42.099  44.436 0.0000000000
104697  55.092  42.057  45.200 0.0000000000
105329  55.068  42.980  46.942 0.0000000000
105338  54.723  42.559  46.464 0.0000000000
126643  54.505  42.203  45.810 0.0000000000
105332  51.494  42.496  47.866 0.0000000000
126975  51.364  42.686  48.706 0.0000000000
151427  52.099  42.643  50.932 0.0000000000
105296  51.682  42.537  52.164 0.0000000000
113756  47.639  57.270  33.771 0.0000000000
114343  46.697  57.580  33.746 0.0000000000
113755  48.566  56.615  34.287 0.0000000000
113739  48.268  56.853  35.172 0.0000000000
114317  48.387  56.689  36.135 0.0000000000
113724  48.015  56.551  37.253 0.0000000000
115456  41.194  58.719  36.868 0.0000000000
115461  41.684  58.676  36.550 0.0000000000
114878  42.665  57.657  39.271 0.0000000000
115455  41.935  58.812  36.911 0.0000000000
145262  42.924  58.088  35.637 0.0000000000
114915  43.976  58.140  35.776 0.0000000000
115452  44.521  58.318  37.006 0.0000000000
114321  45.449  58.377  35.448 0.0000000000
148873  47.066  57.799  35.731 0.0000000000
113725  46.866  57.004  35.417 0.0000000000
137521  47.394  56.378  35.558 0.0000000000
113707  43.770  56.036  37.655 0.0000000000
113704  42.989  55.433  37.731 0.0000000000
113074  43.191  54.702  38.052 0.0000000000
111839  45.687  52.510  38.521 0.0000000000
112478  44.662  53.351  38.405 0.0000000000
110568  43.859  50.485  37.539 0.0000000000
132980  44.278  49.809  37.497 0.0000000000
141243  45.059  49.956  37.358 0.0000000000
109932  44.832  49.153  37.401 0.0000000000
109933  44.083  48.992  37.670 0.0000000000
108561  44.542  47.559  37.667 0.0000000000
107288  45.126  44.972  37.906 0.0000000000
106695  44.306  44.360  38.298 0.0000000000
106060  44.597  43.374  37.864 0.0000000000
105444  46.311  42.937  37.110 0.0000000000
105445  44.783  42.646  37.303 0.0000000000
106061  44.107  42.784  37.688 0.0000000000
148259  42.980  42.543  36.795 0.0000000000
105461  42.986  42.472  35.732 0.0000000000
105481  42.066  42.881  34.399 0.0000000000
104857  47.929  40.624  33.433 0.0000000000
104844  47.117  41.026  33.713 0.0000000000
104845  46.161  41.202  33.657 0.0000000000
103468  46.006  40.463  33.795 0.0000000000
104173  45.596  40.922  33.396 0.0000000000
104846  45.299  41.184  33.516 0.0000000000
105492  43.811  41.798  34.006 0.0000000000
105493  42.678  42.130  33.624 0.0000000000
105494  41.825  42.498  33.604 0.0000000000
104850  41.771  41.819  33.483 0.0000000000
104141  41.791  40.852  33.578 0.0000000000
103442  42.082  39.371  33.610 0.0000000000
127433  43.010  39.829  34.186 0.0000000000
103441  42.245  39.186  33.617 0.0000000000
103452  42.190  38.273  33.179 0.0000000000
144904  42.363  37.736  33.032 0.0000000000
104086  50.344  40.953  39.400 0.0000000000
104087  49.092  40.841  39.206 0.0000000000
104103  48.549  40.374  38.644 0.0000000000
104792  47.782  41.401  40.863 0.0000000000
104089  47.460  40.572  39.574 0.0000000000
104104  47.747  40.236  38.810 0.0000000000
104105  46.953  39.999  39.034 0.0000000000
103359  46.215  39.788  39.244 0.0000000000
103361  44.719  39.512  39.516 0.0000000000
104028  44.591  40.329  44.451 0.0000000000
104036  44.683  40.122  43.642 0.0000000000
104046  44.821  39.918  42.788 0.0000000000
103322  43.391  39.293  43.365 0.0000000000
103321  44.156  39.617  43.083 0.0000000000
103328  44.226  39.612  42.216 0.0000000000
103338  44.331  39.584  41.352 0.0000000000
103348  44.351  39.507  40.386 0.0000000000
152135  43.956  39.443  39.577 0.0000000000
103362  43.248  39.493  39.059 0.0000000000
103914  49.137  40.198  56.272 0.0000000000
103243  48.702  39.733  55.847 0.0000000000
101838  49.074  38.430  56.034 0.0000000000
102572  48.592  38.955  55.366 0.0000000000
102031  42.156  37.253  33.077 0.0000000000
102560  48.925  39.139  56.118 0.0000000000
102724  48.585  38.563  34.454 0.0000000000
102733  49.541  38.356  33.202 0.0000000000
102734  48.917  38.469  33.449 0.0000000000
102736  42.196  37.811  32.925 0.0000000000
102742  49.322  38.467  32.842 0.0000000000
102743  48.909  38.567  32.909 0.0000000000
102744  48.400  38.812  33.455 0.0000000000
102753  49.516  38.676  32.627 0.0000000000
103228  49.285  39.639  56.553 0.0000000000
103244  48.148  39.794  55.070 0.0000000000
103288  44.434  39.638  48.800 0.0000000000
103315  43.962  39.310  44.669 0.0000000000
103316  43.336  39.163  44.199 0.0000000000
103360  45.498  39.627  39.402 0.0000000000
103373  55.043  39.665  37.706 0.0000000000
103378  44.138  39.478  38.804 0.0000000000
103380  41.850  39.335  38.865 0.0000000000
103389  55.218  39.789  36.754 0.0000000000
103390  55.073  39.563  36.994 0.0000000000
103391  54.619  39.623  36.411 0.0000000000
103396  45.319  39.567  37.867 0.0000000000
103397  44.396  39.581  37.840 0.0000000000
103408  55.201  39.939  36.113 0.0000000000
103411  52.888  39.647  35.329 0.0000000000
103423  40.177  38.931  36.213 0.0000000000
103429  54.672  39.881  35.532 0.0000000000
103433  50.667  38.761  34.278 0.0000000000
103439  44.592  40.177  35.278 0.0000000000
103461  52.282  39.945  33.831 0.0000000000
103463  50.348  38.931  32.823 0.0000000000
103466  47.626  39.513  33.448 0.0000000000
103476  49.167  39.086  32.414 0.0000000000
103478  47.950  39.820  33.127 0.0000000000
103925  49.628  40.815  56.305 0.0000000000
103926  48.700  40.422  55.631 0.0000000000
103944  47.117  39.801  54.123 0.0000000000
103969  46.801  40.555  53.235 0.0000000000
103971  45.538  40.043  52.155 0.0000000000
103985  44.865  40.099  50.797 0.0000000000
103987  45.223  40.614  50.433 0.0000000000
103991  45.083  40.711  49.595 0.0000000000
103992  44.521  40.195  49.247 0.0000000000
103998  44.632  40.760  47.769 0.0000000000
104003  44.452  40.802  47.021 0.0000000000
104035  45.210  40.583  43.342 0.0000000000
104044  46.049  40.792  42.174 0.0000000000
104059  44.992  39.735  41.937 0.0000000000
104066  55.708  41.030  39.971 0.0000000000
104071  50.943  40.775  39.817 0.0000000000
104072  47.207  40.857  40.340 0.0000000000
104074  45.766  40.106  40.804 0.0000000000
104082  55.227  40.540  39.380 0.0000000000
104088  48.285  40.786  39.354 0.0000000000
104102  49.365  40.505  38.514 0.0000000000
104119  48.820  39.926  37.937 0.0000000000
104126  55.307  40.598  36.302 0.0000000000
104129  51.128  39.770  36.875 0.0000000000
104137  45.107  40.459  34.249 0.0000000000
104151  53.698  40.167  34.115 0.0000000000
104152  52.899  40.274  33.891 0.0000000000
104154  49.359  40.329  33.345 0.0000000000
104170  49.034  39.790  32.635 0.0000000000
104171  48.257  40.081  33.016 0.0000000000
104175  43.847  41.054  33.130 0.0000000000
104608  49.560  41.812  53.816 0.0000000000
104625  48.185  41.560  52.726 0.0000000000
104640  48.379  41.845  51.727 0.0000000000
104642  46.725  41.363  51.122 0.0000000000
104643  45.853  41.093  50.817 0.0000000000
104649  48.210  42.001  50.837 0.0000000000
104669  49.330  42.148  47.621 0.0000000000
104671  47.290  41.930  47.965 0.0000000000
104672  46.406  41.717  47.970 0.0000000000
104673  45.550  41.418  47.572 0.0000000000
104674  44.845  41.168  47.264 0.0000000000
104683  48.769  41.851  47.116 0.0000000000
104698  54.361  41.816  45.096 0.0000000000
104699  53.282  41.588  44.911 0.0000000000
104717  55.057  41.703  44.537 0.0000000000
104721  50.526  41.316  44.506 0.0000000000
104724  46.156  41.505  45.235 0.0000000000
104726  44.676  40.961  44.862 0.0000000000
104743  47.032  41.539  43.320 0.0000000000
104745  45.518  41.193  43.883 0.0000000000
104760  49.249  41.376  42.669 0.0000000000
104762  47.310  41.527  42.545 0.0000000000
104774  55.445  40.813  41.453 0.0000000000
104776  50.618  40.940  41.989 0.0000000000
104778  48.396  41.543  41.475 0.0000000000
104787  56.513  41.848  40.247 0.0000000000
104788  50.838  40.835  41.170 0.0000000000
104790  49.490  41.379  40.507 0.0000000000
104801  48.013  41.194  40.079 0.0000000000
104826  54.895  41.139  35.542 0.0000000000
104832  44.925  41.548  34.163 0.0000000000
104834  40.965  41.942  33.980 0.0000000000
104843  48.802  40.656  34.113 0.0000000000
104847  44.313  41.196  33.329 0.0000000000
104858  46.423  40.895  33.533 0.0000000000
104859  45.708  40.981  33.398 0.0000000000
105282  49.128  42.129  51.703 0.0000000000
105311  49.643  42.482  50.387 0.0000000000
105312  48.855  42.354  50.291 0.0000000000
105320  47.865  42.218  49.152 0.0000000000
105324  49.819  42.599  48.842 0.0000000000
105385  55.807  44.370  42.575 0.0000000000
105393  57.389  43.061  41.795 0.0000000000
105403  57.428  42.911  41.398 0.0000000000
105404  57.399  42.644  40.871 0.0000000000
105430  54.077  42.664  38.378 0.0000000000
105446  43.376  42.675  37.586 0.0000000000
105474  50.636  42.539  35.034 0.0000000000
105482  40.683  43.347  34.461 0.0000000000
105497  53.208  42.502  33.553 0.0000000000
105498  52.621  42.282  33.302 0.0000000000
105952  55.232  43.617  47.572 0.0000000000
105956  55.150  43.288  46.696 0.0000000000
105982  54.392  45.311  42.567 0.0000000000
106012  48.644  44.018  41.363 0.0000000000
106019  57.305  43.170  41.106 0.0000000000
106038  41.892  43.669  39.355 0.0000000000
106048  43.695  43.308  38.227 0.0000000000
106065  39.032  44.340  36.815 0.0000000000
106078  39.358  44.143  36.272 0.0000000000
106096  51.525  43.838  34.454 0.0000000000
106603  54.253  45.061  45.393 0.0000000000
106663  48.078  44.498  41.021 0.0000000000
106671  49.164  44.440  40.168 0.0000000000
106693  51.357  44.434  38.126 0.0000000000
106703  52.460  44.592  37.197 0.0000000000
106706  45.056  44.072  37.826 0.0000000000
106711  53.265  44.087  36.185 0.0000000000
106730  52.239  44.255  34.526 0.0000000000
107305  50.939  45.830  34.873 0.0000000000
107307  48.991  45.232  36.135 0.0000000000
107311  52.042  44.819  34.872 0.0000000000
107312  51.474  44.966  34.956 0.0000000000
107852  55.106  46.812  45.747 0.0000000000
107929  50.254  45.884  38.760 0.0000000000
108544  51.987  47.537  39.727 0.0000000000
108569  53.171  48.091  35.851 0.0000000000
108574  46.382  48.140  37.069 0.0000000000
109221  49.564  49.051  41.502 0.0000000000
109245  52.006  48.422  39.717 0.0000000000
109272  52.028  49.109  35.176 0.0000000000
109886  50.045  49.877  41.663 0.0000000000
109890  45.316  49.756  41.746 0.0000000000
109938  52.245  49.449  36.416 0.0000000000
109947  51.991  49.548  35.755 0.0000000000
110514  49.940  50.718  41.740 0.0000000000
110517  46.873  50.505  41.662 0.0000000000
110530  51.253  50.444  41.025 0.0000000000
110531  50.355  51.215  41.415 0.0000000000
110552  49.129  50.990  38.430 0.0000000000
111155  43.273  52.054  42.177 0.0000000000
111157  41.401  51.666  42.827 0.0000000000
111210  49.596  51.432  39.407 0.0000000000
111793  47.484  52.933  41.372 0.0000000000
111808  49.091  52.373  40.842 0.0000000000
111810  47.806  52.902  41.163 0.0000000000
112446  41.193  53.067  42.607 0.0000000000
113091  40.882  54.875  36.456 0.0000000000
113120  43.323  55.017  34.431 0.0000000000
113678  42.029  55.134  41.387 0.0000000000
113712  48.273  56.547  37.152 0.0000000000
113713  48.023  56.969  37.033 0.0000000000
114287  46.836  57.815  41.168 0.0000000000
114313  48.171  57.041  36.435 0.0000000000
114314  47.554  57.305  36.405 0.0000000000
114319  47.264  57.738  35.614 0.0000000000
114329  47.855  57.320  34.850 0.0000000000
114856  46.600  57.794  41.366 0.0000000000
114866  46.135  58.126  41.379 0.0000000000
114880  40.962  57.181  38.854 0.0000000000
114892  46.366  58.392  39.462 0.0000000000
114904  45.598  57.901  37.911 0.0000000000
114908  47.851  57.235  36.583 0.0000000000
114914  44.840  58.275  35.466 0.0000000000
115404  46.693  58.426  40.755 0.0000000000
115405  46.167  58.613  40.779 0.0000000000
115412  46.637  58.414  40.163 0.0000000000
115424  44.997  58.644  38.440 0.0000000000
115438  45.717  58.314  38.549 0.0000000000
115460  42.310  58.691  36.581 0.0000000000
115926  43.432  58.686  37.578 0.0000000000
125415  56.910  43.858  42.459 0.0000000000
125417  56.573  44.055  41.306 0.0000000000
125921  57.368  42.980  42.121 0.0000000000
126265  57.040  43.597  41.197 0.0000000000
127244  52.491  41.681  45.422 0.0000000000
127572  49.216  43.922  41.090 0.0000000000
128150  45.952  57.964  35.834 0.0000000000
128235  49.766  40.912  39.057 0.0000000000
128285  47.478  41.502  44.551 0.0000000000
128286  48.084  41.481  44.937 0.0000000000
128287  48.856  41.506  44.827 0.0000000000
128366  49.783  42.353  48.089 0.0000000000
128801  53.494  39.823  36.825 0.0000000000
129095  48.971  41.447  41.984 0.0000000000
129991  52.298  42.530  47.690 0.0000000000
130310  57.198  43.647  41.960 0.0000000000
130367  51.403  42.528  51.264 0.0000000000
130945  43.841  42.388  36.786 0.0000000000
132182  52.002  40.793  42.903 0.0000000000
132592  51.190  39.619  35.937 0.0000000000
133602  46.175  39.913  52.933 0.0000000000
134020  45.980  52.996  41.494 0.0000000000
134167  55.241  41.639  43.744 0.0000000000
135800  49.093  49.780  37.325 0.0000000000
135834  47.686  38.951  35.834 0.0000000000
138866  46.026  39.555  37.890 0.0000000000
138887  50.002  37.332  56.151 0.0000000000
138911  53.675  42.648  34.306 0.0000000000
139487  49.694  39.950  32.824 0.0000000000
141056  49.271  42.357  50.743 0.0000000000
141200  47.937  40.993  34.033 0.0000000000
142027  45.808  58.792  39.999 0.0000000000
142047  43.520  40.837  33.179 0.0000000000
142115  50.075  42.121  47.472 0.0000000000
142144  52.644  44.949  36.659 0.0000000000
142306  48.477  47.601  40.371 0.0000000000
143354  45.039  50.399  41.736 0.0000000000
143366  53.801  42.666  47.360 0.0000000000
144704  43.626  57.054  33.757 0.0000000000
146549  48.292  38.687  35.340 0.0000000000
147952  56.655  44.167  41.943 0.0000000000
148062  47.084  40.112  33.236 0.0000000000
148212  57.254  43.397  41.553 0.0000000000
148333  51.399  46.507  34.950 0.0000000000
148437  49.668  37.920  56.831 0.0000000000
151030  52.898  43.953  41.881 0.0000000000
151707  45.319  50.588  37.422 0.0000000000
151855  44.296  39.686  37.137 0.0000000000
152350  55.329  40.082  36.540 0.0000000000
152391  47.586  39.531  37.628 0.0000000000
