#!ascii label  , from subject sub-v1s15x0050204_ses-1 vox2ras=TkReg
1689
110495  -32.336  -27.089  71.679 0.0000000000
124060  -45.001  -2.614  59.165 0.0000000000
54965  -37.061  -15.809  63.242 0.0000000000
39669  -4.819  -31.082  66.249 0.0000000000
41570  -19.684  -28.877  72.952 0.0000000000
119736  -5.433  -20.489  68.507 0.0000000000
47349  -3.932  -23.942  73.580 0.0000000000
58498  -43.089  -12.268  58.787 0.0000000000
51154  -8.030  -19.638  62.481 0.0000000000
36619  -3.774  -34.162  74.011 0.0000000000
47429  -31.822  -23.649  65.507 0.0000000000
119146  -27.744  -28.652  68.888 0.0000000000
41574  -25.945  -28.483  72.942 0.0000000000
69873  -45.364  1.745  58.488 0.0000000000
103680  -40.052  -13.958  60.999 0.0000000000
45656  -15.371  -25.582  70.571 0.0000000000
53060  -10.405  -17.288  68.458 0.0000000000
104959  -8.002  -26.464  66.786 0.0000000000
45698  -5.057  -24.748  64.317 0.0000000000
40687  -4.630  -30.058  61.921 0.0000000000
40508  -9.019  -29.298  80.301 0.0000000000
42512  -4.638  -28.458  79.246 0.0000000000
53086  -34.431  -16.608  65.908 0.0000000000
41517  -24.405  -29.223  76.488 0.0000000000
42598  -21.474  -27.971  70.909 0.0000000000
110409  -4.728  -23.096  70.543 0.0000000000
43668  -7.262  -27.091  70.857 0.0000000000
62053  -44.276  -7.114  58.765 0.0000000000
42526  -11.433  -27.960  77.271 0.0000000000
44661  -13.701  -26.628  74.616 0.0000000000
52093  -5.975  -18.800  64.416 0.0000000000
46587  -6.205  -24.170  61.727 0.0000000000
45613  -7.408  -25.199  74.067 0.0000000000
123282  -5.200  -28.831  74.071 0.0000000000
38669  -4.029  -32.679  70.303 0.0000000000
45658  -33.043  -25.241  71.124 0.0000000000
43700  -31.875  -27.440  69.259 0.0000000000
104309  -33.134  -25.722  68.183 0.0000000000
40608  -29.798  -28.744  69.796 0.0000000000
41654  -28.604  -28.781  67.961 0.0000000000
39604  -29.421  -28.932  72.488 0.0000000000
68071  -44.681  -0.358  59.160 0.0000000000
104826  -42.246  -4.720  57.122 0.0000000000
67258  -43.009  -1.959  56.297 0.0000000000
68123  -44.402  -0.695  54.907 0.0000000000
54989  -38.157  -14.824  62.179 0.0000000000
53133  -33.888  -16.464  62.542 0.0000000000
54996  -35.252  -14.874  60.791 0.0000000000
55894  -36.217  -13.889  59.764 0.0000000000
42634  -5.409  -28.946  67.038 0.0000000000
43743  -5.433  -27.980  65.068 0.0000000000
40645  -4.910  -30.832  64.334 0.0000000000
39730  -6.340  -31.923  61.311 0.0000000000
37755  -7.355  -33.012  64.399 0.0000000000
39581  -8.981  -31.309  77.264 0.0000000000
37571  -7.074  -32.709  78.557 0.0000000000
52075  -32.998  -17.700  67.746 0.0000000000
49115  -31.308  -21.562  67.470 0.0000000000
49150  -30.757  -22.075  64.817 0.0000000000
50094  -30.678  -20.056  66.798 0.0000000000
52099  -32.044  -17.847  65.424 0.0000000000
41498  -26.902  -28.687  77.997 0.0000000000
43675  -24.567  -26.859  70.612 0.0000000000
42583  -23.756  -27.774  72.351 0.0000000000
66464  -48.292  -2.623  52.161 0.0000000000
113302  -49.655  -1.877  50.537 0.0000000000
121101  -3.914  -23.547  71.815 0.0000000000
45653  -5.597  -24.942  71.000 0.0000000000
45643  -5.266  -25.358  71.468 0.0000000000
60230  -43.639  -9.410  59.375 0.0000000000
56826  -39.549  -12.941  57.229 0.0000000000
58512  -40.082  -11.528  56.858 0.0000000000
60243  -40.337  -9.191  57.283 0.0000000000
45559  -13.576  -25.121  80.003 0.0000000000
43602  -14.246  -25.894  78.845 0.0000000000
119050  -5.623  -18.469  69.249 0.0000000000
118521  -7.089  -18.449  68.294 0.0000000000
50088  -5.785  -20.067  66.552 0.0000000000
44813  -4.895  -27.199  62.006 0.0000000000
47446  -4.853  -23.779  62.990 0.0000000000
43807  -6.547  -26.977  61.344 0.0000000000
108125  -8.614  -25.557  74.754 0.0000000000
110275  -4.625  -32.836  76.485 0.0000000000
112827  -4.484  -29.181  76.013 0.0000000000
39590  -4.564  -31.654  74.593 0.0000000000
40571  -4.676  -31.847  71.779 0.0000000000
37625  -3.384  -33.747  72.067 0.0000000000
47418  -32.547  -23.340  67.915 0.0000000000
41520  -28.296  -29.768  76.514 0.0000000000
123220  -28.868  -30.219  75.040 0.0000000000
41604  -27.695  -28.020  70.632 0.0000000000
69886  -47.462  2.264  57.037 0.0000000000
68144  -46.523  -0.815  53.711 0.0000000000
56811  -41.690  -13.255  59.287 0.0000000000
55920  -37.408  -13.736  57.957 0.0000000000
43682  -18.266  -28.675  69.642 0.0000000000
43648  -18.142  -27.176  71.975 0.0000000000
122493  -8.754  -17.851  65.349 0.0000000000
47416  -7.130  -22.894  67.891 0.0000000000
48244  -7.357  -22.505  65.571 0.0000000000
108560  -7.035  -25.168  64.878 0.0000000000
120840  -4.716  -27.217  63.605 0.0000000000
41714  -3.849  -28.943  60.094 0.0000000000
44596  -9.530  -26.347  79.471 0.0000000000
44608  -7.477  -27.400  78.399 0.0000000000
42493  -6.766  -29.091  79.712 0.0000000000
38601  -5.097  -32.601  78.245 0.0000000000
103342  -35.871  -16.463  64.375 0.0000000000
53120  -32.948  -16.850  63.596 0.0000000000
110965  -21.671  -29.202  74.672 0.0000000000
107784  -25.028  -28.755  74.525 0.0000000000
41559  -21.835  -29.039  73.310 0.0000000000
41587  -19.762  -28.685  71.710 0.0000000000
52038  -5.096  -18.406  70.577 0.0000000000
51024  -4.652  -19.629  72.405 0.0000000000
48205  -5.368  -22.161  69.581 0.0000000000
47399  -5.974  -23.862  69.610 0.0000000000
43691  -7.897  -27.389  68.945 0.0000000000
41626  -5.374  -29.921  68.206 0.0000000000
64808  -45.283  -4.585  58.736 0.0000000000
63014  -41.202  -6.788  57.245 0.0000000000
123133  -10.736  -24.489  80.178 0.0000000000
107057  -9.921  -28.814  78.503 0.0000000000
39593  -9.950  -30.024  75.815 0.0000000000
44675  -16.604  -26.180  73.784 0.0000000000
44650  -16.112  -25.850  75.506 0.0000000000
44625  -14.774  -25.779  77.170 0.0000000000
42537  -12.083  -27.724  75.813 0.0000000000
41540  -11.127  -28.925  74.680 0.0000000000
53051  -9.378  -17.795  69.555 0.0000000000
53076  -7.450  -18.051  66.038 0.0000000000
52123  -5.997  -18.688  63.763 0.0000000000
110618  -5.634  -22.072  63.701 0.0000000000
120144  -4.967  -20.559  62.782 0.0000000000
49189  -6.762  -21.556  61.634 0.0000000000
46498  -5.491  -24.589  74.465 0.0000000000
116647  -5.673  -26.665  77.054 0.0000000000
44644  -4.551  -26.773  75.130 0.0000000000
117938  -4.503  -26.180  73.247 0.0000000000
42564  -5.519  -28.316  72.636 0.0000000000
40585  -5.247  -30.890  69.921 0.0000000000
38695  -4.305  -32.170  68.156 0.0000000000
112085  -2.937  -35.813  71.671 0.0000000000
125083  -3.743  -35.457  69.778 0.0000000000
36743  -6.181  -34.728  67.033 0.0000000000
104885  -33.196  -26.297  72.261 0.0000000000
44688  -33.495  -26.303  73.218 0.0000000000
42615  -31.983  -27.151  70.642 0.0000000000
44712  -32.598  -26.553  70.475 0.0000000000
119696  -31.307  -27.709  71.014 0.0000000000
41635  -30.506  -28.272  69.098 0.0000000000
42573  -32.288  -27.721  73.048 0.0000000000
120801  -31.732  -28.465  73.040 0.0000000000
67227  -44.523  -1.280  58.925 0.0000000000
65626  -43.409  -3.859  57.727 0.0000000000
65634  -42.350  -3.438  56.479 0.0000000000
67241  -43.567  -2.034  57.608 0.0000000000
67250  -43.864  -1.258  57.557 0.0000000000
54977  -37.577  -15.385  62.724 0.0000000000
55863  -39.109  -14.879  63.351 0.0000000000
54967  -38.499  -15.398  63.763 0.0000000000
54034  -34.197  -16.005  61.950 0.0000000000
54975  -35.897  -15.841  62.238 0.0000000000
54998  -36.971  -14.918  61.010 0.0000000000
40631  -4.677  -30.547  66.719 0.0000000000
42651  -5.221  -29.147  65.929 0.0000000000
39685  -4.902  -30.994  65.296 0.0000000000
39687  -6.451  -31.945  64.188 0.0000000000
38752  -5.941  -31.989  65.163 0.0000000000
38627  -8.622  -31.687  75.310 0.0000000000
38618  -8.303  -32.117  76.660 0.0000000000
50075  -31.412  -20.701  68.682 0.0000000000
50084  -31.079  -20.591  67.724 0.0000000000
51076  -31.261  -19.781  68.357 0.0000000000
52074  -32.272  -18.160  67.378 0.0000000000
68147  -48.852  -0.776  53.700 0.0000000000
66469  -49.439  -2.158  51.399 0.0000000000
67311  -51.054  -0.735  52.332 0.0000000000
47348  -3.715  -23.759  73.107 0.0000000000
122804  -4.184  -24.867  71.550 0.0000000000
117598  -4.048  -25.209  72.219 0.0000000000
59385  -43.097  -11.294  58.918 0.0000000000
60231  -44.354  -9.967  59.898 0.0000000000
57687  -41.721  -12.603  58.513 0.0000000000
57700  -40.027  -12.169  57.021 0.0000000000
58501  -41.130  -11.571  57.813 0.0000000000
59383  -41.674  -10.210  58.217 0.0000000000
45561  -14.560  -24.759  79.825 0.0000000000
103548  -15.222  -25.591  79.098 0.0000000000
41542  -19.763  -29.054  74.093 0.0000000000
114584  -18.963  -28.302  74.119 0.0000000000
52126  -9.181  -18.776  63.527 0.0000000000
51072  -5.097  -19.587  68.579 0.0000000000
52054  -5.588  -19.130  68.133 0.0000000000
50081  -5.778  -20.228  67.571 0.0000000000
120417  -4.719  -27.911  60.423 0.0000000000
43806  -5.777  -26.931  61.789 0.0000000000
43837  -4.996  -28.092  59.836 0.0000000000
46501  -9.725  -24.904  73.877 0.0000000000
45601  -9.377  -25.513  75.375 0.0000000000
37605  -4.372  -33.868  75.083 0.0000000000
39586  -4.402  -31.840  75.403 0.0000000000
117212  -4.126  -33.270  74.149 0.0000000000
38641  -4.191  -32.963  73.542 0.0000000000
117739  -3.658  -33.741  73.385 0.0000000000
46549  -33.061  -24.300  70.027 0.0000000000
46557  -32.970  -24.316  68.026 0.0000000000
47402  -32.630  -23.128  69.336 0.0000000000
48212  -32.295  -22.507  69.324 0.0000000000
40590  -28.747  -29.560  70.245 0.0000000000
40575  -28.521  -28.709  71.072 0.0000000000
41616  -27.782  -28.325  69.649 0.0000000000
42613  -26.551  -27.329  69.671 0.0000000000
69885  -46.446  1.996  57.214 0.0000000000
68966  -44.692  0.281  56.470 0.0000000000
119593  -45.060  -0.565  54.342 0.0000000000
68979  -45.824  0.500  55.482 0.0000000000
68980  -46.860  0.567  55.343 0.0000000000
56797  -41.062  -13.719  60.028 0.0000000000
56799  -42.455  -13.281  60.551 0.0000000000
55873  -41.417  -14.109  61.833 0.0000000000
55895  -37.607  -13.804  60.290 0.0000000000
55908  -36.794  -13.708  58.450 0.0000000000
120441  -38.900  -13.422  59.371 0.0000000000
55911  -39.797  -13.440  58.992 0.0000000000
53982  -10.833  -16.989  67.081 0.0000000000
103281  -10.134  -17.521  66.013 0.0000000000
53079  -10.153  -17.421  66.726 0.0000000000
46555  -7.621  -24.574  67.428 0.0000000000
46560  -7.760  -24.393  66.291 0.0000000000
44754  -7.876  -26.334  65.917 0.0000000000
124607  -4.581  -28.906  64.772 0.0000000000
43762  -4.870  -27.646  64.550 0.0000000000
42700  -4.042  -28.720  62.747 0.0000000000
42699  -4.123  -28.383  61.967 0.0000000000
41702  -4.158  -29.499  61.495 0.0000000000
40688  -5.278  -30.645  61.139 0.0000000000
44577  -9.018  -27.174  80.174 0.0000000000
44580  -8.665  -27.432  79.714 0.0000000000
41480  -8.024  -29.249  80.684 0.0000000000
36568  -6.119  -33.991  77.046 0.0000000000
36529  -5.971  -33.053  78.189 0.0000000000
35581  -5.768  -34.182  77.209 0.0000000000
36584  -4.845  -34.507  76.597 0.0000000000
53099  -35.233  -16.348  65.342 0.0000000000
53084  -32.879  -17.471  65.876 0.0000000000
52115  -32.151  -17.537  64.633 0.0000000000
53110  -33.625  -16.975  64.702 0.0000000000
53111  -34.359  -16.768  64.246 0.0000000000
123646  -23.657  -29.099  77.595 0.0000000000
41515  -22.548  -29.126  76.373 0.0000000000
116094  -22.909  -29.028  75.609 0.0000000000
41549  -27.061  -29.378  74.666 0.0000000000
41534  -26.743  -29.453  75.468 0.0000000000
41562  -25.491  -28.619  73.749 0.0000000000
42582  -22.015  -28.166  71.825 0.0000000000
42569  -23.302  -28.301  73.068 0.0000000000
41590  -21.412  -28.674  72.490 0.0000000000
41589  -20.687  -28.814  72.546 0.0000000000
42597  -20.641  -28.355  70.854 0.0000000000
42596  -19.253  -28.838  70.042 0.0000000000
113395  -4.167  -21.959  72.005 0.0000000000
49060  -4.352  -21.200  71.511 0.0000000000
50032  -4.500  -20.366  70.885 0.0000000000
48192  -4.969  -22.318  70.199 0.0000000000
120215  -5.610  -22.705  69.467 0.0000000000
47398  -5.636  -23.532  69.836 0.0000000000
44706  -6.553  -25.848  71.076 0.0000000000
44715  -6.489  -25.472  70.510 0.0000000000
42593  -7.787  -27.562  69.862 0.0000000000
42620  -7.190  -28.860  68.638 0.0000000000
41612  -7.419  -28.987  69.326 0.0000000000
63005  -44.491  -6.190  58.507 0.0000000000
105047  -46.302  -5.192  59.442 0.0000000000
62994  -45.735  -6.472  59.419 0.0000000000
61128  -42.142  -7.837  58.082 0.0000000000
62065  -40.951  -7.775  57.405 0.0000000000
63003  -43.091  -6.749  58.207 0.0000000000
63017  -43.021  -5.982  57.972 0.0000000000
47279  -12.256  -23.510  79.774 0.0000000000
42513  -11.444  -27.604  78.093 0.0000000000
42501  -11.497  -26.948  79.618 0.0000000000
110972  -10.848  -28.299  77.570 0.0000000000
40520  -9.913  -29.867  77.127 0.0000000000
40527  -10.652  -28.990  76.605 0.0000000000
118570  -16.991  -26.367  71.075 0.0000000000
44687  -17.388  -26.602  72.440 0.0000000000
121334  -16.589  -26.171  72.496 0.0000000000
113602  -14.339  -26.256  73.697 0.0000000000
44674  -15.501  -25.924  74.012 0.0000000000
118978  -14.172  -26.250  75.284 0.0000000000
44637  -14.985  -25.729  76.359 0.0000000000
44648  -14.199  -26.113  75.864 0.0000000000
43620  -13.641  -26.257  76.845 0.0000000000
43636  -13.064  -27.290  74.908 0.0000000000
41541  -11.660  -28.651  74.226 0.0000000000
111998  -8.851  -17.881  69.902 0.0000000000
52081  -6.335  -18.691  66.020 0.0000000000
112146  -6.954  -18.408  66.564 0.0000000000
113797  -6.704  -18.423  65.823 0.0000000000
52095  -6.843  -18.371  65.255 0.0000000000
52105  -5.877  -18.798  63.805 0.0000000000
47434  -6.582  -23.275  64.275 0.0000000000
48250  -6.366  -22.354  64.252 0.0000000000
47433  -5.923  -23.178  63.663 0.0000000000
121313  -5.440  -24.001  62.064 0.0000000000
48262  -4.878  -22.325  62.283 0.0000000000
48272  -5.049  -22.428  61.927 0.0000000000
49175  -5.287  -20.823  62.169 0.0000000000
48273  -6.059  -22.296  61.763 0.0000000000
47454  -7.752  -23.042  61.508 0.0000000000
45612  -6.417  -25.139  74.526 0.0000000000
44592  -5.415  -27.290  79.052 0.0000000000
44621  -5.949  -26.884  77.796 0.0000000000
44605  -4.863  -26.954  78.423 0.0000000000
41539  -5.057  -29.230  74.844 0.0000000000
43618  -4.344  -27.492  75.847 0.0000000000
43627  -4.453  -27.598  74.762 0.0000000000
44660  -4.570  -26.400  74.029 0.0000000000
43635  -4.629  -27.559  73.768 0.0000000000
43645  -4.762  -27.093  72.988 0.0000000000
42556  -5.301  -28.471  73.093 0.0000000000
39612  -4.107  -32.369  70.986 0.0000000000
40584  -4.689  -31.617  71.104 0.0000000000
39626  -4.290  -31.856  70.430 0.0000000000
116641  -4.344  -31.377  68.885 0.0000000000
38694  -4.205  -32.425  68.966 0.0000000000
105339  -2.847  -37.182  70.424 0.0000000000
35641  -3.150  -35.315  70.888 0.0000000000
110001  -33.422  -23.805  71.527 0.0000000000
43716  -30.946  -26.956  67.872 0.0000000000
43738  -31.475  -26.498  67.526 0.0000000000
43701  -32.461  -26.856  69.219 0.0000000000
121870  -33.075  -25.035  70.407 0.0000000000
116735  -29.116  -30.120  69.094 0.0000000000
40618  -30.126  -30.069  68.917 0.0000000000
42627  -30.470  -28.426  69.003 0.0000000000
39629  -29.202  -28.884  70.993 0.0000000000
69872  -45.007  1.118  58.972 0.0000000000
65654  -41.810  -3.708  54.720 0.0000000000
66450  -42.887  -2.818  53.788 0.0000000000
66451  -43.508  -2.401  53.530 0.0000000000
67272  -43.247  -1.620  55.548 0.0000000000
68101  -44.273  -0.407  56.706 0.0000000000
55882  -39.198  -13.995  61.267 0.0000000000
55872  -40.770  -14.139  62.364 0.0000000000
103753  -39.814  -14.370  62.778 0.0000000000
55855  -40.799  -14.440  64.110 0.0000000000
53146  -32.532  -16.716  61.897 0.0000000000
54043  -32.882  -16.078  61.038 0.0000000000
54044  -33.577  -15.441  60.551 0.0000000000
55008  -33.968  -14.760  59.666 0.0000000000
55892  -34.786  -14.333  59.082 0.0000000000
55893  -35.423  -14.268  59.919 0.0000000000
103752  -37.642  -14.488  60.865 0.0000000000
43705  -7.202  -27.914  66.992 0.0000000000
43725  -6.589  -27.684  66.054 0.0000000000
42652  -5.463  -28.723  66.307 0.0000000000
41659  -4.860  -29.547  65.388 0.0000000000
40657  -4.552  -30.173  63.898 0.0000000000
39729  -5.954  -31.268  61.723 0.0000000000
39717  -6.038  -31.214  62.723 0.0000000000
38777  -6.898  -32.517  62.687 0.0000000000
112256  -8.762  -30.907  78.721 0.0000000000
39567  -8.244  -31.073  80.121 0.0000000000
38602  -8.129  -31.998  77.947 0.0000000000
108001  -34.127  -16.853  66.718 0.0000000000
48239  -31.767  -22.779  66.736 0.0000000000
48253  -31.605  -22.988  65.031 0.0000000000
113033  -31.170  -21.703  66.804 0.0000000000
49127  -30.523  -20.528  66.113 0.0000000000
51111  -30.497  -19.558  65.071 0.0000000000
52084  -31.398  -18.516  66.073 0.0000000000
52085  -32.202  -17.991  66.408 0.0000000000
41506  -25.813  -29.054  77.555 0.0000000000
42585  -25.923  -27.608  71.649 0.0000000000
42570  -24.422  -28.095  72.799 0.0000000000
43661  -24.177  -27.333  71.485 0.0000000000
42599  -22.472  -27.527  70.929 0.0000000000
65690  -47.909  -2.885  50.200 0.0000000000
67345  -48.842  -1.763  49.266 0.0000000000
67356  -49.364  -1.246  48.718 0.0000000000
68234  -49.729  -0.458  47.428 0.0000000000
115086  -4.246  -23.385  71.095 0.0000000000
47389  -4.852  -23.924  70.682 0.0000000000
46531  -4.749  -24.614  71.008 0.0000000000
44705  -5.917  -25.373  71.398 0.0000000000
44694  -6.283  -26.002  71.700 0.0000000000
61118  -43.348  -8.378  58.828 0.0000000000
109894  -44.381  -9.127  59.777 0.0000000000
57712  -39.350  -12.491  55.640 0.0000000000
58521  -39.334  -11.693  55.674 0.0000000000
59408  -38.844  -10.270  55.626 0.0000000000
59391  -40.466  -10.184  57.363 0.0000000000
60235  -41.648  -9.266  58.093 0.0000000000
47273  -12.838  -23.872  80.139 0.0000000000
108898  -14.140  -24.506  79.884 0.0000000000
43591  -13.906  -25.574  79.582 0.0000000000
42514  -12.259  -27.144  77.775 0.0000000000
108013  -13.811  -26.456  72.078 0.0000000000
42558  -12.638  -27.727  73.460 0.0000000000
53035  -7.074  -17.825  70.325 0.0000000000
110169  -7.921  -17.849  69.872 0.0000000000
53057  -6.513  -18.447  68.927 0.0000000000
124510  -6.112  -18.824  66.827 0.0000000000
51094  -5.823  -19.347  65.883 0.0000000000
45711  -4.793  -25.138  63.832 0.0000000000
46581  -4.827  -24.213  63.770 0.0000000000
44800  -5.291  -26.418  62.428 0.0000000000
44814  -5.807  -26.026  62.107 0.0000000000
45728  -6.298  -25.678  61.855 0.0000000000
47367  -9.379  -23.130  72.324 0.0000000000
46513  -8.690  -24.537  73.245 0.0000000000
45600  -7.823  -25.576  74.718 0.0000000000
40519  -4.661  -31.108  77.729 0.0000000000
42525  -4.499  -28.663  78.096 0.0000000000
119647  -4.548  -30.520  76.652 0.0000000000
40534  -4.663  -30.842  75.357 0.0000000000
121009  -5.138  -30.503  74.506 0.0000000000
40549  -5.427  -30.670  73.467 0.0000000000
39595  -4.572  -32.375  73.094 0.0000000000
38658  -4.087  -32.792  71.858 0.0000000000
118269  -3.916  -32.867  71.095 0.0000000000
111733  -32.120  -24.805  66.015 0.0000000000
121419  -32.797  -25.637  67.756 0.0000000000
106733  -32.545  -24.574  66.742 0.0000000000
47423  -32.316  -23.347  67.068 0.0000000000
48223  -32.188  -22.581  68.333 0.0000000000
49104  -31.659  -21.388  68.970 0.0000000000
114055  -27.422  -29.211  74.034 0.0000000000
40555  -29.590  -29.654  73.994 0.0000000000
40553  -28.260  -28.947  72.791 0.0000000000
41575  -26.873  -28.562  72.596 0.0000000000
42600  -26.288  -27.364  70.671 0.0000000000
65675  -45.647  -3.431  52.011 0.0000000000
67308  -47.427  -1.827  52.850 0.0000000000
69005  -48.186  0.196  54.690 0.0000000000
56823  -42.401  -12.884  58.807 0.0000000000
57680  -43.375  -12.526  59.377 0.0000000000
56813  -43.072  -12.870  59.825 0.0000000000
116190  -35.319  -14.189  58.350 0.0000000000
55922  -38.961  -13.408  57.405 0.0000000000
56821  -40.451  -13.100  58.490 0.0000000000
42580  -18.952  -28.555  71.885 0.0000000000
43649  -18.641  -27.838  72.441 0.0000000000
43658  -18.137  -27.336  71.049 0.0000000000
44711  -17.628  -26.769  70.652 0.0000000000
53102  -9.268  -17.989  64.939 0.0000000000
52109  -8.638  -18.391  64.280 0.0000000000
49101  -6.025  -21.757  68.459 0.0000000000
49121  -6.535  -21.334  66.759 0.0000000000
48236  -7.458  -22.604  66.703 0.0000000000
46564  -7.470  -24.252  65.338 0.0000000000
107725  -6.221  -24.839  64.366 0.0000000000
43744  -6.122  -27.519  65.148 0.0000000000
44781  -5.274  -26.160  64.506 0.0000000000
44780  -5.058  -25.549  64.449 0.0000000000
43793  -4.534  -27.406  62.701 0.0000000000
45585  -9.179  -26.424  77.027 0.0000000000
44610  -9.306  -26.566  78.833 0.0000000000
44579  -7.514  -27.946  79.058 0.0000000000
121342  -5.096  -28.600  80.234 0.0000000000
39559  -7.409  -30.851  80.063 0.0000000000
114581  -5.608  -30.484  79.390 0.0000000000
40513  -5.126  -30.244  78.935 0.0000000000
124662  -4.749  -32.422  77.803 0.0000000000
37596  -4.471  -33.940  75.923 0.0000000000
121286  -4.342  -34.543  75.039 0.0000000000
54019  -36.550  -16.142  63.969 0.0000000000
54013  -37.342  -16.003  64.543 0.0000000000
54003  -37.324  -15.953  65.365 0.0000000000
48259  -31.334  -22.681  63.464 0.0000000000
53132  -32.706  -16.911  62.779 0.0000000000
53122  -34.699  -16.751  63.592 0.0000000000
121394  -20.636  -29.148  75.242 0.0000000000
107654  -20.467  -29.386  73.737 0.0000000000
41507  -27.280  -29.126  77.462 0.0000000000
123986  -25.620  -29.350  76.045 0.0000000000
110199  -24.909  -29.250  75.880 0.0000000000
42561  -24.094  -28.288  73.340 0.0000000000
103288  -23.307  -28.880  73.929 0.0000000000
41546  -22.753  -29.137  73.993 0.0000000000
104777  -21.885  -29.153  73.620 0.0000000000
106153  -20.388  -29.069  72.827 0.0000000000
122123  -19.844  -28.727  72.201 0.0000000000
123744  -18.805  -28.818  70.819 0.0000000000
68243  -50.050  -0.039  46.731 0.0000000000
69131  -50.583  0.490  45.301 0.0000000000
69140  -51.859  0.838  44.469 0.0000000000
52046  -5.057  -18.623  69.556 0.0000000000
51061  -4.796  -19.341  69.210 0.0000000000
52024  -4.921  -18.836  71.704 0.0000000000
51048  -4.673  -19.866  69.940 0.0000000000
49100  -5.649  -21.473  68.781 0.0000000000
48216  -5.816  -22.240  68.986 0.0000000000
47409  -6.428  -23.379  68.840 0.0000000000
46552  -7.261  -24.731  68.512 0.0000000000
120445  -6.084  -24.593  70.054 0.0000000000
45662  -7.137  -25.571  69.407 0.0000000000
105703  -7.945  -27.363  67.959 0.0000000000
42636  -7.311  -28.315  68.061 0.0000000000
41641  -5.838  -29.282  67.764 0.0000000000
40623  -4.491  -30.783  67.495 0.0000000000
65617  -44.792  -3.843  58.634 0.0000000000
61145  -39.011  -8.556  56.150 0.0000000000
115170  -39.250  -7.745  56.149 0.0000000000
63047  -40.173  -6.282  55.911 0.0000000000
63954  -41.732  -5.314  57.067 0.0000000000
64806  -43.756  -4.661  58.050 0.0000000000
46442  -10.060  -25.429  79.813 0.0000000000
44575  -9.520  -27.441  80.286 0.0000000000
45556  -12.667  -25.485  80.257 0.0000000000
43572  -10.617  -27.483  79.828 0.0000000000
41488  -9.414  -28.963  79.725 0.0000000000
39585  -9.462  -30.566  76.930 0.0000000000
43644  -18.724  -27.795  73.468 0.0000000000
43630  -17.971  -27.017  75.001 0.0000000000
44651  -17.056  -26.316  75.336 0.0000000000
106268  -16.062  -25.994  73.080 0.0000000000
44663  -16.376  -26.075  74.678 0.0000000000
106318  -16.670  -26.201  76.141 0.0000000000
44638  -16.366  -25.992  77.273 0.0000000000
44626  -15.699  -25.782  77.673 0.0000000000
44612  -15.692  -25.736  78.394 0.0000000000
43612  -13.959  -26.049  77.791 0.0000000000
43611  -12.896  -26.585  77.311 0.0000000000
123958  -11.871  -27.762  76.357 0.0000000000
42551  -11.948  -28.283  74.703 0.0000000000
42544  -11.607  -28.256  75.432 0.0000000000
105323  -11.048  -28.621  75.833 0.0000000000
40542  -10.465  -29.508  75.053 0.0000000000
105983  -9.547  -17.775  68.812 0.0000000000
53050  -8.610  -18.019  69.068 0.0000000000
53058  -8.901  -17.992  68.264 0.0000000000
53059  -9.551  -17.681  67.915 0.0000000000
53089  -8.379  -17.820  65.765 0.0000000000
52108  -7.465  -18.495  64.319 0.0000000000
52124  -6.856  -18.858  63.656 0.0000000000
50089  -5.976  -20.668  66.107 0.0000000000
49133  -5.924  -20.555  64.935 0.0000000000
50111  -5.512  -19.820  64.441 0.0000000000
48258  -5.177  -22.439  63.247 0.0000000000
49161  -5.131  -21.438  63.277 0.0000000000
50119  -5.250  -19.849  63.676 0.0000000000
51151  -5.379  -19.531  62.938 0.0000000000
51152  -5.872  -19.281  62.838 0.0000000000
108186  -7.407  -20.142  62.056 0.0000000000
49190  -7.615  -21.759  61.495 0.0000000000
45592  -8.399  -26.188  76.388 0.0000000000
45591  -7.484  -25.982  75.724 0.0000000000
44647  -6.463  -25.929  75.571 0.0000000000
43610  -4.391  -27.483  76.956 0.0000000000
44645  -4.985  -26.142  75.720 0.0000000000
45598  -6.029  -25.472  75.007 0.0000000000
45610  -4.714  -25.697  74.274 0.0000000000
107677  -4.349  -25.583  73.442 0.0000000000
45624  -3.842  -25.154  72.866 0.0000000000
44692  -4.877  -25.939  72.067 0.0000000000
43646  -5.409  -27.221  72.516 0.0000000000
124746  -6.340  -28.938  71.648 0.0000000000
41582  -5.776  -30.260  72.038 0.0000000000
41583  -6.152  -29.871  71.445 0.0000000000
41598  -6.650  -29.222  70.872 0.0000000000
41610  -5.693  -30.258  69.192 0.0000000000
106780  -4.380  -31.043  68.197 0.0000000000
38709  -4.524  -31.971  67.457 0.0000000000
35609  -3.539  -35.202  74.045 0.0000000000
34565  -3.110  -36.362  72.511 0.0000000000
35617  -3.195  -34.736  73.247 0.0000000000
35630  -2.961  -34.873  71.722 0.0000000000
36690  -3.368  -34.450  71.079 0.0000000000
36709  -4.082  -34.151  69.820 0.0000000000
35663  -4.374  -35.015  69.205 0.0000000000
37696  -4.249  -33.406  69.273 0.0000000000
110406  -4.522  -33.323  68.203 0.0000000000
37712  -4.798  -33.423  67.706 0.0000000000
37740  -5.802  -33.034  66.483 0.0000000000
37741  -6.618  -33.443  65.871 0.0000000000
36759  -6.358  -34.758  64.066 0.0000000000
43663  -32.860  -26.885  71.792 0.0000000000
106971  -33.113  -26.927  72.787 0.0000000000
42602  -32.072  -27.037  71.099 0.0000000000
43676  -32.472  -26.658  71.140 0.0000000000
121766  -31.969  -27.253  71.654 0.0000000000
41606  -31.743  -27.342  71.178 0.0000000000
108942  -32.637  -27.240  72.447 0.0000000000
41593  -31.813  -27.649  72.058 0.0000000000
114343  -33.443  -27.047  73.677 0.0000000000
66406  -44.489  -2.163  58.766 0.0000000000
67228  -45.229  -1.062  59.697 0.0000000000
116781  -45.121  -1.925  59.412 0.0000000000
115300  -44.594  -2.976  58.681 0.0000000000
66415  -43.450  -2.895  57.682 0.0000000000
66405  -43.972  -2.508  58.202 0.0000000000
67242  -44.022  -1.607  58.205 0.0000000000
54966  -37.868  -15.667  63.482 0.0000000000
54027  -36.176  -16.079  63.017 0.0000000000
54976  -36.720  -15.584  62.470 0.0000000000
40637  -4.904  -30.377  65.850 0.0000000000
39670  -5.267  -31.541  65.805 0.0000000000
38634  -8.125  -32.278  74.748 0.0000000000
124182  -3.755  -24.808  72.391 0.0000000000
46510  -3.653  -24.461  73.004 0.0000000000
58494  -43.644  -11.681  59.416 0.0000000000
57688  -42.508  -12.536  58.625 0.0000000000
57692  -40.841  -12.185  57.937 0.0000000000
58502  -41.795  -12.117  58.292 0.0000000000
58496  -41.753  -11.204  58.238 0.0000000000
105752  -15.959  -24.364  79.315 0.0000000000
45571  -15.282  -24.643  79.599 0.0000000000
44598  -15.696  -25.084  79.405 0.0000000000
115472  -19.501  -28.844  73.678 0.0000000000
42559  -19.235  -28.575  73.425 0.0000000000
52145  -8.649  -19.202  62.959 0.0000000000
112260  -5.601  -19.610  67.869 0.0000000000
49109  -5.993  -21.026  68.118 0.0000000000
119600  -9.861  -25.572  76.198 0.0000000000
36601  -4.223  -34.228  74.650 0.0000000000
38632  -4.279  -33.322  74.874 0.0000000000
118470  -4.045  -33.754  74.242 0.0000000000
36639  -3.389  -34.121  73.348 0.0000000000
47394  -32.975  -23.680  70.868 0.0000000000
47403  -32.799  -23.411  70.099 0.0000000000
48201  -32.798  -23.037  70.759 0.0000000000
48213  -32.556  -22.852  70.043 0.0000000000
40604  -28.431  -29.619  69.833 0.0000000000
41605  -28.185  -28.688  70.109 0.0000000000
41617  -28.121  -29.112  69.287 0.0000000000
69884  -45.519  1.561  57.555 0.0000000000
68959  -44.981  0.917  57.022 0.0000000000
68967  -45.408  0.769  56.216 0.0000000000
69892  -45.848  1.378  56.692 0.0000000000
119691  -40.676  -13.877  60.785 0.0000000000
55883  -41.286  -13.913  61.016 0.0000000000
103727  -40.782  -13.998  61.543 0.0000000000
55897  -39.196  -13.682  60.311 0.0000000000
55896  -38.148  -13.515  59.879 0.0000000000
123868  -39.552  -13.587  59.668 0.0000000000
53964  -11.359  -16.552  68.491 0.0000000000
53971  -10.844  -16.934  67.783 0.0000000000
53070  -10.219  -17.359  67.501 0.0000000000
45672  -7.750  -25.552  67.621 0.0000000000
45681  -7.945  -25.512  66.426 0.0000000000
41675  -4.309  -29.445  63.395 0.0000000000
42688  -4.305  -28.655  63.863 0.0000000000
41690  -4.243  -29.485  62.397 0.0000000000
109955  -4.507  -30.003  61.107 0.0000000000
110466  -8.973  -28.138  80.833 0.0000000000
43565  -8.771  -28.235  80.663 0.0000000000
40504  -8.648  -29.695  80.425 0.0000000000
35570  -5.742  -34.071  77.132 0.0000000000
53087  -35.320  -16.227  66.049 0.0000000000
46571  -31.729  -24.065  64.846 0.0000000000
53097  -33.622  -17.072  65.413 0.0000000000
53098  -34.381  -16.736  64.991 0.0000000000
117222  -23.926  -29.258  77.203 0.0000000000
41516  -23.454  -29.220  76.420 0.0000000000
41563  -26.624  -28.810  73.694 0.0000000000
41548  -26.107  -28.878  74.630 0.0000000000
42581  -21.006  -28.426  71.798 0.0000000000
42611  -20.152  -28.453  69.842 0.0000000000
48173  -4.338  -22.436  71.008 0.0000000000
122696  -4.320  -21.782  71.246 0.0000000000
49073  -4.570  -21.476  70.605 0.0000000000
48193  -5.291  -23.149  70.057 0.0000000000
44707  -7.185  -26.364  70.304 0.0000000000
122520  -7.715  -28.402  69.636 0.0000000000
42592  -7.415  -28.491  70.308 0.0000000000
107418  -43.820  -6.689  58.452 0.0000000000
63006  -45.316  -5.991  58.841 0.0000000000
62993  -45.005  -6.832  59.058 0.0000000000
62051  -42.807  -7.685  58.357 0.0000000000
120954  -10.429  -29.243  77.030 0.0000000000
41502  -10.835  -28.692  76.937 0.0000000000
45645  -16.182  -25.852  71.081 0.0000000000
44698  -16.764  -26.225  71.791 0.0000000000
44673  -13.547  -26.771  73.759 0.0000000000
44662  -14.657  -26.014  74.715 0.0000000000
43637  -13.549  -26.650  75.408 0.0000000000
53036  -8.620  -17.705  70.576 0.0000000000
52080  -6.075  -18.891  65.323 0.0000000000
124853  -6.570  -18.554  66.303 0.0000000000
52094  -6.360  -18.642  64.976 0.0000000000
46569  -5.922  -24.213  63.878 0.0000000000
46576  -5.100  -23.880  63.793 0.0000000000
47452  -5.693  -23.282  61.843 0.0000000000
47453  -6.832  -23.352  61.535 0.0000000000
46588  -7.137  -24.364  61.582 0.0000000000
43587  -4.867  -27.603  79.631 0.0000000000
43600  -4.874  -27.071  79.267 0.0000000000
121317  -4.686  -27.216  78.926 0.0000000000
124243  -4.504  -28.307  75.391 0.0000000000
42550  -4.758  -28.246  74.395 0.0000000000
42555  -5.022  -28.258  73.627 0.0000000000
41553  -5.396  -28.993  73.451 0.0000000000
39625  -4.129  -32.274  70.344 0.0000000000
39634  -4.261  -31.793  69.624 0.0000000000
39633  -4.141  -32.281  69.672 0.0000000000
32771  -2.754  -38.370  69.733 0.0000000000
33646  -2.680  -38.121  70.599 0.0000000000
33663  -2.947  -37.445  69.749 0.0000000000
46535  -33.394  -24.574  71.656 0.0000000000
42646  -30.831  -27.462  68.660 0.0000000000
120065  -31.376  -26.905  68.416 0.0000000000
44700  -32.889  -26.157  71.297 0.0000000000
114560  -32.986  -25.826  70.353 0.0000000000
46543  -33.074  -24.418  70.982 0.0000000000
40606  -29.377  -30.013  69.351 0.0000000000
40617  -29.765  -30.116  68.837 0.0000000000
40607  -29.845  -29.986  69.251 0.0000000000
42628  -31.179  -27.710  69.343 0.0000000000
118248  -30.207  -28.535  70.933 0.0000000000
40578  -30.371  -28.511  71.860 0.0000000000
40593  -29.525  -28.789  70.293 0.0000000000
40591  -28.885  -29.651  70.075 0.0000000000
68950  -44.624  0.282  58.585 0.0000000000
69865  -45.233  1.274  59.960 0.0000000000
68941  -44.953  0.475  59.437 0.0000000000
64821  -41.579  -4.704  56.587 0.0000000000
63976  -40.951  -4.792  55.886 0.0000000000
122100  -41.513  -4.254  56.030 0.0000000000
66422  -42.641  -2.690  56.400 0.0000000000
105542  -42.362  -3.047  55.825 0.0000000000
65645  -42.320  -3.118  55.083 0.0000000000
65655  -42.357  -3.261  54.200 0.0000000000
66442  -42.727  -2.613  54.567 0.0000000000
66443  -43.110  -1.933  54.753 0.0000000000
68084  -44.291  -0.639  58.241 0.0000000000
68096  -44.175  -0.519  57.439 0.0000000000
108200  -44.414  0.074  57.897 0.0000000000
55881  -38.333  -14.441  61.401 0.0000000000
55871  -39.097  -14.377  62.077 0.0000000000
112337  -38.929  -14.792  62.735 0.0000000000
54968  -39.131  -14.856  64.082 0.0000000000
103349  -39.911  -14.455  63.656 0.0000000000
55854  -39.950  -14.522  64.536 0.0000000000
122819  -33.222  -16.638  62.474 0.0000000000
54033  -33.410  -16.342  61.932 0.0000000000
54985  -34.747  -15.561  61.368 0.0000000000
54045  -34.099  -15.618  61.229 0.0000000000
54995  -34.379  -15.167  60.651 0.0000000000
55007  -33.248  -15.025  59.634 0.0000000000
55009  -34.719  -14.637  60.064 0.0000000000
112335  -37.675  -14.836  61.342 0.0000000000
43724  -5.983  -28.363  66.592 0.0000000000
40644  -4.689  -30.286  64.867 0.0000000000
41666  -4.478  -29.479  64.407 0.0000000000
40658  -5.145  -30.658  63.344 0.0000000000
39702  -5.757  -31.297  63.729 0.0000000000
39703  -6.732  -31.868  63.163 0.0000000000
109863  -7.218  -32.678  63.778 0.0000000000
37774  -7.104  -33.301  63.212 0.0000000000
39578  -8.958  -31.165  77.976 0.0000000000
38593  -8.539  -31.480  78.339 0.0000000000
38611  -8.669  -31.825  77.190 0.0000000000
53074  -33.604  -17.289  67.194 0.0000000000
48230  -31.514  -22.200  67.151 0.0000000000
48238  -31.268  -22.168  66.259 0.0000000000
107124  -30.859  -21.008  66.876 0.0000000000
50106  -30.377  -20.130  65.452 0.0000000000
51098  -30.648  -19.368  65.784 0.0000000000
116318  -30.924  -19.203  66.642 0.0000000000
41497  -26.086  -28.782  78.208 0.0000000000
43662  -25.268  -27.250  71.136 0.0000000000
42584  -24.877  -27.657  72.025 0.0000000000
65678  -47.989  -3.072  51.779 0.0000000000
65684  -48.044  -3.172  51.133 0.0000000000
66468  -48.669  -2.663  51.495 0.0000000000
66488  -49.048  -2.083  50.110 0.0000000000
67355  -48.605  -1.525  48.386 0.0000000000
67357  -50.069  -1.009  49.134 0.0000000000
67347  -50.259  -1.351  50.061 0.0000000000
47365  -4.049  -22.842  71.928 0.0000000000
46530  -4.162  -24.169  71.245 0.0000000000
45642  -4.582  -25.387  71.732 0.0000000000
45652  -4.999  -24.999  71.139 0.0000000000
44693  -5.675  -26.054  72.015 0.0000000000
107709  -42.898  -9.243  58.886 0.0000000000
61113  -44.127  -8.471  59.385 0.0000000000
56833  -39.414  -13.072  56.291 0.0000000000
56846  -39.593  -12.597  56.208 0.0000000000
58522  -39.762  -12.019  56.195 0.0000000000
58511  -39.661  -11.203  56.276 0.0000000000
59401  -40.016  -10.687  56.861 0.0000000000
60236  -42.297  -9.690  58.581 0.0000000000
120832  -42.373  -8.626  58.403 0.0000000000
46455  -14.380  -24.265  79.729 0.0000000000
44597  -14.508  -25.488  79.490 0.0000000000
44584  -14.333  -25.153  79.769 0.0000000000
124035  -14.055  -25.714  79.357 0.0000000000
112986  -13.379  -26.061  79.159 0.0000000000
43601  -13.170  -26.338  78.283 0.0000000000
116864  -13.227  -27.025  72.318 0.0000000000
43657  -12.776  -27.372  71.682 0.0000000000
53048  -6.161  -17.897  69.845 0.0000000000
114415  -7.042  -18.090  69.598 0.0000000000
107319  -5.813  -18.818  68.461 0.0000000000
51083  -5.759  -19.473  66.932 0.0000000000
118689  -5.825  -19.035  67.286 0.0000000000
52067  -5.990  -18.948  66.362 0.0000000000
106736  -4.891  -26.713  62.912 0.0000000000
45720  -4.910  -25.742  63.027 0.0000000000
116644  -5.925  -27.252  61.086 0.0000000000
44815  -6.435  -26.404  61.705 0.0000000000
43820  -6.406  -27.455  60.685 0.0000000000
45615  -9.144  -25.390  74.250 0.0000000000
45625  -8.907  -25.113  73.573 0.0000000000
45614  -8.344  -25.360  74.017 0.0000000000
39580  -4.679  -32.100  77.292 0.0000000000
116601  -4.571  -30.381  77.330 0.0000000000
120050  -4.596  -31.218  76.924 0.0000000000
38633  -4.286  -32.624  74.567 0.0000000000
117713  -4.883  -29.965  75.358 0.0000000000
109255  -4.964  -31.602  73.712 0.0000000000
119767  -4.484  -32.332  73.906 0.0000000000
38648  -3.903  -33.313  72.845 0.0000000000
38649  -4.227  -32.826  72.671 0.0000000000
37626  -3.719  -33.391  72.127 0.0000000000
106355  -3.701  -33.423  71.464 0.0000000000
45694  -31.576  -25.160  65.563 0.0000000000
43718  -32.884  -26.174  68.332 0.0000000000
44750  -32.256  -26.001  67.652 0.0000000000
45678  -32.928  -25.050  67.547 0.0000000000
46556  -32.715  -24.088  67.295 0.0000000000
122018  -32.470  -23.923  66.682 0.0000000000
48231  -32.031  -22.695  67.528 0.0000000000
49096  -31.991  -21.713  69.693 0.0000000000
42643  -27.911  -28.793  67.455 0.0000000000
40537  -28.556  -30.092  75.368 0.0000000000
41550  -27.898  -29.657  74.664 0.0000000000
121577  -28.594  -29.824  74.561 0.0000000000
39599  -30.551  -29.523  73.822 0.0000000000
40564  -29.319  -29.123  72.923 0.0000000000
41592  -28.020  -28.330  70.957 0.0000000000
40562  -28.409  -28.761  71.721 0.0000000000
41576  -27.700  -28.624  72.140 0.0000000000
41591  -27.284  -28.243  71.611 0.0000000000
42586  -26.901  -27.710  71.164 0.0000000000
69894  -47.918  1.687  56.419 0.0000000000
67289  -43.600  -1.763  54.069 0.0000000000
66460  -44.146  -2.701  52.805 0.0000000000
66452  -44.194  -1.890  53.377 0.0000000000
68143  -45.513  -0.877  53.743 0.0000000000
66453  -45.120  -1.556  53.285 0.0000000000
66461  -45.872  -2.073  52.673 0.0000000000
67307  -46.724  -1.783  52.840 0.0000000000
66462  -46.934  -2.532  52.479 0.0000000000
67292  -47.029  -1.339  53.284 0.0000000000
69910  -47.367  1.122  55.834 0.0000000000
69004  -47.337  0.146  54.709 0.0000000000
68981  -47.807  0.628  55.270 0.0000000000
69911  -48.335  1.197  55.804 0.0000000000
56812  -42.997  -12.961  58.979 0.0000000000
112301  -42.477  -13.074  59.460 0.0000000000
56786  -42.568  -13.560  61.569 0.0000000000
55864  -40.768  -14.288  63.192 0.0000000000
55865  -41.460  -14.166  62.685 0.0000000000
55907  -35.655  -13.966  59.062 0.0000000000
123086  -37.277  -13.586  58.654 0.0000000000
104602  -37.536  -13.955  56.866 0.0000000000
55921  -38.188  -13.662  57.663 0.0000000000
56810  -40.805  -13.468  59.147 0.0000000000
56822  -41.421  -13.024  58.643 0.0000000000
43659  -18.523  -28.058  71.481 0.0000000000
43672  -18.395  -28.379  70.549 0.0000000000
114117  -17.662  -26.712  69.829 0.0000000000
53994  -10.887  -17.185  66.353 0.0000000000
53090  -9.323  -17.712  65.623 0.0000000000
48226  -6.883  -22.063  67.359 0.0000000000
45689  -7.722  -25.200  65.627 0.0000000000
46570  -6.784  -24.162  64.602 0.0000000000
43723  -5.732  -28.099  65.849 0.0000000000
108352  -4.436  -27.933  63.952 0.0000000000
43763  -5.499  -27.212  64.649 0.0000000000
104201  -5.083  -26.635  64.354 0.0000000000
44791  -4.871  -26.161  63.761 0.0000000000
42709  -3.895  -28.561  61.260 0.0000000000
43804  -4.103  -28.130  61.103 0.0000000000
39741  -5.973  -31.522  60.673 0.0000000000
38796  -6.133  -32.305  60.632 0.0000000000
45586  -9.726  -26.058  78.029 0.0000000000
43569  -7.785  -28.501  80.083 0.0000000000
43576  -7.176  -28.389  79.275 0.0000000000
43575  -5.977  -28.330  79.203 0.0000000000
42498  -5.857  -28.779  79.409 0.0000000000
38574  -7.852  -31.374  80.117 0.0000000000
38583  -7.251  -32.173  79.310 0.0000000000
37569  -5.563  -32.955  78.204 0.0000000000
38581  -6.425  -31.993  79.068 0.0000000000
38591  -5.711  -32.250  78.579 0.0000000000
111508  -5.331  -30.583  78.975 0.0000000000
39572  -4.854  -32.128  78.169 0.0000000000
39577  -4.735  -31.696  78.032 0.0000000000
38609  -4.903  -32.950  77.812 0.0000000000
36566  -4.806  -33.962  76.703 0.0000000000
36583  -4.480  -34.587  75.910 0.0000000000
118448  -4.401  -34.238  75.278 0.0000000000
54012  -36.642  -16.300  64.877 0.0000000000
48245  -31.238  -22.419  65.355 0.0000000000
48252  -31.244  -22.580  64.476 0.0000000000
53109  -32.864  -17.031  64.372 0.0000000000
52135  -32.082  -17.282  63.938 0.0000000000
120885  -35.118  -16.592  64.062 0.0000000000
109750  -35.517  -16.523  63.522 0.0000000000
41530  -22.077  -29.002  75.535 0.0000000000
41514  -21.647  -28.999  76.246 0.0000000000
41543  -20.897  -29.398  74.565 0.0000000000
41533  -25.633  -29.136  75.445 0.0000000000
109597  -26.432  -29.448  76.239 0.0000000000
105107  -24.504  -28.891  75.098 0.0000000000
42562  -24.949  -28.486  73.125 0.0000000000
42568  -22.096  -28.703  72.952 0.0000000000
41560  -22.697  -28.773  73.470 0.0000000000
103677  -23.557  -28.812  74.607 0.0000000000
125029  -22.446  -29.010  73.667 0.0000000000
103645  -20.636  -29.088  72.894 0.0000000000
41572  -20.244  -28.847  72.532 0.0000000000
41601  -19.215  -28.743  71.505 0.0000000000
119069  -19.465  -28.632  69.343 0.0000000000
42610  -18.684  -28.757  69.302 0.0000000000
68235  -50.306  -0.179  47.735 0.0000000000
69139  -50.973  0.636  44.606 0.0000000000
69132  -51.456  0.813  45.403 0.0000000000
52045  -4.779  -19.040  69.939 0.0000000000
50023  -4.449  -20.396  71.968 0.0000000000
112697  -4.596  -19.683  71.547 0.0000000000
49091  -5.035  -21.416  69.707 0.0000000000
50046  -4.746  -20.721  70.003 0.0000000000
50061  -4.866  -20.393  69.156 0.0000000000
49092  -5.306  -21.321  69.129 0.0000000000
119903  -5.577  -21.976  69.203 0.0000000000
47408  -5.896  -23.047  69.224 0.0000000000
46551  -6.553  -24.214  69.170 0.0000000000
46548  -6.782  -24.960  69.369 0.0000000000
46541  -5.314  -24.548  70.743 0.0000000000
46542  -5.710  -24.662  70.631 0.0000000000
112076  -7.639  -26.716  69.584 0.0000000000
44716  -7.102  -25.910  69.823 0.0000000000
111536  -7.713  -26.383  68.925 0.0000000000
41627  -6.509  -29.492  68.682 0.0000000000
42619  -6.614  -28.952  68.067 0.0000000000
41640  -5.058  -29.602  67.436 0.0000000000
65618  -45.752  -3.946  59.064 0.0000000000
54014  -37.998  -15.782  64.839 0.0000000000
60251  -39.564  -9.200  56.667 0.0000000000
60260  -38.944  -9.434  55.985 0.0000000000
124334  -39.934  -8.767  56.924 0.0000000000
121677  -39.863  -7.716  56.568 0.0000000000
62079  -40.442  -7.315  56.834 0.0000000000
63029  -39.805  -6.967  56.145 0.0000000000
63030  -40.566  -6.460  56.541 0.0000000000
63031  -41.152  -5.864  56.883 0.0000000000
63015  -41.830  -6.083  57.389 0.0000000000
63946  -44.128  -5.348  58.273 0.0000000000
63945  -43.365  -5.358  57.953 0.0000000000
64807  -44.518  -4.643  58.367 0.0000000000
106234  -44.103  -4.082  58.205 0.0000000000
105899  -10.764  -24.052  79.828 0.0000000000
46452  -10.391  -24.548  80.054 0.0000000000
45554  -9.977  -26.464  80.092 0.0000000000
105810  -10.414  -26.047  79.869 0.0000000000
105921  -13.580  -24.452  80.070 0.0000000000
46444  -12.541  -24.144  80.374 0.0000000000
44582  -12.918  -26.002  79.868 0.0000000000
42503  -10.592  -27.673  79.425 0.0000000000
42500  -10.634  -27.490  79.772 0.0000000000
41491  -9.938  -28.535  79.255 0.0000000000
41489  -9.910  -28.277  79.913 0.0000000000
40515  -9.558  -29.224  79.027 0.0000000000
40514  -9.326  -29.799  78.710 0.0000000000
40518  -9.727  -29.354  78.215 0.0000000000
39589  -9.984  -29.938  76.550 0.0000000000
39588  -9.505  -30.588  76.266 0.0000000000
39587  -9.111  -31.176  75.857 0.0000000000
113830  -9.503  -30.656  75.583 0.0000000000
43643  -18.167  -27.073  72.966 0.0000000000
44676  -17.453  -26.576  73.436 0.0000000000
44664  -17.341  -26.459  74.392 0.0000000000
118121  -14.971  -25.733  72.243 0.0000000000
44685  -15.151  -25.829  73.003 0.0000000000
120754  -15.510  -25.857  74.929 0.0000000000
124700  -16.354  -25.955  76.674 0.0000000000
110474  -15.860  -25.665  76.198 0.0000000000
121245  -15.738  -25.635  76.885 0.0000000000
44611  -14.980  -25.825  78.202 0.0000000000
43619  -12.653  -27.008  76.388 0.0000000000
42527  -12.114  -27.504  76.962 0.0000000000
42557  -12.161  -28.255  73.785 0.0000000000
42552  -12.506  -27.787  74.376 0.0000000000
41526  -11.344  -28.584  75.112 0.0000000000
41525  -10.832  -28.889  75.597 0.0000000000
53037  -9.557  -17.598  70.382 0.0000000000
53038  -10.477  -17.196  70.514 0.0000000000
53052  -10.189  -17.418  69.555 0.0000000000
53049  -7.511  -18.161  68.986 0.0000000000
53067  -7.747  -18.130  67.014 0.0000000000
52056  -7.932  -18.129  68.082 0.0000000000
53068  -8.683  -17.929  67.468 0.0000000000
53077  -8.482  -17.837  66.584 0.0000000000
52107  -6.412  -18.614  64.261 0.0000000000
53100  -7.039  -18.392  64.829 0.0000000000
48235  -7.130  -21.800  66.168 0.0000000000
49148  -6.110  -21.415  64.556 0.0000000000
49147  -5.439  -20.742  63.941 0.0000000000
47440  -5.071  -23.379  63.416 0.0000000000
49174  -4.787  -21.660  62.308 0.0000000000
48257  -4.881  -21.950  62.854 0.0000000000
49160  -4.877  -21.158  62.776 0.0000000000
116494  -5.049  -20.550  63.228 0.0000000000
120424  -5.076  -19.945  63.104 0.0000000000
51133  -5.491  -19.325  63.473 0.0000000000
50126  -5.122  -20.299  62.623 0.0000000000
110013  -5.879  -21.378  61.927 0.0000000000
50127  -5.624  -20.009  62.480 0.0000000000
50135  -6.381  -20.653  62.035 0.0000000000
50128  -6.373  -19.855  62.414 0.0000000000
50136  -7.472  -20.995  61.613 0.0000000000
112645  -4.454  -24.289  74.120 0.0000000000
44624  -8.924  -26.830  77.842 0.0000000000
121918  -8.455  -26.771  77.085 0.0000000000
44634  -6.517  -26.771  76.903 0.0000000000
118456  -6.805  -26.402  76.243 0.0000000000
44633  -5.830  -26.267  76.275 0.0000000000
107123  -4.352  -28.865  77.092 0.0000000000
112928  -4.368  -28.061  77.540 0.0000000000
42535  -4.294  -28.196  76.489 0.0000000000
44631  -4.575  -26.755  76.359 0.0000000000
44646  -5.630  -25.824  75.524 0.0000000000
45597  -5.227  -25.678  74.971 0.0000000000
45596  -4.757  -26.119  74.806 0.0000000000
44672  -4.536  -26.832  73.496 0.0000000000
45632  -4.357  -25.717  72.591 0.0000000000
44681  -4.681  -26.388  72.799 0.0000000000
43654  -6.241  -26.862  72.029 0.0000000000
42577  -5.922  -28.112  72.058 0.0000000000
40558  -5.074  -31.613  72.662 0.0000000000
40559  -5.557  -30.549  72.668 0.0000000000
105936  -5.458  -30.876  71.031 0.0000000000
41597  -6.061  -30.174  70.409 0.0000000000
39642  -4.264  -31.657  68.506 0.0000000000
40612  -4.497  -30.956  68.583 0.0000000000
39648  -4.340  -31.437  67.818 0.0000000000
34538  -3.516  -36.083  74.264 0.0000000000
105460  -2.992  -36.706  71.741 0.0000000000
33607  -3.184  -37.345  72.345 0.0000000000
106844  -2.971  -35.346  72.511 0.0000000000
35623  -2.974  -34.555  72.416 0.0000000000
34597  -3.328  -35.809  70.197 0.0000000000
35642  -3.670  -34.852  70.241 0.0000000000
36691  -3.776  -33.987  70.508 0.0000000000
36724  -4.343  -34.330  69.264 0.0000000000
36725  -4.476  -33.770  68.718 0.0000000000
37727  -5.498  -33.659  67.130 0.0000000000
37726  -4.979  -32.636  67.119 0.0000000000
45646  -33.305  -25.473  71.876 0.0000000000
46528  -33.512  -24.919  72.293 0.0000000000
45638  -33.431  -25.669  72.577 0.0000000000
42629  -31.803  -27.466  69.821 0.0000000000
113473  -32.304  -27.084  69.860 0.0000000000
111428  -32.247  -26.990  70.472 0.0000000000
122774  -32.640  -26.505  71.151 0.0000000000
104857  -30.630  -28.121  70.576 0.0000000000
40620  -30.468  -28.130  69.763 0.0000000000
41619  -31.293  -27.594  70.367 0.0000000000
41620  -31.665  -27.389  70.242 0.0000000000
41566  -32.120  -28.571  73.571 0.0000000000
41577  -31.938  -28.103  72.840 0.0000000000
105408  -30.950  -28.197  71.551 0.0000000000
111877  -33.072  -27.522  74.104 0.0000000000
68072  -45.316  -0.126  60.097 0.0000000000
65625  -42.623  -4.013  57.144 0.0000000000
64822  -41.990  -4.107  56.568 0.0000000000
66414  -42.852  -3.196  57.144 0.0000000000
66423  -43.094  -2.382  57.037 0.0000000000
67259  -43.459  -1.681  56.936 0.0000000000
54978  -38.387  -15.206  63.070 0.0000000000
54035  -35.078  -16.032  62.035 0.0000000000
54986  -35.559  -15.445  61.527 0.0000000000
54997  -36.059  -14.931  61.166 0.0000000000
54987  -36.427  -15.295  61.702 0.0000000000
54988  -37.257  -15.113  61.864 0.0000000000
41652  -5.095  -29.287  66.804 0.0000000000
41651  -4.956  -29.803  66.347 0.0000000000
39686  -5.403  -31.400  64.764 0.0000000000
38753  -6.975  -32.593  64.723 0.0000000000
38619  -8.666  -31.667  76.194 0.0000000000
38626  -8.153  -32.207  75.743 0.0000000000
37613  -7.649  -32.777  75.262 0.0000000000
114630  -31.494  -21.439  68.260 0.0000000000
51087  -31.052  -19.531  67.454 0.0000000000
52073  -31.529  -18.672  66.997 0.0000000000
52060  -31.550  -18.865  67.957 0.0000000000
52061  -32.337  -18.302  68.327 0.0000000000
42522  -27.273  -28.200  78.284 0.0000000000
67294  -48.403  -1.355  53.238 0.0000000000
66465  -49.043  -2.294  52.119 0.0000000000
67295  -49.194  -1.260  53.131 0.0000000000
67320  -49.727  -1.804  52.001 0.0000000000
110977  -50.941  -0.372  53.153 0.0000000000
48156  -3.777  -23.277  72.695 0.0000000000
47364  -3.730  -24.123  72.253 0.0000000000
60237  -42.931  -10.148  59.086 0.0000000000
59379  -43.676  -10.588  59.491 0.0000000000
59380  -44.437  -11.024  60.099 0.0000000000
56827  -40.103  -12.469  57.592 0.0000000000
56834  -39.663  -12.602  56.860 0.0000000000
58513  -40.509  -11.758  57.426 0.0000000000
58500  -40.552  -11.067  57.358 0.0000000000
59384  -42.375  -10.731  58.610 0.0000000000
46446  -14.663  -24.481  79.719 0.0000000000
45570  -14.972  -25.123  79.657 0.0000000000
41528  -20.136  -28.858  75.438 0.0000000000
52110  -9.752  -18.390  64.156 0.0000000000
52127  -10.212  -18.691  63.346 0.0000000000
51062  -5.151  -18.928  68.808 0.0000000000
43805  -4.545  -27.799  61.134 0.0000000000
106743  -5.257  -27.478  61.206 0.0000000000
43819  -5.521  -27.657  60.507 0.0000000000
38624  -4.457  -33.409  75.764 0.0000000000
39583  -4.538  -32.005  76.305 0.0000000000
38625  -4.394  -32.720  75.559 0.0000000000
38640  -3.933  -33.444  73.626 0.0000000000
37618  -3.409  -33.776  72.753 0.0000000000
45669  -33.263  -25.661  68.720 0.0000000000
107533  -33.209  -25.164  68.175 0.0000000000
46553  -33.176  -24.618  68.871 0.0000000000
105286  -32.909  -23.772  69.371 0.0000000000
47411  -32.503  -22.988  68.676 0.0000000000
42644  -29.323  -28.408  68.069 0.0000000000
112166  -28.731  -29.210  70.855 0.0000000000
40577  -29.106  -28.948  72.019 0.0000000000
40589  -28.411  -28.846  70.457 0.0000000000
42601  -27.174  -27.699  70.142 0.0000000000
69893  -46.875  1.586  56.493 0.0000000000
68111  -44.486  -0.364  55.823 0.0000000000
67290  -44.421  -1.156  54.025 0.0000000000
68978  -45.040  0.314  55.757 0.0000000000
68112  -45.275  -0.097  55.008 0.0000000000
68124  -45.939  -0.387  54.278 0.0000000000
68125  -46.919  -0.380  54.238 0.0000000000
68968  -46.348  1.037  55.955 0.0000000000
56798  -41.788  -13.507  60.269 0.0000000000
56785  -41.874  -14.008  61.219 0.0000000000
55874  -41.969  -14.113  62.098 0.0000000000
123508  -36.342  -13.744  58.996 0.0000000000
55909  -37.112  -13.620  59.445 0.0000000000
55910  -37.960  -13.501  58.789 0.0000000000
104145  -38.872  -13.368  58.362 0.0000000000
42608  -18.157  -28.637  69.022 0.0000000000
53078  -9.311  -17.632  66.291 0.0000000000
47417  -7.607  -23.533  67.141 0.0000000000
44755  -7.894  -25.802  65.768 0.0000000000
44768  -7.575  -25.935  65.379 0.0000000000
43742  -5.069  -28.310  65.023 0.0000000000
42676  -4.647  -28.358  64.634 0.0000000000
122057  -4.116  -27.955  62.984 0.0000000000
41689  -3.961  -28.941  61.813 0.0000000000
41701  -3.803  -28.969  60.989 0.0000000000
41715  -4.107  -29.472  60.641 0.0000000000
40700  -4.691  -30.256  60.229 0.0000000000
44581  -9.705  -26.130  80.154 0.0000000000
109104  -9.237  -26.879  79.875 0.0000000000
43578  -8.780  -27.595  80.147 0.0000000000
43570  -8.515  -28.115  80.390 0.0000000000
42487  -7.922  -29.046  80.627 0.0000000000
37580  -6.926  -33.162  77.849 0.0000000000
37570  -6.824  -32.785  78.517 0.0000000000
36555  -6.122  -33.686  77.533 0.0000000000
36554  -5.994  -33.549  77.653 0.0000000000
36553  -5.728  -33.688  77.367 0.0000000000
37588  -4.894  -33.527  77.303 0.0000000000
36567  -5.163  -33.978  77.008 0.0000000000
53112  -35.169  -16.491  64.623 0.0000000000
54011  -36.053  -16.374  65.056 0.0000000000
54001  -36.088  -16.195  65.790 0.0000000000
49149  -30.413  -21.311  64.658 0.0000000000
53096  -32.890  -17.323  65.048 0.0000000000
118527  -33.565  -16.849  64.125 0.0000000000
41504  -23.070  -29.124  77.209 0.0000000000
104850  -27.558  -29.685  76.197 0.0000000000
43660  -23.077  -27.615  71.714 0.0000000000
115025  -22.685  -28.134  72.461 0.0000000000
122259  -22.005  -28.484  72.473 0.0000000000
41573  -21.193  -29.069  72.936 0.0000000000
41588  -20.322  -28.575  71.813 0.0000000000
41603  -19.890  -28.679  70.838 0.0000000000
67364  -47.703  -1.738  47.415 0.0000000000
107369  -6.086  -25.140  70.981 0.0000000000
45654  -6.134  -25.082  70.699 0.0000000000
42606  -7.755  -28.345  69.060 0.0000000000
63947  -44.944  -5.332  58.506 0.0000000000
63937  -45.636  -5.227  58.923 0.0000000000
122800  -45.865  -5.774  59.249 0.0000000000
61127  -41.515  -8.359  57.839 0.0000000000
61126  -40.794  -8.520  57.477 0.0000000000
62066  -41.673  -7.427  57.721 0.0000000000
106900  -41.894  -6.742  57.656 0.0000000000
63016  -42.456  -6.357  57.803 0.0000000000
63004  -43.652  -6.033  58.238 0.0000000000
46443  -11.522  -24.183  80.429 0.0000000000
43590  -12.455  -26.522  79.402 0.0000000000
43580  -12.533  -26.404  79.694 0.0000000000
42504  -11.583  -27.235  78.825 0.0000000000
41494  -10.559  -28.127  78.476 0.0000000000
41493  -10.270  -28.851  77.675 0.0000000000
40521  -9.998  -29.443  77.537 0.0000000000
40526  -10.418  -29.389  76.627 0.0000000000
44699  -17.548  -26.722  71.485 0.0000000000
44686  -16.825  -26.297  73.035 0.0000000000
44649  -15.055  -25.776  75.569 0.0000000000
44636  -14.200  -25.995  76.455 0.0000000000
43629  -13.503  -26.511  76.078 0.0000000000
43628  -12.885  -27.171  75.608 0.0000000000
41555  -11.791  -28.650  73.145 0.0000000000
40552  -10.751  -29.456  73.953 0.0000000000
52068  -6.459  -18.661  66.923 0.0000000000
52069  -7.085  -18.475  67.461 0.0000000000
113148  -6.443  -18.610  64.609 0.0000000000
47427  -6.967  -22.583  64.766 0.0000000000
48243  -6.847  -21.886  65.111 0.0000000000
46586  -5.127  -24.317  62.482 0.0000000000
108009  -4.877  -22.847  62.889 0.0000000000
47447  -5.073  -23.249  62.324 0.0000000000
48271  -4.893  -21.993  61.966 0.0000000000
116958  -4.894  -20.988  62.303 0.0000000000
49188  -5.012  -21.647  61.931 0.0000000000
48274  -7.206  -22.392  61.486 0.0000000000
44607  -6.311  -27.313  78.469 0.0000000000
44622  -6.974  -27.074  77.669 0.0000000000
44606  -5.220  -26.927  78.658 0.0000000000
44620  -5.113  -26.760  77.747 0.0000000000
116718  -4.463  -27.081  74.217 0.0000000000
43641  -5.025  -27.802  73.094 0.0000000000
39613  -4.292  -32.149  71.341 0.0000000000
40572  -5.264  -31.243  71.860 0.0000000000
121388  -4.729  -31.418  70.353 0.0000000000
40598  -4.517  -31.352  69.467 0.0000000000
121001  -4.208  -31.844  69.109 0.0000000000
33626  -2.889  -37.520  71.363 0.0000000000
34579  -2.952  -36.390  70.818 0.0000000000
34619  -3.161  -36.579  69.894 0.0000000000
120743  -3.600  -36.110  69.559 0.0000000000
35672  -4.991  -35.346  68.149 0.0000000000
43737  -30.823  -26.955  66.961 0.0000000000
43717  -32.040  -26.590  68.453 0.0000000000
44738  -33.049  -26.275  68.856 0.0000000000
43688  -32.588  -26.735  69.760 0.0000000000
44725  -33.062  -26.198  69.519 0.0000000000
121908  -33.187  -25.323  69.583 0.0000000000
41618  -28.424  -29.724  69.059 0.0000000000
40616  -28.768  -29.790  68.807 0.0000000000
124530  -29.160  -29.030  68.696 0.0000000000
41634  -30.204  -29.612  68.925 0.0000000000
119911  -29.796  -28.923  68.729 0.0000000000
43715  -30.422  -27.337  67.650 0.0000000000
39605  -30.034  -29.016  73.042 0.0000000000
39619  -30.986  -28.913  73.204 0.0000000000
39618  -30.280  -28.731  72.588 0.0000000000
39616  -29.046  -28.936  71.520 0.0000000000
119641  -29.060  -29.160  70.625 0.0000000000
40605  -28.808  -30.002  69.652 0.0000000000
69883  -44.769  0.883  57.974 0.0000000000
113664  -45.406  2.007  59.437 0.0000000000
65644  -41.922  -3.663  55.706 0.0000000000
64842  -41.298  -4.346  54.338 0.0000000000
107388  -41.338  -4.642  53.445 0.0000000000
65665  -41.825  -3.881  53.748 0.0000000000
107329  -43.144  -2.290  54.139 0.0000000000
67280  -43.696  -1.313  54.806 0.0000000000
111106  -43.540  -1.365  56.277 0.0000000000
113409  -44.013  -0.874  56.285 0.0000000000
68958  -44.479  0.235  57.266 0.0000000000
103770  -39.982  -13.995  61.930 0.0000000000
112013  -33.639  -15.890  61.452 0.0000000000
55016  -33.330  -14.660  58.946 0.0000000000
103419  -36.921  -14.164  60.373 0.0000000000
119154  -38.360  -13.920  60.696 0.0000000000
53963  -10.897  -16.929  69.210 0.0000000000
121763  -7.855  -27.195  67.084 0.0000000000
111861  -7.590  -27.140  66.316 0.0000000000
42664  -5.360  -28.559  65.545 0.0000000000
42663  -4.982  -28.803  65.245 0.0000000000
40674  -4.642  -30.082  62.906 0.0000000000
40675  -5.276  -30.606  62.317 0.0000000000
39718  -6.538  -31.870  62.185 0.0000000000
38786  -6.454  -32.408  61.669 0.0000000000
37781  -6.479  -33.175  62.060 0.0000000000
40511  -8.879  -29.991  79.744 0.0000000000
39562  -8.571  -30.609  80.208 0.0000000000
122792  -8.671  -30.773  79.268 0.0000000000
38592  -7.911  -31.741  78.733 0.0000000000
37581  -7.497  -32.432  78.318 0.0000000000
38610  -8.234  -32.120  77.309 0.0000000000
37599  -7.674  -32.647  76.891 0.0000000000
37589  -7.130  -33.188  77.161 0.0000000000
36586  -6.713  -33.684  76.699 0.0000000000
53989  -34.919  -16.362  66.794 0.0000000000
48246  -31.567  -22.915  65.911 0.0000000000
49140  -30.778  -21.750  65.500 0.0000000000
49128  -30.816  -21.397  66.196 0.0000000000
49139  -30.459  -20.921  65.483 0.0000000000
50115  -30.325  -20.226  64.794 0.0000000000
51112  -30.870  -18.800  64.939 0.0000000000
124724  -31.281  -18.451  65.338 0.0000000000
41496  -25.077  -28.612  78.150 0.0000000000
41505  -24.839  -28.984  77.286 0.0000000000
42571  -25.447  -28.088  72.478 0.0000000000
43674  -23.467  -27.104  70.845 0.0000000000
42612  -20.975  -27.787  70.069 0.0000000000
66497  -47.412  -2.596  48.671 0.0000000000
66475  -48.575  -2.626  50.602 0.0000000000
66487  -48.396  -2.333  49.750 0.0000000000
66507  -47.875  -1.902  48.122 0.0000000000
67365  -48.317  -1.392  47.547 0.0000000000
67374  -48.620  -0.913  46.846 0.0000000000
67366  -49.122  -0.937  47.692 0.0000000000
68226  -49.850  -0.681  48.224 0.0000000000
68198  -50.904  -0.933  50.507 0.0000000000
43655  -6.656  -26.663  71.471 0.0000000000
61119  -43.998  -7.815  58.946 0.0000000000
62041  -44.615  -7.685  59.348 0.0000000000
60232  -44.986  -9.430  60.196 0.0000000000
56845  -39.225  -13.074  55.676 0.0000000000
116381  -39.245  -10.918  55.785 0.0000000000
60252  -39.948  -9.883  56.942 0.0000000000
59392  -41.124  -10.672  57.755 0.0000000000
60244  -41.034  -9.742  57.732 0.0000000000
115430  -41.044  -9.014  57.697 0.0000000000
47281  -13.865  -23.820  79.487 0.0000000000
46445  -13.618  -24.102  79.939 0.0000000000
45560  -14.073  -24.852  79.937 0.0000000000
110683  -13.220  -25.928  79.554 0.0000000000
42505  -12.368  -26.766  78.663 0.0000000000
45655  -14.517  -25.694  70.942 0.0000000000
45633  -14.433  -25.938  71.779 0.0000000000
44683  -13.721  -26.627  72.973 0.0000000000
43642  -13.100  -27.287  74.107 0.0000000000
111781  -7.819  -17.715  70.695 0.0000000000
52055  -6.433  -18.690  67.938 0.0000000000
119459  -6.030  -18.880  67.588 0.0000000000
51105  -5.774  -19.244  64.841 0.0000000000
115963  -4.853  -24.739  63.068 0.0000000000
45721  -5.242  -25.351  62.516 0.0000000000
114617  -5.713  -24.938  61.992 0.0000000000
108467  -6.644  -25.045  61.738 0.0000000000
47352  -8.824  -23.780  72.788 0.0000000000
46500  -8.171  -24.862  73.595 0.0000000000
41492  -4.683  -29.374  78.558 0.0000000000
41501  -4.524  -29.523  77.651 0.0000000000
41512  -4.488  -29.751  76.806 0.0000000000
40525  -4.525  -31.106  76.113 0.0000000000
41524  -4.587  -30.204  76.055 0.0000000000
113289  -5.397  -29.639  73.946 0.0000000000
39601  -4.451  -32.326  72.185 0.0000000000
37658  -3.849  -33.278  70.639 0.0000000000
45706  -31.652  -24.622  65.256 0.0000000000
115457  -31.924  -24.260  65.539 0.0000000000
45677  -32.426  -25.395  66.925 0.0000000000
46565  -32.235  -24.143  66.116 0.0000000000
110397  -32.000  -23.458  66.350 0.0000000000
48222  -31.722  -22.103  67.924 0.0000000000
49105  -31.866  -21.983  68.747 0.0000000000
40528  -28.480  -30.068  76.014 0.0000000000
40544  -29.149  -30.001  74.666 0.0000000000
40563  -28.858  -28.987  72.316 0.0000000000
40554  -28.876  -29.444  73.574 0.0000000000
40543  -28.100  -29.341  73.817 0.0000000000
41564  -27.489  -28.875  73.183 0.0000000000
42572  -26.416  -28.100  72.100 0.0000000000
118567  -25.616  -26.925  70.191 0.0000000000
104143  -45.191  -2.760  52.426 0.0000000000
64862  -45.356  -4.369  51.144 0.0000000000
65677  -47.554  -3.028  52.166 0.0000000000
116807  -48.014  -1.799  52.932 0.0000000000
68145  -47.365  -0.828  53.711 0.0000000000
68126  -47.743  -0.353  54.203 0.0000000000
68146  -48.092  -0.817  53.688 0.0000000000
68127  -48.532  -0.331  54.222 0.0000000000
68982  -48.689  0.686  55.286 0.0000000000
57679  -42.929  -12.791  58.819 0.0000000000
56820  -39.587  -13.095  58.088 0.0000000000
115267  -40.049  -12.695  57.996 0.0000000000
56828  -40.811  -12.646  58.230 0.0000000000
42567  -19.147  -28.477  72.755 0.0000000000
43671  -18.096  -27.482  70.181 0.0000000000
44710  -16.890  -26.269  70.367 0.0000000000
45657  -16.134  -25.771  70.053 0.0000000000
45664  -15.283  -25.552  69.670 0.0000000000
52125  -8.056  -18.741  63.629 0.0000000000
49110  -6.348  -21.571  67.786 0.0000000000
47422  -7.656  -23.355  65.970 0.0000000000
47428  -7.283  -23.288  65.000 0.0000000000
113404  -5.208  -24.960  64.392 0.0000000000
43745  -7.073  -26.816  65.428 0.0000000000
117644  -6.820  -26.061  64.952 0.0000000000
44767  -6.206  -26.666  64.707 0.0000000000
45700  -6.018  -25.668  64.416 0.0000000000
45699  -5.108  -25.310  64.488 0.0000000000
43792  -4.397  -27.844  61.989 0.0000000000
44609  -8.488  -27.186  78.560 0.0000000000
44595  -9.030  -27.036  79.396 0.0000000000
112462  -8.084  -27.524  79.006 0.0000000000
44594  -7.165  -27.718  78.675 0.0000000000
44593  -6.457  -27.720  78.731 0.0000000000
43588  -5.032  -27.483  79.586 0.0000000000
42502  -4.849  -28.376  80.175 0.0000000000
125027  -8.083  -30.508  80.600 0.0000000000
39552  -7.860  -30.276  80.524 0.0000000000
40500  -7.328  -29.540  80.274 0.0000000000
37551  -6.873  -32.169  79.269 0.0000000000
39558  -6.639  -30.991  79.699 0.0000000000
40505  -6.016  -29.379  79.543 0.0000000000
125195  -5.240  -29.407  80.089 0.0000000000
40509  -5.134  -29.680  79.836 0.0000000000
41490  -4.792  -29.335  79.797 0.0000000000
40516  -4.886  -30.788  78.315 0.0000000000
125255  -4.978  -33.384  77.151 0.0000000000
37597  -4.709  -33.448  76.574 0.0000000000
54020  -37.413  -15.908  63.875 0.0000000000
54002  -36.699  -16.212  65.608 0.0000000000
47435  -31.569  -23.135  64.260 0.0000000000
53134  -34.268  -16.690  63.071 0.0000000000
53121  -33.912  -16.795  63.617 0.0000000000
121353  -34.954  -16.758  63.040 0.0000000000
41503  -22.094  -28.988  77.072 0.0000000000
42540  -20.691  -28.893  76.062 0.0000000000
41527  -20.192  -29.126  74.675 0.0000000000
41556  -20.109  -29.181  73.150 0.0000000000
122882  -27.155  -29.496  76.609 0.0000000000
41519  -26.680  -29.360  77.046 0.0000000000
111639  -26.564  -29.044  77.661 0.0000000000
41518  -25.516  -29.254  76.639 0.0000000000
41561  -24.338  -28.547  73.807 0.0000000000
42560  -23.535  -28.544  73.550 0.0000000000
41547  -24.127  -28.684  74.400 0.0000000000
41532  -23.823  -29.000  75.574 0.0000000000
41531  -22.956  -28.905  74.752 0.0000000000
41545  -22.179  -29.184  74.137 0.0000000000
41544  -21.248  -29.416  73.711 0.0000000000
41558  -21.149  -29.242  73.174 0.0000000000
41557  -20.652  -29.241  73.094 0.0000000000
41571  -20.086  -28.956  72.648 0.0000000000
41586  -19.570  -28.715  72.307 0.0000000000
118704  -18.739  -28.762  70.975 0.0000000000
42595  -18.584  -28.790  70.152 0.0000000000
41602  -19.118  -28.873  70.840 0.0000000000
68242  -49.299  -0.501  46.794 0.0000000000
68255  -49.445  -0.187  45.889 0.0000000000
107674  -50.117  0.216  45.839 0.0000000000
123870  -50.405  0.469  44.728 0.0000000000
53047  -5.484  -18.019  69.992 0.0000000000
52037  -4.678  -19.316  70.759 0.0000000000
48217  -6.343  -22.418  68.444 0.0000000000
47410  -7.134  -23.840  68.259 0.0000000000
47390  -5.336  -23.766  70.319 0.0000000000
46547  -5.677  -24.244  70.276 0.0000000000
45661  -6.484  -25.237  70.008 0.0000000000
45668  -7.494  -25.560  68.677 0.0000000000
107494  -7.896  -26.429  67.839 0.0000000000
42635  -6.389  -28.692  67.377 0.0000000000
118164  -4.785  -30.032  67.164 0.0000000000
66392  -45.818  -2.577  59.568 0.0000000000
66407  -45.356  -3.245  59.139 0.0000000000
54956  -38.016  -15.838  64.150 0.0000000000
54957  -38.538  -15.398  64.477 0.0000000000
60259  -38.498  -9.607  55.382 0.0000000000
61144  -38.517  -8.818  55.462 0.0000000000
61134  -40.256  -8.234  57.038 0.0000000000
62078  -39.621  -8.368  56.602 0.0000000000
62089  -38.694  -7.931  55.532 0.0000000000
62090  -39.059  -7.110  55.488 0.0000000000
63046  -39.555  -6.373  55.289 0.0000000000
63961  -40.599  -5.648  56.130 0.0000000000
63962  -41.146  -5.202  56.581 0.0000000000
63955  -42.547  -5.502  57.546 0.0000000000
64813  -43.022  -4.700  57.578 0.0000000000
65616  -44.045  -3.378  58.200 0.0000000000
45569  -9.966  -25.566  79.796 0.0000000000
45557  -9.508  -25.952  80.245 0.0000000000
44574  -9.219  -27.168  80.059 0.0000000000
113238  -9.283  -28.732  80.318 0.0000000000
46454  -11.936  -23.798  80.255 0.0000000000
45555  -11.595  -25.769  80.394 0.0000000000
109061  -12.031  -26.677  79.817 0.0000000000
44578  -11.951  -26.444  80.203 0.0000000000
108019  -10.795  -26.729  80.097 0.0000000000
42492  -10.104  -27.945  80.131 0.0000000000
42496  -9.683  -28.401  80.122 0.0000000000
40512  -9.021  -29.461  80.085 0.0000000000
105804  -9.150  -29.625  79.490 0.0000000000
39579  -9.119  -30.446  78.334 0.0000000000
39582  -9.317  -30.558  77.574 0.0000000000
39584  -9.083  -31.188  76.603 0.0000000000
121174  -18.541  -27.539  74.341 0.0000000000
43638  -18.135  -26.982  73.972 0.0000000000
43621  -17.507  -26.785  76.081 0.0000000000
44697  -15.841  -25.798  72.180 0.0000000000
122363  -17.507  -26.847  76.749 0.0000000000
44639  -16.979  -26.479  76.850 0.0000000000
111153  -16.907  -26.347  77.555 0.0000000000
110453  -16.101  -25.488  78.864 0.0000000000
114959  -11.349  -28.270  76.649 0.0000000000
42545  -12.329  -27.782  75.143 0.0000000000
42536  -11.351  -28.279  76.064 0.0000000000
41513  -10.911  -28.679  76.380 0.0000000000
40536  -10.703  -28.956  76.247 0.0000000000
40535  -10.431  -29.401  76.069 0.0000000000
39592  -9.772  -30.340  74.819 0.0000000000
53069  -9.418  -17.650  67.067 0.0000000000
53088  -7.512  -18.117  65.407 0.0000000000
53101  -8.116  -18.068  65.002 0.0000000000
52144  -7.671  -19.152  63.123 0.0000000000
50082  -6.091  -20.818  67.227 0.0000000000
49134  -6.438  -21.255  65.590 0.0000000000
50100  -5.750  -19.900  65.414 0.0000000000
47441  -5.434  -23.006  63.465 0.0000000000
51118  -5.590  -19.217  64.059 0.0000000000
51134  -5.763  -18.974  63.353 0.0000000000
51135  -6.038  -18.876  63.265 0.0000000000
51153  -6.861  -19.413  62.853 0.0000000000
50137  -8.299  -20.676  61.556 0.0000000000
49191  -8.321  -21.495  61.395 0.0000000000
48275  -8.193  -22.350  61.448 0.0000000000
45593  -9.205  -25.893  76.242 0.0000000000
115555  -8.468  -25.747  75.566 0.0000000000
44635  -7.528  -26.681  76.772 0.0000000000
45599  -6.925  -25.610  74.738 0.0000000000
43599  -4.593  -27.858  78.594 0.0000000000
116496  -4.588  -27.450  77.987 0.0000000000
44619  -4.711  -26.914  77.385 0.0000000000
44632  -4.968  -26.490  76.778 0.0000000000
45611  -5.375  -25.208  74.635 0.0000000000
107880  -4.637  -25.095  74.132 0.0000000000
46511  -4.044  -24.799  73.510 0.0000000000
44682  -5.025  -26.535  72.454 0.0000000000
42578  -6.725  -27.971  71.401 0.0000000000
40550  -5.557  -29.808  73.250 0.0000000000
41567  -5.634  -29.343  72.772 0.0000000000
106997  -5.934  -29.178  72.163 0.0000000000
41611  -6.787  -29.553  69.801 0.0000000000
40599  -4.837  -30.881  69.027 0.0000000000
40613  -4.960  -30.568  68.491 0.0000000000
41625  -4.688  -30.416  67.891 0.0000000000
39657  -4.500  -31.254  67.072 0.0000000000
35610  -3.973  -34.718  74.481 0.0000000000
36618  -3.583  -34.538  73.853 0.0000000000
33588  -3.388  -36.959  73.212 0.0000000000
34551  -3.279  -35.899  73.448 0.0000000000
36654  -3.128  -34.098  72.653 0.0000000000
36671  -3.135  -34.176  71.899 0.0000000000
36672  -3.548  -33.821  71.301 0.0000000000
37673  -4.010  -33.516  69.989 0.0000000000
35652  -4.086  -34.906  69.640 0.0000000000
38678  -4.072  -32.897  69.791 0.0000000000
37697  -4.354  -32.945  68.490 0.0000000000
36735  -4.704  -34.098  68.252 0.0000000000
37711  -4.508  -32.721  67.850 0.0000000000
38738  -4.895  -31.745  66.704 0.0000000000
38739  -5.424  -32.171  66.333 0.0000000000
38740  -6.313  -32.590  65.699 0.0000000000
36769  -7.038  -34.059  63.652 0.0000000000
35569  -6.195  -34.046  77.392 0.0000000000
36530  -6.526  -32.839  78.410 0.0000000000
36540  -5.862  -33.423  77.773 0.0000000000
36541  -6.200  -33.334  78.138 0.0000000000
36542  -6.383  -33.273  78.004 0.0000000000
36543  -6.561  -33.278  78.002 0.0000000000
36569  -6.660  -33.541  77.157 0.0000000000
37561  -6.425  -32.575  78.601 0.0000000000
37562  -6.939  -32.404  79.091 0.0000000000
37579  -5.068  -33.085  78.010 0.0000000000
37590  -7.590  -32.598  77.583 0.0000000000
37765  -7.361  -33.439  64.111 0.0000000000
38572  -6.851  -31.470  79.619 0.0000000000
38573  -7.376  -31.412  79.886 0.0000000000
38575  -7.966  -31.272  80.270 0.0000000000
38582  -7.368  -31.873  79.591 0.0000000000
38603  -8.699  -31.732  77.654 0.0000000000
38617  -4.827  -32.902  77.228 0.0000000000
39551  -7.194  -30.134  80.136 0.0000000000
39553  -7.972  -30.261  80.669 0.0000000000
39560  -7.913  -30.873  80.378 0.0000000000
39561  -8.112  -30.886  80.484 0.0000000000
39565  -5.309  -31.524  78.642 0.0000000000
39566  -5.939  -31.350  79.160 0.0000000000
39573  -8.382  -31.194  79.281 0.0000000000
39574  -8.861  -30.302  79.193 0.0000000000
39598  -29.904  -29.348  73.424 0.0000000000
39617  -29.488  -28.790  72.079 0.0000000000
39630  -29.881  -28.687  71.435 0.0000000000
40501  -7.777  -29.826  80.547 0.0000000000
40502  -7.965  -29.832  80.650 0.0000000000
40503  -8.300  -29.958  80.578 0.0000000000
40506  -6.583  -29.636  79.823 0.0000000000
40507  -8.804  -29.993  80.083 0.0000000000
40510  -6.265  -30.231  79.773 0.0000000000
40565  -31.430  -28.728  73.158 0.0000000000
40566  -31.713  -28.898  73.524 0.0000000000
40576  -28.816  -28.932  71.179 0.0000000000
40579  -30.921  -28.553  72.511 0.0000000000
40580  -31.576  -28.177  72.446 0.0000000000
40592  -29.193  -29.361  69.962 0.0000000000
40594  -31.508  -27.751  71.609 0.0000000000
40619  -30.142  -29.305  69.103 0.0000000000
40626  -29.900  -30.048  68.653 0.0000000000
41479  -7.871  -29.444  80.609 0.0000000000
41481  -8.560  -29.276  80.563 0.0000000000
41482  -8.959  -29.019  80.503 0.0000000000
41483  -5.815  -29.113  79.522 0.0000000000
41484  -6.728  -29.315  79.759 0.0000000000
41485  -7.400  -29.184  80.332 0.0000000000
41486  -9.265  -29.053  80.045 0.0000000000
41487  -4.932  -29.069  80.208 0.0000000000
41529  -21.247  -29.179  75.411 0.0000000000
41636  -31.202  -27.597  69.778 0.0000000000
41647  -28.992  -29.373  68.762 0.0000000000
42488  -8.417  -28.877  80.602 0.0000000000
42489  -8.816  -28.612  80.644 0.0000000000
42490  -9.222  -28.402  80.618 0.0000000000
42491  -9.597  -28.404  80.238 0.0000000000
42494  -7.500  -28.884  80.286 0.0000000000
42495  -8.205  -28.654  80.476 0.0000000000
42497  -10.112  -28.106  79.941 0.0000000000
42499  -6.901  -28.789  79.548 0.0000000000
42587  -32.169  -27.449  72.246 0.0000000000
42630  -32.043  -27.274  70.196 0.0000000000
43566  -8.984  -27.803  80.712 0.0000000000
43567  -9.123  -27.756  80.623 0.0000000000
43568  -10.017  -28.164  80.419 0.0000000000
43571  -8.914  -27.631  80.451 0.0000000000
43573  -10.799  -27.140  80.046 0.0000000000
43574  -4.966  -27.967  80.082 0.0000000000
43577  -8.171  -28.018  79.834 0.0000000000
43579  -11.328  -27.023  79.733 0.0000000000
43589  -6.227  -27.933  78.950 0.0000000000
43650  -32.866  -27.400  73.342 0.0000000000
44573  -8.960  -27.544  80.370 0.0000000000
44576  -10.118  -27.457  80.208 0.0000000000
44583  -13.631  -25.513  79.775 0.0000000000
44623  -7.980  -27.106  77.695 0.0000000000
45552  -10.004  -26.922  80.284 0.0000000000
45553  -9.407  -26.566  80.294 0.0000000000
45558  -10.159  -25.201  80.048 0.0000000000
46440  -11.030  -25.034  80.224 0.0000000000
46441  -12.107  -24.794  80.509 0.0000000000
46456  -15.212  -24.316  79.495 0.0000000000
47412  -32.800  -23.648  68.665 0.0000000000
52106  -6.103  -18.626  64.185 0.0000000000
55898  -40.192  -13.781  59.959 0.0000000000
55945  -38.936  -13.518  55.837 0.0000000000
58497  -42.506  -11.786  58.528 0.0000000000
59400  -39.436  -10.226  56.341 0.0000000000
62052  -43.561  -7.407  58.582 0.0000000000
62067  -42.343  -7.129  57.987 0.0000000000
66435  -42.706  -2.378  55.496 0.0000000000
66463  -47.831  -2.339  52.563 0.0000000000
66476  -49.159  -2.380  50.852 0.0000000000
66486  -47.812  -2.599  49.438 0.0000000000
66498  -48.154  -2.103  48.937 0.0000000000
67291  -46.151  -1.374  53.224 0.0000000000
67293  -47.742  -1.347  53.290 0.0000000000
67309  -48.569  -1.959  52.667 0.0000000000
67310  -49.251  -1.782  52.553 0.0000000000
68095  -43.863  -1.039  56.892 0.0000000000
68110  -43.872  -1.029  55.620 0.0000000000
68942  -45.232  0.563  60.054 0.0000000000
69003  -46.360  0.123  54.782 0.0000000000
105595  -8.349  -30.398  80.505 0.0000000000
106237  -46.084  -2.876  52.272 0.0000000000
106871  -4.899  -30.009  78.698 0.0000000000
107193  -4.715  -30.199  78.038 0.0000000000
107851  -6.085  -33.591  77.637 0.0000000000
108442  -5.038  -31.185  78.445 0.0000000000
109235  -44.854  -2.159  52.871 0.0000000000
112237  -32.110  -27.338  69.786 0.0000000000
113420  -9.145  -26.825  80.188 0.0000000000
115587  -8.615  -30.697  79.757 0.0000000000
116327  -8.218  -30.858  80.458 0.0000000000
117270  -8.770  -31.657  76.841 0.0000000000
118615  -5.647  -29.706  79.748 0.0000000000
119523  -7.663  -31.632  79.823 0.0000000000
122187  -9.486  -26.210  80.027 0.0000000000
122850  -29.353  -29.103  69.684 0.0000000000
122867  -3.612  -33.578  72.790 0.0000000000
123046  -5.645  -32.002  65.779 0.0000000000
124234  -13.049  -24.755  80.209 0.0000000000
124269  -5.995  -32.630  78.445 0.0000000000
124523  -6.086  -30.746  79.542 0.0000000000
125111  -22.367  -28.936  74.910 0.0000000000
