#!ascii label  , from subject sub-v1s15x0050204_ses-1 vox2ras=TkReg
1771
72733  -37.502  4.305  41.843 0.0000000000
73672  -51.948  6.164  24.478 0.0000000000
77246  -44.749  9.930  48.294 0.0000000000
71986  -49.853  3.768  33.604 0.0000000000
71877  -47.455  3.141  44.030 0.0000000000
75918  -45.498  8.643  30.358 0.0000000000
78096  -48.990  12.441  34.567 0.0000000000
80216  -42.110  14.023  38.011 0.0000000000
68178  -35.939  -0.156  51.335 0.0000000000
70164  -43.651  1.299  36.589 0.0000000000
72837  -46.776  4.676  30.639 0.0000000000
74300  -42.981  6.018  37.262 0.0000000000
79472  -48.954  13.265  49.728 0.0000000000
77305  -51.494  10.241  41.289 0.0000000000
78818  -50.372  12.809  42.902 0.0000000000
122879  -44.836  11.389  36.146 0.0000000000
81425  -46.548  16.221  42.592 0.0000000000
74457  -48.383  6.639  22.204 0.0000000000
77266  -36.117  10.028  44.884 0.0000000000
75016  -41.163  7.147  45.440 0.0000000000
72772  -55.548  4.611  35.244 0.0000000000
109281  -50.047  1.325  38.713 0.0000000000
69172  -42.271  0.864  41.948 0.0000000000
67361  -39.607  -2.010  46.965 0.0000000000
75190  -49.067  7.729  24.178 0.0000000000
78985  -49.634  13.039  23.011 0.0000000000
76608  -46.284  8.915  39.615 0.0000000000
119039  -50.534  11.629  31.101 0.0000000000
80282  -47.276  14.899  26.632 0.0000000000
78938  -43.913  12.975  29.380 0.0000000000
78909  -40.675  12.924  31.425 0.0000000000
71914  -39.811  3.311  38.958 0.0000000000
122779  -42.243  4.035  36.036 0.0000000000
74293  -39.585  6.251  39.088 0.0000000000
79475  -52.819  13.765  49.369 0.0000000000
78788  -52.580  12.619  46.661 0.0000000000
80191  -50.084  14.737  46.296 0.0000000000
79521  -48.011  13.853  43.553 0.0000000000
73681  -49.687  5.846  23.263 0.0000000000
124129  -33.041  11.888  46.983 0.0000000000
77963  -37.412  11.747  46.249 0.0000000000
70097  -48.750  2.073  41.360 0.0000000000
70127  -46.619  0.920  39.763 0.0000000000
70072  -45.197  2.048  42.976 0.0000000000
66473  -37.179  -2.016  50.088 0.0000000000
112048  -32.957  1.528  44.936 0.0000000000
74276  -32.276  6.468  43.456 0.0000000000
73494  -29.637  5.930  44.665 0.0000000000
105906  -50.660  5.448  31.137 0.0000000000
74365  -45.188  6.811  30.125 0.0000000000
104314  -48.021  6.351  26.959 0.0000000000
111494  -46.618  8.106  26.336 0.0000000000
76717  -48.094  9.726  23.906 0.0000000000
77424  -47.371  10.961  26.999 0.0000000000
76550  -42.846  8.590  46.702 0.0000000000
77298  -41.934  10.376  42.082 0.0000000000
77998  -44.259  11.762  43.282 0.0000000000
78053  -51.887  11.026  37.231 0.0000000000
112049  -50.571  10.275  36.539 0.0000000000
78887  -51.957  12.244  32.204 0.0000000000
79618  -50.514  13.395  28.804 0.0000000000
113859  -48.413  13.140  30.037 0.0000000000
79603  -45.565  13.444  28.604 0.0000000000
78135  -46.355  12.134  31.702 0.0000000000
78844  -42.993  12.065  37.961 0.0000000000
112693  -42.780  11.309  33.874 0.0000000000
78075  -40.980  11.962  35.042 0.0000000000
79575  -39.128  13.208  33.135 0.0000000000
79556  -40.193  13.439  35.744 0.0000000000
71087  -47.489  2.339  34.776 0.0000000000
72813  -48.729  4.316  32.206 0.0000000000
71983  -45.525  3.529  33.418 0.0000000000
73584  -44.086  5.555  32.886 0.0000000000
75084  -44.146  7.976  34.088 0.0000000000
78759  -46.629  12.363  48.622 0.0000000000
78800  -46.497  12.438  44.412 0.0000000000
104631  -48.804  12.548  45.544 0.0000000000
118389  -53.222  11.287  42.962 0.0000000000
105650  -49.824  11.647  38.077 0.0000000000
78080  -46.858  11.617  35.152 0.0000000000
78836  -47.381  12.178  40.009 0.0000000000
105960  -45.201  13.468  40.992 0.0000000000
80841  -44.175  15.620  40.508 0.0000000000
75204  -46.338  7.987  22.589 0.0000000000
73489  -38.084  4.901  45.947 0.0000000000
73510  -39.502  5.832  44.473 0.0000000000
75003  -38.855  7.153  46.519 0.0000000000
110382  -40.619  8.987  47.513 0.0000000000
77933  -42.187  10.834  48.929 0.0000000000
103825  -39.881  12.343  52.236 0.0000000000
77895  -44.109  11.216  51.324 0.0000000000
71972  -53.285  3.947  34.825 0.0000000000
104977  -53.061  2.544  36.953 0.0000000000
70187  -50.351  2.027  35.948 0.0000000000
69209  -46.443  0.495  37.517 0.0000000000
69184  -42.782  0.974  39.155 0.0000000000
70031  -46.758  1.343  47.408 0.0000000000
68182  -40.209  -0.941  51.719 0.0000000000
106689  -42.351  -0.630  48.694 0.0000000000
69113  -43.927  0.017  46.210 0.0000000000
117068  -40.573  -1.453  44.555 0.0000000000
70986  -37.119  2.268  43.914 0.0000000000
75183  -53.072  7.889  24.721 0.0000000000
124261  -49.559  5.897  29.042 0.0000000000
74422  -50.541  7.070  26.436 0.0000000000
75200  -52.089  7.906  23.493 0.0000000000
75987  -50.814  8.876  21.448 0.0000000000
77454  -48.945  10.959  21.318 0.0000000000
78208  -47.941  12.078  21.873 0.0000000000
75841  -40.575  8.595  40.502 0.0000000000
75856  -44.238  7.726  38.901 0.0000000000
76651  -45.826  9.111  34.433 0.0000000000
77315  -47.764  10.192  40.902 0.0000000000
76643  -47.905  9.594  35.665 0.0000000000
77379  -47.240  10.185  31.010 0.0000000000
78164  -49.765  12.375  28.024 0.0000000000
80300  -50.210  15.214  24.725 0.0000000000
109395  -46.561  13.510  24.264 0.0000000000
119591  -44.606  11.433  33.446 0.0000000000
78923  -41.999  12.911  30.581 0.0000000000
116355  -40.014  14.405  26.984 0.0000000000
79587  -37.650  14.309  27.989 0.0000000000
80261  -36.959  14.678  30.565 0.0000000000
71912  -38.503  3.799  39.985 0.0000000000
72751  -39.465  4.954  38.839 0.0000000000
73519  -38.251  5.778  40.380 0.0000000000
80177  -53.049  13.437  47.905 0.0000000000
80821  -49.527  15.592  46.194 0.0000000000
73671  -51.094  5.878  24.215 0.0000000000
71001  -48.274  2.882  42.645 0.0000000000
71011  -47.151  2.269  41.903 0.0000000000
70979  -46.227  2.576  43.855 0.0000000000
70050  -32.132  1.906  45.286 0.0000000000
71861  -32.062  3.711  44.440 0.0000000000
72817  -51.766  4.816  32.848 0.0000000000
72815  -50.253  4.567  32.530 0.0000000000
75121  -45.256  7.738  30.137 0.0000000000
75144  -46.202  7.302  27.819 0.0000000000
123117  -45.766  8.345  28.617 0.0000000000
76707  -46.839  9.533  26.396 0.0000000000
76697  -46.331  9.695  28.728 0.0000000000
77245  -44.420  9.093  48.087 0.0000000000
77977  -42.792  11.134  45.095 0.0000000000
77966  -43.897  11.154  46.360 0.0000000000
78083  -50.981  12.168  35.524 0.0000000000
78084  -51.634  11.832  34.769 0.0000000000
78876  -51.348  12.849  33.958 0.0000000000
78916  -50.824  13.327  30.723 0.0000000000
78899  -48.974  12.870  31.689 0.0000000000
78898  -47.647  12.578  31.426 0.0000000000
117560  -47.483  12.141  33.248 0.0000000000
123579  -42.047  12.971  37.930 0.0000000000
78854  -41.832  12.129  36.808 0.0000000000
104941  -41.254  12.763  36.635 0.0000000000
78864  -40.069  12.785  35.390 0.0000000000
79550  -40.832  13.464  36.376 0.0000000000
70184  -45.798  1.489  35.372 0.0000000000
71117  -46.071  2.931  33.800 0.0000000000
71103  -44.819  2.555  34.602 0.0000000000
73539  -42.488  5.305  36.578 0.0000000000
114365  -43.239  4.959  34.641 0.0000000000
73561  -43.376  5.639  34.311 0.0000000000
74330  -43.874  6.278  33.085 0.0000000000
75074  -43.654  7.140  35.264 0.0000000000
78760  -47.466  12.694  49.288 0.0000000000
79491  -47.134  13.079  47.195 0.0000000000
108005  -48.897  13.288  47.289 0.0000000000
78815  -52.945  12.456  44.597 0.0000000000
77990  -53.004  12.049  44.630 0.0000000000
78825  -52.170  11.915  42.193 0.0000000000
114019  -52.150  11.511  40.051 0.0000000000
103376  -49.978  12.095  40.757 0.0000000000
116366  -48.598  11.627  38.522 0.0000000000
106286  -48.727  12.226  40.527 0.0000000000
80198  -46.895  14.896  43.322 0.0000000000
111671  -46.310  13.550  41.830 0.0000000000
80831  -45.801  14.961  42.338 0.0000000000
79536  -44.430  13.775  40.695 0.0000000000
80838  -45.318  15.417  41.730 0.0000000000
75205  -46.789  7.405  22.383 0.0000000000
75013  -36.576  7.767  44.939 0.0000000000
75015  -38.186  6.746  46.004 0.0000000000
75811  -37.649  8.435  45.575 0.0000000000
78776  -38.014  12.363  47.832 0.0000000000
77251  -39.186  10.220  46.482 0.0000000000
110268  -40.068  11.614  47.406 0.0000000000
76541  -41.714  9.314  48.234 0.0000000000
78757  -40.129  12.269  48.775 0.0000000000
78654  -38.373  11.918  53.681 0.0000000000
78702  -41.506  12.244  51.504 0.0000000000
124743  -42.611  12.319  53.251 0.0000000000
115731  -44.778  11.970  52.592 0.0000000000
78659  -43.387  12.483  54.157 0.0000000000
72786  -54.259  4.667  34.276 0.0000000000
72771  -54.626  4.393  34.968 0.0000000000
71051  -52.830  2.203  38.497 0.0000000000
71060  -51.546  1.817  37.351 0.0000000000
71071  -51.635  2.162  36.547 0.0000000000
105572  -50.104  1.396  37.224 0.0000000000
112717  -49.096  1.485  36.393 0.0000000000
70141  -48.720  0.925  37.838 0.0000000000
70109  -44.427  1.641  40.849 0.0000000000
69185  -44.187  0.662  39.427 0.0000000000
117155  -42.715  1.506  40.677 0.0000000000
68181  -38.115  -0.788  51.962 0.0000000000
67343  -40.269  -1.533  49.247 0.0000000000
67353  -40.737  -1.567  47.869 0.0000000000
103971  -43.343  -0.280  47.502 0.0000000000
68239  -41.878  -0.979  46.608 0.0000000000
68261  -42.485  -0.851  44.962 0.0000000000
67371  -40.411  -1.631  45.987 0.0000000000
110271  -36.404  3.422  44.785 0.0000000000
72709  -35.179  3.847  44.409 0.0000000000
75172  -54.406  8.584  25.896 0.0000000000
72825  -47.301  4.369  31.376 0.0000000000
72839  -48.734  4.882  30.825 0.0000000000
73614  -48.250  5.141  29.929 0.0000000000
74431  -48.153  6.915  25.564 0.0000000000
74421  -48.893  6.517  26.596 0.0000000000
75181  -49.659  7.471  24.890 0.0000000000
108026  -51.078  7.704  24.499 0.0000000000
116914  -51.482  8.077  23.475 0.0000000000
75978  -51.304  8.432  22.071 0.0000000000
75976  -50.386  8.901  22.383 0.0000000000
77436  -48.583  10.960  23.419 0.0000000000
77449  -49.659  10.374  21.685 0.0000000000
78209  -49.543  11.427  21.896 0.0000000000
77447  -48.484  11.518  21.566 0.0000000000
79661  -49.834  13.808  22.373 0.0000000000
74272  -40.656  6.255  45.431 0.0000000000
75037  -39.142  7.697  42.176 0.0000000000
75835  -40.064  8.613  42.944 0.0000000000
77311  -44.091  10.136  40.867 0.0000000000
75844  -43.263  8.848  40.085 0.0000000000
75851  -44.728  8.269  39.383 0.0000000000
75060  -45.173  7.830  37.173 0.0000000000
75865  -46.454  8.598  37.116 0.0000000000
78011  -48.767  11.123  42.796 0.0000000000
78018  -47.186  10.914  41.868 0.0000000000
77316  -48.813  10.229  40.914 0.0000000000
77357  -50.038  10.801  34.218 0.0000000000
76644  -48.961  9.918  35.371 0.0000000000
77356  -48.579  10.178  33.978 0.0000000000
122069  -47.689  9.843  33.466 0.0000000000
77380  -48.311  10.495  31.362 0.0000000000
77399  -47.785  10.840  29.730 0.0000000000
114746  -49.959  11.786  29.552 0.0000000000
117580  -48.894  13.831  28.196 0.0000000000
79636  -50.029  14.228  26.624 0.0000000000
103687  -48.454  15.470  25.260 0.0000000000
80306  -48.209  15.131  23.855 0.0000000000
80297  -46.062  15.247  25.289 0.0000000000
123460  -45.288  14.640  25.210 0.0000000000
80289  -45.206  15.399  25.717 0.0000000000
111321  -44.447  13.721  28.259 0.0000000000
79623  -43.236  15.305  26.302 0.0000000000
103835  -46.117  11.436  35.762 0.0000000000
109964  -45.994  11.611  34.054 0.0000000000
120320  -44.828  11.408  35.131 0.0000000000
78119  -41.659  11.787  32.936 0.0000000000
78131  -42.826  11.805  32.159 0.0000000000
78910  -41.621  12.606  31.425 0.0000000000
118816  -41.493  13.568  29.598 0.0000000000
79589  -40.158  13.764  29.888 0.0000000000
79597  -38.404  14.208  27.139 0.0000000000
79583  -39.770  13.458  31.052 0.0000000000
79567  -38.501  13.846  33.431 0.0000000000
79574  -38.516  13.813  32.257 0.0000000000
79566  -37.803  14.454  32.757 0.0000000000
80255  -36.116  15.541  30.878 0.0000000000
71058  -41.540  2.552  37.442 0.0000000000
71083  -42.819  2.901  35.863 0.0000000000
71928  -41.336  3.486  37.140 0.0000000000
73531  -40.908  5.070  37.651 0.0000000000
74295  -41.549  6.515  38.082 0.0000000000
103983  -49.938  13.279  47.882 0.0000000000
79481  -52.769  13.335  47.972 0.0000000000
79506  -52.681  12.996  46.827 0.0000000000
79516  -52.002  13.210  45.086 0.0000000000
106150  -49.226  13.397  43.244 0.0000000000
80196  -49.001  14.525  45.141 0.0000000000
80823  -47.988  14.862  44.460 0.0000000000
108336  -49.308  6.561  22.276 0.0000000000
77973  -35.121  11.311  45.316 0.0000000000
112507  -36.590  10.525  45.287 0.0000000000
78782  -35.151  12.190  46.729 0.0000000000
70115  -49.991  1.529  40.014 0.0000000000
70129  -48.343  0.913  39.427 0.0000000000
70095  -46.759  1.770  41.210 0.0000000000
71009  -45.580  2.087  41.830 0.0000000000
70078  -43.766  1.475  42.505 0.0000000000
68195  -36.293  -0.863  50.984 0.0000000000
66482  -35.915  -2.287  49.175 0.0000000000
120211  -34.630  1.718  44.703 0.0000000000
71863  -34.177  3.539  44.213 0.0000000000
72706  -32.540  4.297  43.845 0.0000000000
73503  -31.125  5.974  43.755 0.0000000000
73611  -45.659  5.600  30.338 0.0000000000
73638  -46.998  5.636  28.854 0.0000000000
74394  -46.189  6.683  28.447 0.0000000000
74418  -46.651  7.041  27.115 0.0000000000
107262  -47.434  8.027  24.927 0.0000000000
75968  -48.603  8.346  23.749 0.0000000000
75961  -47.208  8.691  25.251 0.0000000000
77435  -47.792  10.642  24.674 0.0000000000
78188  -47.986  11.544  25.387 0.0000000000
75802  -42.687  7.301  46.969 0.0000000000
76575  -41.000  9.160  44.389 0.0000000000
77269  -41.847  9.867  45.338 0.0000000000
124212  -43.081  11.393  42.921 0.0000000000
77301  -44.647  10.668  41.289 0.0000000000
104579  -52.543  10.546  38.825 0.0000000000
76613  -51.459  10.092  38.626 0.0000000000
77329  -51.387  10.651  36.789 0.0000000000
117303  -51.491  11.048  34.450 0.0000000000
78125  -51.929  11.985  31.823 0.0000000000
121252  -50.757  12.797  29.778 0.0000000000
78917  -51.222  12.867  30.785 0.0000000000
78942  -49.366  13.339  29.526 0.0000000000
109616  -47.558  13.793  28.141 0.0000000000
79616  -46.118  13.822  27.915 0.0000000000
79604  -46.940  13.381  28.788 0.0000000000
78926  -45.890  12.486  30.150 0.0000000000
78925  -44.805  12.437  30.227 0.0000000000
78046  -43.655  11.614  37.419 0.0000000000
105004  -44.036  11.404  34.932 0.0000000000
78061  -42.515  11.625  36.309 0.0000000000
78092  -41.438  11.690  34.445 0.0000000000
78103  -40.393  12.287  33.474 0.0000000000
78894  -39.836  12.723  32.840 0.0000000000
78874  -40.011  12.378  34.299 0.0000000000
78863  -39.599  12.833  34.672 0.0000000000
80246  -39.200  14.293  34.693 0.0000000000
71967  -48.295  3.122  34.052 0.0000000000
72000  -49.054  4.087  32.828 0.0000000000
114987  -47.732  3.291  33.567 0.0000000000
71998  -47.075  3.763  32.659 0.0000000000
103510  -45.966  4.268  32.021 0.0000000000
71964  -43.686  3.412  34.716 0.0000000000
72795  -44.256  4.342  33.598 0.0000000000
73586  -44.990  5.249  31.676 0.0000000000
73598  -44.626  5.934  31.450 0.0000000000
74353  -44.390  6.822  31.817 0.0000000000
75909  -44.982  8.269  31.671 0.0000000000
77934  -45.511  11.226  48.358 0.0000000000
78790  -45.035  12.315  45.966 0.0000000000
123918  -46.351  12.728  46.260 0.0000000000
115866  -47.107  12.506  44.850 0.0000000000
78012  -50.404  10.804  43.224 0.0000000000
113288  -51.787  11.746  45.628 0.0000000000
78004  -52.970  11.397  44.325 0.0000000000
112990  -52.602  10.713  42.201 0.0000000000
78033  -53.091  11.090  39.478 0.0000000000
78052  -51.026  11.419  37.183 0.0000000000
116527  -49.924  12.196  36.061 0.0000000000
78081  -48.144  11.924  35.281 0.0000000000
78065  -48.985  11.703  36.812 0.0000000000
124606  -47.013  11.445  37.081 0.0000000000
78039  -46.487  11.637  38.461 0.0000000000
78822  -47.505  12.861  41.296 0.0000000000
78835  -46.409  12.365  39.870 0.0000000000
78841  -45.108  12.173  39.120 0.0000000000
78840  -44.163  12.316  38.924 0.0000000000
79538  -43.273  13.698  39.676 0.0000000000
80213  -42.769  14.825  39.293 0.0000000000
71876  -38.411  3.645  45.204 0.0000000000
74281  -38.314  6.013  42.632 0.0000000000
72711  -39.001  3.981  45.710 0.0000000000
73491  -40.160  4.731  46.741 0.0000000000
73477  -40.601  5.108  47.224 0.0000000000
124112  -38.651  9.718  46.195 0.0000000000
75800  -39.704  8.185  47.004 0.0000000000
74245  -42.078  6.081  48.137 0.0000000000
74994  -42.610  6.771  48.591 0.0000000000
115130  -43.328  7.740  49.147 0.0000000000
76518  -44.033  8.586  49.513 0.0000000000
103823  -39.003  12.443  51.071 0.0000000000
78744  -41.342  12.079  49.794 0.0000000000
78727  -42.674  11.630  50.409 0.0000000000
77208  -44.651  10.088  50.350 0.0000000000
77911  -45.523  10.658  50.965 0.0000000000
77898  -46.161  11.435  51.313 0.0000000000
78729  -47.762  12.557  51.335 0.0000000000
72801  -53.145  4.878  33.355 0.0000000000
72783  -51.840  4.127  33.869 0.0000000000
71929  -54.662  3.195  37.159 0.0000000000
71939  -54.251  3.400  36.243 0.0000000000
106502  -53.218  3.514  35.495 0.0000000000
105482  -51.936  3.227  35.181 0.0000000000
71969  -50.405  3.083  34.716 0.0000000000
71089  -49.091  2.405  35.243 0.0000000000
70168  -47.171  1.145  36.166 0.0000000000
69222  -44.997  0.581  36.967 0.0000000000
69187  -45.958  0.549  39.108 0.0000000000
69207  -44.699  0.407  37.783 0.0000000000
70151  -43.387  0.956  37.348 0.0000000000
70139  -41.500  1.757  38.648 0.0000000000
68183  -42.829  -0.428  51.064 0.0000000000
114400  -38.474  -1.637  50.856 0.0000000000
67328  -41.546  -0.834  50.527 0.0000000000
68215  -44.131  -0.087  49.519 0.0000000000
111304  -44.688  0.319  48.215 0.0000000000
69105  -45.308  0.607  47.043 0.0000000000
70052  -45.715  1.525  45.381 0.0000000000
69138  -44.659  0.814  44.688 0.0000000000
68271  -42.737  -0.378  44.100 0.0000000000
68280  -41.618  -0.385  42.943 0.0000000000
71888  -37.460  3.083  43.510 0.0000000000
71866  -38.004  3.467  45.256 0.0000000000
73498  -36.685  5.330  45.039 0.0000000000
75822  -35.315  8.659  44.331 0.0000000000
77280  -34.057  10.641  44.624 0.0000000000
74425  -54.598  8.029  25.650 0.0000000000
74434  -53.520  7.697  24.915 0.0000000000
74442  -53.065  7.293  24.524 0.0000000000
73600  -50.026  5.065  31.374 0.0000000000
73630  -49.965  5.748  29.778 0.0000000000
73640  -48.786  5.760  28.460 0.0000000000
111377  -49.719  6.362  27.809 0.0000000000
75158  -51.287  7.248  26.942 0.0000000000
105946  -52.375  7.860  25.285 0.0000000000
75193  -52.537  7.674  24.223 0.0000000000
120921  -52.246  7.376  23.670 0.0000000000
74450  -51.840  7.569  22.945 0.0000000000
75207  -51.034  7.952  21.650 0.0000000000
74462  -49.366  7.404  21.670 0.0000000000
75985  -50.170  9.679  22.015 0.0000000000
76738  -50.525  9.320  21.023 0.0000000000
75996  -49.057  9.125  21.334 0.0000000000
75995  -47.768  9.093  21.579 0.0000000000
77452  -47.104  10.485  21.965 0.0000000000
77441  -46.721  11.130  23.062 0.0000000000
75039  -38.666  7.134  41.610 0.0000000000
75045  -39.778  7.635  39.809 0.0000000000
75047  -41.323  7.809  39.074 0.0000000000
76590  -41.459  9.763  41.592 0.0000000000
107270  -42.812  8.289  39.588 0.0000000000
74297  -43.315  6.936  37.753 0.0000000000
110069  -44.188  7.601  35.920 0.0000000000
75894  -44.902  8.665  34.003 0.0000000000
109348  -45.328  8.925  32.210 0.0000000000
78810  -45.381  12.205  43.724 0.0000000000
78017  -46.328  10.909  41.679 0.0000000000
76600  -46.605  9.438  40.152 0.0000000000
76617  -48.925  9.425  38.652 0.0000000000
76621  -48.115  9.199  38.062 0.0000000000
75866  -47.342  8.983  37.440 0.0000000000
76652  -46.564  9.357  34.628 0.0000000000
76668  -46.647  9.631  32.574 0.0000000000
116747  -46.506  9.909  30.634 0.0000000000
77407  -46.957  10.526  28.445 0.0000000000
78182  -48.828  12.419  25.947 0.0000000000
78950  -50.544  13.127  28.488 0.0000000000
120586  -50.189  13.765  26.030 0.0000000000
78979  -50.711  14.226  24.163 0.0000000000
120241  -49.127  14.408  22.514 0.0000000000
78983  -47.162  12.627  23.037 0.0000000000
108420  -44.187  15.094  26.576 0.0000000000
78109  -46.472  11.834  33.271 0.0000000000
78134  -45.300  11.849  31.834 0.0000000000
78913  -44.622  12.028  31.101 0.0000000000
78106  -43.238  11.333  33.271 0.0000000000
78132  -43.572  11.738  32.067 0.0000000000
78937  -42.998  13.285  29.509 0.0000000000
79591  -42.146  13.402  29.526 0.0000000000
79599  -40.446  14.605  27.069 0.0000000000
78947  -39.383  13.944  26.731 0.0000000000
113448  -38.897  13.806  30.984 0.0000000000
80267  -37.301  14.471  29.361 0.0000000000
80846  -43.007  15.737  38.602 0.0000000000
108873  -42.533  15.168  37.448 0.0000000000
80863  -41.890  15.521  35.922 0.0000000000
80868  -40.369  15.455  35.037 0.0000000000
80875  -39.406  15.320  34.536 0.0000000000
72738  -37.536  4.458  41.063 0.0000000000
114232  -38.203  5.126  40.183 0.0000000000
73515  -37.626  5.100  41.461 0.0000000000
70989  -48.618  3.121  43.370 0.0000000000
114085  -49.150  2.751  42.753 0.0000000000
104287  -47.774  3.153  43.309 0.0000000000
70988  -46.896  2.782  43.386 0.0000000000
70980  -46.772  2.716  44.265 0.0000000000
70037  -31.750  2.215  46.023 0.0000000000
72798  -50.553  4.227  33.298 0.0000000000
72816  -51.053  4.730  32.673 0.0000000000
75929  -45.546  8.232  29.410 0.0000000000
76691  -45.857  9.025  29.005 0.0000000000
75937  -46.082  8.952  28.267 0.0000000000
76684  -45.791  9.161  29.775 0.0000000000
118809  -44.327  10.017  47.668 0.0000000000
77255  -43.703  10.127  47.115 0.0000000000
77256  -44.340  10.742  47.285 0.0000000000
78875  -50.369  12.787  34.521 0.0000000000
78866  -51.259  12.581  34.773 0.0000000000
78885  -49.990  13.013  33.657 0.0000000000
106209  -50.526  13.179  32.604 0.0000000000
78884  -48.922  12.693  32.751 0.0000000000
78111  -48.229  12.267  33.788 0.0000000000
79542  -41.860  13.454  37.711 0.0000000000
78842  -41.673  12.799  37.362 0.0000000000
79545  -41.400  13.448  37.034 0.0000000000
80221  -41.762  14.100  37.388 0.0000000000
70183  -44.835  1.518  35.622 0.0000000000
71086  -45.114  1.948  35.012 0.0000000000
70182  -43.976  1.731  35.824 0.0000000000
73549  -43.144  5.540  35.238 0.0000000000
73540  -43.026  5.741  36.260 0.0000000000
74321  -43.442  6.422  34.767 0.0000000000
74302  -43.463  6.461  36.649 0.0000000000
79480  -48.309  13.160  48.992 0.0000000000
79492  -47.883  13.267  47.449 0.0000000000
104065  -48.536  13.336  48.068 0.0000000000
78819  -52.425  12.342  43.384 0.0000000000
78830  -51.111  12.029  41.313 0.0000000000
78824  -50.458  12.376  41.992 0.0000000000
78823  -48.974  12.565  41.337 0.0000000000
81420  -46.912  15.725  43.246 0.0000000000
80204  -46.466  14.524  42.724 0.0000000000
81424  -45.901  15.803  42.205 0.0000000000
73685  -47.552  5.927  22.586 0.0000000000
120146  -47.049  6.190  22.561 0.0000000000
74456  -47.419  6.819  22.322 0.0000000000
75810  -36.743  8.715  45.083 0.0000000000
75014  -37.350  7.552  45.425 0.0000000000
76556  -36.791  9.727  45.185 0.0000000000
78755  -38.299  12.464  48.660 0.0000000000
77950  -39.326  11.894  47.211 0.0000000000
78778  -39.783  12.209  47.911 0.0000000000
77931  -40.627  11.794  48.110 0.0000000000
78756  -39.192  12.404  48.716 0.0000000000
78679  -41.866  12.344  53.355 0.0000000000
70154  -50.778  1.581  37.675 0.0000000000
104212  -50.074  1.345  38.033 0.0000000000
70153  -49.433  1.222  37.610 0.0000000000
70142  -49.352  1.132  38.479 0.0000000000
115342  -43.163  1.620  41.201 0.0000000000
70108  -43.452  1.513  40.629 0.0000000000
70091  -42.285  1.418  41.139 0.0000000000
70090  -41.517  1.346  40.769 0.0000000000
69171  -41.387  0.811  41.456 0.0000000000
68179  -36.718  -0.422  51.571 0.0000000000
67352  -39.923  -1.797  48.446 0.0000000000
119061  -40.018  -1.855  47.581 0.0000000000
67363  -41.267  -1.301  47.163 0.0000000000
67362  -40.433  -1.649  46.882 0.0000000000
67372  -41.140  -1.396  46.287 0.0000000000
120936  -39.867  -1.845  46.337 0.0000000000
104320  -36.302  1.822  44.526 0.0000000000
107519  -36.418  2.548  44.637 0.0000000000
71864  -35.375  2.994  44.540 0.0000000000
75159  -52.035  7.591  27.227 0.0000000000
72838  -47.750  4.712  30.685 0.0000000000
73613  -47.182  4.967  29.942 0.0000000000
75180  -48.578  7.307  25.035 0.0000000000
74432  -49.012  6.895  25.720 0.0000000000
75191  -50.294  7.924  23.920 0.0000000000
75199  -50.913  8.368  22.953 0.0000000000
75198  -49.689  8.342  23.344 0.0000000000
78196  -48.837  12.231  23.751 0.0000000000
78201  -49.359  11.906  22.568 0.0000000000
78993  -49.555  12.957  22.090 0.0000000000
75026  -40.439  7.308  44.593 0.0000000000
75832  -40.204  8.066  43.784 0.0000000000
75824  -40.721  8.219  44.511 0.0000000000
76607  -45.267  8.990  39.849 0.0000000000
76606  -44.219  8.848  39.976 0.0000000000
75852  -45.646  8.364  39.187 0.0000000000
104955  -45.818  8.154  38.434 0.0000000000
77293  -49.395  10.634  42.228 0.0000000000
104439  -48.523  10.470  41.503 0.0000000000
105053  -49.833  10.357  41.468 0.0000000000
77365  -49.834  10.862  33.328 0.0000000000
77371  -49.615  10.871  32.426 0.0000000000
77364  -48.542  10.230  33.021 0.0000000000
77381  -49.481  10.940  31.604 0.0000000000
77392  -49.623  11.193  30.822 0.0000000000
79626  -48.238  14.260  27.515 0.0000000000
80283  -48.814  14.594  26.739 0.0000000000
80291  -47.856  15.342  25.855 0.0000000000
105509  -47.195  15.556  25.091 0.0000000000
80290  -46.467  15.489  25.745 0.0000000000
79602  -43.620  13.778  28.295 0.0000000000
79601  -42.865  13.907  28.437 0.0000000000
78064  -45.399  11.378  36.340 0.0000000000
104042  -45.194  11.401  35.688 0.0000000000
78896  -41.279  12.308  32.246 0.0000000000
78922  -41.148  13.332  30.380 0.0000000000
79561  -38.642  14.046  34.175 0.0000000000
71927  -40.658  3.676  37.749 0.0000000000
73526  -39.780  5.548  38.648 0.0000000000
72756  -40.438  4.526  37.878 0.0000000000
73527  -40.447  5.469  38.137 0.0000000000
73528  -41.226  5.746  37.809 0.0000000000
74294  -40.223  6.314  38.598 0.0000000000
119877  -51.125  13.364  48.401 0.0000000000
79482  -53.244  13.544  48.637 0.0000000000
122741  -51.607  14.120  46.721 0.0000000000
80192  -52.370  13.769  47.258 0.0000000000
118382  -51.767  13.718  46.377 0.0000000000
79510  -50.687  13.816  45.675 0.0000000000
79515  -49.798  13.840  44.936 0.0000000000
122177  -49.871  14.457  45.840 0.0000000000
81406  -48.918  15.916  45.543 0.0000000000
80824  -48.460  15.274  45.012 0.0000000000
81416  -47.886  15.616  44.358 0.0000000000
73670  -50.058  5.600  24.026 0.0000000000
73687  -49.261  6.016  22.797 0.0000000000
77959  -33.655  11.749  46.326 0.0000000000
77960  -34.679  11.808  46.028 0.0000000000
78781  -34.390  12.078  46.781 0.0000000000
71027  -50.383  1.951  40.819 0.0000000000
70098  -49.415  1.778  40.732 0.0000000000
121100  -48.637  1.660  40.696 0.0000000000
70096  -47.824  1.834  41.130 0.0000000000
70998  -45.731  2.346  42.428 0.0000000000
71010  -46.228  2.231  41.869 0.0000000000
70080  -45.023  1.979  42.151 0.0000000000
70079  -44.209  1.889  42.152 0.0000000000
122820  -44.724  1.843  42.563 0.0000000000
68250  -34.195  -0.732  45.775 0.0000000000
69126  -33.864  0.548  45.270 0.0000000000
69127  -34.638  -0.001  45.200 0.0000000000
70060  -33.834  1.270  44.935 0.0000000000
70974  -33.436  2.821  44.358 0.0000000000
70973  -32.626  3.017  44.452 0.0000000000
72717  -31.349  5.332  43.940 0.0000000000
74268  -29.838  6.500  44.207 0.0000000000
121485  -45.514  6.168  29.994 0.0000000000
113875  -46.392  6.052  28.984 0.0000000000
74393  -45.718  6.585  29.305 0.0000000000
75157  -46.362  7.887  27.079 0.0000000000
75167  -46.752  7.434  26.365 0.0000000000
75168  -47.114  7.191  25.847 0.0000000000
75178  -46.925  7.867  25.629 0.0000000000
75960  -46.794  8.732  25.994 0.0000000000
77423  -46.949  10.187  26.807 0.0000000000
76713  -47.100  9.408  25.734 0.0000000000
76708  -47.343  10.466  25.952 0.0000000000
76559  -41.968  8.735  45.881 0.0000000000
76560  -42.361  9.516  46.017 0.0000000000
77986  -43.293  11.621  44.362 0.0000000000
77985  -42.560  11.173  44.320 0.0000000000
108368  -43.768  11.494  42.724 0.0000000000
78016  -44.127  11.218  41.964 0.0000000000
124738  -44.869  11.220  41.828 0.0000000000
77331  -52.455  11.048  38.071 0.0000000000
77325  -52.376  10.759  38.111 0.0000000000
77339  -51.440  11.102  36.342 0.0000000000
78877  -51.992  12.317  33.317 0.0000000000
78097  -52.034  11.544  33.909 0.0000000000
78112  -51.951  11.759  32.843 0.0000000000
78902  -51.635  12.396  31.429 0.0000000000
122433  -49.127  13.148  30.905 0.0000000000
78928  -49.854  13.250  30.176 0.0000000000
79605  -48.678  13.515  28.844 0.0000000000
78941  -47.754  13.183  29.502 0.0000000000
78915  -46.712  12.464  30.880 0.0000000000
78914  -45.601  12.140  30.990 0.0000000000
78062  -43.475  11.490  36.539 0.0000000000
78045  -42.711  11.771  37.178 0.0000000000
118439  -41.280  12.003  35.607 0.0000000000
78076  -41.647  11.678  35.226 0.0000000000
78104  -41.197  11.867  33.632 0.0000000000
78091  -40.703  12.059  34.324 0.0000000000
113579  -40.268  12.364  34.942 0.0000000000
79555  -39.589  13.423  35.168 0.0000000000
120935  -39.233  13.499  34.535 0.0000000000
112364  -48.089  2.627  34.497 0.0000000000
71106  -47.544  2.850  34.172 0.0000000000
71984  -46.390  3.530  33.152 0.0000000000
124600  -46.385  3.909  32.504 0.0000000000
71997  -45.714  3.992  32.724 0.0000000000
71937  -42.460  3.625  35.909 0.0000000000
71084  -43.576  2.660  35.371 0.0000000000
72769  -43.019  3.669  35.308 0.0000000000
72794  -43.586  4.812  33.984 0.0000000000
72809  -44.473  4.856  32.909 0.0000000000
72810  -45.135  4.648  32.266 0.0000000000
73585  -44.529  5.388  32.216 0.0000000000
75092  -43.987  7.205  33.401 0.0000000000
74331  -44.140  6.751  32.616 0.0000000000
117241  -44.347  7.482  32.589 0.0000000000
75101  -44.600  7.665  31.947 0.0000000000
75893  -44.440  8.136  33.264 0.0000000000
77935  -45.958  11.689  48.480 0.0000000000
77954  -45.641  11.712  47.815 0.0000000000
78779  -46.127  12.238  47.723 0.0000000000
79509  -48.413  12.825  46.052 0.0000000000
79508  -47.270  12.838  45.957 0.0000000000
78801  -48.342  12.331  44.844 0.0000000000
78813  -48.726  11.838  44.224 0.0000000000
125260  -49.280  12.005  44.781 0.0000000000
78787  -51.420  12.485  46.682 0.0000000000
78795  -51.984  12.089  46.327 0.0000000000
78014  -53.494  11.496  43.717 0.0000000000
77288  -53.355  11.290  43.800 0.0000000000
77295  -52.671  10.912  43.113 0.0000000000
77307  -52.963  11.187  41.680 0.0000000000
77318  -53.130  10.852  40.567 0.0000000000
78025  -53.322  11.050  40.614 0.0000000000
78031  -50.331  11.639  38.911 0.0000000000
78032  -52.001  11.502  38.861 0.0000000000
78041  -51.192  11.414  38.015 0.0000000000
78066  -50.664  11.759  36.385 0.0000000000
107191  -49.915  11.750  37.224 0.0000000000
78029  -47.968  11.783  39.218 0.0000000000
78040  -47.627  11.628  38.420 0.0000000000
78049  -46.496  11.451  37.555 0.0000000000
78028  -46.993  11.867  39.237 0.0000000000
79533  -48.070  12.949  41.701 0.0000000000
118355  -47.843  13.481  42.599 0.0000000000
79537  -46.039  13.218  41.147 0.0000000000
78828  -46.658  12.681  40.571 0.0000000000
103256  -45.776  12.855  40.469 0.0000000000
78027  -46.039  12.045  39.194 0.0000000000
78834  -45.458  12.513  39.785 0.0000000000
78833  -44.468  12.690  39.656 0.0000000000
80211  -44.309  14.544  40.796 0.0000000000
79535  -43.733  14.124  40.321 0.0000000000
80210  -43.732  14.999  40.347 0.0000000000
80214  -43.200  14.483  39.781 0.0000000000
109664  -43.236  15.146  39.739 0.0000000000
75197  -46.059  7.098  22.776 0.0000000000
75973  -46.150  8.546  22.996 0.0000000000
71853  -38.530  3.945  45.668 0.0000000000
73499  -38.868  4.262  44.833 0.0000000000
72694  -39.050  4.167  46.173 0.0000000000
109049  -38.845  6.083  46.577 0.0000000000
74249  -39.463  5.064  46.877 0.0000000000
110656  -39.393  5.973  46.971 0.0000000000
75004  -39.732  6.367  47.281 0.0000000000
77975  -37.039  11.169  45.653 0.0000000000
77267  -37.444  10.309  45.592 0.0000000000
77976  -37.862  11.099  45.977 0.0000000000
77252  -39.869  10.331  46.926 0.0000000000
76548  -39.935  9.275  47.004 0.0000000000
75801  -40.624  7.831  47.625 0.0000000000
74998  -41.143  6.196  48.093 0.0000000000
110082  -41.517  6.910  48.263 0.0000000000
74999  -42.030  6.276  48.310 0.0000000000
75792  -41.397  8.265  47.985 0.0000000000
77228  -42.425  9.721  48.777 0.0000000000
76528  -42.706  8.409  48.869 0.0000000000
76517  -43.369  8.747  49.266 0.0000000000
76529  -43.693  7.912  49.185 0.0000000000
77229  -42.986  10.025  49.277 0.0000000000
103830  -38.812  12.085  53.150 0.0000000000
78699  -38.430  12.360  51.435 0.0000000000
117852  -39.712  12.436  50.461 0.0000000000
78725  -40.731  12.326  50.750 0.0000000000
78703  -42.432  12.007  51.207 0.0000000000
124255  -43.189  11.600  51.001 0.0000000000
77923  -44.009  10.155  50.322 0.0000000000
77909  -44.369  10.507  50.779 0.0000000000
77209  -45.082  10.155  50.447 0.0000000000
77910  -44.961  10.469  51.140 0.0000000000
78706  -45.529  11.918  52.410 0.0000000000
77897  -45.459  11.133  51.592 0.0000000000
78707  -46.265  11.840  52.021 0.0000000000
103701  -47.026  12.107  51.753 0.0000000000
116562  -46.358  12.326  52.670 0.0000000000
73590  -54.763  5.641  33.022 0.0000000000
72785  -53.402  4.477  34.152 0.0000000000
72802  -53.864  4.854  33.712 0.0000000000
124823  -52.839  4.515  33.804 0.0000000000
72784  -52.561  4.128  34.235 0.0000000000
71062  -53.525  2.521  37.499 0.0000000000
71063  -54.170  2.671  37.735 0.0000000000
71073  -53.879  2.793  36.930 0.0000000000
123468  -53.713  3.428  35.822 0.0000000000
71938  -53.296  3.054  36.207 0.0000000000
71070  -51.020  2.312  36.125 0.0000000000
71091  -51.653  2.697  35.743 0.0000000000
71090  -50.763  2.641  35.490 0.0000000000
71948  -51.224  3.183  35.048 0.0000000000
107644  -49.969  2.415  35.270 0.0000000000
115432  -49.535  1.885  35.815 0.0000000000
69225  -47.534  0.861  36.773 0.0000000000
108145  -48.172  1.169  36.365 0.0000000000
69224  -46.765  0.778  36.781 0.0000000000
70167  -46.251  0.939  36.082 0.0000000000
69223  -45.879  0.552  36.804 0.0000000000
70128  -47.525  0.887  39.614 0.0000000000
69189  -47.754  0.624  38.836 0.0000000000
70124  -43.419  0.956  39.703 0.0000000000
69197  -44.430  0.435  38.619 0.0000000000
69196  -43.537  0.634  38.773 0.0000000000
69206  -43.891  0.562  37.941 0.0000000000
69195  -42.880  0.912  38.456 0.0000000000
70150  -42.638  1.275  37.723 0.0000000000
70140  -42.199  1.326  38.606 0.0000000000
70040  -46.671  1.796  46.408 0.0000000000
103685  -41.160  -0.785  51.905 0.0000000000
68166  -42.548  -0.438  51.879 0.0000000000
67319  -41.880  -0.649  51.274 0.0000000000
67325  -36.703  -1.496  50.561 0.0000000000
67326  -37.520  -1.618  50.749 0.0000000000
66474  -37.917  -1.948  50.242 0.0000000000
67344  -41.036  -1.283  49.297 0.0000000000
67327  -40.880  -1.202  50.180 0.0000000000
119367  -41.681  -0.879  49.790 0.0000000000
68196  -42.303  -0.617  50.353 0.0000000000
68214  -43.406  -0.297  49.136 0.0000000000
68225  -44.072  0.010  48.688 0.0000000000
68224  -43.405  -0.244  48.340 0.0000000000
111540  -43.315  -0.334  46.625 0.0000000000
69104  -43.999  -0.012  47.051 0.0000000000
69114  -44.627  0.381  46.594 0.0000000000
69115  -45.338  0.910  46.118 0.0000000000
69129  -44.530  0.486  45.632 0.0000000000
70064  -45.369  1.529  44.600 0.0000000000
123586  -44.233  0.373  45.086 0.0000000000
68260  -41.529  -1.225  44.788 0.0000000000
105292  -41.978  -0.877  44.142 0.0000000000
68270  -42.189  -0.356  43.465 0.0000000000
115841  -41.580  -0.767  43.548 0.0000000000
70070  -36.840  1.431  43.314 0.0000000000
70077  -37.328  1.198  42.314 0.0000000000
70997  -37.107  1.898  42.831 0.0000000000
114502  -37.290  2.608  42.735 0.0000000000
70978  -37.472  3.030  44.713 0.0000000000
73497  -35.852  5.339  44.553 0.0000000000
72710  -36.654  4.350  45.006 0.0000000000
72719  -32.980  4.976  43.606 0.0000000000
72720  -33.716  5.018  43.682 0.0000000000
74277  -33.139  6.470  43.468 0.0000000000
76580  -33.738  9.167  43.810 0.0000000000
76572  -34.436  9.470  44.113 0.0000000000
119221  -33.463  10.366  44.468 0.0000000000
77263  -33.305  10.928  44.840 0.0000000000
75954  -54.930  9.115  26.055 0.0000000000
75184  -53.849  8.107  25.162 0.0000000000
74443  -53.082  7.784  24.680 0.0000000000
72814  -49.503  4.463  32.368 0.0000000000
72827  -49.258  4.719  31.607 0.0000000000
73629  -49.026  5.527  29.427 0.0000000000
105857  -49.261  5.285  30.262 0.0000000000
74395  -46.956  6.103  28.236 0.0000000000
73639  -47.714  5.604  28.574 0.0000000000
74409  -47.907  5.915  27.778 0.0000000000
117911  -49.639  6.835  26.292 0.0000000000
74410  -49.672  6.601  27.029 0.0000000000
74411  -50.472  6.748  27.431 0.0000000000
124057  -51.476  7.513  26.095 0.0000000000
75169  -51.285  7.544  25.403 0.0000000000
75192  -52.142  7.833  23.643 0.0000000000
75182  -52.274  7.827  24.459 0.0000000000
74451  -52.590  7.596  24.163 0.0000000000
75209  -51.726  8.185  22.617 0.0000000000
75208  -51.536  8.138  22.094 0.0000000000
75215  -51.007  8.630  21.616 0.0000000000
115069  -50.465  8.417  21.219 0.0000000000
75974  -48.495  9.036  23.536 0.0000000000
75975  -49.267  8.965  22.893 0.0000000000
76724  -49.095  9.851  22.750 0.0000000000
77455  -49.660  10.153  21.520 0.0000000000
76730  -50.227  9.640  21.269 0.0000000000
76737  -49.911  9.745  21.132 0.0000000000
75997  -50.316  9.152  20.859 0.0000000000
76736  -48.587  9.939  21.429 0.0000000000
77446  -47.483  11.277  21.890 0.0000000000
120013  -47.011  11.016  22.331 0.0000000000
78207  -47.168  11.800  22.470 0.0000000000
74279  -38.875  6.256  43.437 0.0000000000
74283  -38.281  6.426  41.805 0.0000000000
75036  -38.653  6.870  42.415 0.0000000000
75837  -39.628  8.318  41.639 0.0000000000
75840  -39.783  8.168  40.651 0.0000000000
75847  -40.251  8.161  39.968 0.0000000000
75046  -40.471  7.727  39.346 0.0000000000
75848  -40.912  8.309  39.754 0.0000000000
77286  -41.596  10.361  43.309 0.0000000000
76586  -41.254  9.971  42.503 0.0000000000
75850  -43.775  8.260  39.506 0.0000000000
75843  -42.320  8.816  40.230 0.0000000000
75049  -43.308  7.745  38.984 0.0000000000
75054  -42.827  7.333  38.356 0.0000000000
75055  -43.737  7.386  38.326 0.0000000000
75062  -44.039  7.123  36.868 0.0000000000
75059  -44.598  7.478  37.475 0.0000000000
75878  -45.493  8.557  35.826 0.0000000000
75877  -44.682  8.224  35.429 0.0000000000
75886  -45.225  8.695  34.947 0.0000000000
75902  -45.093  8.839  33.057 0.0000000000
76660  -45.763  9.194  33.623 0.0000000000
78791  -45.515  12.534  45.262 0.0000000000
116342  -44.752  12.274  45.202 0.0000000000
78799  -45.743  12.464  44.431 0.0000000000
77303  -46.966  10.471  41.290 0.0000000000
112771  -46.181  10.408  41.060 0.0000000000
76601  -47.433  9.635  40.217 0.0000000000
76623  -50.394  9.960  37.219 0.0000000000
76612  -50.105  9.741  38.905 0.0000000000
104484  -48.693  9.688  36.147 0.0000000000
114523  -48.463  9.540  36.666 0.0000000000
76629  -47.786  9.366  36.535 0.0000000000
121843  -47.013  8.954  36.645 0.0000000000
105180  -47.167  9.453  35.100 0.0000000000
76662  -47.503  9.864  32.762 0.0000000000
76669  -47.210  9.914  31.907 0.0000000000
76677  -46.360  9.683  31.251 0.0000000000
77398  -46.750  10.313  29.386 0.0000000000
77390  -47.035  10.366  30.230 0.0000000000
116689  -48.515  11.680  28.077 0.0000000000
77408  -47.945  11.345  28.575 0.0000000000
78173  -49.167  12.492  27.015 0.0000000000
78156  -50.568  13.059  29.028 0.0000000000
80293  -50.142  14.765  25.508 0.0000000000
78966  -50.174  13.791  26.841 0.0000000000
107662  -50.342  14.209  25.834 0.0000000000
78973  -50.393  13.993  25.136 0.0000000000
79640  -50.644  14.679  24.676 0.0000000000
80314  -50.442  15.068  23.096 0.0000000000
80919  -49.945  15.347  23.535 0.0000000000
79646  -47.577  14.605  23.791 0.0000000000
79651  -47.192  13.596  23.559 0.0000000000
78200  -46.732  11.949  23.387 0.0000000000
78976  -46.226  12.970  24.712 0.0000000000
79624  -45.331  14.754  26.993 0.0000000000
79615  -44.603  14.332  27.497 0.0000000000
79622  -42.175  15.201  25.750 0.0000000000
80278  -42.660  15.384  25.802 0.0000000000
78095  -47.571  11.871  34.531 0.0000000000
117696  -46.591  11.644  34.517 0.0000000000
78108  -45.458  11.578  33.391 0.0000000000
109884  -44.938  11.593  32.690 0.0000000000
78133  -44.377  11.735  31.963 0.0000000000
107730  -43.078  11.359  34.749 0.0000000000
78107  -43.797  11.330  33.928 0.0000000000
78911  -42.450  12.331  31.467 0.0000000000
110745  -43.144  12.093  31.537 0.0000000000
111376  -42.942  12.617  30.669 0.0000000000
79590  -40.583  14.178  28.628 0.0000000000
79611  -40.153  14.387  26.539 0.0000000000
79610  -39.427  14.109  26.764 0.0000000000
79588  -38.943  14.287  29.162 0.0000000000
79596  -37.350  13.863  27.472 0.0000000000
79582  -39.429  13.259  32.100 0.0000000000
79573  -37.729  14.414  31.744 0.0000000000
79581  -38.057  14.291  30.897 0.0000000000
80266  -36.311  14.529  29.018 0.0000000000
80864  -42.598  15.470  36.729 0.0000000000
80233  -42.097  14.848  36.959 0.0000000000
81465  -42.664  15.908  35.977 0.0000000000
80869  -41.146  15.832  35.219 0.0000000000
71913  -39.189  3.554  39.424 0.0000000000
71921  -40.072  3.885  38.331 0.0000000000
111247  -38.921  4.174  39.437 0.0000000000
73522  -38.656  5.490  39.706 0.0000000000
74287  -38.686  6.292  39.987 0.0000000000
80166  -53.606  13.873  48.626 0.0000000000
80787  -52.562  14.707  47.992 0.0000000000
81407  -49.602  16.507  46.029 0.0000000000
73682  -50.890  6.430  23.254 0.0000000000
78770  -32.892  12.062  47.690 0.0000000000
78771  -33.415  12.293  48.196 0.0000000000
118606  -49.617  2.484  42.211 0.0000000000
104865  -48.898  2.485  42.066 0.0000000000
71012  -48.049  2.498  41.921 0.0000000000
71000  -47.442  2.748  42.609 0.0000000000
70999  -46.548  2.555  42.571 0.0000000000
70987  -45.969  2.581  43.167 0.0000000000
70964  -32.007  2.850  44.930 0.0000000000
73588  -51.665  5.221  32.120 0.0000000000
73587  -50.691  5.045  31.903 0.0000000000
75131  -45.432  7.314  29.487 0.0000000000
75143  -45.729  7.458  28.657 0.0000000000
75156  -45.961  8.090  27.932 0.0000000000
75946  -46.334  8.821  27.512 0.0000000000
75953  -46.564  8.773  26.745 0.0000000000
76702  -46.633  9.569  27.153 0.0000000000
77415  -46.896  10.364  27.524 0.0000000000
76551  -43.680  8.603  47.561 0.0000000000
77254  -42.965  9.716  46.525 0.0000000000
77271  -43.202  10.710  46.004 0.0000000000
77978  -43.565  11.507  45.379 0.0000000000
105637  -44.104  11.940  44.014 0.0000000000
78067  -51.374  11.237  36.432 0.0000000000
109508  -51.324  11.484  35.639 0.0000000000
78867  -51.826  12.246  34.143 0.0000000000
78886  -51.441  13.073  32.931 0.0000000000
78901  -51.480  13.043  31.911 0.0000000000
78900  -50.546  13.253  31.718 0.0000000000
106119  -48.089  12.909  30.628 0.0000000000
78124  -47.295  12.259  32.415 0.0000000000
109100  -42.559  12.748  38.327 0.0000000000
78843  -42.252  12.390  37.617 0.0000000000
78853  -41.247  12.302  36.118 0.0000000000
78865  -40.742  12.372  35.547 0.0000000000
78852  -40.646  12.781  35.991 0.0000000000
70196  -46.687  1.989  35.032 0.0000000000
71105  -46.737  2.607  34.360 0.0000000000
71104  -45.755  2.299  34.554 0.0000000000
71966  -45.225  3.018  34.053 0.0000000000
72764  -42.175  4.549  36.281 0.0000000000
72780  -42.956  4.623  35.204 0.0000000000
73548  -42.668  5.019  35.834 0.0000000000
73572  -43.666  5.629  33.552 0.0000000000
114137  -43.585  6.423  33.881 0.0000000000
75083  -43.736  7.208  34.365 0.0000000000
119550  -46.705  12.740  47.704 0.0000000000
78780  -47.449  13.077  48.160 0.0000000000
79503  -47.879  13.138  46.699 0.0000000000
78804  -52.787  12.576  45.550 0.0000000000
78803  -52.621  12.180  45.726 0.0000000000
78816  -53.485  11.836  44.028 0.0000000000
78820  -53.288  11.624  43.267 0.0000000000
78020  -53.023  11.246  42.106 0.0000000000
78024  -52.176  11.578  41.142 0.0000000000
78023  -50.790  11.777  39.799 0.0000000000
78030  -49.022  11.667  39.077 0.0000000000
78022  -49.448  11.828  39.818 0.0000000000
78837  -48.361  11.929  39.870 0.0000000000
119790  -47.948  12.290  40.433 0.0000000000
79520  -47.161  14.147  43.138 0.0000000000
79527  -46.729  13.834  42.472 0.0000000000
79526  -45.915  14.195  42.242 0.0000000000
79531  -45.514  13.858  41.660 0.0000000000
79530  -44.857  14.191  41.291 0.0000000000
80207  -44.745  14.959  41.332 0.0000000000
80837  -44.739  15.786  41.066 0.0000000000
74455  -46.635  6.533  22.637 0.0000000000
74260  -37.561  6.222  45.608 0.0000000000
74261  -38.502  5.482  46.322 0.0000000000
107471  -38.091  7.673  45.845 0.0000000000
75812  -38.376  8.278  46.008 0.0000000000
78785  -37.731  12.184  46.995 0.0000000000
77964  -38.205  11.653  46.515 0.0000000000
112022  -38.880  11.574  46.744 0.0000000000
77965  -39.514  11.146  46.812 0.0000000000
77253  -40.265  10.852  47.244 0.0000000000
76540  -40.977  9.431  47.723 0.0000000000
77951  -40.627  11.237  47.645 0.0000000000
77952  -41.084  11.186  48.002 0.0000000000
77932  -41.378  11.387  48.541 0.0000000000
103829  -39.597  12.210  53.140 0.0000000000
78701  -40.606  12.344  51.862 0.0000000000
78678  -41.287  12.313  52.540 0.0000000000
116814  -42.284  12.213  52.267 0.0000000000
78704  -43.212  11.913  51.742 0.0000000000
78705  -44.062  11.857  52.200 0.0000000000
78680  -43.251  12.202  52.716 0.0000000000
78681  -44.179  12.271  53.252 0.0000000000
73562  -54.552  5.170  33.715 0.0000000000
72787  -55.206  5.012  34.409 0.0000000000
72770  -53.916  4.252  34.723 0.0000000000
70145  -52.207  1.947  37.931 0.0000000000
71061  -52.315  2.138  37.110 0.0000000000
71072  -52.419  2.571  36.346 0.0000000000
70170  -50.780  1.786  36.749 0.0000000000
70169  -49.921  1.571  36.480 0.0000000000
119618  -49.493  1.334  36.948 0.0000000000
70152  -48.850  1.155  37.064 0.0000000000
69210  -47.319  0.689  37.418 0.0000000000
70110  -45.364  1.448  40.657 0.0000000000
70125  -44.788  1.101  40.024 0.0000000000
113932  -44.037  1.159  40.143 0.0000000000
111749  -42.694  1.309  39.991 0.0000000000
70123  -42.095  1.341  39.410 0.0000000000
70107  -41.950  1.447  40.249 0.0000000000
66484  -37.810  -2.249  49.519 0.0000000000
66485  -38.594  -2.058  50.011 0.0000000000
115978  -38.605  -2.184  49.276 0.0000000000
123068  -40.655  -1.505  48.665 0.0000000000
67354  -41.264  -1.246  48.491 0.0000000000
68223  -42.635  -0.529  48.021 0.0000000000
117681  -41.421  -1.188  47.857 0.0000000000
68232  -42.611  -0.593  47.044 0.0000000000
108088  -42.629  -0.675  46.026 0.0000000000
68253  -43.109  -0.487  45.387 0.0000000000
68252  -41.792  -1.163  45.672 0.0000000000
67383  -40.962  -1.423  45.435 0.0000000000
67382  -40.273  -1.620  45.295 0.0000000000
69154  -36.878  0.646  42.987 0.0000000000
70985  -36.653  1.670  44.187 0.0000000000
70977  -36.877  2.492  44.498 0.0000000000
71865  -37.247  3.033  44.927 0.0000000000
114473  -35.567  4.522  44.493 0.0000000000
73496  -34.998  5.408  44.158 0.0000000000
75171  -53.363  8.142  25.603 0.0000000000
72826  -48.275  4.493  31.484 0.0000000000
74420  -48.119  6.630  26.142 0.0000000000
74433  -50.165  7.262  25.598 0.0000000000
110330  -51.723  8.182  22.750 0.0000000000
75977  -51.097  8.651  22.038 0.0000000000
77448  -49.572  10.794  22.161 0.0000000000
110496  -49.419  11.031  21.694 0.0000000000
78214  -49.203  11.776  21.515 0.0000000000
78999  -49.299  12.429  21.662 0.0000000000
78992  -49.310  13.067  21.792 0.0000000000
75025  -40.030  6.516  44.592 0.0000000000
107352  -39.115  7.166  42.961 0.0000000000
75034  -39.912  7.376  43.967 0.0000000000
75834  -39.652  8.326  42.384 0.0000000000
75838  -40.096  8.859  42.115 0.0000000000
77299  -42.766  10.555  41.821 0.0000000000
76591  -42.280  9.979  41.337 0.0000000000
76597  -43.661  9.506  40.489 0.0000000000
75057  -45.220  7.699  37.991 0.0000000000
75864  -45.696  8.345  36.716 0.0000000000
75879  -46.340  8.795  36.251 0.0000000000
78001  -48.076  11.579  43.368 0.0000000000
78000  -46.915  11.789  43.151 0.0000000000
78010  -47.573  11.297  42.538 0.0000000000
76602  -48.465  9.886  40.264 0.0000000000
77348  -50.141  10.583  35.025 0.0000000000
76631  -50.004  10.318  35.897 0.0000000000
123964  -49.096  10.198  34.708 0.0000000000
76654  -48.110  9.809  34.846 0.0000000000
77370  -48.386  10.312  32.204 0.0000000000
77391  -48.343  10.783  30.450 0.0000000000
78144  -48.922  11.238  29.824 0.0000000000
78163  -49.417  11.901  28.607 0.0000000000
79617  -50.054  13.667  28.533 0.0000000000
79628  -50.383  13.499  28.272 0.0000000000
79627  -49.866  14.005  27.722 0.0000000000
80292  -49.236  15.043  25.940 0.0000000000
108627  -49.507  15.254  25.293 0.0000000000
80307  -49.054  15.363  23.890 0.0000000000
80298  -48.072  15.418  24.472 0.0000000000
104371  -47.051  15.153  24.549 0.0000000000
79645  -46.704  14.341  24.336 0.0000000000
79644  -46.002  14.058  24.784 0.0000000000
80305  -45.947  14.867  24.988 0.0000000000
80296  -45.015  15.095  25.416 0.0000000000
79614  -43.243  14.757  27.193 0.0000000000
78094  -45.762  11.470  34.938 0.0000000000
110177  -44.917  11.394  34.263 0.0000000000
78105  -41.953  11.497  33.733 0.0000000000
78120  -42.513  11.480  32.967 0.0000000000
78897  -42.056  12.004  32.203 0.0000000000
79598  -39.506  14.348  27.884 0.0000000000
80256  -37.034  15.073  31.792 0.0000000000
70163  -42.880  1.569  36.840 0.0000000000
71069  -43.219  2.059  36.132 0.0000000000
71068  -42.540  2.400  36.475 0.0000000000
125153  -42.319  3.109  36.257 0.0000000000
71936  -41.956  3.715  36.405 0.0000000000
72757  -41.034  4.371  37.372 0.0000000000
72763  -41.612  4.397  36.826 0.0000000000
73538  -41.975  5.018  36.771 0.0000000000
73533  -42.273  5.490  37.105 0.0000000000
74299  -42.056  5.926  37.563 0.0000000000
106569  -49.560  13.366  48.965 0.0000000000
79493  -51.828  12.948  47.546 0.0000000000
79505  -52.276  12.653  46.888 0.0000000000
109483  -52.455  13.142  47.151 0.0000000000
110690  -52.735  12.918  46.547 0.0000000000
79511  -52.650  13.126  45.999 0.0000000000
78814  -51.253  13.017  43.917 0.0000000000
118349  -49.801  13.536  44.235 0.0000000000
122415  -48.741  13.749  43.835 0.0000000000
79514  -48.528  14.172  44.288 0.0000000000
80194  -49.128  15.076  45.680 0.0000000000
80199  -47.583  14.526  43.771 0.0000000000
80827  -47.384  15.255  43.837 0.0000000000
81421  -47.466  16.089  43.690 0.0000000000
81426  -47.159  16.570  43.012 0.0000000000
77265  -35.488  10.619  44.869 0.0000000000
120925  -36.065  10.614  45.116 0.0000000000
77974  -36.076  11.167  45.432 0.0000000000
77961  -35.613  11.843  45.977 0.0000000000
78783  -36.015  12.248  46.752 0.0000000000
78772  -34.675  12.315  47.458 0.0000000000
78773  -35.506  12.419  47.513 0.0000000000
78784  -36.884  12.207  46.871 0.0000000000
70131  -50.438  1.481  39.275 0.0000000000
70130  -49.651  1.276  39.271 0.0000000000
118118  -48.992  1.059  39.167 0.0000000000
70114  -49.025  1.368  39.932 0.0000000000
70113  -48.116  1.297  40.227 0.0000000000
70112  -47.202  1.375  40.406 0.0000000000
70111  -46.260  1.342  40.545 0.0000000000
119959  -44.496  1.867  41.631 0.0000000000
70092  -43.527  1.598  41.862 0.0000000000
115881  -42.905  1.313  41.683 0.0000000000
68194  -35.554  -0.544  50.692 0.0000000000
67324  -35.923  -1.248  50.302 0.0000000000
67341  -36.339  -1.887  49.875 0.0000000000
67340  -35.510  -1.704  49.616 0.0000000000
66483  -36.842  -2.283  49.350 0.0000000000
66493  -37.371  -2.429  48.710 0.0000000000
70975  -34.465  2.552  44.496 0.0000000000
72707  -33.463  4.301  43.799 0.0000000000
72705  -31.696  4.566  44.170 0.0000000000
72718  -32.139  5.061  43.714 0.0000000000
74275  -31.483  6.503  43.564 0.0000000000
73612  -46.348  5.214  30.102 0.0000000000
73627  -46.692  5.463  29.435 0.0000000000
74408  -46.588  6.711  27.802 0.0000000000
116588  -47.202  6.458  27.383 0.0000000000
74430  -47.579  6.899  25.814 0.0000000000
75179  -47.603  7.352  25.265 0.0000000000
75189  -48.064  7.817  24.489 0.0000000000
75967  -47.818  8.657  24.329 0.0000000000
111964  -47.495  9.573  24.978 0.0000000000
78195  -48.280  11.539  24.467 0.0000000000
78189  -48.691  12.403  24.842 0.0000000000
75813  -41.843  7.445  46.104 0.0000000000
75825  -41.294  8.408  45.220 0.0000000000
115217  -41.408  9.338  45.076 0.0000000000
77283  -41.526  10.026  44.325 0.0000000000
77287  -42.126  10.791  43.203 0.0000000000
77270  -42.474  10.352  45.645 0.0000000000
77284  -42.093  10.744  43.890 0.0000000000
77291  -42.501  10.899  42.648 0.0000000000
77300  -43.681  10.650  41.536 0.0000000000
77312  -44.814  10.138  40.677 0.0000000000
76599  -45.350  9.708  40.374 0.0000000000
77317  -52.232  10.265  40.358 0.0000000000
122416  -51.135  10.058  40.488 0.0000000000
76619  -51.441  10.385  37.627 0.0000000000
77338  -51.251  10.823  36.020 0.0000000000
77350  -51.500  11.323  35.378 0.0000000000
77349  -51.289  10.895  35.240 0.0000000000
77372  -51.222  11.475  32.580 0.0000000000
77382  -50.753  11.557  31.750 0.0000000000
78137  -51.566  12.223  31.153 0.0000000000
78943  -50.518  13.212  29.443 0.0000000000
107128  -51.441  13.098  31.207 0.0000000000
78929  -50.910  13.162  30.093 0.0000000000
79606  -50.130  13.510  29.030 0.0000000000
79625  -46.703  14.400  27.325 0.0000000000
78927  -47.126  12.765  30.125 0.0000000000
78940  -46.326  12.894  29.413 0.0000000000
78939  -44.948  12.998  29.242 0.0000000000
78063  -44.512  11.404  36.734 0.0000000000
78079  -44.300  11.409  35.831 0.0000000000
78078  -43.297  11.439  35.643 0.0000000000
78077  -42.379  11.519  35.448 0.0000000000
78093  -42.197  11.443  34.593 0.0000000000
78883  -41.016  12.111  32.937 0.0000000000
78895  -40.546  12.498  32.485 0.0000000000
78908  -40.044  12.842  31.990 0.0000000000
78882  -39.580  12.700  33.809 0.0000000000
79568  -39.072  13.276  34.017 0.0000000000
71968  -49.143  3.444  34.028 0.0000000000
72797  -49.743  4.202  33.005 0.0000000000
111559  -49.278  3.838  33.350 0.0000000000
71985  -48.545  3.624  33.344 0.0000000000
71999  -47.810  3.654  32.921 0.0000000000
71118  -46.941  3.145  33.733 0.0000000000
124056  -47.192  3.483  33.226 0.0000000000
72812  -47.793  4.043  32.170 0.0000000000
72811  -46.820  4.114  32.013 0.0000000000
72824  -46.374  4.474  31.358 0.0000000000
71102  -44.120  2.792  34.777 0.0000000000
71965  -44.378  3.321  34.279 0.0000000000
72781  -43.365  4.228  34.643 0.0000000000
109980  -44.292  3.822  33.934 0.0000000000
71982  -44.759  3.670  33.714 0.0000000000
72796  -44.979  4.166  33.098 0.0000000000
72823  -45.589  4.814  31.493 0.0000000000
72836  -45.963  4.966  30.778 0.0000000000
73599  -45.291  5.442  31.044 0.0000000000
73610  -45.122  6.094  30.630 0.0000000000
74341  -44.176  6.090  32.288 0.0000000000
74364  -44.742  6.702  30.944 0.0000000000
75120  -44.941  7.363  30.643 0.0000000000
75110  -45.146  8.113  30.896 0.0000000000
77231  -45.257  10.420  48.774 0.0000000000
77967  -44.673  11.600  46.639 0.0000000000
106425  -45.516  12.088  46.961 0.0000000000
110662  -45.830  12.594  46.149 0.0000000000
108409  -46.287  12.611  45.015 0.0000000000
79502  -46.869  12.889  46.421 0.0000000000
119997  -46.875  12.666  45.401 0.0000000000
78812  -47.358  12.184  44.028 0.0000000000
77294  -51.245  10.516  42.488 0.0000000000
119655  -49.421  12.958  46.657 0.0000000000
78802  -50.056  12.090  45.461 0.0000000000
77988  -50.472  11.576  44.774 0.0000000000
78003  -51.413  11.160  44.219 0.0000000000
77306  -52.692  10.609  41.251 0.0000000000
77322  -53.049  10.766  39.540 0.0000000000
78043  -52.854  11.049  38.674 0.0000000000
78042  -52.237  11.182  37.926 0.0000000000
123730  -51.779  11.235  37.471 0.0000000000
78082  -49.833  12.453  35.333 0.0000000000
105465  -48.612  11.843  36.042 0.0000000000
104389  -47.246  11.552  35.906 0.0000000000
78051  -48.737  11.589  37.758 0.0000000000
104204  -47.608  11.562  36.660 0.0000000000
105015  -46.435  11.405  36.619 0.0000000000
78048  -45.469  11.375  37.154 0.0000000000
78817  -49.069  12.970  42.228 0.0000000000
103489  -48.054  12.551  41.019 0.0000000000
78829  -47.392  12.582  40.744 0.0000000000
103507  -47.215  13.313  41.822 0.0000000000
78038  -45.617  11.796  38.654 0.0000000000
78047  -44.610  11.520  37.680 0.0000000000
78036  -43.866  11.880  38.223 0.0000000000
78839  -43.291  12.499  38.670 0.0000000000
79539  -43.986  13.354  40.084 0.0000000000
103249  -43.595  12.929  39.401 0.0000000000
78832  -42.856  13.234  39.018 0.0000000000
79543  -42.326  13.565  38.420 0.0000000000
80217  -42.432  14.489  38.583 0.0000000000
73508  -37.979  4.519  43.249 0.0000000000
111059  -38.015  5.300  42.703 0.0000000000
73509  -38.441  5.177  43.608 0.0000000000
73500  -39.404  4.689  45.252 0.0000000000
73490  -38.961  4.467  46.418 0.0000000000
72695  -39.509  4.448  46.200 0.0000000000
74262  -40.083  5.271  45.620 0.0000000000
74263  -41.201  5.993  46.212 0.0000000000
76557  -37.442  9.313  45.493 0.0000000000
111592  -38.028  8.953  45.786 0.0000000000
75799  -39.019  8.252  46.473 0.0000000000
76547  -39.201  9.162  46.458 0.0000000000
106721  -39.477  7.409  46.966 0.0000000000
75005  -40.183  6.890  47.546 0.0000000000
116897  -41.276  5.699  47.693 0.0000000000
75017  -41.671  6.338  46.563 0.0000000000
120603  -42.233  6.549  46.961 0.0000000000
75794  -43.092  6.795  48.156 0.0000000000
115413  -42.192  8.044  48.501 0.0000000000
75787  -42.992  7.152  49.035 0.0000000000
75795  -43.554  7.490  48.407 0.0000000000
76542  -44.128  8.152  48.670 0.0000000000
106498  -44.574  8.746  48.949 0.0000000000
78742  -39.480  12.441  49.571 0.0000000000
78743  -40.415  12.313  49.703 0.0000000000
77922  -41.824  11.518  49.235 0.0000000000
78726  -41.802  12.096  50.551 0.0000000000
78745  -42.143  11.713  49.847 0.0000000000
112666  -42.912  10.941  49.732 0.0000000000
77216  -43.776  9.553  49.739 0.0000000000
77217  -44.296  9.448  49.838 0.0000000000
77230  -44.897  9.438  49.271 0.0000000000
77219  -45.226  10.115  49.654 0.0000000000
77924  -45.639  10.696  50.052 0.0000000000
77925  -46.153  11.518  49.390 0.0000000000
77896  -44.905  11.214  51.870 0.0000000000
77912  -46.197  11.358  50.397 0.0000000000
78728  -46.918  11.954  50.835 0.0000000000
78747  -47.587  12.496  50.313 0.0000000000
79460  -48.439  12.971  50.881 0.0000000000
78684  -47.262  12.602  52.680 0.0000000000
73574  -53.964  5.227  33.105 0.0000000000
73573  -52.446  5.116  32.708 0.0000000000
72800  -52.281  4.575  33.447 0.0000000000
72799  -51.426  4.438  33.344 0.0000000000
71987  -50.472  3.651  34.006 0.0000000000
71950  -54.009  3.808  35.381 0.0000000000
71949  -52.505  3.114  35.661 0.0000000000
71971  -52.546  3.581  34.978 0.0000000000
71970  -51.761  3.635  34.500 0.0000000000
105949  -50.989  3.535  34.460 0.0000000000
105463  -49.887  3.362  34.181 0.0000000000
71108  -49.542  2.907  34.661 0.0000000000
71107  -48.741  2.825  34.606 0.0000000000
71088  -48.280  2.242  35.039 0.0000000000
70186  -48.639  1.765  35.712 0.0000000000
70185  -47.608  1.688  35.504 0.0000000000
113384  -46.702  1.452  35.624 0.0000000000
70166  -45.363  0.951  36.176 0.0000000000
70165  -44.468  1.085  36.376 0.0000000000
110720  -48.527  0.806  38.647 0.0000000000
69201  -47.953  0.623  38.022 0.0000000000
69199  -46.199  0.385  38.322 0.0000000000
69186  -45.048  0.570  39.259 0.0000000000
69198  -45.304  0.344  38.457 0.0000000000
69208  -45.566  0.354  37.628 0.0000000000
69221  -44.153  0.729  37.148 0.0000000000
70149  -41.833  1.815  37.913 0.0000000000
71050  -41.184  2.346  38.161 0.0000000000
71038  -40.184  2.568  39.216 0.0000000000
71036  -38.927  3.101  39.861 0.0000000000
71905  -37.490  3.698  41.479 0.0000000000
70981  -47.252  2.931  44.680 0.0000000000
104178  -43.284  -0.308  51.695 0.0000000000
68185  -44.434  -0.125  51.113 0.0000000000
68197  -44.267  -0.121  50.387 0.0000000000
67314  -37.072  -1.111  51.228 0.0000000000
67315  -37.868  -1.232  51.417 0.0000000000
67317  -39.375  -1.308  51.265 0.0000000000
117637  -39.352  -1.688  50.434 0.0000000000
106828  -40.153  -1.313  50.806 0.0000000000
67318  -40.973  -0.933  51.085 0.0000000000
118092  -43.321  -0.360  50.119 0.0000000000
69082  -44.885  0.188  49.839 0.0000000000
69095  -44.794  0.208  49.009 0.0000000000
69096  -45.596  0.439  48.494 0.0000000000
69106  -45.947  0.675  47.609 0.0000000000
68233  -44.004  0.098  47.889 0.0000000000
103583  -44.636  0.332  47.440 0.0000000000
69116  -46.018  1.051  46.773 0.0000000000
70039  -46.023  1.427  46.048 0.0000000000
70053  -46.363  1.966  45.540 0.0000000000
70065  -46.082  2.213  44.647 0.0000000000
106346  -45.607  2.185  43.824 0.0000000000
70063  -44.965  1.418  43.798 0.0000000000
68262  -43.277  -0.284  44.734 0.0000000000
69147  -44.229  0.818  43.856 0.0000000000
70071  -44.384  1.574  42.979 0.0000000000
69145  -42.878  0.285  43.334 0.0000000000
69159  -42.275  0.244  42.738 0.0000000000
69158  -41.582  0.180  42.264 0.0000000000
66513  -39.124  -2.160  46.172 0.0000000000
66524  -39.122  -2.041  45.369 0.0000000000
66531  -39.627  -1.773  44.791 0.0000000000
67392  -39.034  -1.776  44.011 0.0000000000
67393  -39.833  -1.581  43.881 0.0000000000
68269  -40.910  -0.926  43.149 0.0000000000
110569  -41.065  -0.406  42.541 0.0000000000
69157  -40.785  -0.016  41.942 0.0000000000
113647  -37.402  3.011  41.887 0.0000000000
72728  -37.626  3.971  42.840 0.0000000000
72721  -37.885  3.531  44.250 0.0000000000
122795  -37.994  3.275  45.075 0.0000000000
71852  -38.141  3.823  45.604 0.0000000000
71851  -37.533  3.600  45.248 0.0000000000
72692  -37.625  4.369  45.548 0.0000000000
73488  -37.319  5.420  45.462 0.0000000000
75823  -35.942  8.227  44.623 0.0000000000
76574  -35.866  9.198  44.659 0.0000000000
72708  -34.458  4.616  44.023 0.0000000000
73507  -34.231  5.563  43.753 0.0000000000
75821  -34.571  8.669  43.921 0.0000000000
76573  -35.085  9.365  44.298 0.0000000000
77282  -35.479  9.911  44.568 0.0000000000
77264  -34.726  10.860  44.811 0.0000000000
77972  -34.084  11.300  45.277 0.0000000000
77958  -32.645  11.622  46.376 0.0000000000
77970  -32.111  11.302  45.748 0.0000000000
116664  -32.323  11.768  47.194 0.0000000000
74424  -53.963  7.177  25.580 0.0000000000
75173  -54.511  8.452  25.796 0.0000000000
74435  -54.053  7.841  25.199 0.0000000000
74423  -53.459  6.980  24.989 0.0000000000
73673  -52.658  6.501  24.754 0.0000000000
108162  -52.551  6.921  24.097 0.0000000000
72828  -49.956  4.753  31.952 0.0000000000
73615  -49.475  5.062  30.951 0.0000000000
109191  -50.025  5.403  30.656 0.0000000000
73616  -50.712  5.792  30.395 0.0000000000
73628  -47.487  5.334  29.280 0.0000000000
121952  -48.252  5.432  29.117 0.0000000000
74396  -48.889  6.156  27.501 0.0000000000
74398  -50.392  6.512  28.296 0.0000000000
74412  -51.287  6.996  27.947 0.0000000000
75170  -52.196  7.762  26.280 0.0000000000
74441  -51.928  6.705  23.692 0.0000000000
74458  -51.120  7.377  22.312 0.0000000000
74449  -50.102  6.508  22.600 0.0000000000
112309  -50.296  7.329  21.847 0.0000000000
75986  -50.665  9.162  21.465 0.0000000000
76729  -50.154  10.001  21.902 0.0000000000
76731  -50.628  9.223  21.094 0.0000000000
75214  -49.332  8.299  21.326 0.0000000000
75206  -48.302  7.476  21.798 0.0000000000
75213  -48.088  8.287  21.617 0.0000000000
75984  -47.058  8.332  21.962 0.0000000000
75994  -47.045  9.144  21.882 0.0000000000
77453  -47.988  10.662  21.585 0.0000000000
76735  -47.450  9.825  21.687 0.0000000000
76728  -46.767  9.682  22.208 0.0000000000
105279  -46.661  10.353  22.673 0.0000000000
73516  -38.007  5.936  41.138 0.0000000000
74285  -38.475  6.452  40.641 0.0000000000
74286  -38.863  6.838  40.314 0.0000000000
75043  -39.244  7.414  40.415 0.0000000000
74289  -39.964  7.068  39.095 0.0000000000
75052  -40.818  7.100  38.589 0.0000000000
74296  -42.503  6.669  37.883 0.0000000000
76581  -40.539  8.905  43.631 0.0000000000
76585  -40.564  9.319  42.710 0.0000000000
76594  -40.968  9.207  41.047 0.0000000000
76595  -41.816  9.392  40.850 0.0000000000
75842  -41.386  8.781  40.352 0.0000000000
75048  -42.324  7.785  39.025 0.0000000000
116296  -43.677  7.006  36.049 0.0000000000
75075  -44.080  7.798  34.933 0.0000000000
75063  -44.598  7.606  36.751 0.0000000000
75885  -44.537  8.306  34.667 0.0000000000
75901  -44.730  8.262  32.462 0.0000000000
115987  -45.542  8.997  31.277 0.0000000000
77979  -44.329  11.836  45.690 0.0000000000
77987  -44.137  11.975  44.807 0.0000000000
124961  -44.690  12.045  43.727 0.0000000000
77999  -45.939  11.893  43.000 0.0000000000
78008  -45.555  11.408  42.220 0.0000000000
77302  -45.507  10.836  41.466 0.0000000000
112767  -46.061  9.879  40.516 0.0000000000
76603  -49.914  10.087  40.514 0.0000000000
76611  -49.290  9.749  39.578 0.0000000000
76630  -49.338  9.738  36.760 0.0000000000
76610  -48.008  9.396  39.475 0.0000000000
76616  -47.895  9.106  38.781 0.0000000000
76615  -47.264  8.928  39.117 0.0000000000
75853  -46.552  8.576  38.914 0.0000000000
76642  -46.211  9.100  35.313 0.0000000000
76653  -47.290  9.632  34.208 0.0000000000
76661  -46.701  9.572  33.364 0.0000000000
110921  -46.421  9.366  34.052 0.0000000000
76667  -45.870  9.358  32.811 0.0000000000
113833  -46.109  9.468  31.998 0.0000000000
109067  -45.913  9.411  30.550 0.0000000000
76692  -46.153  9.606  29.369 0.0000000000
120190  -47.522  10.895  29.084 0.0000000000
78155  -50.225  12.285  29.135 0.0000000000
107416  -50.221  13.719  27.590 0.0000000000
78956  -50.272  13.289  27.700 0.0000000000
78965  -49.921  13.282  26.585 0.0000000000
78972  -49.784  13.292  25.522 0.0000000000
78978  -49.816  13.395  24.205 0.0000000000
119632  -50.596  13.976  23.336 0.0000000000
79660  -49.292  13.849  22.149 0.0000000000
79659  -48.531  13.776  22.422 0.0000000000
80313  -49.254  15.032  23.116 0.0000000000
79652  -48.188  14.259  23.030 0.0000000000
78990  -47.612  12.543  22.372 0.0000000000
80281  -45.844  15.301  26.367 0.0000000000
80280  -44.550  15.384  26.129 0.0000000000
119809  -42.801  15.332  25.802 0.0000000000
78123  -45.932  11.842  32.568 0.0000000000
78924  -43.857  12.465  30.374 0.0000000000
78122  -43.965  11.482  32.879 0.0000000000
78121  -43.212  11.492  32.677 0.0000000000
78912  -43.767  12.057  31.282 0.0000000000
79600  -41.838  14.237  27.913 0.0000000000
104513  -40.604  14.701  26.643 0.0000000000
111503  -41.247  14.216  28.262 0.0000000000
113811  -39.995  14.187  26.620 0.0000000000
78946  -38.483  13.953  26.988 0.0000000000
104594  -38.248  14.334  29.751 0.0000000000
80260  -35.959  15.149  29.868 0.0000000000
82050  -47.570  17.207  42.621 0.0000000000
81436  -45.091  16.639  40.789 0.0000000000
81435  -44.398  16.279  40.374 0.0000000000
80844  -43.080  15.512  39.281 0.0000000000
80843  -42.679  15.187  38.851 0.0000000000
80853  -42.603  15.198  38.156 0.0000000000
81455  -43.568  16.364  38.226 0.0000000000
80854  -43.046  15.760  37.565 0.0000000000
80222  -42.277  14.604  37.770 0.0000000000
80232  -41.337  14.408  36.525 0.0000000000
80231  -40.560  14.303  35.853 0.0000000000
80240  -41.097  15.052  35.732 0.0000000000
80239  -39.782  14.326  35.313 0.0000000000
67316  -38.654  -1.082  51.659 0.0000000000
67342  -39.414  -1.852  49.432 0.0000000000
67370  -39.746  -1.833  45.667 0.0000000000
67402  -40.501  -1.328  43.701 0.0000000000
67403  -41.201  -1.161  43.980 0.0000000000
68165  -41.841  -0.575  52.062 0.0000000000
68180  -37.466  -0.653  51.790 0.0000000000
68184  -43.727  -0.301  51.058 0.0000000000
68212  -41.788  -0.875  48.995 0.0000000000
68213  -42.535  -0.563  49.406 0.0000000000
68222  -41.889  -0.835  48.264 0.0000000000
68231  -41.929  -0.846  47.493 0.0000000000
68240  -43.346  -0.333  45.920 0.0000000000
68249  -33.815  -0.076  45.593 0.0000000000
69128  -43.767  -0.024  45.373 0.0000000000
69130  -45.127  1.043  45.294 0.0000000000
69137  -43.943  0.306  44.625 0.0000000000
69146  -43.632  0.903  43.180 0.0000000000
69160  -43.057  0.943  42.453 0.0000000000
69188  -46.891  0.582  38.987 0.0000000000
69200  -47.099  0.571  38.207 0.0000000000
69205  -43.257  0.768  38.035 0.0000000000
69211  -48.121  0.775  37.214 0.0000000000
70041  -47.247  1.940  46.971 0.0000000000
70049  -31.756  2.613  45.581 0.0000000000
70058  -32.724  2.301  44.671 0.0000000000
70059  -33.662  2.036  44.646 0.0000000000
70093  -43.873  1.815  41.390 0.0000000000
70094  -45.135  1.801  41.406 0.0000000000
70126  -45.682  0.917  39.899 0.0000000000
70954  -47.487  2.462  46.299 0.0000000000
70963  -31.569  3.265  45.619 0.0000000000
70965  -46.773  2.514  45.039 0.0000000000
71037  -39.510  2.852  39.542 0.0000000000
71052  -53.539  2.411  38.178 0.0000000000
71057  -40.997  2.988  37.739 0.0000000000
71059  -42.180  2.020  37.141 0.0000000000
71067  -41.907  2.848  36.741 0.0000000000
71085  -44.393  2.187  35.187 0.0000000000
71862  -33.024  3.542  44.015 0.0000000000
71878  -48.166  3.371  44.015 0.0000000000
71896  -37.445  3.456  42.324 0.0000000000
71920  -39.464  4.189  38.916 0.0000000000
71988  -51.169  3.931  33.892 0.0000000000
72674  -39.613  4.653  46.608 0.0000000000
72693  -38.502  4.094  45.932 0.0000000000
72739  -38.005  4.500  40.401 0.0000000000
72745  -38.512  4.634  39.783 0.0000000000
72746  -39.047  4.808  39.285 0.0000000000
72752  -39.886  4.759  38.387 0.0000000000
72768  -42.537  4.262  35.720 0.0000000000
72782  -43.871  3.972  34.158 0.0000000000
73470  -40.499  5.213  47.384 0.0000000000
73476  -40.127  4.828  47.178 0.0000000000
73492  -40.727  5.333  46.494 0.0000000000
73495  -30.499  5.793  44.205 0.0000000000
73504  -31.809  5.808  43.614 0.0000000000
73505  -32.627  5.731  43.535 0.0000000000
73506  -33.463  5.691  43.571 0.0000000000
73512  -37.671  4.867  42.281 0.0000000000
73513  -37.880  5.664  41.971 0.0000000000
73518  -37.806  5.181  40.746 0.0000000000
73523  -39.283  5.513  39.175 0.0000000000
73532  -41.574  5.166  37.273 0.0000000000
73617  -51.298  5.775  30.894 0.0000000000
74244  -40.536  5.737  47.638 0.0000000000
74250  -40.013  5.326  47.391 0.0000000000
74251  -41.276  5.480  47.189 0.0000000000
74252  -41.872  5.940  47.583 0.0000000000
74274  -30.629  6.630  43.753 0.0000000000
74288  -39.279  6.841  39.711 0.0000000000
74311  -43.375  6.405  35.701 0.0000000000
74378  -45.984  5.821  29.657 0.0000000000
74419  -47.246  6.773  26.455 0.0000000000
74995  -43.061  7.011  48.884 0.0000000000
75000  -42.514  6.586  48.368 0.0000000000
75006  -42.482  6.397  47.779 0.0000000000
75033  -39.486  6.879  43.744 0.0000000000
75040  -39.182  7.675  41.227 0.0000000000
75042  -38.754  7.075  40.894 0.0000000000
75053  -41.850  7.257  38.455 0.0000000000
75056  -44.514  7.492  38.214 0.0000000000
75058  -44.006  7.149  37.685 0.0000000000
75109  -44.731  7.484  31.286 0.0000000000
75788  -43.319  7.457  49.058 0.0000000000
75789  -43.629  7.646  49.018 0.0000000000
75793  -42.190  7.079  48.519 0.0000000000
75803  -43.283  7.650  47.521 0.0000000000
75831  -39.583  7.815  43.134 0.0000000000
75849  -41.838  8.298  39.676 0.0000000000
75858  -45.821  8.169  37.596 0.0000000000
75859  -46.540  8.513  38.007 0.0000000000
75860  -47.273  8.856  38.425 0.0000000000
75863  -44.948  8.056  36.304 0.0000000000
75983  -46.577  8.851  22.412 0.0000000000
75998  -50.714  9.068  21.003 0.0000000000
76519  -44.394  8.899  49.431 0.0000000000
76530  -44.080  8.195  49.235 0.0000000000
76549  -40.402  9.914  47.357 0.0000000000
76558  -38.074  9.640  45.860 0.0000000000
76571  -33.201  9.814  44.165 0.0000000000
76582  -41.051  9.673  43.449 0.0000000000
76589  -40.701  9.405  41.844 0.0000000000
76596  -42.734  9.476  40.659 0.0000000000
76598  -44.557  9.549  40.355 0.0000000000
76609  -47.063  9.158  39.653 0.0000000000
76618  -50.244  9.758  38.089 0.0000000000
76622  -49.179  9.507  37.662 0.0000000000
76628  -47.071  9.193  35.914 0.0000000000
76685  -46.275  9.833  30.000 0.0000000000
77218  -44.711  9.669  49.815 0.0000000000
77243  -40.948  10.414  47.749 0.0000000000
77244  -41.598  10.556  48.349 0.0000000000
77268  -38.301  10.386  46.079 0.0000000000
77281  -34.775  10.157  44.428 0.0000000000
77290  -41.851  10.520  42.703 0.0000000000
77292  -43.280  11.106  42.266 0.0000000000
77296  -53.227  11.289  43.037 0.0000000000
77304  -47.666  10.563  41.516 0.0000000000
77308  -53.229  11.083  40.644 0.0000000000
77310  -43.172  10.093  41.087 0.0000000000
77313  -45.421  10.322  40.835 0.0000000000
77314  -46.821  10.007  40.684 0.0000000000
77320  -50.874  9.940  39.691 0.0000000000
77321  -52.151  10.223  39.406 0.0000000000
77323  -53.235  11.038  39.991 0.0000000000
77326  -52.955  10.972  38.713 0.0000000000
77327  -53.182  11.005  39.256 0.0000000000
77330  -52.016  10.960  37.326 0.0000000000
77358  -51.723  11.380  34.714 0.0000000000
77366  -51.489  11.250  33.563 0.0000000000
77908  -43.544  11.065  50.560 0.0000000000
77948  -33.760  12.146  47.374 0.0000000000
77949  -38.536  12.090  47.116 0.0000000000
77953  -45.060  11.175  47.736 0.0000000000
77962  -36.544  11.827  46.041 0.0000000000
77989  -52.335  11.650  45.046 0.0000000000
77996  -42.690  11.282  43.526 0.0000000000
77997  -43.504  11.627  43.477 0.0000000000
78002  -49.545  11.344  43.715 0.0000000000
78005  -53.462  11.571  43.950 0.0000000000
78007  -44.588  11.521  42.511 0.0000000000
78009  -46.571  11.387  42.360 0.0000000000
78013  -52.143  10.922  43.621 0.0000000000
78019  -48.122  10.810  42.063 0.0000000000
78037  -44.796  11.802  38.441 0.0000000000
78050  -47.611  11.545  37.474 0.0000000000
78060  -41.761  11.798  35.978 0.0000000000
78110  -47.002  11.811  33.901 0.0000000000
78136  -50.850  12.229  30.554 0.0000000000
78145  -49.934  11.637  30.091 0.0000000000
78154  -48.756  11.435  29.219 0.0000000000
78165  -50.300  12.561  28.672 0.0000000000
78202  -49.554  12.600  22.196 0.0000000000
78210  -49.460  12.054  21.805 0.0000000000
78708  -47.851  12.729  52.171 0.0000000000
78724  -39.813  12.409  51.401 0.0000000000
78746  -46.798  12.085  49.768 0.0000000000
78758  -41.020  12.014  48.939 0.0000000000
78774  -36.350  12.443  47.612 0.0000000000
78777  -38.865  12.304  47.893 0.0000000000
78786  -46.357  12.623  46.889 0.0000000000
78792  -46.382  12.719  45.754 0.0000000000
78793  -47.707  12.634  45.432 0.0000000000
78794  -49.954  12.508  46.136 0.0000000000
78796  -52.648  12.743  46.450 0.0000000000
78798  -44.865  12.297  44.439 0.0000000000
78811  -46.261  12.239  43.756 0.0000000000
78827  -44.844  13.051  40.353 0.0000000000
78984  -47.755  13.296  22.673 0.0000000000
78986  -49.938  13.636  22.639 0.0000000000
78991  -48.468  13.003  21.970 0.0000000000
78998  -48.884  12.335  21.491 0.0000000000
79471  -48.265  12.923  49.928 0.0000000000
79476  -53.469  13.821  49.036 0.0000000000
79494  -53.406  13.559  48.209 0.0000000000
79504  -50.670  12.948  47.169 0.0000000000
79532  -46.873  13.033  41.205 0.0000000000
79639  -45.425  13.856  25.227 0.0000000000
79647  -50.800  14.651  23.612 0.0000000000
79653  -49.936  14.563  22.533 0.0000000000
79654  -50.516  14.393  22.841 0.0000000000
80150  -52.288  14.068  49.832 0.0000000000
80208  -45.336  14.592  41.795 0.0000000000
80279  -43.348  15.390  25.971 0.0000000000
80299  -49.173  15.443  24.656 0.0000000000
80308  -50.542  15.171  23.901 0.0000000000
80832  -46.405  15.355  42.745 0.0000000000
80840  -43.680  15.818  39.928 0.0000000000
80908  -49.844  15.405  24.144 0.0000000000
81432  -45.485  16.252  41.507 0.0000000000
103287  -52.910  2.297  37.703 0.0000000000
103294  -48.308  9.400  37.202 0.0000000000
103681  -45.049  11.792  43.085 0.0000000000
106345  -43.461  0.249  43.972 0.0000000000
107411  -42.880  -0.444  48.732 0.0000000000
107498  -42.154  10.619  44.776 0.0000000000
107718  -38.566  9.024  46.100 0.0000000000
108138  -43.571  6.752  37.291 0.0000000000
108411  -45.081  7.827  38.708 0.0000000000
108642  -45.883  1.756  41.267 0.0000000000
108686  -40.848  6.249  38.234 0.0000000000
109785  -33.962  9.947  44.224 0.0000000000
110823  -40.280  8.770  41.301 0.0000000000
111640  -47.455  7.647  21.974 0.0000000000
112127  -38.343  4.171  44.225 0.0000000000
112775  -38.419  6.636  41.203 0.0000000000
113041  -39.078  6.096  39.509 0.0000000000
113834  -43.954  5.037  33.366 0.0000000000
114005  -46.479  9.675  27.932 0.0000000000
114142  -45.655  10.931  49.108 0.0000000000
114199  -38.668  11.058  46.401 0.0000000000
115994  -52.136  13.496  48.978 0.0000000000
116073  -44.343  15.188  40.808 0.0000000000
116815  -45.570  11.512  38.014 0.0000000000
117160  -48.410  3.923  32.676 0.0000000000
117639  -40.099  -1.494  49.974 0.0000000000
121275  -42.655  14.051  39.223 0.0000000000
121603  -39.013  5.279  44.309 0.0000000000
121819  -45.931  9.342  40.112 0.0000000000
122325  -45.216  0.492  47.758 0.0000000000
122454  -40.575  -1.395  49.682 0.0000000000
122698  -32.834  12.137  48.242 0.0000000000
122821  -41.759  1.475  39.009 0.0000000000
123034  -51.167  11.859  40.596 0.0000000000
123769  -47.042  11.515  38.002 0.0000000000
124131  -48.308  14.799  23.459 0.0000000000
124172  -36.389  9.423  44.930 0.0000000000
124302  -46.803  8.863  39.321 0.0000000000
124939  -38.124  12.237  51.905 0.0000000000
