#!ascii label  , from subject sub-v1s15x0050204_ses-1 vox2ras=TkReg
592
40203  23.500  -24.471  79.569 0.0000000000
54106  41.243  -10.354  63.200 0.0000000000
57782  46.501  -6.141  61.464 0.0000000000
46469  42.943  -18.317  69.269 0.0000000000
109600  29.857  -27.430  74.417 0.0000000000
36297  27.025  -28.888  77.108 0.0000000000
56795  44.334  -7.551  62.775 0.0000000000
117709  45.678  -10.269  65.563 0.0000000000
44311  39.316  -20.224  71.611 0.0000000000
38330  36.241  -24.982  74.590 0.0000000000
67183  49.632  4.214  59.483 0.0000000000
115253  45.239  -1.941  59.368 0.0000000000
48416  39.892  -16.492  67.844 0.0000000000
52249  42.652  -12.798  67.903 0.0000000000
37326  26.776  -26.692  76.712 0.0000000000
38267  25.724  -26.070  78.215 0.0000000000
55873  42.787  -8.983  62.553 0.0000000000
55828  45.371  -8.776  65.297 0.0000000000
54948  43.440  -9.489  65.779 0.0000000000
40288  39.727  -24.399  70.082 0.0000000000
105120  32.051  -26.842  76.942 0.0000000000
106955  32.526  -25.794  74.278 0.0000000000
36324  34.584  -27.850  75.321 0.0000000000
66293  46.736  3.144  58.524 0.0000000000
65306  48.405  2.391  59.765 0.0000000000
65309  46.002  1.776  59.838 0.0000000000
58742  45.219  -5.329  61.080 0.0000000000
59706  44.522  -3.997  58.948 0.0000000000
60655  46.262  -3.827  61.037 0.0000000000
60664  47.117  -3.344  60.186 0.0000000000
58759  46.414  -5.340  60.217 0.0000000000
45401  41.319  -19.517  70.443 0.0000000000
46470  39.628  -18.221  70.351 0.0000000000
48375  41.014  -16.900  70.041 0.0000000000
110739  40.976  -14.540  68.155 0.0000000000
49335  43.047  -15.550  68.777 0.0000000000
50328  44.637  -14.460  67.218 0.0000000000
46491  45.215  -17.464  67.184 0.0000000000
37323  29.774  -28.431  75.810 0.0000000000
56829  43.656  -6.834  60.660 0.0000000000
57747  45.897  -6.358  62.449 0.0000000000
54980  45.942  -8.729  63.470 0.0000000000
54091  45.630  -10.047  64.092 0.0000000000
41229  36.596  -23.472  72.399 0.0000000000
41241  38.862  -23.615  71.365 0.0000000000
42282  40.534  -22.597  70.192 0.0000000000
43291  41.211  -20.695  68.200 0.0000000000
44361  43.318  -19.919  66.574 0.0000000000
40269  35.015  -24.367  72.524 0.0000000000
38344  36.420  -26.147  72.778 0.0000000000
66278  51.155  3.572  58.668 0.0000000000
63365  44.836  0.279  59.065 0.0000000000
115355  46.901  -0.968  60.500 0.0000000000
61562  47.027  -2.682  59.469 0.0000000000
54060  41.327  -10.832  66.182 0.0000000000
53146  44.630  -11.572  67.863 0.0000000000
51352  44.654  -13.446  65.858 0.0000000000
39224  24.445  -25.263  79.700 0.0000000000
39238  24.888  -25.205  78.733 0.0000000000
38255  24.640  -26.052  79.416 0.0000000000
54998  41.937  -9.700  62.666 0.0000000000
54982  43.671  -9.117  64.225 0.0000000000
123601  41.815  -9.874  64.493 0.0000000000
37319  33.767  -27.456  76.313 0.0000000000
66294  45.870  2.519  58.012 0.0000000000
66271  46.430  2.536  59.829 0.0000000000
65310  45.322  1.594  59.016 0.0000000000
107093  46.103  -4.964  61.811 0.0000000000
59672  46.164  -4.546  61.368 0.0000000000
58740  46.396  -5.217  61.701 0.0000000000
106693  46.551  -4.737  60.922 0.0000000000
46455  42.105  -19.130  69.843 0.0000000000
120267  40.700  -18.136  70.741 0.0000000000
112822  41.971  -17.553  69.914 0.0000000000
48387  42.557  -16.231  69.280 0.0000000000
47432  43.398  -17.418  68.889 0.0000000000
48400  44.449  -16.717  67.834 0.0000000000
46482  44.260  -18.240  67.867 0.0000000000
37325  27.342  -27.499  76.332 0.0000000000
37302  27.826  -28.496  76.444 0.0000000000
36307  30.056  -28.909  76.895 0.0000000000
56816  43.020  -7.810  61.190 0.0000000000
56830  42.975  -7.548  60.451 0.0000000000
57765  44.140  -6.834  61.503 0.0000000000
57764  45.073  -6.243  61.981 0.0000000000
56793  45.674  -7.133  62.872 0.0000000000
56772  45.990  -7.830  63.411 0.0000000000
56773  45.734  -7.702  63.405 0.0000000000
54945  45.514  -9.403  65.670 0.0000000000
120317  45.812  -9.336  64.500 0.0000000000
112994  45.705  -10.517  64.887 0.0000000000
53191  45.271  -10.922  64.007 0.0000000000
53179  45.342  -11.384  64.778 0.0000000000
40253  37.785  -24.529  71.771 0.0000000000
41242  38.159  -23.876  71.674 0.0000000000
40267  38.540  -24.408  71.336 0.0000000000
41270  39.977  -23.833  70.356 0.0000000000
43271  40.868  -21.987  69.820 0.0000000000
38313  34.737  -24.668  75.303 0.0000000000
38332  34.106  -24.845  73.638 0.0000000000
39282  34.522  -24.936  73.716 0.0000000000
40244  35.414  -24.939  73.077 0.0000000000
38345  35.649  -25.819  73.399 0.0000000000
67208  48.903  3.987  57.443 0.0000000000
67182  50.450  4.108  59.078 0.0000000000
64311  47.619  1.462  59.737 0.0000000000
61557  45.147  -2.608  59.337 0.0000000000
109825  43.812  -2.851  57.744 0.0000000000
115535  44.594  -1.921  58.608 0.0000000000
62461  43.848  -1.045  58.161 0.0000000000
62454  44.808  -1.195  58.961 0.0000000000
63364  45.575  0.152  59.780 0.0000000000
62443  46.426  -1.650  60.351 0.0000000000
60672  46.708  -3.556  59.667 0.0000000000
61555  47.215  -2.986  60.075 0.0000000000
44299  37.968  -20.828  72.096 0.0000000000
45404  38.208  -20.199  70.819 0.0000000000
47448  39.631  -17.159  69.100 0.0000000000
46493  38.566  -18.197  67.805 0.0000000000
51304  42.242  -13.447  68.183 0.0000000000
51337  40.575  -13.339  66.877 0.0000000000
52261  41.567  -12.559  67.576 0.0000000000
119419  40.825  -11.415  66.464 0.0000000000
53149  42.102  -11.900  67.573 0.0000000000
54046  43.398  -10.731  67.372 0.0000000000
52258  43.794  -11.993  67.802 0.0000000000
49379  45.372  -16.105  67.052 0.0000000000
51336  44.759  -13.840  66.660 0.0000000000
50347  44.608  -14.673  66.137 0.0000000000
50356  43.490  -14.328  64.791 0.0000000000
38275  26.589  -26.633  77.132 0.0000000000
37287  26.559  -28.207  77.277 0.0000000000
35343  26.658  -29.293  77.123 0.0000000000
36287  25.482  -28.339  78.152 0.0000000000
113998  44.127  -8.120  63.157 0.0000000000
55853  44.952  -7.950  64.117 0.0000000000
55841  44.638  -8.432  64.764 0.0000000000
55829  44.783  -8.721  65.397 0.0000000000
54929  45.296  -9.605  66.495 0.0000000000
38300  31.166  -26.997  76.169 0.0000000000
38316  31.055  -26.592  74.481 0.0000000000
38285  32.862  -26.174  76.635 0.0000000000
38283  34.264  -25.492  76.294 0.0000000000
37341  36.070  -26.307  75.142 0.0000000000
37375  35.879  -26.367  73.508 0.0000000000
105479  35.080  -28.333  73.739 0.0000000000
122554  48.377  4.120  59.078 0.0000000000
66267  49.083  3.762  59.830 0.0000000000
67173  47.613  3.439  59.990 0.0000000000
65290  47.239  2.547  60.196 0.0000000000
64301  46.892  0.746  59.924 0.0000000000
58762  44.205  -5.447  59.445 0.0000000000
59684  45.156  -4.781  60.430 0.0000000000
60666  45.649  -3.242  60.206 0.0000000000
60665  46.010  -3.489  60.678 0.0000000000
114300  46.827  -2.350  60.580 0.0000000000
59682  46.494  -3.837  60.558 0.0000000000
59693  46.549  -4.030  60.392 0.0000000000
44310  40.084  -20.353  71.202 0.0000000000
46447  39.201  -18.992  71.454 0.0000000000
47402  40.082  -18.260  71.136 0.0000000000
47435  40.292  -17.097  69.991 0.0000000000
48390  40.112  -16.663  69.434 0.0000000000
49370  40.274  -15.753  67.581 0.0000000000
49338  40.906  -15.335  69.117 0.0000000000
50308  42.130  -14.284  68.689 0.0000000000
50318  42.799  -13.816  68.200 0.0000000000
51301  43.990  -13.091  67.833 0.0000000000
49348  43.999  -15.108  68.171 0.0000000000
48415  44.841  -16.435  67.494 0.0000000000
108881  44.718  -17.224  66.462 0.0000000000
38317  26.687  -27.060  74.974 0.0000000000
37345  28.328  -27.899  75.482 0.0000000000
37362  29.443  -27.720  75.222 0.0000000000
37322  30.614  -27.449  76.913 0.0000000000
107430  30.862  -28.851  77.309 0.0000000000
57784  44.533  -6.045  61.094 0.0000000000
57763  45.901  -5.774  62.278 0.0000000000
58704  46.085  -5.518  62.144 0.0000000000
56812  46.137  -7.408  62.039 0.0000000000
55882  46.018  -8.005  62.575 0.0000000000
54995  45.720  -9.310  62.936 0.0000000000
55839  45.530  -8.428  64.606 0.0000000000
54981  45.785  -9.350  63.717 0.0000000000
42246  36.212  -23.002  72.156 0.0000000000
42245  36.840  -22.463  72.252 0.0000000000
42244  37.735  -22.189  72.202 0.0000000000
107393  38.963  -21.926  71.568 0.0000000000
124146  39.375  -24.080  70.856 0.0000000000
42269  39.728  -23.000  70.787 0.0000000000
43248  39.649  -21.269  71.338 0.0000000000
43259  40.858  -21.466  70.305 0.0000000000
44331  41.693  -20.553  69.534 0.0000000000
44330  42.501  -20.002  68.929 0.0000000000
45426  43.136  -19.420  68.323 0.0000000000
44350  41.889  -20.127  67.629 0.0000000000
108857  35.514  -24.070  72.585 0.0000000000
114654  36.212  -24.916  72.698 0.0000000000
104329  37.557  -25.692  71.810 0.0000000000
37392  36.119  -26.521  72.912 0.0000000000
36357  37.692  -27.667  71.974 0.0000000000
68072  52.400  4.743  58.489 0.0000000000
64337  44.079  0.948  57.906 0.0000000000
64313  45.393  0.962  59.459 0.0000000000
64302  46.536  0.745  60.079 0.0000000000
63355  46.961  -0.380  60.128 0.0000000000
61545  47.013  -2.591  60.482 0.0000000000
61554  47.374  -2.362  59.924 0.0000000000
62459  47.319  -1.496  59.605 0.0000000000
45427  38.279  -19.030  69.246 0.0000000000
54084  39.714  -10.838  64.326 0.0000000000
54082  41.324  -10.121  64.993 0.0000000000
54070  42.762  -9.967  66.177 0.0000000000
54057  44.002  -10.131  66.987 0.0000000000
53156  45.628  -10.968  67.040 0.0000000000
52246  44.288  -12.547  67.662 0.0000000000
52269  44.969  -12.065  67.237 0.0000000000
52280  45.330  -11.615  66.373 0.0000000000
104314  44.410  -13.025  65.106 0.0000000000
123135  44.272  -19.068  67.202 0.0000000000
46515  44.145  -18.593  66.316 0.0000000000
40186  23.987  -24.821  80.059 0.0000000000
40174  23.756  -25.143  80.324 0.0000000000
40202  24.340  -24.841  79.354 0.0000000000
116295  41.899  -9.868  63.685 0.0000000000
65326  45.439  2.113  58.518 0.0000000000
65327  44.758  1.534  58.185 0.0000000000
57762  46.283  -5.773  62.105 0.0000000000
57800  46.556  -5.689  60.917 0.0000000000
115083  42.719  -19.172  69.215 0.0000000000
47416  42.073  -18.111  69.936 0.0000000000
47433  42.579  -17.545  69.558 0.0000000000
112692  43.826  -17.906  68.419 0.0000000000
37286  27.268  -28.439  76.865 0.0000000000
36296  27.938  -28.936  76.572 0.0000000000
35358  28.098  -29.299  76.507 0.0000000000
56815  43.732  -7.639  61.837 0.0000000000
56814  44.598  -6.890  62.381 0.0000000000
56794  44.909  -7.128  62.822 0.0000000000
56774  45.407  -7.690  63.512 0.0000000000
54069  45.566  -9.915  65.974 0.0000000000
54081  45.793  -9.721  65.194 0.0000000000
53168  45.551  -10.934  65.509 0.0000000000
39305  38.021  -25.008  71.412 0.0000000000
39304  38.672  -24.645  71.163 0.0000000000
38312  36.063  -24.422  75.336 0.0000000000
104703  33.789  -25.073  74.377 0.0000000000
38331  35.395  -24.515  74.656 0.0000000000
39281  35.175  -25.352  73.747 0.0000000000
67196  49.142  4.411  58.829 0.0000000000
67207  49.813  4.570  58.116 0.0000000000
67195  50.029  4.504  58.959 0.0000000000
62453  45.622  -1.418  59.747 0.0000000000
60673  46.108  -3.966  58.729 0.0000000000
44312  38.737  -20.803  71.767 0.0000000000
44323  38.451  -20.285  71.715 0.0000000000
45393  38.875  -19.685  71.598 0.0000000000
47460  39.476  -17.081  68.240 0.0000000000
48417  39.330  -17.013  67.269 0.0000000000
51321  41.979  -13.081  67.970 0.0000000000
52260  42.378  -12.501  67.814 0.0000000000
52259  42.880  -11.944  67.722 0.0000000000
52248  43.214  -12.521  67.815 0.0000000000
48435  44.660  -16.406  66.331 0.0000000000
49380  45.058  -15.779  66.630 0.0000000000
49390  44.323  -15.678  65.871 0.0000000000
50348  43.842  -14.911  65.357 0.0000000000
39245  25.538  -25.675  78.138 0.0000000000
38276  26.096  -26.035  77.598 0.0000000000
118286  26.094  -26.497  77.639 0.0000000000
37288  26.272  -27.349  77.459 0.0000000000
38253  25.743  -26.941  78.060 0.0000000000
37270  25.886  -27.903  77.743 0.0000000000
54997  42.186  -9.108  61.968 0.0000000000
55885  41.995  -8.875  61.265 0.0000000000
55872  43.556  -8.260  62.532 0.0000000000
55855  43.522  -8.708  63.263 0.0000000000
55854  44.384  -8.406  63.830 0.0000000000
54967  43.284  -9.516  64.948 0.0000000000
54966  44.090  -8.972  65.314 0.0000000000
54947  44.300  -9.179  66.031 0.0000000000
54946  44.980  -9.227  65.912 0.0000000000
54930  44.596  -9.471  66.681 0.0000000000
38286  31.154  -26.912  77.036 0.0000000000
38299  32.013  -26.382  76.385 0.0000000000
38284  33.624  -26.307  76.593 0.0000000000
37318  34.495  -26.563  76.091 0.0000000000
38297  35.168  -25.741  75.929 0.0000000000
37342  35.486  -26.648  75.476 0.0000000000
36334  35.465  -27.413  74.549 0.0000000000
105493  46.522  2.645  57.246 0.0000000000
66292  47.370  3.247  57.525 0.0000000000
67209  48.221  3.878  58.035 0.0000000000
67197  47.659  3.706  58.748 0.0000000000
67184  48.039  3.907  59.703 0.0000000000
67174  47.385  3.515  59.490 0.0000000000
66270  47.059  2.941  60.162 0.0000000000
65308  46.640  2.257  60.073 0.0000000000
65291  46.780  1.690  60.111 0.0000000000
58761  44.548  -5.561  60.368 0.0000000000
58779  44.460  -4.650  59.175 0.0000000000
59683  45.973  -4.035  60.930 0.0000000000
108741  46.681  -3.157  60.483 0.0000000000
114314  46.609  -4.949  59.944 0.0000000000
58777  46.046  -5.062  59.422 0.0000000000
45402  40.679  -19.902  70.782 0.0000000000
45391  40.147  -19.388  71.273 0.0000000000
46457  40.577  -18.852  70.985 0.0000000000
47417  41.356  -17.664  70.274 0.0000000000
47418  40.509  -17.696  70.476 0.0000000000
48389  40.655  -16.130  69.574 0.0000000000
48402  40.386  -15.933  69.113 0.0000000000
49336  42.112  -15.217  69.210 0.0000000000
49350  42.666  -14.708  68.616 0.0000000000
49349  43.336  -14.813  68.347 0.0000000000
48401  43.839  -15.854  68.292 0.0000000000
47446  44.809  -17.303  67.511 0.0000000000
47459  45.090  -17.038  67.360 0.0000000000
122624  45.288  -17.163  67.156 0.0000000000
47471  45.329  -17.489  67.078 0.0000000000
38301  26.304  -26.716  75.799 0.0000000000
37347  27.108  -27.099  75.875 0.0000000000
104804  28.004  -28.010  76.076 0.0000000000
37346  27.636  -27.673  75.672 0.0000000000
37344  29.044  -28.116  75.753 0.0000000000
37343  30.494  -27.855  75.859 0.0000000000
57802  43.819  -6.276  59.871 0.0000000000
57748  45.480  -6.552  62.516 0.0000000000
57746  46.028  -6.428  62.437 0.0000000000
55871  46.062  -8.084  63.260 0.0000000000
54994  45.876  -8.698  62.747 0.0000000000
55840  45.203  -8.296  64.788 0.0000000000
56764  45.489  -8.034  64.097 0.0000000000
54105  45.561  -9.770  63.204 0.0000000000
54092  45.237  -10.305  63.227 0.0000000000
41227  38.267  -23.131  71.750 0.0000000000
42254  38.619  -22.567  71.671 0.0000000000
43237  38.268  -21.529  72.046 0.0000000000
42253  39.269  -22.899  71.282 0.0000000000
40278  39.121  -24.416  70.932 0.0000000000
40277  39.540  -24.169  70.689 0.0000000000
41256  40.070  -23.246  70.439 0.0000000000
42268  40.164  -22.689  70.507 0.0000000000
43261  39.995  -22.176  70.785 0.0000000000
43260  40.356  -21.444  70.757 0.0000000000
42267  40.482  -22.101  70.438 0.0000000000
43281  41.276  -21.196  69.510 0.0000000000
112831  41.244  -21.254  69.989 0.0000000000
44340  42.115  -20.469  68.842 0.0000000000
44339  42.711  -19.852  68.119 0.0000000000
122109  31.743  -26.204  74.606 0.0000000000
38334  31.645  -26.442  73.732 0.0000000000
120846  32.261  -26.086  73.528 0.0000000000
39306  34.523  -24.894  72.342 0.0000000000
107683  34.883  -24.819  71.604 0.0000000000
40268  35.280  -23.987  72.005 0.0000000000
41231  35.375  -23.991  72.434 0.0000000000
40256  35.320  -24.399  72.785 0.0000000000
39280  35.816  -25.537  72.954 0.0000000000
108669  36.919  -25.674  72.502 0.0000000000
39292  37.393  -25.113  72.110 0.0000000000
38358  37.657  -26.539  71.671 0.0000000000
67193  51.430  4.253  58.583 0.0000000000
66291  52.113  4.067  58.550 0.0000000000
66268  48.464  3.279  60.034 0.0000000000
59707  43.975  -4.272  58.336 0.0000000000
60675  44.223  -3.495  58.364 0.0000000000
63371  44.370  -0.372  58.643 0.0000000000
63372  43.721  -0.216  58.002 0.0000000000
64324  44.108  0.374  58.273 0.0000000000
64323  44.680  0.979  58.648 0.0000000000
115508  46.696  -1.064  60.438 0.0000000000
63357  46.409  -0.190  60.111 0.0000000000
63356  46.781  -0.324  60.210 0.0000000000
62441  47.068  -1.208  60.470 0.0000000000
60654  46.954  -3.101  60.300 0.0000000000
62452  47.401  -1.677  60.140 0.0000000000
62460  47.118  -2.059  59.156 0.0000000000
46459  39.121  -18.789  70.988 0.0000000000
46471  39.031  -18.672  69.815 0.0000000000
49351  40.655  -15.257  68.529 0.0000000000
123618  40.513  -12.697  66.686 0.0000000000
54072  40.598  -11.016  65.786 0.0000000000
116601  40.859  -10.576  65.415 0.0000000000
54083  40.516  -10.525  64.714 0.0000000000
54071  41.801  -10.321  65.749 0.0000000000
54059  42.241  -10.526  66.573 0.0000000000
54045  44.370  -10.764  67.605 0.0000000000
54056  44.958  -9.989  67.280 0.0000000000
53157  45.219  -10.881  67.514 0.0000000000
50329  44.203  -14.477  67.837 0.0000000000
51320  44.222  -13.503  67.706 0.0000000000
51351  44.925  -12.701  66.496 0.0000000000
52281  44.948  -12.460  65.615 0.0000000000
51368  43.824  -13.482  64.649 0.0000000000
45440  43.476  -19.448  67.404 0.0000000000
45439  43.927  -18.926  67.774 0.0000000000
45451  43.926  -19.420  66.594 0.0000000000
39237  25.093  -25.699  78.839 0.0000000000
38254  25.228  -26.457  78.724 0.0000000000
107679  41.579  -9.568  61.726 0.0000000000
54983  42.683  -9.312  63.433 0.0000000000
54984  42.563  -9.573  64.311 0.0000000000
36317  32.347  -28.636  76.726 0.0000000000
37320  32.936  -27.063  76.702 0.0000000000
36316  33.035  -28.160  76.440 0.0000000000
36325  33.610  -28.630  75.564 0.0000000000
66280  46.815  3.126  59.715 0.0000000000
66281  46.092  2.672  59.133 0.0000000000
109419  45.839  2.167  59.316 0.0000000000
58741  45.963  -4.747  61.672 0.0000000000
59671  46.304  -4.594  61.285 0.0000000000
46456  41.379  -18.545  70.454 0.0000000000
47434  42.002  -16.987  69.776 0.0000000000
48388  41.558  -16.132  69.596 0.0000000000
109555  42.897  -16.954  69.313 0.0000000000
48386  43.534  -16.577  68.646 0.0000000000
47447  44.181  -17.249  68.133 0.0000000000
46481  44.461  -17.645  67.795 0.0000000000
46492  44.886  -17.816  67.400 0.0000000000
102957  27.602  -28.062  76.459 0.0000000000
37324  28.425  -28.337  76.073 0.0000000000
37300  30.052  -28.589  76.088 0.0000000000
37301  28.791  -28.654  76.134 0.0000000000
106886  43.438  -7.315  61.123 0.0000000000
57737  45.782  -7.127  62.835 0.0000000000
55852  45.926  -8.073  63.911 0.0000000000
54965  45.725  -9.022  65.042 0.0000000000
52317  44.653  -11.845  64.041 0.0000000000
106726  37.407  -23.895  72.198 0.0000000000
43270  40.883  -21.824  70.112 0.0000000000
42294  40.622  -22.517  69.420 0.0000000000
43282  40.847  -21.602  68.924 0.0000000000
38314  33.421  -25.387  75.326 0.0000000000
38346  33.537  -25.612  72.623 0.0000000000
39294  34.221  -24.758  72.979 0.0000000000
39293  34.825  -24.634  73.128 0.0000000000
67194  50.870  4.588  58.517 0.0000000000
65307  47.845  2.593  60.113 0.0000000000
60674  44.864  -3.338  59.210 0.0000000000
61563  44.420  -2.720  58.483 0.0000000000
61564  43.830  -2.000  57.878 0.0000000000
115065  45.161  -0.525  59.425 0.0000000000
115251  45.987  -0.772  59.965 0.0000000000
122491  46.906  -3.069  59.580 0.0000000000
43250  37.489  -21.206  72.042 0.0000000000
47437  39.308  -17.898  69.398 0.0000000000
46483  38.618  -18.316  68.862 0.0000000000
47449  39.048  -17.672  68.529 0.0000000000
47461  39.038  -17.548  67.719 0.0000000000
51305  41.550  -13.896  68.166 0.0000000000
50330  40.890  -14.052  67.502 0.0000000000
51322  41.199  -13.274  67.545 0.0000000000
52270  40.765  -12.622  67.102 0.0000000000
52282  40.459  -12.145  66.456 0.0000000000
53160  41.107  -11.937  67.134 0.0000000000
53159  41.803  -11.191  67.028 0.0000000000
53158  42.665  -10.759  67.116 0.0000000000
53148  42.799  -11.318  67.540 0.0000000000
53147  43.678  -11.405  67.731 0.0000000000
49367  45.149  -15.827  67.221 0.0000000000
50338  45.121  -15.182  66.904 0.0000000000
51353  44.209  -13.994  65.296 0.0000000000
38288  26.098  -26.220  76.638 0.0000000000
111518  26.388  -26.199  77.195 0.0000000000
37304  26.902  -27.699  77.057 0.0000000000
36286  26.237  -28.752  77.426 0.0000000000
37271  25.341  -27.381  78.528 0.0000000000
55884  42.819  -8.448  61.703 0.0000000000
56775  44.797  -7.744  63.460 0.0000000000
39318  38.719  -24.805  71.070 0.0000000000
37361  30.604  -27.097  75.116 0.0000000000
123297  30.452  -27.087  74.251 0.0000000000
114379  31.499  -26.536  75.307 0.0000000000
38315  32.378  -26.035  75.308 0.0000000000
39251  33.577  -25.625  76.390 0.0000000000
39260  34.203  -25.009  76.195 0.0000000000
40226  35.880  -24.917  75.702 0.0000000000
38311  36.228  -25.259  75.310 0.0000000000
37360  35.888  -26.410  74.288 0.0000000000
121517  35.624  -27.515  73.978 0.0000000000
36345  35.704  -27.792  73.400 0.0000000000
115420  48.808  4.136  59.685 0.0000000000
67172  48.341  3.679  59.958 0.0000000000
66269  47.791  3.181  60.172 0.0000000000
120059  47.288  1.892  60.050 0.0000000000
109626  47.122  0.257  59.700 0.0000000000
59694  45.183  -4.012  59.826 0.0000000000
61556  46.033  -2.458  60.278 0.0000000000
59704  46.399  -4.386  59.524 0.0000000000
45392  39.490  -19.329  71.483 0.0000000000
46446  39.603  -18.710  71.322 0.0000000000
46458  39.667  -18.493  71.167 0.0000000000
47419  40.062  -17.871  70.632 0.0000000000
47436  39.885  -17.429  69.846 0.0000000000
48403  39.974  -16.544  68.797 0.0000000000
120958  40.274  -16.001  68.449 0.0000000000
50320  41.285  -14.678  68.687 0.0000000000
50309  41.605  -14.816  68.995 0.0000000000
50319  41.899  -14.136  68.590 0.0000000000
108900  42.299  -13.699  68.272 0.0000000000
51303  42.731  -13.158  67.965 0.0000000000
51302  43.318  -13.019  67.882 0.0000000000
50317  43.696  -13.868  68.105 0.0000000000
108715  44.312  -16.052  67.901 0.0000000000
49368  44.482  -15.440  67.621 0.0000000000
48425  45.370  -16.721  66.971 0.0000000000
37378  29.457  -27.814  73.674 0.0000000000
37363  28.462  -27.844  74.629 0.0000000000
119119  29.163  -27.782  74.345 0.0000000000
38287  30.824  -27.108  76.851 0.0000000000
36306  30.654  -27.994  77.173 0.0000000000
37321  31.449  -27.802  77.223 0.0000000000
58720  45.590  -5.516  61.802 0.0000000000
58719  46.089  -5.213  62.042 0.0000000000
115309  46.349  -6.535  61.924 0.0000000000
56792  45.975  -7.389  62.901 0.0000000000
54964  45.973  -8.959  64.255 0.0000000000
42256  36.145  -22.902  71.737 0.0000000000
43239  37.142  -21.698  72.142 0.0000000000
41228  37.468  -23.145  72.188 0.0000000000
43238  37.678  -21.361  72.168 0.0000000000
40266  39.048  -24.207  71.052 0.0000000000
41240  39.381  -23.679  70.968 0.0000000000
41257  39.673  -23.711  70.674 0.0000000000
43249  39.540  -22.193  71.225 0.0000000000
122174  39.255  -21.558  71.507 0.0000000000
44322  40.786  -20.817  70.559 0.0000000000
44321  41.299  -20.863  70.127 0.0000000000
113373  41.211  -20.331  70.370 0.0000000000
45415  41.674  -20.111  69.950 0.0000000000
45414  42.310  -19.847  69.429 0.0000000000
115932  42.776  -19.493  68.905 0.0000000000
45413  43.379  -18.800  68.554 0.0000000000
44349  42.642  -19.841  67.233 0.0000000000
44351  41.170  -20.597  67.073 0.0000000000
44362  42.230  -20.278  66.679 0.0000000000
37376  30.845  -27.110  73.599 0.0000000000
38348  32.121  -26.516  72.909 0.0000000000
41243  35.683  -23.475  72.105 0.0000000000
41230  35.776  -23.642  72.420 0.0000000000
40255  36.008  -24.121  72.670 0.0000000000
40254  36.932  -24.309  72.404 0.0000000000
107354  37.795  -25.587  71.387 0.0000000000
37391  37.073  -27.212  72.626 0.0000000000
118267  37.406  -26.496  72.273 0.0000000000
67192  52.809  4.497  58.340 0.0000000000
64312  45.977  0.904  60.077 0.0000000000
65292  46.362  1.540  60.072 0.0000000000
63363  47.319  -0.749  59.896 0.0000000000
62442  47.003  -1.721  60.680 0.0000000000
61544  47.219  -2.716  60.242 0.0000000000
109345  47.206  -2.128  60.404 0.0000000000
54107  40.485  -10.722  62.839 0.0000000000
45403  38.855  -19.430  71.513 0.0000000000
45416  38.671  -19.375  70.323 0.0000000000
53169  40.213  -11.519  65.715 0.0000000000
54095  39.645  -10.847  63.453 0.0000000000
54094  40.471  -10.619  63.801 0.0000000000
54093  41.220  -10.270  64.139 0.0000000000
54949  42.381  -9.851  65.222 0.0000000000
54931  43.718  -9.641  66.489 0.0000000000
54058  43.078  -10.183  66.885 0.0000000000
54055  45.528  -10.230  66.886 0.0000000000
118938  45.556  -10.572  66.172 0.0000000000
52247  43.816  -12.453  67.768 0.0000000000
121401  44.341  -12.085  67.802 0.0000000000
52257  44.734  -12.015  67.654 0.0000000000
51319  44.563  -12.889  67.296 0.0000000000
52256  45.218  -11.534  67.499 0.0000000000
52298  45.274  -11.725  65.387 0.0000000000
52299  44.794  -12.166  64.883 0.0000000000
52300  44.206  -12.674  64.414 0.0000000000
45438  44.639  -18.462  67.343 0.0000000000
46503  44.532  -18.773  66.820 0.0000000000
46502  45.130  -18.010  67.119 0.0000000000
46514  44.790  -18.073  66.687 0.0000000000
38296  36.011  -25.711  75.589 0.0000000000
38298  33.116  -25.682  76.283 0.0000000000
39257  36.066  -25.115  75.637 0.0000000000
39258  35.665  -25.154  75.802 0.0000000000
39259  34.998  -24.934  76.038 0.0000000000
39268  35.988  -24.752  75.599 0.0000000000
39269  35.303  -24.697  75.750 0.0000000000
40227  35.596  -24.853  75.744 0.0000000000
46445  40.009  -18.779  71.371 0.0000000000
48414  45.261  -16.670  67.185 0.0000000000
49337  41.300  -15.462  69.360 0.0000000000
54073  39.974  -10.939  65.116 0.0000000000
114533  32.383  -27.677  76.889 0.0000000000
122318  30.929  -27.375  77.189 0.0000000000
123292  27.276  -27.445  75.140 0.0000000000
