#!ascii label  , from subject sub-v1s15x0050204_ses-1 vox2ras=TkReg
996
43196  10.749  -21.573  77.490 0.0000000000
38447  2.605  -26.656  64.605 0.0000000000
36304  2.720  -29.009  77.908 0.0000000000
44288  2.851  -20.757  75.026 0.0000000000
111855  3.624  -16.206  70.331 0.0000000000
40171  6.120  -24.829  80.140 0.0000000000
44232  4.836  -20.627  79.113 0.0000000000
42201  13.818  -22.428  80.609 0.0000000000
38263  9.518  -26.303  78.519 0.0000000000
34468  4.539  -30.228  78.204 0.0000000000
50234  2.260  -14.740  78.522 0.0000000000
114913  0.278  -17.870  71.906 0.0000000000
52185  4.190  -12.735  75.264 0.0000000000
34539  2.568  -30.484  74.142 0.0000000000
38366  3.498  -26.703  71.785 0.0000000000
40225  3.874  -24.502  76.625 0.0000000000
46351  2.981  -17.938  79.517 0.0000000000
120222  6.221  -23.697  69.624 0.0000000000
45460  4.001  -19.683  66.759 0.0000000000
108433  2.386  -17.703  64.040 0.0000000000
50327  7.840  -14.793  68.525 0.0000000000
42217  8.256  -22.732  78.210 0.0000000000
43199  6.848  -22.019  77.842 0.0000000000
43179  11.846  -21.522  80.056 0.0000000000
39230  11.287  -24.509  78.391 0.0000000000
40209  9.722  -24.199  78.285 0.0000000000
39211  8.066  -25.729  80.616 0.0000000000
51212  3.032  -13.609  76.441 0.0000000000
35396  2.650  -29.910  76.639 0.0000000000
37374  3.342  -27.602  75.386 0.0000000000
122024  4.246  -26.701  76.630 0.0000000000
47343  4.930  -17.874  78.713 0.0000000000
45314  3.915  -19.616  79.858 0.0000000000
34454  3.238  -29.973  78.802 0.0000000000
33643  3.335  -31.670  77.270 0.0000000000
33645  2.087  -31.444  77.408 0.0000000000
33678  2.897  -31.851  75.400 0.0000000000
41239  5.389  -23.731  73.599 0.0000000000
40287  4.759  -25.418  70.954 0.0000000000
43246  5.554  -21.878  73.016 0.0000000000
48373  1.794  -16.386  71.085 0.0000000000
45425  3.582  -18.795  69.692 0.0000000000
46490  2.517  -17.791  67.829 0.0000000000
122640  2.604  -18.501  65.497 0.0000000000
48424  2.378  -16.676  67.039 0.0000000000
38252  4.786  -26.765  79.414 0.0000000000
40201  4.431  -24.777  78.385 0.0000000000
42206  5.853  -23.314  79.280 0.0000000000
120401  5.843  -19.831  77.590 0.0000000000
43187  14.274  -21.462  79.204 0.0000000000
41204  13.693  -23.157  76.723 0.0000000000
40208  12.710  -24.001  78.522 0.0000000000
37312  10.837  -27.045  77.570 0.0000000000
124123  6.526  -28.493  79.155 0.0000000000
36283  5.737  -27.995  80.300 0.0000000000
47358  1.827  -17.420  76.490 0.0000000000
45380  2.142  -20.016  73.762 0.0000000000
113722  1.566  -15.956  75.200 0.0000000000
49300  2.524  -15.361  74.264 0.0000000000
50282  4.174  -14.436  73.548 0.0000000000
45322  11.310  -19.807  79.017 0.0000000000
109751  16.448  -18.846  77.347 0.0000000000
46363  17.546  -19.107  78.368 0.0000000000
45304  14.658  -20.155  80.199 0.0000000000
45305  12.173  -20.002  80.332 0.0000000000
102706  3.021  -32.417  70.930 0.0000000000
35481  2.822  -29.333  70.214 0.0000000000
36372  2.476  -28.176  72.385 0.0000000000
39291  3.558  -25.802  73.651 0.0000000000
42232  3.652  -22.003  76.092 0.0000000000
42220  3.678  -22.524  78.169 0.0000000000
110366  2.759  -21.231  77.673 0.0000000000
45351  2.307  -19.958  76.782 0.0000000000
48335  2.407  -16.391  78.875 0.0000000000
36419  3.870  -28.546  69.373 0.0000000000
38410  5.052  -27.418  68.169 0.0000000000
39383  5.332  -25.909  66.981 0.0000000000
44328  4.698  -20.328  71.079 0.0000000000
43290  6.214  -21.254  68.239 0.0000000000
41327  4.246  -23.453  65.815 0.0000000000
42356  2.715  -22.659  63.942 0.0000000000
43364  2.907  -20.993  63.024 0.0000000000
53110  4.867  -10.884  73.804 0.0000000000
50289  6.158  -13.989  72.106 0.0000000000
53123  7.058  -12.137  71.396 0.0000000000
49344  5.400  -15.955  69.560 0.0000000000
108310  4.806  -16.424  67.137 0.0000000000
42223  9.452  -22.540  77.717 0.0000000000
43198  8.781  -22.063  77.071 0.0000000000
43207  10.070  -21.633  76.698 0.0000000000
43188  11.129  -21.393  78.452 0.0000000000
41178  11.345  -23.032  78.904 0.0000000000
42216  10.282  -22.564  78.097 0.0000000000
40210  8.917  -24.161  78.602 0.0000000000
38456  2.292  -27.055  63.857 0.0000000000
38448  2.212  -26.402  64.047 0.0000000000
117361  2.921  -29.421  77.090 0.0000000000
124356  3.365  -28.560  76.729 0.0000000000
37317  3.596  -28.257  77.636 0.0000000000
112920  14.237  -21.460  75.461 0.0000000000
36295  2.948  -29.255  78.335 0.0000000000
34471  2.284  -30.214  78.185 0.0000000000
34472  2.261  -29.778  78.118 0.0000000000
34500  2.394  -30.242  77.267 0.0000000000
43229  4.404  -21.569  74.556 0.0000000000
121414  5.459  -22.395  73.350 0.0000000000
44296  4.090  -20.876  74.373 0.0000000000
104299  3.100  -16.288  70.303 0.0000000000
106617  1.716  -16.538  69.292 0.0000000000
48399  1.826  -16.501  68.804 0.0000000000
47470  2.147  -16.795  67.237 0.0000000000
49365  2.843  -16.337  68.693 0.0000000000
39208  5.201  -26.020  79.961 0.0000000000
40184  4.876  -25.318  79.140 0.0000000000
41171  5.982  -24.301  79.727 0.0000000000
43200  6.049  -21.575  77.867 0.0000000000
47349  5.681  -17.772  77.285 0.0000000000
42200  14.080  -22.414  80.423 0.0000000000
41176  14.066  -23.388  79.490 0.0000000000
40180  13.672  -23.992  80.210 0.0000000000
38262  9.869  -25.980  78.078 0.0000000000
37278  10.761  -26.230  77.997 0.0000000000
113108  10.041  -27.435  78.035 0.0000000000
37282  8.124  -27.013  78.812 0.0000000000
40164  7.292  -25.094  80.578 0.0000000000
37259  6.971  -26.909  80.010 0.0000000000
38239  5.838  -26.416  80.453 0.0000000000
36275  4.749  -27.413  79.552 0.0000000000
111222  2.045  -16.476  76.987 0.0000000000
47365  1.626  -17.354  75.628 0.0000000000
49288  2.250  -15.189  76.753 0.0000000000
122049  3.384  -13.139  76.239 0.0000000000
50246  3.052  -14.234  75.690 0.0000000000
51239  3.391  -14.043  75.139 0.0000000000
50283  3.344  -14.911  73.925 0.0000000000
51238  4.095  -13.519  74.881 0.0000000000
45303  15.014  -20.004  79.742 0.0000000000
120311  2.554  -31.481  72.812 0.0000000000
34565  2.505  -29.925  71.504 0.0000000000
34552  2.596  -29.811  73.059 0.0000000000
39256  3.871  -26.288  75.695 0.0000000000
38329  3.195  -26.754  74.698 0.0000000000
40243  4.105  -25.002  75.001 0.0000000000
40242  4.615  -24.289  74.632 0.0000000000
41212  3.897  -23.634  76.218 0.0000000000
41182  4.443  -23.530  78.855 0.0000000000
111691  4.168  -24.247  77.964 0.0000000000
42214  4.092  -22.815  78.508 0.0000000000
46350  3.521  -18.765  79.723 0.0000000000
44234  3.120  -20.450  78.919 0.0000000000
45324  2.857  -19.659  78.685 0.0000000000
44253  2.553  -20.596  77.179 0.0000000000
110391  2.665  -18.907  78.524 0.0000000000
47345  2.433  -17.385  78.490 0.0000000000
47329  2.626  -17.204  79.301 0.0000000000
39265  11.962  -24.724  75.512 0.0000000000
121090  12.200  -24.175  74.144 0.0000000000
35395  5.075  -29.818  76.716 0.0000000000
35408  5.081  -29.905  75.700 0.0000000000
34483  4.569  -30.535  77.341 0.0000000000
32887  2.762  -32.930  75.978 0.0000000000
32894  4.010  -33.058  75.695 0.0000000000
103107  2.724  -31.468  74.916 0.0000000000
33700  2.559  -32.346  73.524 0.0000000000
36396  2.889  -27.825  71.183 0.0000000000
35491  3.359  -29.340  69.570 0.0000000000
37438  3.487  -27.447  70.769 0.0000000000
40286  5.145  -25.249  70.423 0.0000000000
39358  4.861  -26.549  69.508 0.0000000000
39357  5.376  -26.146  69.132 0.0000000000
38409  5.247  -26.809  67.388 0.0000000000
41296  6.165  -24.213  67.965 0.0000000000
45390  1.495  -18.902  73.176 0.0000000000
45388  2.971  -20.007  72.629 0.0000000000
45399  3.176  -19.620  71.710 0.0000000000
45449  4.135  -19.308  67.582 0.0000000000
44348  4.834  -19.930  69.035 0.0000000000
44358  5.618  -20.604  67.430 0.0000000000
42328  5.528  -22.624  66.496 0.0000000000
121138  4.371  -22.156  65.950 0.0000000000
41344  3.489  -23.351  65.090 0.0000000000
115222  3.819  -21.701  65.574 0.0000000000
46533  2.338  -17.959  64.864 0.0000000000
44392  2.915  -20.406  63.926 0.0000000000
45493  2.280  -18.956  62.842 0.0000000000
54005  5.138  -10.416  73.187 0.0000000000
52219  5.714  -12.684  73.065 0.0000000000
53116  6.314  -11.660  72.382 0.0000000000
52244  8.054  -12.713  69.271 0.0000000000
51287  7.489  -13.318  70.402 0.0000000000
50306  6.737  -14.645  70.585 0.0000000000
49343  6.343  -15.604  69.313 0.0000000000
48409  4.822  -16.340  68.404 0.0000000000
48419  6.450  -16.095  67.643 0.0000000000
41169  7.707  -24.134  79.806 0.0000000000
42219  7.362  -22.766  78.722 0.0000000000
42218  7.692  -22.586  78.520 0.0000000000
42203  12.082  -22.155  80.289 0.0000000000
114154  12.589  -23.943  80.222 0.0000000000
41177  11.955  -22.936  79.950 0.0000000000
110178  10.779  -24.461  78.423 0.0000000000
39232  9.685  -25.335  78.720 0.0000000000
122373  8.537  -26.153  79.747 0.0000000000
39234  8.630  -24.970  80.139 0.0000000000
117394  8.226  -24.677  80.277 0.0000000000
119602  2.185  -13.385  78.329 0.0000000000
106550  2.568  -13.941  76.982 0.0000000000
52175  2.475  -12.328  77.479 0.0000000000
53096  2.810  -11.735  76.931 0.0000000000
53101  3.391  -11.812  76.232 0.0000000000
35423  2.571  -29.959  75.003 0.0000000000
36344  2.697  -29.041  74.536 0.0000000000
109604  3.087  -28.579  75.253 0.0000000000
37359  3.552  -27.755  76.126 0.0000000000
120614  4.170  -26.201  76.394 0.0000000000
45312  4.719  -19.488  79.275 0.0000000000
44233  4.285  -20.339  79.515 0.0000000000
46349  4.474  -18.808  79.599 0.0000000000
119332  4.287  -18.162  79.784 0.0000000000
47321  3.284  -16.983  80.037 0.0000000000
48318  2.875  -16.246  80.085 0.0000000000
34453  3.910  -30.113  79.088 0.0000000000
34484  3.983  -31.116  77.921 0.0000000000
33635  3.271  -31.097  78.022 0.0000000000
33644  2.475  -31.575  77.418 0.0000000000
32888  2.554  -32.257  76.333 0.0000000000
32895  2.734  -32.840  75.976 0.0000000000
33665  2.455  -32.106  76.492 0.0000000000
102977  2.622  -31.429  75.982 0.0000000000
40264  4.671  -25.290  72.766 0.0000000000
39332  4.074  -26.354  71.264 0.0000000000
40276  5.002  -24.916  72.169 0.0000000000
41254  5.810  -23.554  71.918 0.0000000000
42266  6.235  -22.425  71.749 0.0000000000
109031  0.071  -17.377  71.829 0.0000000000
123869  1.568  -18.120  70.883 0.0000000000
46468  1.429  -17.561  70.433 0.0000000000
110272  2.583  -17.926  68.610 0.0000000000
45450  3.425  -18.819  67.189 0.0000000000
105817  3.539  -19.896  66.143 0.0000000000
46513  2.519  -17.851  66.652 0.0000000000
46525  2.407  -17.636  65.933 0.0000000000
48446  2.420  -16.832  65.774 0.0000000000
50326  8.472  -14.388  68.064 0.0000000000
49378  7.377  -15.850  67.224 0.0000000000
49388  8.534  -15.520  66.369 0.0000000000
37285  3.930  -28.377  78.633 0.0000000000
39236  4.447  -26.914  78.143 0.0000000000
118516  4.788  -25.945  78.868 0.0000000000
40199  4.778  -24.398  79.173 0.0000000000
43182  5.120  -21.379  79.060 0.0000000000
108909  6.724  -22.293  78.404 0.0000000000
44239  5.513  -21.041  78.385 0.0000000000
44240  5.063  -20.244  78.912 0.0000000000
46378  5.272  -18.611  78.419 0.0000000000
43195  14.033  -20.598  78.265 0.0000000000
42227  13.660  -21.626  77.011 0.0000000000
105705  13.790  -22.474  78.067 0.0000000000
39229  12.261  -24.044  79.181 0.0000000000
37294  11.243  -26.409  77.741 0.0000000000
37334  10.567  -26.745  76.803 0.0000000000
36314  6.421  -28.510  77.657 0.0000000000
35352  6.061  -29.142  79.281 0.0000000000
115136  7.104  -27.481  79.547 0.0000000000
37267  6.583  -27.904  79.819 0.0000000000
35353  5.214  -29.312  79.219 0.0000000000
118355  4.191  -28.977  79.320 0.0000000000
119822  4.055  -28.666  79.032 0.0000000000
122715  1.824  -19.813  75.492 0.0000000000
44298  2.538  -20.825  74.215 0.0000000000
121800  1.818  -18.869  75.076 0.0000000000
47376  1.139  -17.528  74.054 0.0000000000
47387  0.241  -17.327  73.096 0.0000000000
107826  2.340  -14.935  76.117 0.0000000000
49301  1.785  -15.773  74.601 0.0000000000
48361  0.161  -16.904  72.962 0.0000000000
113919  2.394  -16.099  72.851 0.0000000000
49315  3.143  -15.716  72.188 0.0000000000
49314  3.990  -15.300  72.018 0.0000000000
44238  11.265  -20.922  78.371 0.0000000000
44262  14.904  -19.233  77.352 0.0000000000
111694  18.636  -18.608  77.593 0.0000000000
47340  18.856  -17.960  78.953 0.0000000000
46374  17.670  -18.846  77.743 0.0000000000
45320  17.011  -19.264  78.053 0.0000000000
44246  15.736  -19.138  78.397 0.0000000000
43194  14.519  -19.940  78.428 0.0000000000
43173  14.488  -20.902  79.768 0.0000000000
43169  13.978  -21.365  80.571 0.0000000000
45300  13.394  -20.084  80.564 0.0000000000
43171  12.515  -21.388  80.305 0.0000000000
44227  11.994  -20.713  80.253 0.0000000000
44230  11.566  -20.738  79.634 0.0000000000
35466  2.514  -29.347  71.074 0.0000000000
37408  2.646  -27.542  72.259 0.0000000000
112066  2.731  -28.104  73.949 0.0000000000
104205  2.679  -27.210  72.760 0.0000000000
38356  3.274  -26.378  72.451 0.0000000000
40265  4.202  -25.443  73.355 0.0000000000
41226  5.017  -23.460  74.291 0.0000000000
43220  3.318  -21.307  75.691 0.0000000000
39244  4.423  -26.491  77.650 0.0000000000
112558  4.322  -25.343  77.672 0.0000000000
41199  3.802  -23.282  77.662 0.0000000000
108783  4.041  -20.899  79.073 0.0000000000
43192  3.143  -21.760  78.185 0.0000000000
113537  3.670  -22.786  77.120 0.0000000000
43211  3.126  -21.547  76.370 0.0000000000
43202  2.745  -21.232  76.675 0.0000000000
44269  2.398  -20.778  76.124 0.0000000000
116030  1.946  -18.370  76.958 0.0000000000
109313  2.284  -16.742  77.978 0.0000000000
104625  2.319  -15.508  78.662 0.0000000000
49265  2.289  -15.027  80.404 0.0000000000
50221  1.990  -14.721  79.809 0.0000000000
51176  1.834  -13.919  79.180 0.0000000000
34524  4.993  -30.668  74.140 0.0000000000
123508  4.247  -31.839  76.499 0.0000000000
38383  4.491  -26.830  69.851 0.0000000000
37472  4.688  -27.670  68.732 0.0000000000
116029  3.659  -26.374  65.840 0.0000000000
44307  4.100  -20.666  73.127 0.0000000000
43258  4.636  -20.619  72.186 0.0000000000
42281  6.373  -22.344  70.729 0.0000000000
45410  4.071  -19.747  70.365 0.0000000000
44337  5.507  -20.565  69.687 0.0000000000
42302  6.451  -22.711  68.624 0.0000000000
41313  6.035  -23.361  66.992 0.0000000000
40339  4.080  -24.863  65.989 0.0000000000
123526  3.049  -25.476  64.879 0.0000000000
108765  2.520  -24.907  64.317 0.0000000000
44391  3.026  -20.611  64.849 0.0000000000
43352  2.945  -21.859  63.526 0.0000000000
53995  3.613  -10.507  75.260 0.0000000000
54000  3.748  -9.880  74.500 0.0000000000
115451  4.501  -11.957  74.762 0.0000000000
123404  4.885  -12.981  73.762 0.0000000000
50281  4.916  -13.929  73.096 0.0000000000
49321  5.080  -15.445  71.114 0.0000000000
52229  6.753  -12.789  71.863 0.0000000000
50307  5.954  -15.045  70.907 0.0000000000
49345  4.416  -16.166  69.665 0.0000000000
48410  3.834  -16.303  68.573 0.0000000000
48432  3.178  -16.434  66.586 0.0000000000
48445  2.784  -16.562  65.618 0.0000000000
48453  4.287  -16.551  64.542 0.0000000000
43197  9.604  -22.028  77.300 0.0000000000
106445  11.043  -21.878  78.609 0.0000000000
42222  10.335  -21.949  77.936 0.0000000000
36475  2.563  -27.924  64.336 0.0000000000
37522  2.341  -27.199  64.216 0.0000000000
36315  2.496  -29.378  77.952 0.0000000000
109704  3.119  -28.898  77.453 0.0000000000
44263  14.120  -19.920  76.850 0.0000000000
43219  13.830  -20.929  76.450 0.0000000000
35371  2.416  -29.564  78.140 0.0000000000
36305  2.301  -29.264  78.045 0.0000000000
35384  2.335  -29.737  77.893 0.0000000000
43230  3.571  -20.988  75.059 0.0000000000
44287  3.341  -20.781  74.616 0.0000000000
49333  2.656  -16.235  69.710 0.0000000000
49347  2.810  -16.292  69.134 0.0000000000
49366  2.503  -16.306  68.659 0.0000000000
49346  3.175  -16.323  69.137 0.0000000000
40166  5.995  -25.390  80.348 0.0000000000
40172  5.541  -24.965  79.868 0.0000000000
41162  5.965  -24.765  80.038 0.0000000000
41164  14.057  -23.443  80.117 0.0000000000
41165  13.749  -23.220  80.441 0.0000000000
37280  9.860  -27.073  78.048 0.0000000000
37281  9.544  -27.149  78.166 0.0000000000
37297  9.533  -27.838  78.253 0.0000000000
104044  8.944  -27.306  78.325 0.0000000000
103899  7.885  -27.279  78.542 0.0000000000
41159  6.986  -24.923  80.512 0.0000000000
119784  6.829  -25.803  80.548 0.0000000000
39206  6.328  -25.415  80.439 0.0000000000
39213  5.455  -26.182  80.221 0.0000000000
49283  2.274  -15.264  77.630 0.0000000000
103655  2.174  -15.678  77.048 0.0000000000
52186  3.633  -12.624  75.951 0.0000000000
51227  3.576  -13.448  75.707 0.0000000000
123911  2.579  -30.728  73.187 0.0000000000
39255  3.969  -25.482  76.142 0.0000000000
39266  3.862  -25.669  75.363 0.0000000000
40235  3.872  -24.715  75.815 0.0000000000
42213  4.597  -22.219  79.107 0.0000000000
43183  4.518  -21.116  79.111 0.0000000000
46344  3.424  -17.839  79.866 0.0000000000
106370  3.002  -18.822  79.137 0.0000000000
46366  2.647  -18.102  78.884 0.0000000000
47322  2.930  -17.066  79.809 0.0000000000
35383  5.164  -29.689  77.734 0.0000000000
31978  3.527  -33.097  75.514 0.0000000000
103226  2.588  -31.462  73.830 0.0000000000
37423  3.092  -27.338  71.653 0.0000000000
108917  3.743  -26.942  71.039 0.0000000000
103403  5.791  -24.317  70.236 0.0000000000
40299  5.530  -25.296  69.620 0.0000000000
41281  6.076  -24.450  69.193 0.0000000000
40311  5.819  -25.325  68.620 0.0000000000
46444  1.254  -18.595  72.363 0.0000000000
45400  2.262  -19.202  72.048 0.0000000000
46453  1.364  -18.361  71.577 0.0000000000
118128  4.694  -19.977  67.290 0.0000000000
44368  4.748  -20.642  66.719 0.0000000000
113209  4.930  -22.115  66.252 0.0000000000
43315  4.532  -21.496  66.255 0.0000000000
43316  3.998  -20.691  66.152 0.0000000000
108318  2.390  -18.466  63.820 0.0000000000
46545  2.143  -18.160  62.986 0.0000000000
54874  4.291  -9.308  72.472 0.0000000000
54873  4.921  -9.870  72.632 0.0000000000
108769  5.880  -11.052  72.825 0.0000000000
54014  5.550  -10.301  72.365 0.0000000000
50314  8.146  -14.021  68.821 0.0000000000
51300  7.850  -13.584  69.568 0.0000000000
50315  7.629  -14.540  69.343 0.0000000000
50305  7.398  -14.223  70.165 0.0000000000
49342  7.211  -15.300  68.972 0.0000000000
49361  6.501  -15.808  68.513 0.0000000000
49360  7.407  -15.491  68.013 0.0000000000
41180  7.934  -23.748  79.429 0.0000000000
42209  8.011  -23.028  78.973 0.0000000000
44266  8.674  -21.268  76.014 0.0000000000
42208  12.044  -22.198  80.392 0.0000000000
41189  10.451  -23.332  78.241 0.0000000000
113713  10.659  -23.924  78.449 0.0000000000
118234  9.940  -24.676  78.367 0.0000000000
39233  9.007  -25.249  79.704 0.0000000000
40197  9.339  -24.815  79.284 0.0000000000
41191  8.561  -23.434  78.323 0.0000000000
40198  8.591  -24.504  79.604 0.0000000000
41179  8.317  -23.886  79.045 0.0000000000
41168  8.089  -24.201  79.922 0.0000000000
52163  2.171  -12.694  78.216 0.0000000000
109167  2.531  -10.911  77.217 0.0000000000
53991  2.976  -10.964  76.477 0.0000000000
35409  2.700  -29.737  75.804 0.0000000000
36333  3.049  -29.339  76.229 0.0000000000
37340  3.663  -28.007  76.828 0.0000000000
38295  3.913  -27.031  76.248 0.0000000000
46365  4.820  -18.716  79.081 0.0000000000
47328  4.284  -17.473  79.752 0.0000000000
46343  3.885  -17.693  80.011 0.0000000000
47320  3.839  -16.897  80.068 0.0000000000
48317  3.214  -16.204  80.268 0.0000000000
115983  3.607  -30.513  78.670 0.0000000000
33636  2.199  -31.038  77.915 0.0000000000
32881  2.267  -31.953  76.954 0.0000000000
33653  2.190  -31.800  76.942 0.0000000000
121892  2.465  -30.504  76.673 0.0000000000
34513  2.540  -30.608  76.005 0.0000000000
39302  4.357  -25.520  72.093 0.0000000000
106584  5.362  -24.447  72.912 0.0000000000
41238  5.939  -22.953  72.784 0.0000000000
119033  6.066  -22.412  72.449 0.0000000000
48374  0.968  -16.985  71.384 0.0000000000
114188  1.163  -17.189  70.944 0.0000000000
47445  1.722  -16.887  68.851 0.0000000000
46489  3.061  -18.268  68.186 0.0000000000
46512  2.868  -18.332  66.900 0.0000000000
46501  2.500  -17.771  67.181 0.0000000000
107986  2.288  -16.579  67.705 0.0000000000
47479  2.265  -17.232  66.745 0.0000000000
47480  2.193  -16.963  66.726 0.0000000000
47491  2.286  -17.128  66.040 0.0000000000
48434  2.397  -16.787  66.408 0.0000000000
51318  8.602  -13.516  68.356 0.0000000000
51335  9.061  -13.832  67.703 0.0000000000
121535  8.458  -14.900  67.674 0.0000000000
50337  8.859  -14.676  67.405 0.0000000000
38265  4.529  -27.195  78.949 0.0000000000
38266  4.375  -27.391  78.517 0.0000000000
114789  4.810  -26.374  79.161 0.0000000000
118397  5.311  -24.080  79.408 0.0000000000
41181  4.975  -23.264  79.264 0.0000000000
42212  5.425  -22.312  79.105 0.0000000000
43189  7.110  -22.408  78.367 0.0000000000
42211  6.820  -23.121  78.999 0.0000000000
43191  5.398  -21.096  78.653 0.0000000000
44252  5.461  -20.072  78.264 0.0000000000
45323  5.139  -19.388  78.726 0.0000000000
45338  5.565  -19.237  77.995 0.0000000000
105743  14.100  -21.295  78.651 0.0000000000
42221  13.855  -21.601  77.985 0.0000000000
42215  14.080  -22.277  78.830 0.0000000000
40207  13.618  -23.885  79.245 0.0000000000
41188  13.181  -23.616  78.059 0.0000000000
117777  12.653  -24.202  77.596 0.0000000000
40195  12.264  -24.051  79.507 0.0000000000
124324  12.371  -24.092  79.542 0.0000000000
114742  10.887  -26.915  77.901 0.0000000000
37277  10.699  -26.008  77.704 0.0000000000
107656  11.273  -26.951  77.822 0.0000000000
37310  10.252  -25.844  76.808 0.0000000000
37335  10.722  -26.974  76.946 0.0000000000
37336  10.359  -27.240  76.952 0.0000000000
37338  8.437  -26.932  77.331 0.0000000000
36303  7.175  -27.800  78.603 0.0000000000
114736  6.511  -28.528  78.542 0.0000000000
35368  5.901  -29.129  78.286 0.0000000000
38237  8.134  -26.181  80.274 0.0000000000
38251  8.136  -26.595  79.621 0.0000000000
37257  7.811  -26.579  80.052 0.0000000000
37260  6.104  -27.162  80.526 0.0000000000
36274  6.323  -27.637  80.233 0.0000000000
36282  6.055  -28.513  80.119 0.0000000000
35341  5.847  -29.023  79.723 0.0000000000
110394  5.320  -28.653  79.793 0.0000000000
35342  4.985  -29.096  79.501 0.0000000000
36284  4.904  -28.115  79.729 0.0000000000
36285  4.403  -28.273  79.310 0.0000000000
37269  4.404  -27.836  79.132 0.0000000000
46405  1.808  -18.422  75.884 0.0000000000
114488  1.695  -16.546  75.871 0.0000000000
47366  1.620  -17.875  74.989 0.0000000000
115082  1.333  -16.813  74.863 0.0000000000
123194  1.417  -16.415  74.475 0.0000000000
50247  2.682  -14.367  76.274 0.0000000000
50271  2.861  -14.649  74.870 0.0000000000
50272  2.196  -15.069  74.936 0.0000000000
48355  1.223  -16.549  73.788 0.0000000000
49307  2.070  -16.060  73.658 0.0000000000
48360  1.184  -16.630  72.826 0.0000000000
50292  3.735  -15.089  72.983 0.0000000000
45336  11.335  -20.317  78.343 0.0000000000
123787  11.259  -20.056  77.541 0.0000000000
45335  11.379  -19.543  78.076 0.0000000000
109398  16.351  -18.660  76.599 0.0000000000
45359  15.609  -18.903  75.850 0.0000000000
45346  15.648  -18.906  76.921 0.0000000000
44261  15.760  -18.969  77.760 0.0000000000
47326  17.868  -18.230  79.801 0.0000000000
47325  18.592  -17.681  79.572 0.0000000000
46345  18.207  -18.497  78.881 0.0000000000
115006  18.160  -18.760  78.095 0.0000000000
44236  14.978  -19.729  78.788 0.0000000000
44225  14.608  -20.665  79.973 0.0000000000
43174  14.192  -21.406  80.308 0.0000000000
44226  14.205  -20.809  80.320 0.0000000000
118365  13.101  -19.407  80.664 0.0000000000
45301  12.705  -20.048  80.514 0.0000000000
44222  12.972  -20.761  80.459 0.0000000000
44223  12.338  -20.762  80.352 0.0000000000
44224  12.106  -21.305  80.259 0.0000000000
45311  11.509  -20.185  79.601 0.0000000000
44237  11.314  -20.482  79.080 0.0000000000
33719  2.905  -31.344  70.660 0.0000000000
35451  2.493  -29.203  72.101 0.0000000000
112636  2.617  -27.772  71.875 0.0000000000
37390  2.916  -27.495  74.374 0.0000000000
39279  3.191  -26.215  74.122 0.0000000000
112208  2.812  -26.769  73.614 0.0000000000
38343  3.120  -26.205  73.199 0.0000000000
122206  2.865  -26.653  72.813 0.0000000000
40252  4.239  -25.244  74.150 0.0000000000
41211  4.114  -22.751  75.830 0.0000000000
122559  4.510  -23.042  75.060 0.0000000000
42231  4.137  -21.850  75.353 0.0000000000
39243  4.515  -25.901  78.169 0.0000000000
40211  4.425  -25.095  78.180 0.0000000000
41192  3.963  -23.326  78.153 0.0000000000
40218  4.004  -24.350  77.371 0.0000000000
45313  4.327  -19.560  79.710 0.0000000000
43185  3.730  -20.364  79.395 0.0000000000
123289  2.923  -21.085  78.461 0.0000000000
42226  3.433  -22.389  77.552 0.0000000000
43201  2.992  -21.794  77.206 0.0000000000
42229  3.413  -22.189  76.807 0.0000000000
124400  2.115  -20.177  76.047 0.0000000000
46389  2.176  -19.137  77.218 0.0000000000
122097  2.294  -15.127  79.193 0.0000000000
110834  2.599  -15.663  80.113 0.0000000000
41203  13.767  -22.565  76.452 0.0000000000
41210  13.538  -23.572  75.880 0.0000000000
34511  4.752  -30.665  75.116 0.0000000000
34499  4.146  -31.536  77.128 0.0000000000
119920  3.674  -32.136  76.639 0.0000000000
32920  2.508  -32.825  71.899 0.0000000000
34594  3.394  -30.187  69.244 0.0000000000
35504  3.822  -29.340  69.006 0.0000000000
36418  4.229  -28.592  68.739 0.0000000000
39331  4.446  -26.011  70.732 0.0000000000
38376  4.263  -26.588  70.519 0.0000000000
38395  4.827  -27.161  69.128 0.0000000000
113138  4.475  -28.097  68.351 0.0000000000
37486  4.700  -27.838  67.754 0.0000000000
113796  4.475  -26.535  66.393 0.0000000000
39384  4.801  -25.770  66.269 0.0000000000
45372  1.813  -20.516  74.379 0.0000000000
44297  3.611  -20.649  73.935 0.0000000000
44309  2.810  -20.407  73.435 0.0000000000
44320  3.714  -20.304  72.384 0.0000000000
44319  5.299  -20.813  71.567 0.0000000000
43269  5.958  -21.388  71.305 0.0000000000
44327  5.429  -20.686  70.706 0.0000000000
46466  3.025  -18.569  70.232 0.0000000000
45411  3.438  -19.222  70.732 0.0000000000
44347  5.596  -20.493  68.624 0.0000000000
43280  6.162  -21.201  69.282 0.0000000000
42315  6.389  -22.129  68.002 0.0000000000
41312  6.351  -23.055  67.893 0.0000000000
42316  6.199  -22.337  67.098 0.0000000000
42329  4.717  -22.781  66.069 0.0000000000
41326  5.261  -23.674  66.305 0.0000000000
113022  4.584  -24.207  65.972 0.0000000000
40340  3.324  -24.841  65.194 0.0000000000
40356  3.694  -24.108  65.575 0.0000000000
42345  3.292  -22.478  64.731 0.0000000000
41355  2.568  -23.280  63.805 0.0000000000
45469  3.025  -19.489  65.581 0.0000000000
44376  3.419  -20.706  65.556 0.0000000000
43353  2.892  -21.025  63.409 0.0000000000
43363  3.255  -21.834  63.055 0.0000000000
116980  3.883  -9.462  73.821 0.0000000000
54006  4.491  -10.130  73.859 0.0000000000
53104  4.423  -10.892  74.588 0.0000000000
52195  4.643  -12.731  74.326 0.0000000000
111137  4.856  -11.707  74.057 0.0000000000
51264  5.751  -13.442  72.719 0.0000000000
50290  5.344  -14.296  72.401 0.0000000000
50299  5.670  -14.684  71.680 0.0000000000
52236  7.435  -12.284  70.522 0.0000000000
53130  7.110  -11.257  70.848 0.0000000000
53124  6.654  -11.443  71.654 0.0000000000
123350  6.635  -12.128  71.983 0.0000000000
49329  6.174  -15.334  70.111 0.0000000000
50298  6.465  -14.327  71.382 0.0000000000
49330  5.250  -15.735  70.306 0.0000000000
49363  3.685  -16.266  69.131 0.0000000000
48398  4.579  -16.267  69.049 0.0000000000
48421  4.076  -16.377  67.789 0.0000000000
48431  3.937  -16.455  66.882 0.0000000000
118520  3.825  -16.529  65.987 0.0000000000
117521  6.849  -16.209  66.711 0.0000000000
41198  8.780  -22.966  77.873 0.0000000000
42224  8.688  -22.449  77.568 0.0000000000
43208  9.149  -21.685  76.630 0.0000000000
44265  9.702  -21.198  76.101 0.0000000000
43180  11.442  -21.358  79.337 0.0000000000
123810  11.607  -22.129  79.492 0.0000000000
123396  11.021  -22.541  78.646 0.0000000000
41190  9.354  -23.438  77.954 0.0000000000
38455  2.579  -26.557  63.484 0.0000000000
122750  2.352  -26.031  63.750 0.0000000000
38282  4.264  -27.244  77.046 0.0000000000
35356  2.772  -29.587  78.461 0.0000000000
34455  2.660  -30.054  78.509 0.0000000000
34456  2.383  -29.770  78.286 0.0000000000
34485  2.156  -30.525  77.756 0.0000000000
111271  2.113  -30.982  76.979 0.0000000000
42243  5.068  -22.563  73.901 0.0000000000
120636  5.636  -23.366  73.159 0.0000000000
43236  4.765  -21.539  73.704 0.0000000000
48384  2.451  -16.186  70.389 0.0000000000
48385  1.650  -16.522  70.160 0.0000000000
49334  2.246  -16.244  69.208 0.0000000000
47469  2.147  -17.244  67.506 0.0000000000
48413  2.270  -16.451  68.208 0.0000000000
48412  2.538  -16.393  68.203 0.0000000000
119590  3.086  -16.336  68.198 0.0000000000
39214  5.072  -26.197  79.715 0.0000000000
121865  4.980  -25.902  79.363 0.0000000000
40173  5.203  -25.634  79.754 0.0000000000
40183  5.317  -24.966  79.658 0.0000000000
44250  6.864  -21.189  77.162 0.0000000000
44268  6.662  -19.947  76.992 0.0000000000
45337  6.082  -19.130  77.215 0.0000000000
46388  6.163  -18.382  76.780 0.0000000000
42207  14.251  -22.504  79.706 0.0000000000
40193  13.757  -24.125  79.919 0.0000000000
40194  13.153  -24.189  79.499 0.0000000000
39231  10.692  -24.990  78.146 0.0000000000
38261  10.494  -25.842  78.005 0.0000000000
37279  10.613  -26.249  77.794 0.0000000000
37296  10.564  -27.138  77.798 0.0000000000
37283  7.434  -27.457  79.167 0.0000000000
39212  7.926  -25.556  80.651 0.0000000000
37258  7.577  -26.487  80.212 0.0000000000
38230  7.101  -25.773  80.562 0.0000000000
37252  6.563  -26.501  80.394 0.0000000000
37268  5.415  -27.242  80.117 0.0000000000
38240  5.156  -26.572  79.886 0.0000000000
48344  1.965  -15.639  76.158 0.0000000000
50270  3.725  -14.224  74.438 0.0000000000
46346  17.315  -19.045  79.166 0.0000000000
45310  15.348  -19.660  79.244 0.0000000000
116509  15.134  -19.623  80.197 0.0000000000
33709  2.666  -31.636  71.732 0.0000000000
109636  2.611  -30.621  71.216 0.0000000000
103595  2.562  -30.475  72.212 0.0000000000
121652  2.516  -28.879  72.924 0.0000000000
38310  3.538  -26.897  75.501 0.0000000000
39267  3.517  -26.269  74.963 0.0000000000
39278  3.654  -25.750  74.546 0.0000000000
40234  4.155  -23.900  75.443 0.0000000000
41183  4.234  -23.874  78.344 0.0000000000
45315  3.400  -19.645  79.368 0.0000000000
44241  2.720  -20.486  78.165 0.0000000000
45339  2.491  -19.603  77.807 0.0000000000
46379  2.411  -18.404  77.933 0.0000000000
48324  2.646  -16.332  79.696 0.0000000000
107058  12.975  -24.542  75.725 0.0000000000
39274  11.936  -24.656  74.923 0.0000000000
35382  5.717  -29.114  77.205 0.0000000000
34498  4.580  -30.803  76.289 0.0000000000
32886  3.410  -32.625  76.021 0.0000000000
33689  2.826  -32.356  74.594 0.0000000000
32908  2.702  -33.256  74.057 0.0000000000
117116  2.519  -32.296  72.582 0.0000000000
109078  2.759  -28.484  70.736 0.0000000000
123507  3.218  -27.924  70.494 0.0000000000
36409  3.267  -28.498  70.002 0.0000000000
37456  3.866  -27.804  69.932 0.0000000000
39330  4.699  -25.783  70.407 0.0000000000
39344  4.905  -25.906  69.885 0.0000000000
113282  5.234  -26.826  68.627 0.0000000000
39371  5.565  -26.151  68.052 0.0000000000
40325  5.706  -25.171  67.474 0.0000000000
45389  2.244  -19.530  72.945 0.0000000000
44329  3.917  -20.070  71.391 0.0000000000
113517  3.663  -18.717  68.706 0.0000000000
45424  4.220  -19.359  69.361 0.0000000000
45436  4.235  -19.227  68.417 0.0000000000
44359  4.897  -19.837  68.030 0.0000000000
43303  6.177  -21.509  67.364 0.0000000000
43314  5.541  -21.559  66.681 0.0000000000
42344  3.969  -22.663  65.564 0.0000000000
117134  2.878  -19.796  64.597 0.0000000000
45482  2.629  -18.949  64.719 0.0000000000
114330  2.665  -19.448  63.775 0.0000000000
44407  2.624  -20.098  62.970 0.0000000000
116337  4.455  -9.616  73.233 0.0000000000
53109  5.364  -11.375  73.440 0.0000000000
110233  5.909  -11.935  73.043 0.0000000000
52218  6.280  -12.569  72.530 0.0000000000
110592  7.708  -12.795  69.886 0.0000000000
52228  7.186  -13.001  71.188 0.0000000000
50316  7.010  -15.008  69.799 0.0000000000
49362  5.575  -16.097  68.856 0.0000000000
48420  5.278  -16.336  67.719 0.0000000000
118690  5.795  -16.383  66.930 0.0000000000
41160  7.353  -24.540  80.244 0.0000000000
41170  6.780  -24.271  79.850 0.0000000000
42210  7.525  -23.475  79.166 0.0000000000
42225  7.774  -22.309  78.028 0.0000000000
42228  8.088  -22.513  77.010 0.0000000000
43210  7.509  -22.122  76.953 0.0000000000
42199  12.342  -21.914  80.300 0.0000000000
41166  13.059  -23.748  80.424 0.0000000000
41167  12.310  -23.058  80.387 0.0000000000
40181  12.118  -23.666  79.898 0.0000000000
113193  11.540  -23.613  79.025 0.0000000000
40196  11.659  -23.897  78.999 0.0000000000
38264  8.829  -26.623  78.991 0.0000000000
38250  9.043  -25.830  79.458 0.0000000000
39223  8.453  -25.556  80.176 0.0000000000
40169  8.086  -25.115  80.631 0.0000000000
40182  7.877  -24.596  80.386 0.0000000000
40170  7.641  -24.886  80.562 0.0000000000
51198  2.356  -13.970  77.905 0.0000000000
51213  2.548  -13.237  77.390 0.0000000000
118217  2.374  -11.601  77.592 0.0000000000
52174  3.074  -12.675  76.668 0.0000000000
124085  3.434  -11.056  75.862 0.0000000000
35437  2.565  -29.343  73.860 0.0000000000
109881  3.328  -28.560  76.160 0.0000000000
114855  4.645  -20.061  79.340 0.0000000000
47344  4.574  -18.054  79.421 0.0000000000
45307  4.003  -18.702  80.019 0.0000000000
35370  4.463  -29.841  78.852 0.0000000000
34469  3.948  -30.603  78.665 0.0000000000
34470  2.786  -30.569  78.307 0.0000000000
124326  2.680  -31.122  78.008 0.0000000000
32880  2.761  -32.125  76.565 0.0000000000
31979  2.860  -33.122  75.796 0.0000000000
117056  2.336  -31.279  76.658 0.0000000000
34525  2.588  -30.771  75.295 0.0000000000
39317  3.857  -26.067  71.983 0.0000000000
39316  4.393  -25.754  71.436 0.0000000000
116680  4.843  -25.155  71.605 0.0000000000
41255  5.552  -24.023  72.385 0.0000000000
119707  5.272  -24.502  71.812 0.0000000000
40275  5.329  -24.567  71.166 0.0000000000
41268  6.052  -23.477  71.071 0.0000000000
41267  6.277  -23.259  70.241 0.0000000000
46454  0.887  -17.677  71.289 0.0000000000
46467  2.185  -18.132  70.217 0.0000000000
46479  2.792  -18.241  69.500 0.0000000000
47431  1.485  -17.024  69.797 0.0000000000
46480  1.919  -17.557  69.335 0.0000000000
120558  3.173  -18.374  68.897 0.0000000000
45437  3.531  -18.708  67.905 0.0000000000
45461  3.310  -19.045  66.492 0.0000000000
45470  2.761  -18.429  66.254 0.0000000000
47499  2.273  -17.175  65.120 0.0000000000
51299  8.242  -13.307  68.920 0.0000000000
49359  8.106  -15.016  67.914 0.0000000000
50346  9.026  -15.002  66.660 0.0000000000
37513  2.931  -27.476  64.895 0.0000000000
37299  3.303  -28.678  78.174 0.0000000000
115565  4.046  -27.931  78.129 0.0000000000
39235  4.640  -26.422  78.646 0.0000000000
114453  4.612  -25.533  78.529 0.0000000000
40185  4.693  -25.379  78.799 0.0000000000
40200  4.502  -24.630  78.647 0.0000000000
42205  6.515  -23.791  79.440 0.0000000000
121052  6.234  -22.420  78.840 0.0000000000
43190  6.195  -21.923  78.294 0.0000000000
43181  5.864  -21.805  78.392 0.0000000000
46377  5.661  -18.511  77.622 0.0000000000
43206  13.750  -20.667  77.461 0.0000000000
41196  13.734  -22.416  77.317 0.0000000000
41187  13.754  -23.126  78.598 0.0000000000
41197  13.580  -23.237  77.434 0.0000000000
40224  13.409  -24.024  76.403 0.0000000000
105030  12.652  -24.736  76.082 0.0000000000
37353  11.173  -25.147  75.748 0.0000000000
120313  13.069  -24.360  80.029 0.0000000000
39242  12.002  -24.292  78.603 0.0000000000
38249  10.900  -25.103  77.896 0.0000000000
116696  11.251  -24.750  78.141 0.0000000000
38273  11.010  -25.069  77.924 0.0000000000
38281  11.016  -25.186  77.044 0.0000000000
37333  10.493  -25.696  76.033 0.0000000000
38308  10.707  -25.858  75.883 0.0000000000
37337  9.489  -27.137  77.236 0.0000000000
36323  6.260  -28.511  76.723 0.0000000000
35369  5.259  -29.493  78.651 0.0000000000
103476  7.617  -27.052  79.577 0.0000000000
37266  7.163  -27.107  79.855 0.0000000000
36293  6.258  -28.673  79.716 0.0000000000
35354  4.318  -29.455  79.216 0.0000000000
35355  3.803  -29.603  79.134 0.0000000000
111171  3.456  -29.432  78.892 0.0000000000
36294  3.477  -29.137  78.796 0.0000000000
114030  2.120  -21.113  75.342 0.0000000000
44289  2.001  -21.160  74.699 0.0000000000
105753  1.673  -20.770  74.976 0.0000000000
45381  1.797  -19.400  73.958 0.0000000000
46421  1.617  -18.601  74.349 0.0000000000
46434  1.077  -18.205  73.450 0.0000000000
103706  0.268  -17.880  72.501 0.0000000000
102675  2.386  -14.613  77.128 0.0000000000
49295  2.012  -15.263  75.349 0.0000000000
50261  2.489  -14.748  75.492 0.0000000000
47401  -0.136  -17.282  72.368 0.0000000000
48367  0.023  -16.894  72.204 0.0000000000
48366  1.211  -16.733  71.884 0.0000000000
49316  2.156  -16.285  72.012 0.0000000000
49306  2.916  -15.544  73.333 0.0000000000
49324  2.817  -16.185  71.111 0.0000000000
49323  3.542  -16.047  71.148 0.0000000000
44249  11.196  -20.765  77.456 0.0000000000
46362  18.795  -18.426  78.334 0.0000000000
45333  17.105  -18.910  77.539 0.0000000000
45334  16.452  -19.077  77.946 0.0000000000
45308  16.844  -19.326  78.587 0.0000000000
44247  15.051  -19.352  78.159 0.0000000000
44248  14.282  -19.818  77.825 0.0000000000
44229  14.792  -20.247  79.520 0.0000000000
43177  14.558  -20.567  79.312 0.0000000000
43178  14.365  -21.584  79.801 0.0000000000
43175  13.945  -21.913  80.707 0.0000000000
45298  14.663  -19.267  80.679 0.0000000000
106859  13.798  -19.265  80.679 0.0000000000
45299  14.143  -20.102  80.459 0.0000000000
44221  13.742  -20.792  80.502 0.0000000000
43170  13.458  -21.357  80.475 0.0000000000
42198  13.178  -21.900  80.418 0.0000000000
43172  12.023  -21.730  80.245 0.0000000000
43176  12.040  -21.688  80.298 0.0000000000
109974  11.897  -21.117  80.131 0.0000000000
44228  11.754  -20.609  79.977 0.0000000000
112337  11.618  -21.066  79.705 0.0000000000
44231  11.346  -20.915  79.151 0.0000000000
123616  2.503  -30.047  71.019 0.0000000000
36384  2.544  -28.353  71.619 0.0000000000
36356  2.574  -28.501  73.343 0.0000000000
111437  2.549  -27.812  72.887 0.0000000000
123481  2.680  -27.465  73.485 0.0000000000
38357  2.952  -27.008  72.257 0.0000000000
39303  3.763  -25.833  72.745 0.0000000000
40251  5.098  -24.768  73.728 0.0000000000
41219  4.624  -22.407  74.623 0.0000000000
43221  2.947  -20.843  75.437 0.0000000000
116182  4.246  -27.410  77.713 0.0000000000
39250  4.364  -26.230  77.047 0.0000000000
114105  4.143  -25.353  76.922 0.0000000000
43184  3.938  -21.731  78.694 0.0000000000
43193  3.454  -21.059  78.817 0.0000000000
41205  3.826  -23.513  76.963 0.0000000000
108041  3.807  -22.742  76.531 0.0000000000
123866  1.857  -20.777  75.504 0.0000000000
120856  2.013  -19.322  76.422 0.0000000000
47351  2.151  -17.453  77.510 0.0000000000
48340  2.261  -16.003  77.867 0.0000000000
49275  2.396  -15.528  79.607 0.0000000000
50210  1.860  -14.507  80.747 0.0000000000
52150  1.708  -12.989  79.092 0.0000000000
44264  10.599  -21.078  76.587 0.0000000000
42230  13.935  -21.920  75.962 0.0000000000
41209  13.722  -22.617  75.431 0.0000000000
41217  13.709  -22.550  74.380 0.0000000000
40233  12.726  -23.823  75.004 0.0000000000
34512  4.477  -31.578  75.661 0.0000000000
33664  4.429  -32.301  75.246 0.0000000000
38384  4.100  -27.164  70.280 0.0000000000
37455  4.440  -27.424  69.532 0.0000000000
37473  4.367  -28.010  69.142 0.0000000000
122039  4.344  -28.532  68.083 0.0000000000
38423  4.844  -27.399  67.011 0.0000000000
39401  3.119  -26.132  65.102 0.0000000000
116199  4.329  -20.866  73.717 0.0000000000
43247  4.792  -21.141  73.028 0.0000000000
44308  3.413  -20.520  73.130 0.0000000000
43257  5.573  -21.430  72.268 0.0000000000
42280  6.426  -22.631  70.083 0.0000000000
45412  2.491  -18.724  71.059 0.0000000000
44338  4.774  -20.085  70.061 0.0000000000
108486  6.085  -21.274  70.300 0.0000000000
43279  6.474  -22.021  69.823 0.0000000000
42293  6.443  -22.839  69.460 0.0000000000
41295  6.342  -23.511  68.811 0.0000000000
111180  5.738  -24.267  66.953 0.0000000000
40338  5.264  -24.896  66.409 0.0000000000
39385  3.683  -25.660  65.791 0.0000000000
39421  2.488  -25.854  64.386 0.0000000000
39422  2.249  -25.482  63.947 0.0000000000
118534  3.196  -21.527  64.878 0.0000000000
43340  2.942  -21.294  64.138 0.0000000000
106965  2.973  -22.002  64.216 0.0000000000
42370  2.877  -22.743  63.458 0.0000000000
53996  2.920  -10.212  75.829 0.0000000000
53100  3.980  -11.656  75.456 0.0000000000
54863  2.869  -9.538  75.042 0.0000000000
51252  4.549  -13.613  73.935 0.0000000000
52207  5.226  -12.375  73.569 0.0000000000
112640  5.177  -13.181  73.348 0.0000000000
50291  4.519  -14.654  72.682 0.0000000000
49322  4.264  -15.793  71.165 0.0000000000
51263  6.386  -13.300  72.226 0.0000000000
51275  7.094  -13.874  70.955 0.0000000000
49331  4.344  -16.031  70.378 0.0000000000
106935  3.626  -16.253  69.655 0.0000000000
49364  3.175  -16.340  68.704 0.0000000000
48411  3.174  -16.352  68.119 0.0000000000
48422  3.115  -16.372  67.374 0.0000000000
105060  2.688  -16.481  67.141 0.0000000000
48433  2.526  -16.673  66.431 0.0000000000
48455  2.455  -16.812  64.920 0.0000000000
108483  2.469  -17.214  64.203 0.0000000000
117284  4.653  -16.488  65.317 0.0000000000
117184  3.682  -16.509  65.185 0.0000000000
47510  2.375  -17.635  63.303 0.0000000000
37251  7.136  -26.283  80.400 0.0000000000
37284  6.796  -27.960  79.322 0.0000000000
37295  10.882  -26.692  77.701 0.0000000000
37311  10.968  -27.147  77.279 0.0000000000
37313  10.487  -27.416  77.440 0.0000000000
37354  10.640  -25.851  76.223 0.0000000000
37355  10.664  -26.316  76.185 0.0000000000
38229  7.657  -25.931  80.552 0.0000000000
38231  6.610  -26.077  80.527 0.0000000000
38232  6.051  -26.145  80.619 0.0000000000
38238  7.948  -26.094  80.484 0.0000000000
39204  7.487  -25.399  80.605 0.0000000000
39205  6.918  -25.284  80.543 0.0000000000
39207  5.753  -25.645  80.316 0.0000000000
39222  11.725  -24.183  78.798 0.0000000000
39345  4.565  -26.262  70.133 0.0000000000
40165  6.631  -25.207  80.467 0.0000000000
40167  5.549  -25.624  80.159 0.0000000000
41161  6.534  -24.716  80.220 0.0000000000
42202  12.919  -22.613  80.462 0.0000000000
42204  7.161  -23.960  79.492 0.0000000000
43212  2.798  -21.023  75.935 0.0000000000
43289  6.540  -21.991  68.907 0.0000000000
45373  1.740  -19.829  74.647 0.0000000000
46500  2.946  -18.248  67.505 0.0000000000
47457  2.027  -17.351  68.322 0.0000000000
47458  1.976  -16.704  68.009 0.0000000000
48356  0.956  -16.931  73.765 0.0000000000
48408  5.746  -16.154  68.239 0.0000000000
48423  2.622  -16.441  67.690 0.0000000000
48454  3.094  -16.624  64.524 0.0000000000
48466  2.601  -17.209  63.484 0.0000000000
49332  3.167  -16.309  69.634 0.0000000000
50300  4.809  -15.001  71.887 0.0000000000
51276  6.729  -13.567  71.668 0.0000000000
112668  10.970  -26.924  77.774 0.0000000000
115160  7.767  -25.169  80.647 0.0000000000
120685  5.103  -26.358  66.639 0.0000000000
121449  4.937  -26.259  79.438 0.0000000000
122629  -0.126  -17.578  72.147 0.0000000000
