#!ascii label  , from subject sub-v1s15x0050183_ses-1 vox2ras=TkReg
1163
79894  -43.464  10.238  49.245 0.0000000000
76590  -51.220  6.517  38.509 0.0000000000
84225  -52.505  18.065  47.502 0.0000000000
76518  -49.637  6.118  47.155 0.0000000000
78352  -47.621  8.961  54.453 0.0000000000
115108  -46.543  11.634  40.945 0.0000000000
85865  -50.354  19.088  34.264 0.0000000000
89798  -43.986  23.983  39.784 0.0000000000
76419  -41.752  6.660  57.581 0.0000000000
76505  -45.869  6.504  48.562 0.0000000000
77508  -46.693  7.734  43.753 0.0000000000
79921  -46.469  10.338  46.830 0.0000000000
84982  -47.760  17.716  43.474 0.0000000000
85008  -52.370  18.023  41.620 0.0000000000
86572  -46.803  19.524  38.438 0.0000000000
87885  -44.906  21.595  35.938 0.0000000000
89809  -48.930  24.281  38.042 0.0000000000
116435  -47.175  6.660  36.333 0.0000000000
82825  -41.902  14.094  50.670 0.0000000000
122595  -46.810  14.187  48.423 0.0000000000
78399  -53.347  9.149  49.534 0.0000000000
76468  -49.825  5.942  51.822 0.0000000000
75531  -43.993  5.787  51.894 0.0000000000
77392  -42.081  8.122  54.607 0.0000000000
114979  -48.219  8.320  38.603 0.0000000000
79977  -48.447  10.485  35.398 0.0000000000
82878  -48.841  14.204  44.698 0.0000000000
82923  -50.646  15.198  38.336 0.0000000000
82943  -49.629  14.087  34.591 0.0000000000
85051  -46.478  17.270  37.181 0.0000000000
86561  -41.347  20.193  38.475 0.0000000000
78396  -44.489  8.321  49.534 0.0000000000
79204  -45.872  8.733  47.472 0.0000000000
79904  -45.834  10.246  48.578 0.0000000000
86548  -44.951  20.421  41.178 0.0000000000
85820  -46.792  18.784  40.213 0.0000000000
87868  -45.957  21.084  39.138 0.0000000000
88524  -47.973  22.263  37.441 0.0000000000
76599  -49.163  5.937  37.417 0.0000000000
83530  -41.804  15.250  52.653 0.0000000000
83537  -44.120  15.754  51.102 0.0000000000
77407  -48.698  7.067  53.860 0.0000000000
75534  -46.651  5.484  52.296 0.0000000000
76435  -45.355  6.644  53.920 0.0000000000
78325  -41.787  9.109  56.741 0.0000000000
78357  -38.467  8.765  53.350 0.0000000000
79875  -38.613  10.824  51.736 0.0000000000
79862  -36.836  10.769  53.549 0.0000000000
77498  -50.468  7.610  44.383 0.0000000000
79252  -45.800  9.473  42.354 0.0000000000
78476  -47.527  8.138  41.467 0.0000000000
79276  -46.351  9.287  39.997 0.0000000000
123726  -47.863  9.292  36.299 0.0000000000
80667  -47.294  11.381  38.540 0.0000000000
83567  -49.337  15.292  47.709 0.0000000000
82864  -48.938  13.967  46.707 0.0000000000
83585  -51.061  15.950  45.775 0.0000000000
85053  -52.981  18.168  37.843 0.0000000000
84269  -53.421  17.279  40.462 0.0000000000
84295  -52.950  16.855  36.627 0.0000000000
82939  -51.185  14.279  35.167 0.0000000000
84302  -50.384  16.238  34.634 0.0000000000
83636  -48.528  15.777  36.287 0.0000000000
85073  -47.080  18.138  34.250 0.0000000000
128650  -44.474  22.965  37.656 0.0000000000
87253  -42.439  20.694  36.311 0.0000000000
113525  -41.432  22.142  37.950 0.0000000000
87234  -39.560  21.237  39.166 0.0000000000
89129  -40.515  23.201  39.798 0.0000000000
75597  -47.567  5.596  47.830 0.0000000000
76539  -48.198  6.356  45.614 0.0000000000
77471  -45.858  7.084  46.304 0.0000000000
79236  -45.413  9.590  45.108 0.0000000000
80625  -45.924  11.438  44.200 0.0000000000
113589  -49.973  17.750  45.283 0.0000000000
84973  -52.491  18.059  44.113 0.0000000000
84994  -49.667  17.781  42.207 0.0000000000
85828  -49.496  18.031  39.332 0.0000000000
86585  -48.570  19.258  36.131 0.0000000000
87269  -47.015  20.139  34.140 0.0000000000
87881  -47.305  21.258  36.167 0.0000000000
89152  -46.649  23.212  37.057 0.0000000000
89800  -45.807  24.394  39.226 0.0000000000
134717  -45.137  7.616  35.639 0.0000000000
81300  -42.254  12.141  49.493 0.0000000000
81306  -44.593  12.447  48.573 0.0000000000
82839  -44.354  14.527  49.305 0.0000000000
83550  -46.381  15.623  49.529 0.0000000000
84190  -50.333  17.575  50.184 0.0000000000
86477  -50.590  19.386  51.256 0.0000000000
85755  -50.813  18.680  48.179 0.0000000000
77453  -51.600  7.066  48.479 0.0000000000
77434  -52.121  7.797  50.532 0.0000000000
75575  -49.844  5.660  49.295 0.0000000000
75558  -47.486  5.294  50.274 0.0000000000
76480  -45.257  5.968  50.289 0.0000000000
79843  -46.129  10.780  55.018 0.0000000000
113109  -44.245  7.342  57.338 0.0000000000
79116  -43.694  9.515  55.840 0.0000000000
115716  -44.140  8.958  54.519 0.0000000000
117246  -43.034  6.498  53.243 0.0000000000
79175  -41.570  9.758  50.047 0.0000000000
78502  -52.698  8.564  39.225 0.0000000000
77519  -48.778  7.685  42.532 0.0000000000
78488  -50.043  8.413  39.775 0.0000000000
77553  -51.330  7.272  36.800 0.0000000000
77551  -50.055  7.616  35.234 0.0000000000
77571  -48.099  8.537  34.465 0.0000000000
79990  -47.598  10.191  33.655 0.0000000000
81309  -47.362  11.949  48.126 0.0000000000
81331  -47.526  12.441  45.838 0.0000000000
82116  -47.421  13.393  42.330 0.0000000000
84257  -52.090  16.588  42.766 0.0000000000
82901  -49.294  15.002  41.460 0.0000000000
82134  -48.368  13.729  40.092 0.0000000000
82160  -49.223  13.138  37.437 0.0000000000
81418  -50.142  12.194  33.796 0.0000000000
81409  -47.162  11.683  35.211 0.0000000000
86590  -44.231  19.384  35.111 0.0000000000
85833  -43.678  18.898  37.566 0.0000000000
112135  -43.024  18.526  40.923 0.0000000000
133941  -41.058  19.354  41.124 0.0000000000
86537  -38.558  20.309  41.746 0.0000000000
79187  -43.653  9.404  49.443 0.0000000000
79196  -45.358  9.469  48.858 0.0000000000
128148  -44.986  10.285  48.764 0.0000000000
87860  -45.384  21.210  40.164 0.0000000000
88509  -46.815  22.428  39.496 0.0000000000
76588  -49.696  5.947  38.086 0.0000000000
77398  -48.192  7.861  54.316 0.0000000000
76437  -46.939  6.800  54.066 0.0000000000
77396  -46.424  7.705  54.343 0.0000000000
79137  -37.891  9.183  53.825 0.0000000000
79150  -37.378  9.944  53.410 0.0000000000
76531  -50.916  6.749  47.065 0.0000000000
76541  -49.965  6.741  45.736 0.0000000000
79946  -45.829  10.507  41.872 0.0000000000
79269  -46.123  9.568  40.978 0.0000000000
122410  -46.167  10.208  40.466 0.0000000000
79964  -46.675  10.329  38.559 0.0000000000
80658  -46.823  11.244  39.384 0.0000000000
83569  -51.032  16.533  47.596 0.0000000000
83568  -50.212  15.599  47.337 0.0000000000
115868  -52.205  17.179  46.219 0.0000000000
85854  -51.393  18.496  35.785 0.0000000000
85856  -53.328  18.008  36.887 0.0000000000
85867  -52.026  18.210  35.356 0.0000000000
84304  -51.954  16.873  35.031 0.0000000000
85076  -50.317  17.977  33.682 0.0000000000
85068  -48.607  17.439  34.292 0.0000000000
85075  -49.084  18.264  33.728 0.0000000000
89143  -43.725  23.124  38.328 0.0000000000
88523  -42.592  22.414  37.912 0.0000000000
89142  -42.856  22.990  38.679 0.0000000000
88514  -41.362  22.614  38.831 0.0000000000
89122  -42.059  23.756  40.159 0.0000000000
76506  -46.305  6.090  48.335 0.0000000000
76526  -46.273  6.469  46.923 0.0000000000
76515  -45.930  6.668  47.785 0.0000000000
79214  -46.026  9.522  46.978 0.0000000000
112713  -45.516  8.694  46.461 0.0000000000
79920  -45.829  10.062  46.243 0.0000000000
79935  -45.494  10.268  44.709 0.0000000000
80615  -45.861  10.972  45.049 0.0000000000
127935  -48.656  17.604  43.784 0.0000000000
84983  -49.735  17.684  43.709 0.0000000000
84993  -48.824  17.676  42.926 0.0000000000
85826  -47.025  18.813  39.545 0.0000000000
85827  -48.383  18.124  40.292 0.0000000000
114287  -47.572  18.651  38.956 0.0000000000
113067  -49.009  18.263  37.769 0.0000000000
85842  -47.881  19.184  37.027 0.0000000000
86584  -47.802  20.264  35.528 0.0000000000
86571  -47.069  20.078  37.274 0.0000000000
88517  -48.531  22.936  37.466 0.0000000000
89153  -47.836  22.877  36.848 0.0000000000
89146  -47.553  23.517  37.408 0.0000000000
89145  -46.051  23.619  37.879 0.0000000000
89802  -47.891  24.509  38.333 0.0000000000
76620  -46.040  6.825  36.197 0.0000000000
82048  -42.331  13.620  49.991 0.0000000000
128292  -43.061  13.576  49.422 0.0000000000
82837  -42.991  14.258  49.846 0.0000000000
84186  -45.340  16.224  50.846 0.0000000000
115193  -45.012  15.752  50.356 0.0000000000
84187  -46.643  16.378  50.373 0.0000000000
113720  -48.346  16.643  50.092 0.0000000000
118177  -48.473  17.244  50.781 0.0000000000
86470  -49.982  19.559  51.962 0.0000000000
85723  -51.186  19.206  49.886 0.0000000000
85754  -49.549  18.466  48.154 0.0000000000
126659  -49.221  17.822  46.866 0.0000000000
84930  -48.073  17.636  46.970 0.0000000000
78408  -52.709  8.241  48.359 0.0000000000
78398  -52.681  8.337  49.189 0.0000000000
77419  -51.551  7.859  52.437 0.0000000000
76469  -50.859  6.698  51.409 0.0000000000
76497  -51.228  6.706  49.920 0.0000000000
75546  -49.929  5.752  50.976 0.0000000000
75559  -48.469  5.274  49.826 0.0000000000
115055  -48.365  5.295  50.815 0.0000000000
75533  -45.238  5.525  52.197 0.0000000000
75541  -45.432  5.542  51.416 0.0000000000
76467  -44.143  5.903  51.280 0.0000000000
116666  -43.007  7.063  57.538 0.0000000000
78326  -42.541  9.219  56.466 0.0000000000
79128  -43.345  9.486  55.217 0.0000000000
79138  -44.063  9.689  54.826 0.0000000000
78348  -43.332  8.999  54.677 0.0000000000
77393  -43.555  7.711  54.348 0.0000000000
134024  -42.309  7.586  54.300 0.0000000000
126049  -40.754  10.949  50.222 0.0000000000
79880  -39.799  10.608  50.804 0.0000000000
78492  -53.296  8.890  39.806 0.0000000000
76551  -47.399  6.921  44.647 0.0000000000
77496  -48.180  7.175  44.034 0.0000000000
77509  -47.549  7.527  43.446 0.0000000000
78498  -48.140  8.251  39.610 0.0000000000
78477  -48.505  8.056  41.219 0.0000000000
78499  -49.140  8.287  39.070 0.0000000000
78500  -50.597  8.333  38.313 0.0000000000
129448  -49.600  8.238  37.604 0.0000000000
77552  -50.700  7.179  36.086 0.0000000000
78518  -50.174  7.934  36.071 0.0000000000
79976  -47.629  9.983  36.331 0.0000000000
79292  -48.514  9.202  35.275 0.0000000000
79296  -48.552  9.207  34.483 0.0000000000
78538  -47.373  8.863  34.243 0.0000000000
79991  -49.239  10.641  33.794 0.0000000000
121060  -46.042  12.922  48.437 0.0000000000
81308  -46.553  12.053  48.393 0.0000000000
123748  -47.012  12.739  48.316 0.0000000000
82871  -48.978  13.999  45.695 0.0000000000
81322  -48.068  12.938  46.490 0.0000000000
82093  -48.300  13.450  45.041 0.0000000000
81340  -47.068  12.751  44.200 0.0000000000
134821  -48.320  14.158  43.358 0.0000000000
84997  -52.458  17.892  42.762 0.0000000000
84251  -52.602  17.340  43.679 0.0000000000
84998  -52.634  17.574  42.338 0.0000000000
83627  -51.752  15.986  38.902 0.0000000000
116352  -50.881  15.940  41.167 0.0000000000
83614  -50.245  15.422  40.422 0.0000000000
131788  -48.712  14.506  41.035 0.0000000000
82144  -49.227  14.129  38.857 0.0000000000
82152  -48.808  13.366  38.392 0.0000000000
82922  -49.943  14.526  38.049 0.0000000000
82944  -50.345  13.857  34.215 0.0000000000
82179  -50.506  13.354  34.327 0.0000000000
82177  -49.608  13.397  34.036 0.0000000000
81416  -48.608  11.699  33.589 0.0000000000
82176  -48.575  12.964  34.944 0.0000000000
82167  -47.123  12.857  36.711 0.0000000000
82936  -48.250  14.217  36.457 0.0000000000
84292  -47.223  16.868  36.659 0.0000000000
82921  -47.605  15.323  37.673 0.0000000000
87261  -45.681  20.588  34.749 0.0000000000
86596  -45.459  19.568  34.066 0.0000000000
87260  -44.628  20.429  34.904 0.0000000000
87248  -41.781  20.647  37.007 0.0000000000
113888  -42.920  19.502  37.186 0.0000000000
86570  -43.073  19.149  38.350 0.0000000000
85825  -43.471  18.679  39.365 0.0000000000
113034  -42.228  19.280  39.799 0.0000000000
86555  -42.279  18.905  40.686 0.0000000000
86554  -41.503  19.408  40.417 0.0000000000
87865  -38.793  22.060  39.431 0.0000000000
87230  -39.329  20.822  40.019 0.0000000000
87854  -38.181  21.581  40.595 0.0000000000
87222  -37.881  21.006  41.402 0.0000000000
77444  -45.330  7.524  49.229 0.0000000000
77452  -45.616  7.251  48.490 0.0000000000
78406  -45.793  8.864  48.595 0.0000000000
79197  -46.216  9.623  48.373 0.0000000000
131686  -46.672  10.015  48.078 0.0000000000
85812  -47.193  18.254  41.705 0.0000000000
114119  -45.824  19.431  41.032 0.0000000000
86556  -45.846  19.865  40.116 0.0000000000
87237  -46.140  20.346  39.013 0.0000000000
132953  -47.460  21.538  37.365 0.0000000000
87869  -46.850  21.519  38.308 0.0000000000
134378  -48.348  22.676  38.034 0.0000000000
76609  -48.313  6.473  36.339 0.0000000000
82822  -41.627  14.460  51.375 0.0000000000
82826  -43.023  14.798  50.458 0.0000000000
83535  -42.852  15.385  51.660 0.0000000000
76459  -48.932  6.049  52.792 0.0000000000
75544  -48.337  5.431  51.737 0.0000000000
75527  -47.695  5.739  52.916 0.0000000000
75525  -45.984  5.564  52.795 0.0000000000
75524  -45.024  5.725  52.907 0.0000000000
130432  -42.017  8.124  57.425 0.0000000000
78336  -40.578  8.781  55.981 0.0000000000
79161  -39.068  9.138  52.005 0.0000000000
79167  -38.908  9.990  51.654 0.0000000000
79160  -38.471  9.587  52.343 0.0000000000
79868  -37.407  10.794  52.883 0.0000000000
78458  -46.322  8.380  43.301 0.0000000000
77517  -47.035  7.941  42.951 0.0000000000
79253  -46.220  9.017  41.711 0.0000000000
78485  -46.715  8.655  40.112 0.0000000000
78496  -46.689  8.818  39.197 0.0000000000
78516  -47.832  8.780  36.856 0.0000000000
79287  -46.701  9.437  38.130 0.0000000000
79971  -46.929  10.061  37.550 0.0000000000
80682  -47.961  10.945  36.575 0.0000000000
82848  -47.575  14.644  48.348 0.0000000000
82068  -48.155  14.020  47.853 0.0000000000
82856  -48.787  14.417  47.422 0.0000000000
82865  -49.484  14.621  46.197 0.0000000000
83584  -50.240  15.261  45.030 0.0000000000
85031  -52.563  18.120  40.002 0.0000000000
134401  -53.828  17.920  40.918 0.0000000000
85033  -54.087  18.106  39.376 0.0000000000
84282  -54.005  17.560  38.480 0.0000000000
83626  -51.702  15.568  37.455 0.0000000000
82931  -50.743  14.747  37.167 0.0000000000
83639  -52.115  15.800  36.153 0.0000000000
83645  -51.058  15.191  34.685 0.0000000000
83644  -50.360  15.265  34.830 0.0000000000
82937  -49.044  14.582  35.576 0.0000000000
84294  -48.859  16.151  35.548 0.0000000000
85059  -47.358  17.219  35.640 0.0000000000
85058  -46.540  17.474  36.199 0.0000000000
87880  -44.577  22.072  36.488 0.0000000000
116734  -43.890  21.535  36.049 0.0000000000
88529  -42.827  21.850  36.950 0.0000000000
88528  -41.707  21.651  37.292 0.0000000000
87873  -40.688  21.129  37.797 0.0000000000
87236  -40.814  20.332  39.036 0.0000000000
87872  -40.324  21.589  38.216 0.0000000000
88512  -39.354  22.285  39.130 0.0000000000
88507  -39.692  22.927  39.663 0.0000000000
75598  -48.488  5.678  47.547 0.0000000000
76529  -49.052  6.250  46.331 0.0000000000
76528  -47.952  6.020  46.327 0.0000000000
76538  -47.344  6.365  45.818 0.0000000000
77481  -45.880  7.772  45.069 0.0000000000
78426  -45.518  7.872  47.014 0.0000000000
78436  -45.556  7.886  45.927 0.0000000000
78446  -45.959  8.171  44.255 0.0000000000
79245  -45.483  9.539  43.785 0.0000000000
80631  -45.649  10.820  43.426 0.0000000000
80639  -45.985  11.257  42.443 0.0000000000
118437  -52.465  18.112  46.501 0.0000000000
129986  -52.618  17.929  45.686 0.0000000000
84972  -52.106  18.213  44.485 0.0000000000
113195  -51.620  18.068  43.064 0.0000000000
85007  -50.797  17.828  41.469 0.0000000000
85822  -48.404  18.073  41.024 0.0000000000
85017  -49.098  17.877  40.760 0.0000000000
85019  -51.641  18.052  40.854 0.0000000000
85042  -50.905  17.930  38.983 0.0000000000
121632  -49.586  18.471  36.991 0.0000000000
85852  -49.570  19.453  35.081 0.0000000000
86599  -48.615  19.644  33.935 0.0000000000
86591  -48.224  20.102  34.537 0.0000000000
117986  -47.014  21.086  35.577 0.0000000000
87886  -46.123  21.646  35.852 0.0000000000
87874  -47.875  21.967  36.840 0.0000000000
88537  -47.061  22.120  36.201 0.0000000000
88536  -45.850  22.199  36.308 0.0000000000
89151  -45.449  23.261  37.571 0.0000000000
89144  -44.884  23.471  38.217 0.0000000000
89799  -44.892  24.176  39.541 0.0000000000
80588  -42.748  11.496  49.248 0.0000000000
80595  -43.500  11.619  48.861 0.0000000000
81305  -43.751  12.383  48.724 0.0000000000
82063  -44.031  13.103  48.683 0.0000000000
82847  -45.087  14.244  48.771 0.0000000000
82827  -43.740  14.849  49.946 0.0000000000
114872  -45.004  14.910  49.287 0.0000000000
82841  -46.589  14.882  48.715 0.0000000000
83551  -48.236  15.989  49.284 0.0000000000
84206  -50.177  16.614  49.104 0.0000000000
84207  -51.786  17.744  48.604 0.0000000000
84903  -49.360  18.014  51.507 0.0000000000
84904  -50.361  18.351  51.001 0.0000000000
84909  -51.591  18.760  49.766 0.0000000000
85756  -52.289  18.420  47.769 0.0000000000
84946  -50.619  18.170  46.872 0.0000000000
84958  -48.888  17.577  45.618 0.0000000000
84981  -47.085  17.739  43.970 0.0000000000
77463  -51.568  7.131  47.560 0.0000000000
76508  -50.865  6.482  48.033 0.0000000000
78377  -52.465  8.671  51.795 0.0000000000
78385  -52.673  8.442  50.052 0.0000000000
117923  -51.722  7.287  50.063 0.0000000000
117560  -51.078  6.548  49.030 0.0000000000
114664  -49.939  5.934  47.942 0.0000000000
75585  -48.304  5.462  48.386 0.0000000000
75584  -47.422  5.413  48.723 0.0000000000
75572  -46.383  5.600  49.505 0.0000000000
133467  -46.908  5.381  50.889 0.0000000000
75557  -46.487  5.465  50.236 0.0000000000
76494  -45.526  6.191  49.670 0.0000000000
77443  -44.753  7.664  49.620 0.0000000000
77381  -45.523  8.268  56.812 0.0000000000
78311  -43.363  8.561  57.092 0.0000000000
78328  -44.087  9.029  56.567 0.0000000000
77380  -45.006  9.167  56.367 0.0000000000
79129  -44.925  10.349  55.112 0.0000000000
79140  -45.124  10.353  54.849 0.0000000000
78350  -45.883  8.815  54.430 0.0000000000
77395  -45.466  7.595  54.293 0.0000000000
76434  -44.163  6.867  54.007 0.0000000000
76457  -43.640  6.072  52.545 0.0000000000
79185  -42.161  9.972  49.702 0.0000000000
80587  -41.985  11.311  49.552 0.0000000000
126040  -41.487  11.940  49.849 0.0000000000
82046  -40.912  13.263  50.810 0.0000000000
82043  -40.584  13.542  51.325 0.0000000000
77535  -53.351  8.014  39.921 0.0000000000
76592  -52.614  7.489  39.435 0.0000000000
77540  -52.115  7.462  38.624 0.0000000000
76553  -49.061  7.029  44.467 0.0000000000
77512  -50.091  7.729  43.542 0.0000000000
77528  -48.214  7.841  41.997 0.0000000000
77529  -49.108  7.921  41.877 0.0000000000
78479  -50.605  8.531  41.431 0.0000000000
113969  -51.378  8.627  39.238 0.0000000000
78510  -51.711  7.839  37.830 0.0000000000
76613  -51.586  6.593  37.385 0.0000000000
76611  -50.612  6.377  36.301 0.0000000000
76623  -50.091  6.905  35.553 0.0000000000
76621  -48.368  6.939  35.683 0.0000000000
78525  -48.720  8.718  35.433 0.0000000000
77568  -48.624  8.137  34.910 0.0000000000
77560  -48.073  7.465  35.205 0.0000000000
77567  -46.263  7.817  35.178 0.0000000000
79300  -46.168  9.032  34.370 0.0000000000
79295  -45.407  9.237  34.860 0.0000000000
80597  -45.218  11.027  48.597 0.0000000000
80598  -46.915  11.117  48.314 0.0000000000
79922  -47.086  10.740  47.499 0.0000000000
81315  -47.703  12.486  47.698 0.0000000000
81321  -47.716  12.249  46.977 0.0000000000
80617  -47.218  11.736  46.314 0.0000000000
128099  -46.432  11.723  44.925 0.0000000000
81345  -46.630  12.521  43.406 0.0000000000
81360  -47.063  12.862  41.645 0.0000000000
84232  -52.360  17.002  45.297 0.0000000000
83592  -51.253  16.030  44.750 0.0000000000
83596  -50.108  15.395  43.220 0.0000000000
124997  -52.414  16.708  41.369 0.0000000000
83601  -50.385  15.611  42.471 0.0000000000
121995  -49.221  14.886  43.161 0.0000000000
82900  -48.645  14.525  41.827 0.0000000000
82125  -47.625  13.483  41.454 0.0000000000
81370  -47.363  12.906  40.802 0.0000000000
81377  -48.115  12.849  38.844 0.0000000000
81403  -49.201  12.168  36.075 0.0000000000
82162  -50.862  14.077  35.939 0.0000000000
81404  -50.082  12.475  34.969 0.0000000000
80694  -49.970  11.759  34.191 0.0000000000
80707  -49.089  11.275  33.522 0.0000000000
80700  -47.078  10.640  33.957 0.0000000000
82929  -47.731  14.546  37.379 0.0000000000
85872  -47.137  18.708  33.726 0.0000000000
85862  -45.539  18.418  35.079 0.0000000000
85851  -45.230  18.253  36.111 0.0000000000
87254  -43.130  20.512  35.703 0.0000000000
85840  -44.161  18.694  36.892 0.0000000000
85841  -44.980  18.207  37.092 0.0000000000
85039  -44.890  17.919  38.987 0.0000000000
85015  -44.506  17.776  40.543 0.0000000000
85004  -44.374  17.473  41.522 0.0000000000
86553  -40.677  19.771  40.551 0.0000000000
86547  -40.406  19.591  41.360 0.0000000000
90392  -44.850  25.345  40.726 0.0000000000
89777  -43.197  25.127  41.111 0.0000000000
89787  -41.699  24.374  40.814 0.0000000000
89786  -40.702  24.233  40.895 0.0000000000
89110  -38.833  23.702  40.892 0.0000000000
79895  -44.356  9.874  49.062 0.0000000000
79903  -44.127  10.819  48.815 0.0000000000
76589  -50.698  6.107  38.239 0.0000000000
78353  -48.644  8.958  54.453 0.0000000000
77397  -47.308  7.791  54.359 0.0000000000
78351  -46.751  8.880  54.439 0.0000000000
79127  -37.985  9.127  54.854 0.0000000000
76530  -50.153  6.497  46.629 0.0000000000
77472  -50.813  7.052  46.155 0.0000000000
80644  -46.186  11.126  41.517 0.0000000000
128091  -46.255  10.881  40.874 0.0000000000
113520  -46.477  11.077  40.234 0.0000000000
80651  -47.000  12.100  40.196 0.0000000000
84216  -51.894  17.459  47.856 0.0000000000
84224  -52.041  17.299  47.098 0.0000000000
131120  -50.637  19.064  35.023 0.0000000000
85866  -51.206  18.629  34.627 0.0000000000
84312  -51.609  18.000  34.383 0.0000000000
85876  -50.855  18.462  33.830 0.0000000000
85875  -49.917  18.825  33.578 0.0000000000
89132  -43.405  23.475  39.196 0.0000000000
89131  -42.325  23.254  39.287 0.0000000000
89123  -43.039  23.852  39.968 0.0000000000
120901  -45.605  10.205  45.521 0.0000000000
79927  -46.110  10.690  45.994 0.0000000000
85799  -47.527  17.983  42.574 0.0000000000
85835  -47.561  18.904  38.003 0.0000000000
86578  -47.292  19.525  37.506 0.0000000000
86577  -47.495  19.836  36.646 0.0000000000
89808  -48.433  23.761  37.694 0.0000000000
134720  -47.486  24.106  37.981 0.0000000000
76597  -47.071  6.305  37.143 0.0000000000
76608  -45.952  6.287  36.913 0.0000000000
82047  -41.529  13.364  50.457 0.0000000000
132141  -42.512  14.313  50.377 0.0000000000
112508  -46.021  16.540  51.041 0.0000000000
84182  -46.959  17.008  51.207 0.0000000000
84188  -47.591  16.793  50.576 0.0000000000
84899  -48.080  17.451  51.393 0.0000000000
85737  -49.086  18.757  48.783 0.0000000000
126174  -48.792  17.968  47.560 0.0000000000
79188  -54.079  10.135  48.929 0.0000000000
78409  -53.372  9.003  48.639 0.0000000000
134388  -50.376  6.260  51.422 0.0000000000
75560  -49.219  5.409  50.463 0.0000000000
75545  -49.145  5.510  51.345 0.0000000000
75532  -44.443  5.721  52.360 0.0000000000
75540  -44.651  5.642  51.677 0.0000000000
76478  -43.702  6.434  50.837 0.0000000000
76466  -43.341  6.218  51.687 0.0000000000
77366  -42.200  7.311  57.529 0.0000000000
78338  -42.678  9.323  55.693 0.0000000000
78347  -42.517  8.976  55.009 0.0000000000
116507  -42.709  8.062  54.498 0.0000000000
79169  -40.204  9.142  51.078 0.0000000000
79173  -39.994  9.876  50.814 0.0000000000
129910  -39.486  10.140  51.160 0.0000000000
78480  -51.685  9.036  41.188 0.0000000000
77495  -47.217  7.314  44.079 0.0000000000
78508  -48.655  8.413  37.179 0.0000000000
127797  -48.509  9.750  35.081 0.0000000000
79984  -48.793  10.032  34.264 0.0000000000
114642  -48.590  9.818  33.955 0.0000000000
82066  -46.501  13.547  48.418 0.0000000000
82101  -48.159  13.788  43.931 0.0000000000
82886  -48.802  14.500  43.742 0.0000000000
85009  -52.624  17.790  41.783 0.0000000000
82916  -50.524  15.408  39.451 0.0000000000
82915  -49.467  14.766  39.767 0.0000000000
122288  -49.871  14.840  38.902 0.0000000000
82169  -48.831  13.788  35.331 0.0000000000
82168  -47.919  13.373  36.090 0.0000000000
84286  -47.070  16.618  37.623 0.0000000000
85041  -46.392  17.102  38.125 0.0000000000
85050  -45.692  17.641  37.631 0.0000000000
87893  -45.236  21.061  35.370 0.0000000000
87255  -43.942  20.950  35.496 0.0000000000
86568  -41.688  20.142  37.841 0.0000000000
86569  -42.265  19.803  37.601 0.0000000000
86562  -42.147  19.610  38.706 0.0000000000
128540  -42.787  19.094  39.284 0.0000000000
116148  -41.515  19.758  39.407 0.0000000000
88506  -38.379  22.173  39.992 0.0000000000
87857  -38.521  21.775  39.889 0.0000000000
115130  -45.565  8.115  48.749 0.0000000000
78397  -45.216  8.450  49.181 0.0000000000
79905  -46.564  10.368  48.305 0.0000000000
85811  -46.416  18.777  41.399 0.0000000000
87231  -45.559  20.616  39.929 0.0000000000
87243  -46.588  20.932  38.078 0.0000000000
89135  -47.926  22.695  38.961 0.0000000000
89136  -48.808  23.233  38.298 0.0000000000
75691  -48.439  5.967  38.402 0.0000000000
76598  -48.108  6.106  37.462 0.0000000000
83534  -42.074  15.071  51.859 0.0000000000
77408  -49.512  7.358  53.700 0.0000000000
76450  -49.209  6.576  53.249 0.0000000000
76449  -48.311  6.246  53.286 0.0000000000
76436  -46.062  6.720  54.025 0.0000000000
76447  -46.491  6.040  53.498 0.0000000000
76446  -45.600  6.041  53.479 0.0000000000
78358  -39.057  8.387  53.621 0.0000000000
131897  -38.906  8.433  53.004 0.0000000000
78367  -39.369  8.436  52.501 0.0000000000
78366  -38.668  8.895  52.671 0.0000000000
79151  -38.032  9.332  52.975 0.0000000000
79159  -37.879  10.092  52.623 0.0000000000
78465  -46.037  8.962  42.741 0.0000000000
134283  -46.402  8.975  40.741 0.0000000000
78506  -46.712  8.955  38.495 0.0000000000
79281  -46.475  9.405  38.992 0.0000000000
79965  -47.161  10.783  37.935 0.0000000000
126697  -47.418  10.616  37.246 0.0000000000
80674  -47.726  11.451  37.623 0.0000000000
82849  -48.480  14.959  48.036 0.0000000000
83577  -50.180  15.331  46.512 0.0000000000
131565  -50.039  15.137  45.772 0.0000000000
85043  -52.776  18.200  38.875 0.0000000000
122658  -53.786  18.262  39.514 0.0000000000
85044  -54.007  18.289  38.553 0.0000000000
84296  -53.420  17.443  36.880 0.0000000000
84289  -53.811  17.563  37.419 0.0000000000
84288  -52.940  16.581  37.551 0.0000000000
122686  -52.328  16.399  35.777 0.0000000000
84303  -51.216  16.396  34.555 0.0000000000
83643  -49.737  15.914  35.210 0.0000000000
84301  -49.234  16.601  34.784 0.0000000000
84300  -48.243  16.906  35.111 0.0000000000
85067  -47.597  17.596  34.647 0.0000000000
85066  -46.589  17.861  35.112 0.0000000000
113747  -44.038  22.349  37.061 0.0000000000
87879  -43.584  21.798  36.496 0.0000000000
129129  -43.523  22.542  37.613 0.0000000000
87247  -41.288  21.187  37.253 0.0000000000
88527  -40.932  21.595  37.694 0.0000000000
88522  -40.587  22.079  38.253 0.0000000000
89130  -41.296  23.187  39.600 0.0000000000
88513  -40.324  22.583  39.081 0.0000000000
75607  -48.433  5.886  46.850 0.0000000000
75606  -47.714  5.797  47.047 0.0000000000
76527  -47.082  6.136  46.555 0.0000000000
76537  -46.534  6.625  46.039 0.0000000000
76550  -46.862  6.790  45.291 0.0000000000
77482  -46.143  7.232  45.532 0.0000000000
78416  -45.808  8.204  48.149 0.0000000000
77462  -45.683  7.361  47.697 0.0000000000
113726  -45.438  8.836  45.517 0.0000000000
120678  -45.600  8.312  45.050 0.0000000000
78445  -45.454  8.974  44.509 0.0000000000
120834  -45.414  9.715  44.399 0.0000000000
80624  -45.622  10.772  44.258 0.0000000000
79940  -45.455  10.202  43.962 0.0000000000
80632  -46.122  11.780  43.390 0.0000000000
116853  -51.451  18.150  46.091 0.0000000000
115115  -51.477  18.097  45.167 0.0000000000
114669  -50.310  17.794  42.964 0.0000000000
113857  -51.087  17.877  43.725 0.0000000000
84995  -51.034  17.833  42.247 0.0000000000
135141  -50.207  17.804  41.835 0.0000000000
114257  -46.910  18.496  40.902 0.0000000000
125335  -47.676  18.232  41.205 0.0000000000
123727  -48.442  18.204  39.515 0.0000000000
85029  -49.305  17.908  40.147 0.0000000000
85018  -50.117  17.876  40.811 0.0000000000
85030  -50.616  17.874  40.047 0.0000000000
85843  -48.676  18.675  36.990 0.0000000000
85844  -50.148  18.212  37.889 0.0000000000
85853  -50.165  18.740  35.982 0.0000000000
113169  -49.236  18.852  36.249 0.0000000000
112907  -48.486  19.827  35.271 0.0000000000
87249  -47.316  20.504  36.264 0.0000000000
87256  -47.297  20.720  35.457 0.0000000000
87887  -47.035  21.557  35.943 0.0000000000
114939  -47.262  21.060  36.944 0.0000000000
88532  -47.750  22.343  36.661 0.0000000000
88531  -46.955  22.665  36.531 0.0000000000
88530  -45.400  22.729  36.966 0.0000000000
89807  -46.480  24.061  38.299 0.0000000000
89134  -45.385  23.915  38.711 0.0000000000
76619  -45.052  6.765  36.238 0.0000000000
77565  -44.935  7.992  35.538 0.0000000000
81301  -42.991  12.276  49.081 0.0000000000
82838  -43.631  14.110  49.354 0.0000000000
82056  -43.638  13.517  49.034 0.0000000000
82057  -44.243  13.816  48.854 0.0000000000
83539  -43.599  15.321  50.707 0.0000000000
83540  -44.293  15.505  50.484 0.0000000000
83541  -45.780  16.003  50.298 0.0000000000
83549  -45.389  15.438  49.692 0.0000000000
82840  -45.713  14.927  49.057 0.0000000000
83558  -47.350  15.469  48.977 0.0000000000
84197  -49.334  16.673  49.623 0.0000000000
132829  -50.236  17.095  49.616 0.0000000000
127976  -50.866  16.977  48.750 0.0000000000
84198  -51.144  17.724  49.522 0.0000000000
84900  -49.610  18.754  52.287 0.0000000000
84901  -50.181  18.883  51.803 0.0000000000
85709  -50.839  19.123  51.046 0.0000000000
85739  -51.646  18.871  48.963 0.0000000000
132032  -51.543  18.955  49.871 0.0000000000
85740  -52.072  18.541  48.273 0.0000000000
84933  -51.779  18.637  48.062 0.0000000000
84947  -52.010  18.427  47.206 0.0000000000
84932  -51.127  18.500  47.533 0.0000000000
84945  -48.471  17.576  46.220 0.0000000000
84957  -47.818  17.510  45.405 0.0000000000
84969  -47.990  17.553  44.400 0.0000000000
78418  -53.517  9.284  47.172 0.0000000000
77454  -52.201  7.611  47.983 0.0000000000
77427  -51.978  7.890  51.557 0.0000000000
114663  -52.645  8.676  50.987 0.0000000000
117561  -52.179  7.728  49.676 0.0000000000
76496  -50.541  6.132  49.612 0.0000000000
76507  -50.349  6.035  48.752 0.0000000000
75587  -49.670  5.691  48.627 0.0000000000
75586  -49.133  5.614  48.173 0.0000000000
75574  -49.008  5.405  49.003 0.0000000000
75573  -47.703  5.305  49.472 0.0000000000
114936  -46.993  5.371  49.492 0.0000000000
75583  -46.625  5.623  48.852 0.0000000000
116443  -47.482  5.482  52.200 0.0000000000
75543  -47.567  5.342  51.254 0.0000000000
75542  -46.810  5.408  51.610 0.0000000000
75555  -44.915  5.750  50.981 0.0000000000
75556  -45.679  5.629  50.648 0.0000000000
75571  -45.860  5.734  49.890 0.0000000000
76493  -45.050  6.764  49.851 0.0000000000
126913  -46.510  10.739  54.869 0.0000000000
77368  -44.980  7.516  57.142 0.0000000000
77369  -45.932  7.348  57.125 0.0000000000
78309  -41.478  8.647  57.212 0.0000000000
78310  -42.431  8.806  57.098 0.0000000000
78327  -43.185  9.118  56.582 0.0000000000
79117  -44.505  9.749  55.736 0.0000000000
79118  -45.289  10.016  55.699 0.0000000000
126930  -44.697  9.780  54.668 0.0000000000
79139  -44.687  10.214  54.934 0.0000000000
125802  -45.411  9.820  54.581 0.0000000000
78349  -45.001  8.859  54.446 0.0000000000
76444  -43.435  6.770  53.827 0.0000000000
125135  -43.858  6.316  53.313 0.0000000000
78382  -41.512  8.835  50.476 0.0000000000
79176  -42.229  9.282  49.974 0.0000000000
79892  -41.748  10.513  49.729 0.0000000000
80578  -40.235  11.182  50.538 0.0000000000
80579  -40.811  11.637  50.269 0.0000000000
79876  -39.232  10.728  51.276 0.0000000000
80575  -39.010  11.472  51.428 0.0000000000
82042  -39.901  13.231  51.565 0.0000000000
81290  -40.359  12.873  51.024 0.0000000000
82821  -40.897  14.180  51.654 0.0000000000
77531  -53.730  8.696  40.541 0.0000000000
130237  -53.000  8.148  39.291 0.0000000000
77546  -52.268  7.906  38.573 0.0000000000
76540  -49.064  6.636  45.293 0.0000000000
76552  -48.245  6.689  44.842 0.0000000000
77510  -48.500  7.505  43.240 0.0000000000
112494  -49.172  7.409  43.745 0.0000000000
135015  -46.806  8.399  41.764 0.0000000000
78467  -47.322  8.020  42.211 0.0000000000
78487  -48.828  8.255  40.270 0.0000000000
78478  -49.676  8.312  41.061 0.0000000000
78489  -50.884  8.652  40.488 0.0000000000
78509  -51.432  7.954  37.675 0.0000000000
133530  -51.406  8.391  38.408 0.0000000000
77554  -51.684  7.149  37.319 0.0000000000
76612  -51.378  6.561  36.817 0.0000000000
76622  -49.268  6.701  35.658 0.0000000000
77561  -49.389  7.434  35.253 0.0000000000
78534  -48.418  8.708  34.643 0.0000000000
78526  -48.696  8.518  34.901 0.0000000000
77559  -46.751  7.434  35.490 0.0000000000
130813  -47.413  8.085  34.812 0.0000000000
79302  -48.008  9.598  33.726 0.0000000000
79301  -46.961  9.613  33.968 0.0000000000
79988  -46.011  9.790  34.315 0.0000000000
80596  -44.347  11.702  48.635 0.0000000000
114710  -45.115  11.809  48.543 0.0000000000
80599  -47.346  11.206  47.975 0.0000000000
82077  -48.410  13.640  47.333 0.0000000000
82076  -47.907  13.211  47.743 0.0000000000
81316  -48.063  12.988  47.233 0.0000000000
81332  -48.006  13.026  45.686 0.0000000000
81330  -46.941  11.939  45.534 0.0000000000
117187  -46.981  12.331  44.928 0.0000000000
81346  -47.330  13.221  43.387 0.0000000000
81352  -46.821  12.756  42.536 0.0000000000
84960  -52.601  18.018  44.823 0.0000000000
133878  -52.662  17.672  44.883 0.0000000000
84250  -52.121  16.627  43.437 0.0000000000
84240  -52.389  16.894  44.343 0.0000000000
83597  -51.179  16.038  43.810 0.0000000000
83591  -50.269  15.359  44.155 0.0000000000
83602  -51.120  16.113  42.959 0.0000000000
85010  -52.942  17.786  41.332 0.0000000000
116381  -49.915  15.358  41.095 0.0000000000
83607  -50.158  15.498  41.765 0.0000000000
82894  -49.396  15.084  42.371 0.0000000000
82893  -48.561  14.450  42.776 0.0000000000
135142  -48.371  14.032  40.680 0.0000000000
82133  -47.924  13.543  40.681 0.0000000000
82142  -47.795  12.992  39.862 0.0000000000
81387  -48.500  12.709  37.994 0.0000000000
81397  -48.849  12.508  37.111 0.0000000000
81398  -49.649  12.879  36.320 0.0000000000
83631  -51.420  14.882  36.009 0.0000000000
81413  -50.403  12.759  33.971 0.0000000000
81405  -50.517  12.978  34.474 0.0000000000
81412  -50.323  12.285  34.080 0.0000000000
80703  -50.016  11.740  33.912 0.0000000000
79992  -49.561  11.247  33.760 0.0000000000
80708  -49.750  11.703  33.720 0.0000000000
81410  -48.065  12.155  34.298 0.0000000000
80692  -47.539  11.354  33.949 0.0000000000
80691  -46.603  11.002  34.701 0.0000000000
80681  -46.285  11.327  35.792 0.0000000000
131421  -48.361  15.119  36.670 0.0000000000
83625  -47.009  15.404  38.607 0.0000000000
130521  -47.339  14.760  38.077 0.0000000000
86598  -47.782  19.860  33.904 0.0000000000
85881  -47.633  19.257  33.541 0.0000000000
86597  -46.825  19.499  33.687 0.0000000000
85870  -44.871  19.430  34.457 0.0000000000
85871  -45.516  18.909  34.170 0.0000000000
85861  -44.890  18.918  34.771 0.0000000000
85850  -44.681  18.718  35.525 0.0000000000
87884  -42.980  21.239  36.100 0.0000000000
86576  -43.478  19.265  36.595 0.0000000000
119460  -44.370  18.460  37.665 0.0000000000
85834  -44.950  18.054  38.092 0.0000000000
112103  -44.107  18.495  38.535 0.0000000000
85818  -43.670  18.385  40.294 0.0000000000
85014  -43.743  18.065  41.170 0.0000000000
85810  -43.103  18.204  41.703 0.0000000000
116333  -41.644  18.958  41.313 0.0000000000
85809  -42.376  18.565  41.526 0.0000000000
85808  -41.692  18.573  42.236 0.0000000000
86539  -40.980  19.119  41.855 0.0000000000
87235  -40.188  20.981  38.551 0.0000000000
116236  -40.205  20.462  39.718 0.0000000000
87224  -38.994  20.497  40.846 0.0000000000
87225  -39.902  20.192  40.722 0.0000000000
86546  -39.558  19.903  41.570 0.0000000000
130707  -39.237  19.578  42.418 0.0000000000
89788  -42.672  24.416  40.656 0.0000000000
89776  -42.268  25.143  41.250 0.0000000000
89775  -41.231  25.085  41.420 0.0000000000
89111  -39.712  24.009  40.850 0.0000000000
114210  -44.523  9.022  49.316 0.0000000000
128169  -45.165  20.716  40.555 0.0000000000
122772  -46.174  21.777  39.469 0.0000000000
89125  -46.997  23.033  40.182 0.0000000000
126190  -48.242  23.337  39.559 0.0000000000
83531  -42.644  15.553  52.500 0.0000000000
77399  -48.979  7.845  54.249 0.0000000000
77406  -47.839  6.915  53.987 0.0000000000
77473  -51.531  7.355  46.629 0.0000000000
77484  -50.676  7.373  45.256 0.0000000000
77483  -49.843  7.127  44.884 0.0000000000
79261  -45.795  9.810  41.768 0.0000000000
79951  -45.977  10.326  41.224 0.0000000000
79960  -46.380  10.229  39.584 0.0000000000
83560  -50.259  16.139  48.221 0.0000000000
83578  -51.070  16.249  46.762 0.0000000000
85845  -52.122  18.451  36.958 0.0000000000
85855  -52.489  18.239  36.359 0.0000000000
85070  -52.637  17.979  36.180 0.0000000000
85069  -52.290  17.676  35.411 0.0000000000
85060  -52.718  17.127  36.058 0.0000000000
133561  -51.855  17.504  34.673 0.0000000000
84311  -51.423  17.313  34.283 0.0000000000
84310  -50.762  17.141  34.013 0.0000000000
84309  -49.749  17.274  34.105 0.0000000000
85074  -47.902  18.153  33.890 0.0000000000
88515  -42.133  22.669  38.556 0.0000000000
75596  -46.847  5.691  48.086 0.0000000000
76517  -46.946  5.893  47.322 0.0000000000
76516  -46.471  6.142  47.667 0.0000000000
119892  -45.663  7.115  47.014 0.0000000000
79224  -45.511  9.501  45.971 0.0000000000
84970  -49.223  17.609  44.445 0.0000000000
84971  -50.594  17.802  44.470 0.0000000000
85821  -47.508  18.382  40.418 0.0000000000
127503  -47.734  18.406  39.747 0.0000000000
129367  -49.536  18.149  38.534 0.0000000000
85836  -48.481  18.339  38.553 0.0000000000
121183  -48.260  18.616  37.690 0.0000000000
128766  -47.968  19.657  36.150 0.0000000000
89154  -48.133  22.523  37.020 0.0000000000
89801  -46.803  24.508  38.844 0.0000000000
76607  -44.996  6.248  36.737 0.0000000000
117011  -45.573  7.358  35.712 0.0000000000
81299  -41.841  12.769  49.898 0.0000000000
82055  -42.605  12.911  49.448 0.0000000000
84185  -44.722  16.049  51.025 0.0000000000
84196  -47.383  16.169  49.764 0.0000000000
84189  -49.356  17.367  50.546 0.0000000000
86478  -51.146  19.167  50.567 0.0000000000
86485  -50.611  19.426  50.601 0.0000000000
85738  -50.513  19.019  48.957 0.0000000000
84931  -49.970  18.268  47.488 0.0000000000
129335  -53.313  8.835  47.947 0.0000000000
77446  -52.166  7.650  48.847 0.0000000000
76462  -51.217  7.223  51.880 0.0000000000
76470  -51.425  7.105  50.852 0.0000000000
76481  -50.642  6.322  50.609 0.0000000000
75561  -49.978  5.679  50.111 0.0000000000
118692  -49.319  5.427  49.729 0.0000000000
120036  -46.040  5.433  51.917 0.0000000000
76479  -44.539  6.212  50.581 0.0000000000
79115  -43.051  9.393  55.990 0.0000000000
118528  -44.211  9.930  55.185 0.0000000000
77394  -44.533  7.776  54.346 0.0000000000
77405  -42.680  7.088  54.003 0.0000000000
78381  -40.778  8.806  50.848 0.0000000000
79174  -40.779  9.592  50.506 0.0000000000
79882  -41.086  10.388  50.117 0.0000000000
79881  -40.437  10.425  50.475 0.0000000000
79271  -53.746  9.299  40.551 0.0000000000
78491  -52.795  9.103  39.828 0.0000000000
125757  -52.256  8.801  39.361 0.0000000000
78486  -47.618  8.260  40.465 0.0000000000
77544  -50.885  7.873  36.864 0.0000000000
79303  -48.220  9.104  34.226 0.0000000000
79998  -48.599  10.470  33.630 0.0000000000
81307  -45.534  12.328  48.487 0.0000000000
134910  -48.431  13.388  46.821 0.0000000000
82085  -48.505  13.423  46.086 0.0000000000
82092  -47.610  12.854  44.987 0.0000000000
82100  -47.670  13.234  44.317 0.0000000000
82107  -47.905  13.873  42.964 0.0000000000
84985  -52.477  18.022  43.481 0.0000000000
84242  -52.633  17.877  43.775 0.0000000000
84986  -52.614  17.696  43.178 0.0000000000
84258  -52.590  17.142  42.959 0.0000000000
84274  -52.879  16.729  39.700 0.0000000000
83615  -51.709  16.219  40.262 0.0000000000
82908  -49.340  14.921  40.685 0.0000000000
82907  -48.781  14.373  40.314 0.0000000000
82914  -48.795  14.133  39.661 0.0000000000
82143  -48.497  13.522  39.294 0.0000000000
82153  -49.535  13.800  37.810 0.0000000000
82945  -50.890  14.116  34.648 0.0000000000
82171  -50.854  13.665  34.850 0.0000000000
82178  -50.296  13.242  33.869 0.0000000000
82182  -49.959  12.731  33.689 0.0000000000
81417  -49.533  12.046  33.603 0.0000000000
81411  -49.112  12.540  33.723 0.0000000000
81402  -47.564  12.530  35.662 0.0000000000
81401  -46.703  12.078  36.269 0.0000000000
84287  -47.834  16.006  37.091 0.0000000000
84280  -47.359  15.966  37.960 0.0000000000
87268  -46.086  20.076  34.045 0.0000000000
87267  -45.138  20.045  34.369 0.0000000000
129247  -44.449  19.933  34.680 0.0000000000
130643  -42.364  20.116  36.786 0.0000000000
87858  -38.958  21.532  39.561 0.0000000000
87229  -38.652  21.160  40.262 0.0000000000
87223  -38.378  20.885  40.926 0.0000000000
78407  -46.141  8.993  48.169 0.0000000000
79205  -46.410  9.455  47.876 0.0000000000
79912  -46.684  10.087  47.636 0.0000000000
85805  -46.535  18.473  42.250 0.0000000000
86557  -46.366  19.134  40.571 0.0000000000
112754  -45.377  20.119  40.700 0.0000000000
86563  -46.456  19.436  39.655 0.0000000000
127391  -46.659  20.388  37.941 0.0000000000
88516  -47.370  22.178  38.532 0.0000000000
113428  -48.989  23.627  37.903 0.0000000000
89147  -49.303  24.007  38.082 0.0000000000
82823  -42.416  14.774  51.046 0.0000000000
132257  -43.054  15.222  51.019 0.0000000000
83536  -43.584  15.642  51.424 0.0000000000
83532  -43.497  15.910  52.236 0.0000000000
76451  -50.071  6.865  53.078 0.0000000000
76460  -49.618  6.264  52.573 0.0000000000
75536  -49.068  5.706  52.174 0.0000000000
75535  -48.318  5.694  52.542 0.0000000000
75526  -46.947  5.654  52.893 0.0000000000
76448  -47.379  6.160  53.458 0.0000000000
77365  -41.235  7.548  57.492 0.0000000000
78324  -40.879  8.915  56.794 0.0000000000
78337  -41.354  8.978  56.056 0.0000000000
79168  -39.557  9.487  51.391 0.0000000000
134625  -38.378  10.283  52.127 0.0000000000
79869  -38.044  10.873  52.306 0.0000000000
78466  -46.574  8.459  42.436 0.0000000000
120184  -46.795  8.551  41.040 0.0000000000
78497  -47.313  8.431  39.402 0.0000000000
78507  -47.273  8.620  38.264 0.0000000000
78515  -46.950  8.958  37.861 0.0000000000
79288  -47.177  9.414  37.265 0.0000000000
80683  -48.706  11.406  35.761 0.0000000000
82067  -47.451  13.539  48.186 0.0000000000
82857  -49.441  14.836  46.976 0.0000000000
82872  -49.490  14.644  45.320 0.0000000000
82879  -49.503  14.800  44.452 0.0000000000
128183  -52.871  18.080  40.931 0.0000000000
85020  -53.660  17.909  41.023 0.0000000000
85032  -53.932  18.175  40.327 0.0000000000
85021  -54.035  18.046  40.462 0.0000000000
84275  -53.949  17.591  39.676 0.0000000000
85045  -54.114  18.074  38.061 0.0000000000
84281  -53.068  16.732  38.789 0.0000000000
132874  -52.300  16.161  38.198 0.0000000000
83638  -51.339  14.949  35.203 0.0000000000
83646  -51.638  15.851  35.178 0.0000000000
113739  -50.648  14.473  34.518 0.0000000000
82938  -49.950  14.606  34.666 0.0000000000
83637  -49.295  15.356  35.568 0.0000000000
84293  -48.008  16.483  36.075 0.0000000000
87878  -42.051  21.227  36.717 0.0000000000
87242  -41.166  20.690  37.650 0.0000000000
112569  -40.749  20.693  38.192 0.0000000000
87867  -39.804  21.567  38.640 0.0000000000
88521  -39.845  22.047  38.579 0.0000000000
87866  -39.293  21.885  38.955 0.0000000000
125584  -38.882  22.566  39.708 0.0000000000
75608  -48.989  5.906  47.076 0.0000000000
135466  -47.592  6.572  45.224 0.0000000000
77494  -46.535  7.407  44.654 0.0000000000
135002  -45.616  7.494  46.556 0.0000000000
78457  -45.736  8.879  43.587 0.0000000000
120800  -45.655  9.478  43.043 0.0000000000
129458  -45.494  10.041  43.333 0.0000000000
79945  -45.614  10.169  42.572 0.0000000000
81359  -46.521  12.064  41.825 0.0000000000
84948  -52.400  18.219  47.326 0.0000000000
84233  -52.549  18.041  46.733 0.0000000000
84959  -52.399  18.124  45.449 0.0000000000
120200  -52.145  18.190  43.666 0.0000000000
84984  -52.265  18.127  43.142 0.0000000000
84996  -52.240  18.083  42.513 0.0000000000
85813  -48.377  17.922  41.873 0.0000000000
85006  -49.488  17.829  41.432 0.0000000000
85052  -51.587  18.269  37.937 0.0000000000
112059  -50.765  18.314  36.908 0.0000000000
85864  -49.437  19.425  34.050 0.0000000000
86592  -48.886  19.763  34.529 0.0000000000
87263  -47.512  20.405  34.607 0.0000000000
87262  -46.754  20.671  34.769 0.0000000000
87894  -46.360  21.111  35.395 0.0000000000
132856  -47.575  21.680  36.572 0.0000000000
87888  -47.563  21.884  36.407 0.0000000000
89133  -44.389  23.672  38.995 0.0000000000
124253  -43.265  10.963  49.110 0.0000000000
124865  -43.316  12.979  49.014 0.0000000000
82064  -44.988  13.244  48.560 0.0000000000
82065  -45.695  13.657  48.539 0.0000000000
121250  -46.024  14.256  48.626 0.0000000000
82828  -44.588  15.209  49.790 0.0000000000
112338  -48.121  15.383  48.633 0.0000000000
83559  -49.066  15.878  48.598 0.0000000000
83561  -51.153  16.898  48.236 0.0000000000
84217  -52.391  17.990  48.061 0.0000000000
84905  -51.347  19.045  50.347 0.0000000000
84908  -51.131  18.609  50.379 0.0000000000
84918  -51.823  18.396  49.103 0.0000000000
84919  -52.119  18.400  48.422 0.0000000000
84934  -52.368  18.337  47.861 0.0000000000
119632  -49.727  17.776  46.152 0.0000000000
118816  -48.726  17.548  45.030 0.0000000000
84968  -46.955  17.625  44.707 0.0000000000
78417  -52.756  8.347  47.516 0.0000000000
77464  -52.186  7.769  47.073 0.0000000000
76519  -50.322  6.350  47.380 0.0000000000
77445  -51.656  7.158  49.343 0.0000000000
75599  -49.260  5.817  47.571 0.0000000000
133072  -48.182  5.318  49.075 0.0000000000
76495  -45.982  6.006  49.116 0.0000000000
115660  -46.210  5.453  51.112 0.0000000000
112091  -45.565  6.697  49.173 0.0000000000
78395  -43.795  8.606  49.671 0.0000000000
79186  -42.835  9.738  49.591 0.0000000000
79142  -46.993  10.031  54.540 0.0000000000
77382  -46.384  8.085  56.907 0.0000000000
123280  -42.759  7.980  57.407 0.0000000000
77367  -43.556  7.661  57.375 0.0000000000
78312  -44.178  8.114  57.115 0.0000000000
130659  -44.766  8.412  56.821 0.0000000000
78329  -45.997  9.201  56.340 0.0000000000
79119  -46.045  10.323  55.570 0.0000000000
79130  -45.524  10.538  55.138 0.0000000000
79841  -45.045  10.451  54.962 0.0000000000
79141  -45.750  10.541  54.881 0.0000000000
123997  -46.198  9.923  54.559 0.0000000000
126207  -44.866  6.965  54.093 0.0000000000
76445  -44.730  6.273  53.511 0.0000000000
76458  -44.313  5.921  52.926 0.0000000000
118860  -41.822  7.383  54.086 0.0000000000
76443  -42.156  6.779  53.353 0.0000000000
76442  -41.698  6.834  52.819 0.0000000000
76456  -42.618  6.512  52.520 0.0000000000
79893  -42.590  10.605  49.442 0.0000000000
80586  -41.277  11.119  49.885 0.0000000000
80577  -39.619  11.347  50.955 0.0000000000
82044  -41.235  13.827  51.038 0.0000000000
82818  -41.330  14.742  52.091 0.0000000000
82817  -40.549  14.464  52.396 0.0000000000
82813  -41.147  14.935  52.756 0.0000000000
76583  -52.708  7.338  40.421 0.0000000000
77536  -53.497  8.628  39.969 0.0000000000
76591  -51.726  6.860  39.224 0.0000000000
76602  -51.601  6.742  37.959 0.0000000000
77497  -49.729  7.396  44.210 0.0000000000
77518  -47.903  7.685  42.707 0.0000000000
78468  -49.952  8.223  41.984 0.0000000000
78490  -51.994  9.055  40.075 0.0000000000
78501  -51.973  8.383  38.556 0.0000000000
77545  -51.739  7.155  37.928 0.0000000000
76601  -51.409  6.288  37.502 0.0000000000
76600  -50.880  5.968  37.159 0.0000000000
128308  -50.058  5.921  36.940 0.0000000000
76610  -49.494  6.230  36.329 0.0000000000
78517  -49.363  8.174  35.539 0.0000000000
121458  -49.398  8.000  34.975 0.0000000000
127642  -47.304  7.073  35.775 0.0000000000
77566  -45.539  7.909  35.264 0.0000000000
78533  -46.323  8.332  34.730 0.0000000000
78532  -45.490  8.501  34.964 0.0000000000
114653  -46.170  10.815  48.460 0.0000000000
116858  -45.950  11.506  48.468 0.0000000000
79913  -47.026  10.561  48.071 0.0000000000
117326  -47.560  12.725  48.049 0.0000000000
115598  -47.513  11.840  47.713 0.0000000000
80610  -47.380  11.438  47.251 0.0000000000
80609  -46.852  11.037  46.600 0.0000000000
80616  -46.547  11.372  45.730 0.0000000000
81339  -46.445  12.162  44.175 0.0000000000
132665  -46.381  12.128  42.725 0.0000000000
82887  -49.534  14.975  43.741 0.0000000000
84263  -52.602  17.003  42.213 0.0000000000
83608  -51.350  16.259  42.099 0.0000000000
82117  -48.010  13.989  42.093 0.0000000000
82126  -48.185  14.024  41.286 0.0000000000
81369  -46.847  12.360  41.061 0.0000000000
80659  -47.476  12.150  39.201 0.0000000000
81386  -47.857  12.164  38.320 0.0000000000
80675  -48.437  11.797  36.876 0.0000000000
82930  -50.210  14.136  37.165 0.0000000000
82161  -50.000  13.566  36.702 0.0000000000
82170  -50.478  13.287  35.450 0.0000000000
80684  -49.440  11.802  35.061 0.0000000000
80693  -49.315  10.988  34.415 0.0000000000
79999  -49.199  10.896  33.651 0.0000000000
80701  -48.092  10.917  33.536 0.0000000000
79983  -46.170  10.390  34.449 0.0000000000
85874  -48.937  19.094  33.502 0.0000000000
85873  -48.135  18.801  33.561 0.0000000000
124807  -45.950  19.354  33.794 0.0000000000
121676  -46.265  18.915  33.796 0.0000000000
85863  -46.314  18.468  34.273 0.0000000000
85065  -45.907  17.912  35.836 0.0000000000
85057  -45.779  17.761  36.683 0.0000000000
86589  -43.832  20.200  35.100 0.0000000000
86582  -43.470  19.695  35.699 0.0000000000
86575  -42.819  19.926  36.254 0.0000000000
86583  -44.007  18.973  35.983 0.0000000000
118704  -44.592  18.552  36.339 0.0000000000
85026  -44.904  17.740  39.751 0.0000000000
85819  -44.283  18.219  39.587 0.0000000000
85016  -45.321  17.270  40.242 0.0000000000
85005  -45.101  17.080  41.108 0.0000000000
85803  -42.558  18.198  42.273 0.0000000000
134239  -40.950  19.904  39.849 0.0000000000
86536  -38.210  19.726  42.691 0.0000000000
90409  -49.083  24.868  38.511 0.0000000000
90401  -46.212  24.918  39.735 0.0000000000
89791  -45.338  24.710  40.095 0.0000000000
89790  -44.470  24.563  40.311 0.0000000000
90385  -44.321  26.138  41.213 0.0000000000
90391  -44.021  25.217  40.881 0.0000000000
89789  -43.587  24.473  40.486 0.0000000000
89121  -41.089  23.709  40.289 0.0000000000
89120  -40.169  23.540  40.321 0.0000000000
89119  -39.241  23.288  40.249 0.0000000000
79842  -45.395  10.580  54.993 0.0000000000
79989  -46.685  10.156  33.989 0.0000000000
80702  -49.723  11.294  33.910 0.0000000000
84241  -52.667  17.754  44.290 0.0000000000
84910  -51.741  18.707  49.015 0.0000000000
85054  -53.938  17.911  37.234 0.0000000000
85061  -53.047  17.678  36.580 0.0000000000
85696  -50.134  19.309  51.820 0.0000000000
85837  -53.981  18.180  37.523 0.0000000000
85846  -53.071  18.135  37.093 0.0000000000
85882  -48.244  19.364  33.580 0.0000000000
123878  -51.093  17.809  33.773 0.0000000000
124002  -48.527  18.232  48.163 0.0000000000
