#!ascii label  , from subject sub-v1s15x0050215_ses-1 vox2ras=TkReg
396
69766  -25.783  -3.294  9.642 0.0000000000
67959  -20.064  -5.678  12.123 0.0000000000
66210  -28.000  -7.563  10.128 0.0000000000
64303  -22.177  -9.517  12.062 0.0000000000
79489  -29.368  7.240  7.269 0.0000000000
76895  -30.272  4.271  9.386 0.0000000000
73483  -22.588  0.973  7.647 0.0000000000
62367  -20.096  -11.667  14.524 0.0000000000
66188  -21.000  -7.583  11.874 0.0000000000
65208  -19.642  -8.695  13.314 0.0000000000
77732  -29.648  5.544  8.362 0.0000000000
76109  -25.580  4.043  7.421 0.0000000000
71662  -20.723  -1.729  10.451 0.0000000000
73435  -20.338  0.194  10.393 0.0000000000
71688  -23.507  -1.491  8.253 0.0000000000
73457  -27.593  0.742  9.643 0.0000000000
71665  -29.327  -1.810  10.750 0.0000000000
119937  -31.067  -4.085  10.852 0.0000000000
69730  -19.266  -3.156  12.559 0.0000000000
68858  -21.834  -4.553  9.973 0.0000000000
133322  -26.849  -5.102  10.211 0.0000000000
123451  -23.772  -6.444  10.366 0.0000000000
65238  -25.613  -8.654  11.266 0.0000000000
63368  -25.247  -11.308  11.681 0.0000000000
75222  -22.095  2.473  7.562 0.0000000000
75207  -26.211  2.521  8.484 0.0000000000
133589  -32.028  1.819  9.659 0.0000000000
64268  -18.838  -9.475  14.361 0.0000000000
62382  -21.346  -10.956  13.371 0.0000000000
66169  -19.123  -7.391  13.526 0.0000000000
65189  -18.416  -8.084  14.264 0.0000000000
76922  -26.106  4.881  7.259 0.0000000000
76124  -24.446  4.096  6.926 0.0000000000
70746  -23.058  -2.765  8.913 0.0000000000
71674  -21.978  -1.973  9.300 0.0000000000
124143  -24.494  -2.436  8.970 0.0000000000
71676  -26.403  -1.553  9.421 0.0000000000
70749  -27.229  -2.426  9.755 0.0000000000
70736  -29.963  -2.566  10.906 0.0000000000
69754  -28.282  -3.440  10.132 0.0000000000
68840  -19.516  -4.093  12.338 0.0000000000
68856  -20.341  -3.838  11.068 0.0000000000
68850  -20.617  -4.684  11.001 0.0000000000
67979  -23.052  -5.758  10.108 0.0000000000
67104  -21.555  -5.851  10.689 0.0000000000
65226  -21.525  -8.443  11.933 0.0000000000
65236  -23.323  -8.438  11.504 0.0000000000
64312  -23.786  -9.369  11.761 0.0000000000
64313  -25.046  -9.481  11.652 0.0000000000
138305  -23.794  -10.146  12.052 0.0000000000
117417  -27.272  7.071  7.065 0.0000000000
79487  -27.524  8.021  6.753 0.0000000000
79488  -28.593  7.543  6.926 0.0000000000
122702  -30.369  8.334  6.456 0.0000000000
78596  -30.977  7.005  6.837 0.0000000000
76908  -30.378  4.958  8.627 0.0000000000
73455  -20.792  0.381  9.676 0.0000000000
117407  -20.284  1.743  10.010 0.0000000000
74353  -22.337  1.748  7.581 0.0000000000
75225  -24.394  2.361  7.443 0.0000000000
74356  -24.417  1.387  7.624 0.0000000000
73440  -31.013  0.202  10.683 0.0000000000
131809  -29.723  1.296  10.478 0.0000000000
73462  -32.318  0.998  9.384 0.0000000000
116489  -28.058  -6.392  10.009 0.0000000000
116576  -29.350  -6.068  10.073 0.0000000000
62366  -19.460  -11.409  14.754 0.0000000000
63310  -19.884  -10.842  14.165 0.0000000000
63327  -19.951  -10.076  13.610 0.0000000000
62381  -20.745  -11.282  13.975 0.0000000000
67944  -19.273  -6.027  12.915 0.0000000000
67089  -20.198  -6.448  12.210 0.0000000000
67088  -19.721  -6.673  12.669 0.0000000000
65224  -19.984  -8.126  12.772 0.0000000000
65209  -20.369  -8.870  12.774 0.0000000000
78580  -27.746  6.554  7.326 0.0000000000
78582  -29.410  6.636  7.676 0.0000000000
77741  -27.225  5.928  7.631 0.0000000000
77730  -27.704  5.472  8.303 0.0000000000
76090  -28.108  3.850  9.147 0.0000000000
71650  -19.581  -1.561  11.877 0.0000000000
72592  -20.415  -0.734  10.682 0.0000000000
135908  -21.277  -0.670  9.493 0.0000000000
72613  -23.237  -0.619  7.916 0.0000000000
73472  -25.301  0.241  8.404 0.0000000000
72615  -25.449  -0.506  8.618 0.0000000000
72606  -28.208  -0.410  10.207 0.0000000000
72596  -30.693  -0.697  10.999 0.0000000000
117800  -31.651  -2.328  10.909 0.0000000000
60567  -20.909  -12.910  14.649 0.0000000000
61478  -21.577  -12.699  14.211 0.0000000000
70721  -19.949  -2.322  11.516 0.0000000000
69751  -21.150  -3.277  10.097 0.0000000000
137127  -23.652  -3.957  9.381 0.0000000000
68875  -25.861  -4.175  10.003 0.0000000000
67998  -24.422  -4.947  9.821 0.0000000000
67980  -24.122  -5.720  10.052 0.0000000000
122166  -26.345  -7.143  10.335 0.0000000000
66206  -22.487  -6.928  10.906 0.0000000000
66200  -24.875  -7.834  10.959 0.0000000000
65248  -26.775  -8.591  10.252 0.0000000000
65239  -26.498  -9.297  10.564 0.0000000000
63370  -27.393  -11.248  10.019 0.0000000000
78584  -31.133  6.336  7.310 0.0000000000
76107  -23.790  3.421  6.838 0.0000000000
75227  -25.839  3.338  8.081 0.0000000000
76073  -28.961  3.399  9.674 0.0000000000
74343  -27.329  1.551  9.357 0.0000000000
74324  -29.574  2.073  10.277 0.0000000000
75193  -31.146  3.117  9.758 0.0000000000
116148  -28.896  -4.795  9.984 0.0000000000
116596  -30.536  -5.001  10.468 0.0000000000
124061  -18.235  -8.799  14.527 0.0000000000
64269  -19.495  -9.450  13.755 0.0000000000
64286  -20.094  -9.452  13.187 0.0000000000
63348  -21.578  -9.760  12.484 0.0000000000
126459  -22.361  -12.228  13.375 0.0000000000
62403  -22.904  -11.156  12.739 0.0000000000
63350  -23.379  -10.559  12.382 0.0000000000
76939  -22.767  4.792  6.850 0.0000000000
70747  -23.895  -2.839  8.909 0.0000000000
70748  -26.253  -2.391  9.511 0.0000000000
69767  -26.801  -3.187  9.791 0.0000000000
69753  -27.597  -3.260  9.882 0.0000000000
132666  -27.254  -3.763  9.987 0.0000000000
67958  -19.492  -5.431  12.583 0.0000000000
68839  -19.109  -4.681  12.773 0.0000000000
67967  -19.789  -4.907  12.165 0.0000000000
68849  -20.079  -4.382  11.643 0.0000000000
67968  -20.338  -5.209  11.601 0.0000000000
67969  -20.911  -5.523  11.067 0.0000000000
137914  -21.695  -9.155  12.154 0.0000000000
130825  -22.704  -9.085  11.776 0.0000000000
64304  -22.996  -9.773  12.108 0.0000000000
124637  -28.079  7.089  6.961 0.0000000000
79490  -30.129  7.644  6.930 0.0000000000
79500  -30.927  7.631  6.325 0.0000000000
78583  -30.225  6.723  7.402 0.0000000000
76896  -31.056  4.378  8.712 0.0000000000
76923  -31.578  4.376  7.920 0.0000000000
76091  -31.576  3.675  8.458 0.0000000000
73456  -21.449  0.560  8.963 0.0000000000
74321  -20.784  1.158  9.460 0.0000000000
73482  -21.894  1.163  8.176 0.0000000000
126567  -21.281  1.515  8.796 0.0000000000
74354  -23.072  1.695  7.285 0.0000000000
73484  -23.338  0.878  7.450 0.0000000000
73441  -31.980  0.446  10.258 0.0000000000
67109  -27.301  -6.834  10.158 0.0000000000
134286  -28.782  -6.743  10.029 0.0000000000
66211  -29.009  -7.821  10.184 0.0000000000
124500  -20.221  -12.438  14.856 0.0000000000
61476  -19.510  -12.080  15.066 0.0000000000
127702  -19.074  -10.862  14.735 0.0000000000
127279  -18.603  -5.997  13.532 0.0000000000
67070  -19.186  -6.711  13.238 0.0000000000
65207  -19.082  -8.055  13.761 0.0000000000
123674  -19.516  -7.946  13.268 0.0000000000
78579  -26.289  5.936  6.947 0.0000000000
77740  -26.512  5.554  7.223 0.0000000000
126723  -26.830  5.131  7.692 0.0000000000
128605  -27.424  4.553  8.437 0.0000000000
76906  -28.373  4.784  8.876 0.0000000000
76905  -26.437  4.200  8.060 0.0000000000
71651  -20.205  -1.576  11.193 0.0000000000
131929  -22.169  -1.361  8.955 0.0000000000
71673  -21.562  -1.258  9.395 0.0000000000
71687  -22.659  -1.091  8.408 0.0000000000
71686  -21.880  -0.499  8.885 0.0000000000
72614  -24.686  -0.516  8.185 0.0000000000
71690  -25.133  -1.201  8.614 0.0000000000
71677  -27.224  -1.499  9.693 0.0000000000
70750  -28.010  -1.251  9.986 0.0000000000
71678  -28.738  -1.077  10.536 0.0000000000
72595  -29.687  -0.880  10.863 0.0000000000
71666  -30.349  -1.635  11.170 0.0000000000
71667  -31.361  -1.505  11.018 0.0000000000
128115  -29.639  -3.437  10.574 0.0000000000
123086  -31.532  -3.213  10.880 0.0000000000
133898  -31.815  -4.047  10.644 0.0000000000
135660  -20.894  -13.611  14.788 0.0000000000
70708  -18.697  -2.329  12.912 0.0000000000
70720  -19.468  -2.317  12.238 0.0000000000
128720  -19.793  -2.898  11.850 0.0000000000
68857  -21.019  -4.059  10.381 0.0000000000
69750  -20.642  -3.213  10.635 0.0000000000
68871  -21.728  -3.694  9.800 0.0000000000
135679  -22.845  -3.792  9.379 0.0000000000
68872  -22.433  -4.095  9.585 0.0000000000
123265  -23.922  -4.374  9.533 0.0000000000
67997  -23.554  -5.009  9.743 0.0000000000
67106  -24.769  -6.474  10.296 0.0000000000
67107  -25.781  -6.476  10.298 0.0000000000
66196  -20.638  -6.882  11.899 0.0000000000
66197  -21.147  -6.847  11.460 0.0000000000
65234  -21.832  -7.525  11.398 0.0000000000
65237  -24.423  -8.519  11.435 0.0000000000
66199  -23.860  -7.745  11.116 0.0000000000
138346  -25.541  -7.952  10.887 0.0000000000
135096  -25.449  -10.526  11.552 0.0000000000
64314  -26.045  -9.927  11.236 0.0000000000
63369  -26.161  -11.242  11.056 0.0000000000
132442  -26.827  -11.307  10.483 0.0000000000
78572  -28.994  6.229  8.105 0.0000000000
77742  -30.620  6.079  7.678 0.0000000000
73434  -19.748  0.119  11.185 0.0000000000
76086  -21.003  3.394  8.848 0.0000000000
133860  -21.887  3.100  7.610 0.0000000000
137063  -23.311  3.564  6.754 0.0000000000
124739  -23.141  3.071  6.851 0.0000000000
75206  -25.506  2.600  8.104 0.0000000000
75226  -25.140  3.007  7.588 0.0000000000
75208  -27.554  3.074  9.038 0.0000000000
73474  -26.766  0.832  9.192 0.0000000000
73473  -25.974  0.935  8.597 0.0000000000
129702  -30.538  1.629  10.409 0.0000000000
75192  -30.718  2.574  10.191 0.0000000000
122909  -31.575  2.524  9.773 0.0000000000
132715  -32.046  2.352  8.920 0.0000000000
132882  -26.541  -4.500  10.158 0.0000000000
137013  -27.292  -4.455  10.106 0.0000000000
136436  -27.554  -5.154  10.074 0.0000000000
130155  -29.771  -5.468  10.232 0.0000000000
63308  -18.591  -10.204  14.758 0.0000000000
64267  -18.026  -9.536  14.847 0.0000000000
63328  -20.588  -10.518  13.554 0.0000000000
137680  -20.520  -9.924  13.251 0.0000000000
64287  -20.820  -9.519  12.870 0.0000000000
63329  -21.137  -10.174  13.076 0.0000000000
61493  -21.613  -11.878  13.747 0.0000000000
66168  -18.538  -7.426  14.026 0.0000000000
77739  -26.047  5.273  7.047 0.0000000000
131280  -25.724  5.134  7.152 0.0000000000
76941  -25.041  4.818  7.129 0.0000000000
76920  -25.171  4.264  7.258 0.0000000000
70744  -21.673  -2.771  9.646 0.0000000000
71663  -21.271  -1.915  9.800 0.0000000000
70745  -22.415  -2.560  9.201 0.0000000000
70759  -23.465  -2.234  8.643 0.0000000000
70760  -24.081  -2.061  8.587 0.0000000000
71689  -24.359  -1.372  8.298 0.0000000000
71675  -25.573  -1.741  9.163 0.0000000000
137934  -26.781  -1.972  9.601 0.0000000000
133617  -27.816  -1.961  9.881 0.0000000000
70734  -28.053  -2.653  9.979 0.0000000000
138632  -28.880  -3.609  10.418 0.0000000000
69729  -18.662  -3.873  13.028 0.0000000000
69743  -19.879  -3.578  11.764 0.0000000000
67977  -21.298  -5.030  10.508 0.0000000000
67996  -22.662  -4.884  9.756 0.0000000000
67105  -22.289  -6.193  10.528 0.0000000000
65235  -22.337  -8.379  11.582 0.0000000000
137843  -24.604  -10.305  11.869 0.0000000000
79499  -25.672  7.742  6.822 0.0000000000
80428  -29.194  8.021  6.829 0.0000000000
121500  -31.608  7.033  6.214 0.0000000000
77733  -30.492  5.545  8.054 0.0000000000
77734  -31.092  5.028  8.124 0.0000000000
75172  -19.653  2.475  10.678 0.0000000000
75188  -20.694  2.015  9.336 0.0000000000
74340  -21.677  1.968  8.098 0.0000000000
75223  -22.800  2.398  7.167 0.0000000000
74357  -24.981  2.084  7.900 0.0000000000
74341  -25.686  1.841  8.384 0.0000000000
73458  -28.386  0.536  10.268 0.0000000000
128773  -30.312  0.804  10.584 0.0000000000
73460  -31.283  1.066  10.425 0.0000000000
73461  -31.921  1.294  10.118 0.0000000000
67983  -27.279  -5.882  10.186 0.0000000000
67984  -28.086  -5.558  9.933 0.0000000000
116577  -28.696  -5.889  9.846 0.0000000000
63309  -19.354  -10.140  14.247 0.0000000000
67943  -18.783  -5.293  13.170 0.0000000000
131664  -19.771  -6.043  12.480 0.0000000000
66187  -20.270  -7.353  12.380 0.0000000000
66186  -19.634  -7.387  12.951 0.0000000000
65225  -20.722  -8.253  12.366 0.0000000000
64302  -21.145  -8.998  12.460 0.0000000000
79498  -24.913  7.594  7.055 0.0000000000
78595  -26.476  6.887  6.908 0.0000000000
78581  -28.663  6.791  7.493 0.0000000000
78571  -28.126  6.199  8.027 0.0000000000
77731  -28.665  5.561  8.509 0.0000000000
76907  -29.427  4.939  8.974 0.0000000000
76894  -29.161  4.211  9.441 0.0000000000
71672  -20.982  -1.119  9.917 0.0000000000
72603  -20.806  -0.351  9.889 0.0000000000
72604  -21.237  -0.112  9.387 0.0000000000
72612  -22.571  -0.356  8.217 0.0000000000
72623  -22.918  0.175  7.742 0.0000000000
73485  -24.479  0.391  7.842 0.0000000000
137559  -24.214  -0.242  7.813 0.0000000000
72616  -26.190  -0.025  8.941 0.0000000000
125524  -27.079  0.056  9.497 0.0000000000
71691  -25.891  -0.961  9.080 0.0000000000
72605  -26.703  -0.750  9.449 0.0000000000
126269  -27.771  0.062  9.825 0.0000000000
72607  -29.018  -0.193  10.618 0.0000000000
73439  -30.001  0.005  10.840 0.0000000000
72597  -31.669  -0.559  10.632 0.0000000000
72598  -32.268  -1.003  10.267 0.0000000000
124941  -32.163  -1.791  10.507 0.0000000000
122242  -30.944  -2.416  11.171 0.0000000000
65250  -28.441  -8.859  9.904 0.0000000000
61477  -20.898  -12.091  14.403 0.0000000000
70732  -20.450  -2.418  10.889 0.0000000000
69744  -20.144  -3.059  11.252 0.0000000000
70733  -20.946  -2.571  10.226 0.0000000000
69762  -22.487  -3.316  9.368 0.0000000000
69763  -23.325  -3.512  9.224 0.0000000000
69764  -24.168  -3.711  9.337 0.0000000000
69752  -26.610  -3.879  10.022 0.0000000000
69765  -25.051  -3.872  9.612 0.0000000000
67999  -25.191  -4.648  9.898 0.0000000000
68859  -25.996  -4.945  10.197 0.0000000000
67981  -25.219  -5.578  10.133 0.0000000000
67982  -26.299  -5.741  10.260 0.0000000000
67108  -26.640  -6.511  10.250 0.0000000000
138481  -26.815  -7.044  10.210 0.0000000000
66209  -26.989  -7.680  10.178 0.0000000000
67095  -20.631  -6.118  11.636 0.0000000000
67097  -21.727  -6.610  10.993 0.0000000000
66198  -22.865  -7.658  11.263 0.0000000000
66207  -23.374  -7.070  10.766 0.0000000000
66208  -24.342  -7.150  10.602 0.0000000000
130739  -25.502  -7.350  10.538 0.0000000000
130444  -26.375  -7.775  10.461 0.0000000000
65249  -27.472  -8.750  9.926 0.0000000000
64330  -27.888  -9.924  9.624 0.0000000000
127005  -26.786  -10.674  10.178 0.0000000000
78597  -31.718  6.449  6.709 0.0000000000
77743  -31.724  5.830  7.137 0.0000000000
76106  -22.742  3.805  6.902 0.0000000000
75224  -23.623  2.567  7.126 0.0000000000
76108  -24.616  3.420  7.255 0.0000000000
76089  -27.260  3.761  8.597 0.0000000000
76074  -29.738  3.677  9.748 0.0000000000
128931  -25.085  1.170  8.199 0.0000000000
74342  -26.542  1.659  8.789 0.0000000000
74322  -28.137  1.399  9.852 0.0000000000
125895  -28.647  1.954  10.031 0.0000000000
75189  -27.951  2.287  9.545 0.0000000000
75190  -28.828  2.621  9.878 0.0000000000
75191  -29.725  2.985  10.041 0.0000000000
76076  -31.077  3.710  9.293 0.0000000000
75211  -32.062  2.928  8.205 0.0000000000
119316  -28.529  -4.168  10.135 0.0000000000
131680  -29.277  -4.185  10.309 0.0000000000
67985  -29.153  -5.388  9.936 0.0000000000
116597  -29.624  -4.835  10.204 0.0000000000
119938  -30.149  -4.131  10.476 0.0000000000
65190  -19.009  -8.753  14.028 0.0000000000
62383  -22.133  -11.490  13.099 0.0000000000
63330  -21.850  -10.652  12.732 0.0000000000
63349  -22.399  -10.230  12.367 0.0000000000
64329  -27.063  -9.730  9.818 0.0000000000
65247  -26.135  -8.188  10.764 0.0000000000
67096  -21.186  -6.206  11.139 0.0000000000
67978  -22.090  -5.405  10.201 0.0000000000
68860  -28.131  -4.786  9.970 0.0000000000
68873  -23.190  -4.243  9.479 0.0000000000
68874  -24.554  -4.310  9.630 0.0000000000
70735  -28.888  -2.795  10.558 0.0000000000
70758  -22.749  -1.964  8.726 0.0000000000
70761  -24.774  -1.888  8.776 0.0000000000
71664  -28.452  -1.937  10.355 0.0000000000
72624  -23.742  0.058  7.634 0.0000000000
73459  -29.357  0.636  10.580 0.0000000000
73471  -22.203  0.328  8.255 0.0000000000
74323  -28.921  1.339  10.375 0.0000000000
74325  -31.458  1.869  10.197 0.0000000000
74339  -21.136  2.393  8.737 0.0000000000
74355  -23.789  1.620  7.330 0.0000000000
75205  -21.541  2.803  8.117 0.0000000000
75209  -28.266  3.034  9.474 0.0000000000
75210  -31.558  3.038  9.045 0.0000000000
76075  -30.488  3.426  9.832 0.0000000000
76088  -26.712  3.225  8.528 0.0000000000
76123  -23.540  4.159  6.664 0.0000000000
76921  -25.728  4.789  7.242 0.0000000000
78573  -29.885  6.080  7.844 0.0000000000
114966  -27.527  -0.626  9.731 0.0000000000
116119  -22.455  3.048  7.197 0.0000000000
116366  -25.218  -2.464  9.244 0.0000000000
116425  -27.851  -4.005  9.975 0.0000000000
122005  -24.738  -3.080  9.283 0.0000000000
123887  -27.078  2.364  8.919 0.0000000000
123966  -30.591  -3.301  10.905 0.0000000000
124631  -31.161  5.681  7.673 0.0000000000
124840  -23.983  0.828  7.430 0.0000000000
124919  -22.991  -6.480  10.527 0.0000000000
125964  -26.909  6.283  7.266 0.0000000000
126625  -23.960  -0.750  7.894 0.0000000000
135743  -31.898  -1.195  10.651 0.0000000000
137620  -22.038  -8.971  11.839 0.0000000000
137857  -28.618  -5.289  9.858 0.0000000000
