#!ascii label  , from subject sub-v1s15x0050215_ses-1 vox2ras=TkReg
2137
122797  44.645  -50.534  26.695 0.2000000030
17000  44.388  -50.576  27.321 0.2000000030
17029  45.058  -50.715  26.046 0.2000000030
17001  43.919  -50.838  26.838 0.2000000030
15604  46.359  -52.859  24.659 0.1000000015
16968  44.877  -50.851  28.789 0.3000000119
114739  45.111  -50.245  27.479 0.2000000030
16333  45.425  -51.213  25.596 0.1000000015
115931  44.819  -51.608  25.478 0.2000000030
17028  45.866  -50.731  26.053 0.1000000015
16332  46.292  -51.363  25.533 0.1000000015
16331  47.269  -51.524  25.685 0.1000000015
15582  47.776  -52.235  25.296 0.1000000015
15603  47.327  -52.841  24.714 0.1000000015
15580  49.779  -53.080  26.173 0.1000000015
15602  48.216  -52.861  24.981 0.1000000015
130892  49.124  -53.443  25.259 0.1000000015
15561  50.826  -52.882  26.569 0.2000000030
14904  50.294  -53.902  25.889 0.1000000015
16997  47.553  -49.863  27.561 0.1000000015
16996  48.705  -50.156  27.620 0.1000000015
16999  45.895  -50.115  27.363 0.2000000030
16317  47.740  -51.054  26.351 0.1000000015
17017  46.281  -50.378  26.743 0.1000000015
16318  46.760  -50.866  26.161 0.1000000015
16316  48.849  -51.384  26.630 0.1000000015
15562  50.322  -52.628  26.623 0.1000000015
16329  50.695  -51.767  25.873 0.2000000030
16314  50.515  -52.139  26.832 0.2000000030
17036  50.125  -51.079  25.359 0.1000000015
16313  51.007  -52.789  26.469 0.2000000030
17037  49.445  -50.177  24.651 0.2000000030
17045  49.637  -50.569  23.759 0.1000000015
17053  49.753  -50.408  22.878 0.1000000015
17015  48.208  -50.583  27.004 0.1000000015
126332  49.724  -50.719  27.746 0.1000000015
15563  49.375  -52.219  26.380 0.1000000015
17786  49.181  -49.220  25.291 0.2000000030
17793  48.771  -49.257  24.249 0.2000000030
18612  48.595  -48.555  22.915 0.2000000030
17801  49.131  -49.854  23.595 0.2000000030
17811  49.091  -49.466  22.556 0.1000000015
17810  50.102  -50.179  21.915 0.2000000030
16299  49.383  -51.002  27.229 0.1000000015
16298  50.332  -51.231  27.409 0.1000000015
16315  49.934  -51.900  26.979 0.1000000015
122425  50.419  -51.164  27.369 0.2000000030
17777  49.999  -49.648  26.282 0.2000000030
17027  49.922  -50.358  25.788 0.3000000119
19443  48.788  -47.782  22.540 0.3000000119
18611  48.975  -48.556  21.999 0.2000000030
18619  50.358  -49.333  20.853 0.2000000030
17059  51.987  -50.572  20.599 0.2000000030
18581  49.572  -48.517  26.026 0.3000000119
17014  50.433  -50.662  26.698 0.2000000030
115588  49.026  -47.239  23.084 0.3000000119
20313  49.292  -46.860  22.346 0.3000000119
20324  49.582  -46.865  21.438 0.3000000119
19448  49.238  -47.688  21.713 0.3000000119
18620  49.792  -48.477  21.059 0.2000000030
17818  51.490  -49.929  20.527 0.2000000030
115461  50.682  -45.325  23.281 0.4000000060
20283  49.837  -46.459  24.211 0.3000000119
20298  49.444  -46.554  23.263 0.3000000119
18589  48.987  -48.162  25.199 0.2000000030
19417  48.724  -47.899  24.315 0.2000000030
19455  49.759  -47.560  21.047 0.3000000119
18626  50.805  -48.955  20.234 0.2000000030
19454  50.450  -47.828  20.329 0.2000000030
17826  51.925  -49.450  19.691 0.2000000030
22133  50.565  -44.958  22.611 0.3000000119
21198  49.671  -45.976  22.558 0.3000000119
20332  50.514  -46.793  20.247 0.2000000030
19462  51.994  -47.999  18.959 0.2000000030
19463  51.167  -47.466  19.589 0.2000000030
18632  52.538  -49.222  18.590 0.1000000015
18634  51.431  -48.480  19.586 0.2000000030
127712  52.503  -49.708  18.814 0.2000000030
18633  52.324  -48.964  19.052 0.2000000030
17072  52.448  -50.004  19.281 0.2000000030
22145  50.487  -44.542  22.060 0.3000000119
113630  50.165  -45.435  21.169 0.3000000119
21212  49.666  -46.047  21.780 0.3000000119
21225  50.713  -44.998  20.405 0.2000000030
21237  50.585  -45.864  20.277 0.3000000119
21236  51.457  -45.495  19.393 0.2000000030
20323  49.949  -46.255  20.948 0.3000000119
20340  51.228  -46.516  19.545 0.1000000015
126960  51.789  -47.150  19.039 0.1000000015
18645  52.703  -48.652  17.941 0.1000000015
19461  52.625  -48.315  18.320 0.1000000015
20347  52.970  -46.502  17.855 0.1000000015
17850  52.536  -49.433  18.288 0.1000000015
23087  50.643  -43.782  21.919 0.3000000119
22160  50.471  -44.523  21.329 0.2000000030
22170  50.722  -44.137  20.364 0.2000000030
23123  50.536  -43.215  19.936 0.2000000030
22182  51.272  -43.999  19.184 0.1000000015
21224  51.210  -44.659  19.644 0.1000000015
22181  51.892  -44.735  18.681 0.1000000015
20339  52.100  -46.420  18.747 0.1000000015
19470  53.138  -47.351  17.365 0.1000000015
18672  52.914  -47.826  16.955 0.1000000015
23111  50.541  -43.517  21.094 0.2000000030
112268  51.937  -44.069  17.870 0.1000000015
22202  52.204  -44.251  16.739 0.1000000015
22190  52.539  -44.810  17.551 0.1000000015
21242  53.059  -45.598  17.351 0.1000000015
21243  52.488  -45.551  18.301 0.1000000015
21268  53.045  -45.986  16.519 0.1000000015
19502  53.054  -47.168  16.655 0.1000000015
20356  53.350  -46.275  17.148 0.1000000015
22214  52.119  -44.436  16.311 0.1000000015
20357  52.019  -46.950  16.591 0.1000000015
19486  52.073  -47.821  16.683 0.1000000015
23130  51.686  -43.615  17.271 0.1000000015
15581  48.764  -52.565  25.660 0.1000000015
17016  47.166  -50.379  26.845 0.1000000015
116349  50.012  -51.112  24.349 0.1000000015
16894  42.220  -50.667  34.840 0.5000000000
16182  41.212  -51.432  35.396 0.5000000000
16875  40.901  -50.754  35.143 0.5000000000
16915  41.469  -50.219  34.646 0.5000000000
17674  41.677  -49.604  33.949 0.5000000000
14771  39.410  -53.898  36.900 0.2000000030
132276  39.592  -53.206  36.486 0.2000000030
15438  39.290  -52.615  36.228 0.3000000119
119932  40.102  -52.731  36.162 0.3000000119
16183  40.372  -51.360  35.492 0.5000000000
16876  40.075  -50.689  35.207 0.5000000000
16896  39.728  -50.145  34.790 0.5000000000
16895  40.541  -50.177  34.733 0.5000000000
17652  40.080  -49.672  34.299 0.5000000000
17651  40.916  -49.592  34.267 0.5000000000
17673  42.426  -49.663  33.482 0.5000000000
17694  41.716  -49.078  33.077 0.5000000000
120612  44.774  -50.532  32.741 0.5000000000
128907  38.449  -53.040  36.824 0.3000000119
15458  38.963  -51.935  35.894 0.3000000119
16184  39.521  -51.292  35.533 0.5000000000
17676  39.623  -49.108  34.005 0.5000000000
18463  40.826  -48.730  33.177 0.5000000000
17693  42.618  -49.249  32.642 0.5000000000
16221  48.496  -51.292  33.864 0.4000000060
113487  47.803  -50.851  33.370 0.5000000000
16909  46.989  -50.992  33.097 0.5000000000
16931  45.646  -50.369  32.453 0.5000000000
17692  44.137  -49.917  32.489 0.5000000000
16220  49.400  -50.865  34.100 0.4000000060
14772  38.455  -53.531  37.212 0.3000000119
15439  38.484  -52.516  36.495 0.4000000060
16166  38.184  -51.689  36.175 0.4000000060
16877  39.238  -50.607  35.208 0.5000000000
112889  38.510  -49.774  34.884 0.5000000000
16897  39.019  -49.994  34.884 0.5000000000
17654  38.374  -49.302  34.660 0.5000000000
18465  39.010  -48.406  33.852 0.5000000000
19297  39.344  -47.986  33.249 0.5000000000
18464  39.900  -48.531  33.323 0.5000000000
18482  41.269  -48.397  32.446 0.5000000000
125720  43.433  -49.343  32.244 0.6000000238
16930  46.365  -50.737  32.767 0.5000000000
17691  45.013  -49.842  32.039 0.5000000000
17707  44.240  -49.335  31.856 0.5000000000
16202  51.776  -51.352  35.237 0.4000000060
16203  50.336  -51.345  34.712 0.4000000060
16908  48.767  -50.442  33.564 0.5000000000
14028  39.570  -54.986  43.071 0.1000000015
14739  38.773  -54.079  42.284 0.1000000015
14741  39.022  -53.162  42.042 0.1000000015
14041  38.176  -54.664  41.892 0.1000000015
14743  37.559  -53.618  41.038 0.1000000015
15397  37.531  -52.918  40.829 0.1000000015
14045  37.470  -54.237  40.420 0.1000000015
14746  37.363  -53.362  40.311 0.1000000015
15399  37.321  -52.575  40.284 0.1000000015
14763  38.020  -53.984  38.006 0.2000000030
14764  37.468  -53.470  38.643 0.1000000015
15425  37.982  -52.854  37.065 0.3000000119
16878  38.400  -50.340  35.269 0.5000000000
15426  37.387  -52.407  37.605 0.4000000060
16167  37.443  -51.332  36.560 0.4000000060
125023  37.552  -50.174  35.556 0.4000000060
17655  37.736  -49.068  34.735 0.5000000000
18446  38.300  -48.687  34.344 0.5000000000
18466  38.144  -47.969  33.926 0.5000000000
19298  38.698  -47.659  33.332 0.5000000000
114953  42.064  -48.660  32.170 0.5000000000
17690  45.853  -49.763  32.029 0.5000000000
16929  47.301  -50.224  32.746 0.5000000000
16891  50.179  -50.533  34.291 0.4000000060
16177  52.774  -52.123  35.472 0.5000000000
118727  44.185  -53.956  43.548 0.1000000015
14025  42.565  -54.672  43.792 0.1000000015
14026  41.792  -54.598  43.586 0.1000000015
132333  40.222  -54.709  43.268 0.1000000015
129228  39.369  -54.340  42.664 0.1000000015
14738  39.647  -53.585  42.471 0.1000000015
15395  39.508  -52.191  41.683 0.1000000015
14719  41.130  -53.606  42.824 0.1000000015
14737  40.577  -53.205  42.475 0.1000000015
16124  38.910  -51.652  41.309 0.1000000015
17601  36.116  -49.081  38.685 0.2000000030
18401  36.120  -48.256  38.589 0.2000000030
14055  37.543  -54.315  39.586 0.1000000015
14757  37.365  -53.719  39.839 0.1000000015
128686  37.193  -52.967  39.477 0.1000000015
15410  36.915  -51.908  39.076 0.1000000015
121722  36.458  -50.549  38.840 0.2000000030
15416  37.181  -52.644  38.494 0.2000000030
16160  36.601  -51.081  37.809 0.2000000030
130243  35.915  -49.823  37.134 0.2000000030
17602  35.704  -48.766  37.960 0.2000000030
130245  35.725  -48.024  37.982 0.2000000030
16159  37.095  -51.639  37.324 0.2000000030
16863  37.134  -50.583  36.253 0.3000000119
17639  36.530  -49.127  35.550 0.3000000119
18432  36.443  -48.349  35.277 0.4000000060
18447  37.599  -48.346  34.455 0.5000000000
18501  43.578  -48.792  31.582 0.5000000000
19275  37.417  -47.585  34.127 0.4000000060
18520  44.690  -48.122  30.884 0.5000000000
19348  44.213  -47.418  30.534 0.5000000000
18521  43.683  -48.093  30.976 0.5000000000
18519  45.592  -48.175  30.930 0.5000000000
18500  45.204  -48.733  31.263 0.5000000000
115376  44.373  -48.718  31.330 0.5000000000
19315  40.047  -47.399  32.272 0.5000000000
19316  39.291  -47.458  32.793 0.5000000000
17688  47.233  -49.467  32.295 0.5000000000
17704  46.478  -49.263  31.853 0.5000000000
17705  45.587  -49.281  31.660 0.5000000000
19328  42.795  -47.827  30.977 0.5000000000
16907  49.640  -50.145  33.819 0.5000000000
17671  48.227  -49.978  33.071 0.5000000000
17706  44.891  -49.225  31.581 0.5000000000
18481  42.828  -48.805  31.880 0.6000000238
17689  46.488  -49.957  32.341 0.5000000000
14715  44.637  -52.953  42.835 0.1000000015
131293  42.986  -54.158  43.536 0.1000000015
14735  43.188  -52.869  42.419 0.1000000015
121460  42.917  -52.158  41.890 0.1000000015
16809  43.031  -50.515  41.707 0.1000000015
14717  42.529  -53.831  43.187 0.1000000015
14736  42.119  -53.099  42.485 0.1000000015
113971  41.387  -52.905  42.344 0.1000000015
15394  40.650  -51.804  41.564 0.1000000015
16123  40.113  -51.262  41.227 0.1000000015
16128  38.354  -51.130  40.870 0.1000000015
128184  37.837  -50.011  40.272 0.1000000015
16142  37.085  -51.402  39.805 0.1000000015
17591  37.421  -49.478  39.879 0.2000000030
18389  36.661  -48.475  39.206 0.2000000030
16143  36.717  -50.977  39.261 0.1000000015
16844  36.642  -50.148  39.376 0.2000000030
17619  35.996  -49.422  36.387 0.3000000119
17620  35.668  -48.727  36.605 0.3000000119
19238  35.738  -47.404  37.578 0.2000000030
18417  35.947  -48.648  35.918 0.3000000119
19249  35.627  -47.398  36.732 0.2000000030
118392  36.912  -47.976  34.673 0.4000000060
20129  35.900  -46.518  35.409 0.3000000119
19300  37.169  -46.920  33.859 0.4000000060
112084  36.353  -46.720  34.716 0.4000000060
20233  43.614  -46.089  29.900 0.5000000000
21093  42.887  -46.053  30.056 0.5000000000
19350  42.482  -47.260  30.714 0.5000000000
19299  37.855  -47.137  33.418 0.5000000000
125170  42.290  -43.965  29.723 0.5000000000
131028  41.660  -44.169  30.023 0.5000000000
22034  41.306  -44.669  30.266 0.5000000000
21094  42.123  -46.068  30.340 0.5000000000
19351  41.769  -46.829  30.719 0.6000000238
19317  38.599  -46.971  32.801 0.5000000000
119305  41.059  -43.928  30.302 0.5000000000
22035  40.531  -44.502  30.545 0.5000000000
113172  41.270  -46.024  30.563 0.6000000238
19329  42.047  -47.606  31.109 0.5000000000
19314  40.886  -47.741  31.986 0.5000000000
19330  41.279  -47.328  31.332 0.5000000000
14809  52.609  -52.755  34.813 0.4000000060
15467  53.033  -52.178  35.186 0.4000000060
16178  52.251  -52.161  35.697 0.4000000060
16794  40.785  -50.618  43.170 0.1000000015
16811  42.330  -49.881  42.245 0.1000000015
17566  41.152  -49.035  41.925 0.1000000015
15387  42.019  -52.279  41.867 0.1000000015
15392  42.671  -51.525  41.560 0.1000000015
16121  41.880  -50.563  41.137 0.1000000015
17577  41.516  -49.235  40.922 0.1000000015
15393  41.747  -51.501  41.427 0.1000000015
16821  41.400  -50.234  40.856 0.1000000015
17578  41.191  -48.846  40.745 0.1000000015
16127  39.548  -50.680  40.919 0.1000000015
16828  40.161  -49.734  40.580 0.1000000015
17581  38.517  -49.238  40.190 0.1000000015
18387  38.185  -48.186  39.973 0.2000000030
127308  37.462  -47.715  39.592 0.2000000030
19212  36.743  -47.158  39.136 0.2000000030
125931  36.595  -47.798  39.056 0.2000000030
19227  36.175  -47.431  38.426 0.2000000030
23854  42.517  -42.443  35.223 0.2000000030
20108  35.781  -46.667  37.107 0.2000000030
121001  41.875  -41.745  34.974 0.2000000030
23855  41.010  -41.839  34.926 0.2000000030
23856  40.153  -41.827  34.925 0.2000000030
23857  39.294  -41.934  34.875 0.2000000030
20121  35.704  -46.654  36.277 0.2000000030
25637  41.516  -40.277  34.332 0.2000000030
25638  40.697  -40.452  34.061 0.2000000030
24785  39.402  -41.223  33.593 0.2000000030
24794  38.902  -41.735  33.323 0.2000000030
24774  38.799  -41.660  34.199 0.3000000119
23869  38.285  -42.140  33.767 0.2000000030
22965  37.662  -43.616  33.089 0.4000000060
26518  40.725  -39.884  32.593 0.2000000030
25654  40.369  -40.192  33.274 0.3000000119
24793  39.449  -41.273  32.852 0.3000000119
23879  39.098  -41.987  32.492 0.4000000060
23880  38.539  -42.415  32.938 0.3000000119
22964  38.274  -43.169  32.590 0.4000000060
22019  37.555  -44.557  32.869 0.5000000000
21060  36.674  -45.610  33.973 0.4000000060
20157  37.301  -46.203  33.411 0.5000000000
24826  41.225  -41.504  30.482 0.5000000000
24827  40.588  -41.747  30.858 0.4000000060
23898  39.962  -42.056  31.304 0.4000000060
125291  39.170  -43.049  31.591 0.4000000060
22977  39.356  -43.757  31.243 0.5000000000
22031  38.727  -44.260  31.696 0.5000000000
124627  38.133  -43.968  32.315 0.5000000000
20173  37.997  -46.454  32.849 0.5000000000
23909  40.376  -42.607  30.717 0.5000000000
22982  40.207  -43.595  30.643 0.5000000000
21096  40.034  -45.155  30.880 0.5000000000
20213  40.554  -45.825  30.789 0.5000000000
19331  40.592  -47.136  31.638 0.5000000000
20187  39.995  -46.657  31.688 0.5000000000
20171  39.302  -46.803  32.272 0.5000000000
16796  38.661  -50.552  43.451 0.1000000015
16101  39.167  -51.415  43.851 0.1000000015
16795  39.796  -50.407  43.120 0.1000000015
17568  38.143  -48.960  42.892 0.1000000015
16813  40.110  -49.275  42.371 0.1000000015
17567  39.058  -49.077  42.508 0.1000000015
18352  40.037  -48.401  41.745 0.1000000015
18353  38.987  -48.127  42.112 0.1000000015
19189  40.289  -47.816  40.969 0.1000000015
17580  39.648  -49.030  40.375 0.1000000015
19200  38.612  -47.648  40.218 0.2000000030
116296  38.918  -46.905  40.605 0.2000000030
132157  38.090  -47.112  40.048 0.2000000030
20069  36.769  -46.414  39.094 0.2000000030
19237  36.068  -46.693  37.935 0.2000000030
23830  42.302  -43.352  35.584 0.1000000015
127439  41.574  -42.755  35.350 0.2000000030
20120  35.825  -46.075  36.635 0.2000000030
21972  43.131  -44.244  36.114 0.1000000015
22921  42.201  -43.995  36.170 0.1000000015
129167  41.642  -43.544  35.838 0.1000000015
23831  40.920  -43.253  35.783 0.1000000015
23832  39.946  -42.685  35.555 0.1000000015
23858  38.147  -42.159  34.519 0.1000000015
23870  37.820  -42.530  34.130 0.2000000030
118134  36.252  -45.989  34.662 0.3000000119
21035  35.969  -45.556  35.393 0.2000000030
23834  38.161  -42.459  35.215 0.1000000015
23859  37.662  -42.686  34.806 0.1000000015
22954  37.416  -43.264  34.068 0.3000000119
21044  36.357  -45.157  34.642 0.2000000030
115636  38.842  -44.918  31.660 0.5000000000
22018  38.256  -44.794  32.138 0.5000000000
21072  37.868  -45.576  32.625 0.5000000000
22030  39.359  -44.643  31.285 0.5000000000
20188  39.302  -46.095  31.784 0.5000000000
20172  38.607  -46.229  32.346 0.5000000000
21079  39.985  -45.961  31.235 0.5000000000
16783  37.383  -50.817  44.559 0.1000000015
17554  36.789  -49.260  44.063 0.1000000015
18340  36.750  -48.402  43.951 0.1000000015
17553  37.511  -49.587  43.570 0.1000000015
18339  37.389  -48.749  43.434 0.1000000015
19168  37.317  -47.886  43.414 0.1000000015
19180  38.522  -46.714  42.090 0.1000000015
19181  37.863  -47.293  42.812 0.1000000015
19190  39.688  -47.171  41.002 0.1000000015
20040  39.219  -46.611  41.009 0.2000000030
20050  37.997  -46.409  40.181 0.2000000030
124997  37.383  -46.812  39.612 0.2000000030
20068  37.261  -46.011  39.626 0.2000000030
20087  36.432  -46.110  38.374 0.2000000030
20989  36.625  -45.342  38.107 0.2000000030
20107  36.125  -45.836  37.413 0.2000000030
21924  42.565  -44.274  37.122 0.1000000015
21925  41.874  -44.246  36.833 0.1000000015
22923  40.337  -43.513  36.341 0.1000000015
23833  38.931  -42.543  35.426 0.1000000015
21953  36.543  -44.443  36.407 0.1000000015
21027  36.014  -45.286  36.370 0.2000000030
22924  39.434  -43.282  36.112 0.1000000015
22925  38.478  -43.104  35.883 0.1000000015
22944  37.131  -43.428  35.070 0.1000000015
21987  36.887  -43.987  34.378 0.2000000030
21988  36.566  -44.502  34.673 0.2000000030
18330  35.680  -48.167  45.000 0.1000000015
18329  36.201  -48.780  44.595 0.1000000015
20900  34.656  -45.979  45.926 0.1000000015
19159  36.244  -47.941  44.405 0.1000000015
20904  35.702  -45.848  44.915 0.1000000015
20005  36.326  -46.260  44.493 0.1000000015
20028  37.879  -46.461  42.885 0.1000000015
124137  37.239  -47.036  43.600 0.1000000015
20027  38.447  -45.824  42.090 0.1000000015
113303  38.673  -45.691  41.215 0.1000000015
118491  38.448  -45.107  41.825 0.1000000015
20947  38.227  -45.054  40.792 0.1000000015
20948  37.758  -45.528  40.191 0.2000000030
21889  37.277  -45.221  39.465 0.2000000030
20968  36.824  -45.664  38.938 0.2000000030
134149  37.368  -44.631  39.226 0.2000000030
20988  37.032  -44.970  38.725 0.2000000030
21910  36.980  -44.666  37.937 0.1000000015
21927  36.482  -44.928  37.243 0.2000000030
127858  44.322  -43.864  38.808 0.1000000015
22859  42.793  -43.268  38.418 0.1000000015
129864  42.441  -43.689  37.639 0.1000000015
22890  40.515  -43.831  36.894 0.1000000015
21952  37.003  -44.316  37.162 0.2000000030
22860  41.808  -43.179  37.928 0.1000000015
22878  40.573  -43.703  37.195 0.1000000015
121724  39.817  -43.653  36.679 0.1000000015
22892  37.921  -43.520  36.393 0.1000000015
22926  37.311  -43.530  35.846 0.1000000015
22894  37.149  -43.898  36.453 0.2000000030
22761  34.926  -44.594  45.682 0.1000000015
21820  35.845  -45.016  45.006 0.1000000015
125302  36.383  -45.492  44.646 0.1000000015
20919  37.900  -45.699  43.077 0.1000000015
20918  38.238  -45.155  42.518 0.1000000015
20934  38.418  -44.670  41.387 0.1000000015
119272  38.488  -43.499  40.894 0.1000000015
21866  38.224  -44.175  40.782 0.1000000015
21888  38.000  -43.755  40.125 0.2000000030
21867  37.663  -44.575  40.011 0.2000000030
22823  38.541  -43.162  40.246 0.1000000015
22841  37.661  -44.061  39.319 0.2000000030
23756  42.422  -42.840  40.035 0.1000000015
23757  41.510  -42.508  39.827 0.1000000015
23758  40.623  -42.338  39.661 0.1000000015
23759  39.668  -42.532  39.442 0.1000000015
23782  39.034  -42.986  38.831 0.1000000015
22840  38.277  -43.425  39.305 0.1000000015
132028  43.568  -43.653  38.375 0.1000000015
124029  43.664  -43.373  39.305 0.1000000015
23778  41.994  -42.734  38.997 0.1000000015
117886  41.182  -42.417  39.100 0.1000000015
23780  40.505  -42.550  38.657 0.1000000015
22861  39.316  -43.163  37.931 0.1000000015
22880  38.820  -43.564  37.392 0.1000000015
22862  38.535  -43.427  38.245 0.1000000015
21926  37.486  -44.153  37.809 0.1000000015
23779  41.285  -42.662  38.468 0.1000000015
23802  40.120  -43.028  37.806 0.1000000015
22879  39.716  -43.650  37.158 0.1000000015
132202  38.338  -43.769  37.013 0.1000000015
22893  37.684  -43.968  37.074 0.1000000015
21808  36.177  -44.197  45.263 0.1000000015
21819  36.539  -44.831  44.880 0.1000000015
21828  37.682  -45.115  44.341 0.1000000015
21827  38.445  -44.263  43.207 0.1000000015
22791  38.668  -43.669  42.389 0.1000000015
22773  43.145  -44.553  44.109 0.1000000015
22787  42.386  -43.764  43.007 0.1000000015
23717  40.588  -42.950  42.269 0.1000000015
23732  39.724  -42.804  41.960 0.1000000015
22809  38.767  -43.270  41.643 0.1000000015
22786  43.462  -44.358  43.062 0.1000000015
126621  41.572  -43.117  42.018 0.1000000015
22788  41.300  -43.439  43.035 0.1000000015
123319  39.478  -42.603  41.129 0.1000000015
22806  43.639  -44.119  42.063 0.1000000015
22822  42.850  -43.285  41.069 0.1000000015
22807  42.660  -43.598  42.060 0.1000000015
23731  40.508  -42.605  41.362 0.1000000015
23743  40.016  -42.342  40.423 0.1000000015
116587  39.159  -42.657  40.334 0.1000000015
23760  38.875  -42.893  39.645 0.1000000015
127114  38.187  -44.787  44.007 0.1000000015
21816  39.682  -44.601  45.178 0.1000000015
22777  39.050  -43.656  43.216 0.1000000015
22770  40.661  -44.622  45.086 0.1000000015
22776  39.805  -44.091  44.217 0.1000000015
118006  42.049  -44.087  43.776 0.1000000015
22775  41.093  -44.103  44.173 0.1000000015
22790  39.150  -43.169  42.302 0.1000000015
21839  44.313  -44.827  43.906 0.1000000015
15457  39.802  -52.024  35.818 0.4000000060
18483  40.468  -48.118  32.670 0.5000000000
16185  38.683  -51.163  35.601 0.4000000060
16186  37.897  -50.889  35.893 0.4000000060
14038  38.785  -54.885  42.466 0.1000000015
16125  37.872  -52.111  40.953 0.1000000015
14773  37.690  -53.188  37.799 0.2000000030
16879  36.765  -49.879  35.891 0.4000000060
17638  37.246  -49.480  35.232 0.4000000060
14734  44.021  -52.570  42.481 0.1000000015
15389  40.063  -52.671  42.139 0.1000000015
17609  35.901  -49.695  37.935 0.3000000119
16151  36.621  -51.135  38.580 0.2000000030
128584  36.321  -50.465  38.236 0.2000000030
122412  36.776  -50.913  36.990 0.2000000030
17610  35.663  -49.143  37.222 0.3000000119
16864  36.428  -50.206  36.668 0.3000000119
18407  35.573  -48.240  37.219 0.2000000030
19260  36.274  -47.455  35.113 0.3000000119
19349  43.255  -47.245  30.544 0.5000000000
15386  43.899  -51.682  42.081 0.1000000015
15391  43.359  -51.358  41.727 0.1000000015
16120  42.559  -50.858  41.354 0.1000000015
15388  41.100  -52.361  41.975 0.1000000015
16822  40.668  -50.396  40.807 0.1000000015
16122  41.128  -50.941  41.120 0.1000000015
16829  38.836  -50.066  40.534 0.1000000015
16830  37.696  -50.800  40.405 0.1000000015
16843  37.123  -50.498  39.892 0.1000000015
18376  38.153  -48.724  40.016 0.1000000015
18388  37.418  -48.622  39.669 0.2000000030
18433  35.759  -47.344  35.902 0.3000000119
20138  36.702  -46.436  34.132 0.4000000060
21118  42.482  -45.385  29.928 0.5000000000
22047  42.042  -44.711  29.912 0.5000000000
22046  42.942  -44.563  29.614 0.5000000000
22981  40.991  -43.093  30.298 0.5000000000
124749  41.777  -49.434  42.097 0.1000000015
16812  40.907  -49.775  42.571 0.1000000015
17565  42.177  -49.721  41.657 0.1000000015
17573  41.179  -48.667  41.309 0.1000000015
17579  40.685  -48.852  40.571 0.1000000015
18374  40.838  -48.368  40.869 0.1000000015
18375  39.076  -48.322  40.243 0.1000000015
23853  43.380  -42.238  35.083 0.2000000030
24771  41.247  -41.038  34.587 0.2000000030
24772  40.406  -41.127  34.443 0.2000000030
24773  39.618  -41.323  34.306 0.2000000030
25667  39.784  -40.746  33.190 0.2000000030
134211  37.160  -44.664  33.433 0.4000000060
24811  40.271  -41.193  31.556 0.5000000000
24812  39.623  -41.529  32.039 0.4000000060
26502  40.931  -39.635  33.168 0.2000000030
23899  39.358  -42.361  31.738 0.4000000060
22978  38.705  -43.488  31.871 0.5000000000
21059  37.176  -45.219  33.345 0.5000000000
22001  36.763  -44.737  33.951 0.3000000119
25697  40.880  -40.924  31.008 0.5000000000
25678  40.710  -40.353  31.778 0.5000000000
23910  39.694  -42.904  31.130 0.5000000000
17543  36.998  -50.072  44.260 0.1000000015
17552  38.315  -49.764  43.171 0.1000000015
16814  39.134  -49.837  42.906 0.1000000015
18366  40.064  -47.622  41.195 0.1000000015
119755  38.510  -47.482  42.235 0.1000000015
18367  39.252  -47.179  41.534 0.1000000015
19199  39.608  -47.529  40.706 0.1000000015
127028  39.530  -47.049  40.939 0.2000000030
132872  40.735  -42.506  35.306 0.1000000015
22922  41.260  -43.848  36.490 0.1000000015
17544  36.360  -49.621  44.817 0.1000000015
18354  37.965  -48.135  42.753 0.1000000015
118497  36.435  -47.090  44.315 0.1000000015
19191  39.063  -46.467  41.260 0.1000000015
20049  38.602  -46.014  40.791 0.2000000030
21923  43.484  -44.424  37.208 0.1000000015
22876  43.149  -43.863  37.720 0.1000000015
22877  41.820  -43.997  37.214 0.1000000015
117588  41.208  -44.058  36.986 0.1000000015
21973  36.320  -44.644  35.452 0.2000000030
22891  38.955  -43.580  36.663 0.1000000015
22945  36.673  -44.057  35.045 0.1000000015
131063  35.807  -47.461  44.763 0.1000000015
19157  34.888  -47.107  46.139 0.1000000015
19156  35.313  -47.311  45.477 0.1000000015
21793  34.460  -45.046  46.126 0.1000000015
20899  35.118  -45.346  45.462 0.1000000015
20001  35.185  -46.320  45.399 0.1000000015
20006  35.724  -46.712  44.834 0.1000000015
20014  36.895  -46.517  44.096 0.1000000015
20013  37.415  -46.234  43.676 0.1000000015
21840  38.435  -44.443  42.302 0.1000000015
21909  37.378  -44.375  38.584 0.2000000030
22863  37.845  -43.832  38.495 0.1000000015
21908  43.959  -44.150  37.897 0.1000000015
124502  41.252  -43.642  37.352 0.1000000015
129010  35.452  -44.593  45.380 0.1000000015
21818  37.117  -45.192  44.567 0.1000000015
20903  36.950  -45.906  44.276 0.1000000015
20909  37.534  -45.618  43.961 0.1000000015
20908  38.052  -45.011  43.330 0.1000000015
21854  38.474  -43.878  41.573 0.1000000015
23744  38.838  -42.922  41.004 0.1000000015
130963  41.891  -42.776  40.671 0.1000000015
22821  43.839  -43.806  41.128 0.1000000015
23741  43.289  -43.235  40.202 0.1000000015
22839  42.865  -42.972  39.368 0.1000000015
23742  40.977  -42.462  40.524 0.1000000015
132830  41.402  -42.743  41.181 0.1000000015
23781  39.729  -42.773  38.508 0.1000000015
21807  37.314  -44.400  45.194 0.1000000015
118376  37.851  -44.773  44.891 0.1000000015
21825  43.054  -44.676  44.910 0.1000000015
22789  40.005  -43.310  43.020 0.1000000015
22808  39.124  -42.890  41.612 0.1000000015
21817  38.558  -44.692  44.990 0.1000000015
21826  38.826  -44.428  44.220 0.1000000015
21815  41.230  -44.632  45.594 0.1000000015
21812  43.564  -44.517  44.921 0.1000000015
21824  43.950  -44.625  44.469 0.1000000015
21814  42.134  -44.572  45.336 0.1000000015
14078  41.758  -55.257  37.511 0.1000000015
14096  43.034  -54.427  37.366 0.1000000015
14097  42.105  -54.446  37.245 0.1000000015
14788  41.459  -53.623  36.610 0.1000000015
14079  40.695  -55.033  37.470 0.1000000015
14080  40.248  -54.323  37.054 0.1000000015
14077  42.816  -55.375  37.488 0.2000000030
131374  43.514  -55.081  37.476 0.2000000030
14770  43.833  -54.382  37.410 0.2000000030
14787  42.435  -53.590  36.788 0.1000000015
14075  44.636  -55.097  37.263 0.2000000030
14786  43.356  -53.549  36.996 0.2000000030
15436  41.940  -52.807  36.257 0.2000000030
15435  42.889  -52.775  36.397 0.2000000030
15437  40.992  -52.859  36.104 0.3000000119
15456  40.664  -52.129  35.712 0.3000000119
15455  41.550  -52.121  35.729 0.3000000119
15434  43.794  -52.750  36.584 0.2000000030
113860  45.408  -54.041  37.513 0.2000000030
15454  42.496  -52.068  35.879 0.2000000030
14784  45.062  -53.332  37.215 0.2000000030
13425  46.908  -54.975  34.608 0.1000000015
14095  45.122  -55.024  37.006 0.2000000030
14785  44.205  -53.515  37.165 0.2000000030
112754  44.668  -54.348  37.420 0.2000000030
132806  42.132  -51.354  35.368 0.3000000119
125787  41.602  -50.846  35.116 0.4000000060
14120  46.435  -54.727  35.296 0.1000000015
129105  45.688  -54.696  37.154 0.1000000015
15452  44.374  -52.135  36.124 0.2000000030
15453  43.438  -52.055  36.018 0.2000000030
16209  42.760  -51.034  35.036 0.4000000060
14107  46.559  -54.866  36.455 0.2000000030
126234  44.488  -52.797  36.752 0.2000000030
120278  46.348  -54.643  37.206 0.2000000030
116977  47.701  -55.269  34.915 0.1000000015
13423  48.522  -55.706  34.886 0.2000000030
14106  47.197  -55.015  35.659 0.1000000015
13412  48.220  -55.285  36.060 0.1000000015
15424  45.892  -53.453  37.415 0.2000000030
15433  44.981  -52.531  36.615 0.2000000030
16180  43.848  -51.583  35.494 0.4000000060
112243  47.411  -55.036  36.758 0.1000000015
16179  44.625  -51.736  35.221 0.4000000060
16893  42.984  -50.675  34.419 0.4000000060
15423  46.679  -53.724  37.492 0.3000000119
15431  46.442  -52.915  37.090 0.3000000119
14093  47.155  -54.711  37.288 0.2000000030
14769  47.517  -53.956  37.706 0.4000000060
16892  43.774  -51.060  34.345 0.4000000060
125064  42.910  -50.166  33.795 0.4000000060
15451  45.267  -52.172  36.045 0.3000000119
118063  47.019  -52.685  35.899 0.4000000060
15422  47.202  -53.387  37.242 0.3000000119
22919  45.047  -43.922  35.389 0.1000000015
23829  43.094  -43.080  35.420 0.1000000015
15473  45.626  -52.119  34.923 0.4000000060
16913  43.563  -50.564  33.714 0.5000000000
15472  46.675  -52.382  35.044 0.4000000060
15450  46.218  -52.391  36.198 0.3000000119
23828  43.882  -42.962  35.256 0.1000000015
22943  44.685  -43.010  35.071 0.1000000015
16932  44.045  -50.421  33.109 0.5000000000
16912  44.467  -51.089  33.630 0.5000000000
17672  43.304  -49.881  33.083 0.5000000000
24770  42.758  -41.459  34.884 0.1000000015
25635  43.888  -40.532  34.502 0.1000000015
24769  43.676  -41.411  34.736 0.1000000015
25636  42.380  -40.191  34.487 0.1000000015
13392  41.162  -55.840  37.749 0.1000000015
14098  41.094  -54.402  37.019 0.1000000015
14789  40.395  -53.592  36.568 0.1000000015
13393  40.045  -55.495  37.959 0.1000000015
14081  38.838  -54.366  37.573 0.1000000015
16914  42.296  -50.128  34.222 0.4000000060
113831  42.057  -40.895  34.694 0.1000000015
13390  42.997  -56.016  37.275 0.1000000015
16181  43.047  -51.497  35.485 0.3000000119
15432  45.676  -52.621  36.872 0.2000000030
16208  43.420  -51.159  34.974 0.4000000060
16207  44.342  -51.375  34.495 0.4000000060
23852  44.236  -42.199  34.864 0.1000000015
121079  43.084  -40.697  34.644 0.1000000015
13382  39.675  -56.023  38.444 0.1000000015
9091  34.226  -62.300  27.982 0.1000000015
113262  34.803  -62.082  27.708 0.1000000015
9108  37.611  -63.123  26.837 0.1000000015
8417  33.615  -62.278  27.802 0.1000000015
9796  38.027  -62.307  27.816 0.1000000015
8407  34.022  -62.591  28.430 0.1000000015
8408  33.242  -62.588  28.278 0.1000000015
8394  32.314  -62.898  28.961 0.1000000015
9092  32.946  -62.052  27.846 0.1000000015
11930  34.426  -57.174  40.458 0.1000000015
4784  33.001  -68.733  31.215 0.1000000015
5275  32.093  -67.285  31.250 0.1000000015
9798  36.346  -60.967  28.596 0.1000000015
6362  32.081  -65.455  30.708 0.1000000015
116174  35.713  -61.580  27.968 0.1000000015
6981  32.189  -64.011  29.743 0.1000000015
9784  37.830  -60.721  28.835 0.1000000015
7643  31.572  -63.686  30.391 0.1000000015
11923  33.696  -56.961  41.791 0.1000000015
11942  34.903  -57.560  39.789 0.1000000015
11230  35.370  -58.296  38.491 0.1000000015
11881  34.040  -57.575  44.254 0.1000000015
11893  34.180  -57.488  43.352 0.1000000015
11922  34.543  -57.387  41.429 0.1000000015
11929  35.086  -57.719  40.759 0.1000000015
10475  36.158  -59.985  36.669 0.1000000015
5730  35.562  -66.353  34.424 0.1000000015
4261  34.280  -69.489  31.958 0.1000000015
9799  35.575  -61.304  28.940 0.1000000015
9075  34.762  -62.025  28.848 0.1000000015
8393  33.667  -62.976  28.787 0.1000000015
9785  36.908  -60.342  29.091 0.1000000015
9073  39.067  -62.194  28.654 0.1000000015
9087  39.839  -63.386  28.250 0.1000000015
11216  35.471  -58.225  39.389 0.1000000015
11229  35.948  -58.819  39.014 0.1000000015
11166  34.862  -57.902  43.939 0.1000000015
11892  35.005  -57.840  43.036 0.1000000015
11910  34.321  -57.422  42.425 0.1000000015
117946  35.645  -58.285  41.091 0.1000000015
10440  36.367  -59.395  38.623 0.1000000015
121628  36.166  -59.397  37.907 0.1000000015
8989  36.859  -61.213  35.980 0.1000000015
7602  37.015  -62.880  34.738 0.1000000015
7604  35.880  -63.865  34.399 0.1000000015
114427  36.301  -64.662  34.456 0.1000000015
116098  35.854  -65.486  34.520 0.1000000015
5240  35.466  -67.639  33.466 0.1000000015
5255  35.401  -68.257  32.823 0.1000000015
4260  35.339  -69.352  31.775 0.1000000015
4783  33.876  -68.942  30.662 0.1000000015
113311  33.482  -65.178  29.385 0.1000000015
9786  36.259  -60.517  29.512 0.1000000015
8391  35.008  -62.223  29.704 0.1000000015
8392  34.404  -62.639  29.114 0.1000000015
6979  33.887  -64.557  29.274 0.1000000015
6980  32.742  -64.565  29.495 0.1000000015
118020  38.614  -60.751  29.314 0.1000000015
9672  37.143  -60.865  37.786 0.1000000015
10354  35.122  -58.770  45.285 0.1000000015
11165  35.557  -58.426  43.526 0.1000000015
11909  35.100  -57.850  42.144 0.1000000015
11193  35.715  -58.343  41.842 0.1000000015
10428  36.595  -59.289  40.392 0.1000000015
9665  36.954  -59.924  39.068 0.1000000015
9687  37.038  -61.036  36.874 0.1000000015
7587  37.678  -63.505  35.041 0.1000000015
115653  36.755  -65.362  34.517 0.1000000015
5227  36.746  -67.640  34.490 0.1000000015
11152  35.374  -58.558  44.402 0.1000000015
10369  36.051  -59.076  43.941 0.1000000015
11181  35.682  -58.371  42.647 0.1000000015
126037  36.353  -58.885  42.185 0.1000000015
10418  36.661  -59.228  41.352 0.1000000015
6316  36.417  -66.261  34.539 0.1000000015
115355  36.317  -66.935  34.468 0.1000000015
4762  35.797  -68.814  32.403 0.1000000015
4781  35.488  -69.066  29.950 0.1000000015
4287  34.298  -69.469  31.075 0.1000000015
4788  35.568  -68.376  29.585 0.1000000015
133298  34.379  -68.647  30.184 0.1000000015
5777  34.378  -66.744  29.488 0.1000000015
5280  34.136  -67.244  29.639 0.1000000015
6970  34.711  -64.506  29.702 0.1000000015
6370  34.371  -65.395  29.452 0.1000000015
5769  33.779  -66.591  29.611 0.1000000015
9074  35.415  -61.463  29.687 0.1000000015
7652  34.676  -62.993  29.662 0.1000000015
7653  34.298  -63.813  29.425 0.1000000015
134259  37.311  -59.925  29.563 0.1000000015
10570  38.036  -59.878  29.626 0.1000000015
9771  40.312  -61.632  29.944 0.1000000015
9783  39.460  -61.320  29.548 0.1000000015
124756  40.987  -61.638  30.392 0.1000000015
124922  40.452  -60.657  30.435 0.1000000015
8957  37.583  -61.526  38.405 0.1000000015
8975  37.493  -61.636  37.457 0.1000000015
113746  35.499  -59.700  45.667 0.1000000015
9603  36.177  -60.170  44.941 0.1000000015
121286  36.787  -59.425  42.742 0.1000000015
10417  37.172  -59.776  40.877 0.1000000015
10427  37.113  -59.831  39.985 0.1000000015
118239  37.274  -60.678  38.698 0.1000000015
8314  37.922  -62.614  36.217 0.1000000015
6915  37.851  -64.288  34.913 0.1000000015
5729  36.990  -67.079  34.666 0.1000000015
118493  35.775  -59.356  44.736 0.1000000015
10382  36.220  -58.933  43.103 0.1000000015
4743  37.403  -69.089  33.937 0.1000000015
4245  37.137  -69.116  33.256 0.1000000015
113165  36.320  -69.367  31.930 0.1000000015
4271  36.974  -69.509  31.534 0.1000000015
4285  36.151  -69.443  30.319 0.1000000015
115940  36.801  -69.221  30.118 0.1000000015
4780  36.258  -68.944  29.715 0.1000000015
6359  35.838  -65.758  30.247 0.1000000015
5768  35.693  -66.477  29.822 0.1000000015
9772  36.157  -60.280  30.425 0.1000000015
9754  35.916  -60.841  31.161 0.1000000015
9057  35.507  -61.822  30.442 0.1000000015
8378  35.295  -62.745  30.278 0.1000000015
6360  35.256  -65.131  29.973 0.1000000015
10562  36.668  -59.535  30.750 0.1000000015
7642  35.061  -63.640  30.042 0.1000000015
10571  36.728  -59.871  29.922 0.1000000015
10561  37.363  -59.373  30.259 0.1000000015
10560  38.272  -59.237  30.228 0.1000000015
10559  39.711  -60.351  30.180 0.1000000015
10556  42.282  -60.674  31.012 0.1000000015
8876  35.939  -61.244  45.985 0.1000000015
121795  35.559  -60.398  46.164 0.1000000015
9602  36.766  -60.624  44.376 0.1000000015
10380  37.155  -59.932  43.170 0.1000000015
8303  37.782  -62.267  37.082 0.1000000015
9592  35.998  -60.596  45.545 0.1000000015
9615  36.869  -60.117  43.796 0.1000000015
10393  37.294  -59.846  42.387 0.1000000015
8937  37.861  -61.154  40.089 0.1000000015
8287  37.927  -62.431  38.023 0.1000000015
7578  38.539  -63.612  36.472 0.1000000015
6930  38.535  -65.114  35.322 0.1000000015
5728  37.669  -67.109  34.899 0.1000000015
5727  38.235  -67.623  35.146 0.1000000015
123004  37.947  -69.437  34.006 0.1000000015
4244  37.632  -69.380  33.199 0.1000000015
4270  37.731  -69.480  31.170 0.1000000015
4243  38.309  -69.474  32.903 0.1000000015
4779  37.582  -69.163  30.458 0.1000000015
5766  37.459  -67.383  30.546 0.1000000015
123402  36.814  -67.821  29.898 0.1000000015
6968  35.970  -64.920  30.676 0.1000000015
5767  36.506  -66.639  30.339 0.1000000015
124655  35.929  -61.819  31.249 0.1000000015
6960  36.078  -64.206  31.000 0.1000000015
113125  36.266  -59.977  31.348 0.1000000015
9041  36.252  -61.376  31.736 0.1000000015
10538  37.215  -58.934  31.009 0.1000000015
10569  38.861  -60.003  29.844 0.1000000015
10558  40.170  -59.640  30.615 0.1000000015
10557  41.175  -60.209  30.813 0.1000000015
116467  38.699  -62.507  40.705 0.1000000015
7544  38.741  -63.841  39.431 0.1000000015
8194  36.207  -62.320  46.070 0.1000000015
8875  36.567  -61.693  45.370 0.1000000015
8894  36.863  -61.344  44.794 0.1000000015
9614  37.448  -60.358  43.745 0.1000000015
9641  37.745  -60.358  41.886 0.1000000015
8936  38.280  -61.766  40.417 0.1000000015
7556  38.731  -64.147  38.548 0.1000000015
6889  39.139  -65.027  37.972 0.1000000015
9591  36.474  -60.946  45.076 0.1000000015
8923  38.089  -61.096  40.822 0.1000000015
8276  38.039  -62.228  39.119 0.1000000015
6904  39.037  -64.723  36.964 0.1000000015
5716  39.523  -67.312  36.105 0.1000000015
4725  38.954  -68.834  34.456 0.1000000015
6914  38.843  -64.519  35.926 0.1000000015
6305  39.074  -66.491  35.761 0.1000000015
4760  39.218  -69.059  32.397 0.1000000015
131383  38.214  -67.996  30.667 0.1000000015
127646  38.184  -67.167  31.156 0.1000000015
6958  37.059  -64.382  31.870 0.1000000015
6350  36.565  -65.578  30.960 0.1000000015
8360  36.520  -62.139  31.940 0.1000000015
8363  36.241  -62.778  31.445 0.1000000015
7631  36.547  -63.746  31.584 0.1000000015
9744  36.352  -60.644  31.898 0.1000000015
10539  36.783  -59.310  31.556 0.1000000015
11325  38.422  -58.573  30.730 0.1000000015
8902  39.458  -61.638  43.387 0.1000000015
8214  36.853  -62.548  45.526 0.1000000015
8892  38.397  -61.135  44.509 0.1000000015
8910  39.399  -62.042  42.330 0.1000000015
8253  39.084  -62.349  41.453 0.1000000015
7543  39.257  -64.749  40.176 0.1000000015
7485  36.001  -63.138  46.517 0.1000000015
8193  36.640  -63.236  46.034 0.1000000015
8874  37.088  -61.851  45.066 0.1000000015
9601  38.059  -60.600  44.045 0.1000000015
124562  38.722  -61.476  41.902 0.1000000015
8922  38.519  -61.688  41.131 0.1000000015
6868  39.102  -64.753  39.361 0.1000000015
6878  39.329  -65.399  38.883 0.1000000015
6304  39.540  -66.860  36.651 0.1000000015
6903  39.456  -65.926  37.578 0.1000000015
5225  39.741  -68.242  34.371 0.1000000015
4741  39.513  -68.676  33.431 0.1000000015
4759  39.829  -68.405  32.522 0.1000000015
5760  38.872  -67.105  31.594 0.1000000015
6348  38.271  -66.183  31.763 0.1000000015
124247  37.345  -66.348  31.135 0.1000000015
6951  37.682  -64.525  32.284 0.1000000015
118103  36.977  -60.668  32.555 0.1000000015
7624  36.883  -62.993  32.078 0.1000000015
130743  37.726  -58.278  31.941 0.1000000015
12046  38.222  -57.890  31.759 0.1000000015
8873  37.910  -61.633  45.097 0.1000000015
131213  39.379  -64.298  40.824 0.1000000015
6268  39.879  -66.378  39.167 0.1000000015
6296  39.900  -66.768  37.882 0.1000000015
121211  39.830  -67.058  37.190 0.1000000015
5708  39.844  -67.292  36.570 0.1000000015
5224  40.274  -67.589  34.718 0.1000000015
5238  40.249  -68.033  33.053 0.1000000015
5749  40.077  -66.982  32.386 0.1000000015
5266  39.558  -67.512  31.845 0.1000000015
6336  38.858  -65.690  32.419 0.1000000015
5750  39.277  -66.611  32.105 0.1000000015
7622  38.087  -63.781  32.762 0.1000000015
6337  38.085  -65.267  32.209 0.1000000015
127147  37.843  -62.137  33.033 0.1000000015
125534  37.269  -63.760  32.226 0.1000000015
9737  37.741  -60.731  33.223 0.1000000015
9035  37.445  -61.511  32.820 0.1000000015
128219  37.283  -62.329  32.529 0.1000000015
10512  37.516  -59.090  32.990 0.1000000015
12044  39.696  -56.846  31.697 0.1000000015
12042  41.503  -57.098  31.605 0.1000000015
8891  39.272  -61.424  44.416 0.1000000015
6838  39.795  -64.433  41.554 0.1000000015
6256  39.970  -66.337  39.765 0.1000000015
6267  40.043  -66.491  39.177 0.1000000015
8872  39.083  -61.753  45.288 0.1000000015
131553  39.648  -65.600  40.425 0.1000000015
133557  39.962  -66.957  37.494 0.1000000015
5726  41.176  -66.880  33.830 0.1000000015
5237  40.647  -67.455  33.521 0.1000000015
5253  40.599  -67.244  32.767 0.1000000015
6334  40.688  -66.472  32.849 0.1000000015
8351  38.508  -62.263  33.475 0.1000000015
6950  38.499  -64.766  32.649 0.1000000015
121521  37.838  -59.736  33.372 0.1000000015
11281  37.921  -58.406  33.043 0.1000000015
12767  38.806  -57.002  32.684 0.1000000015
125525  41.666  -55.860  32.257 0.1000000015
13453  43.911  -55.446  32.746 0.1000000015
8229  39.949  -61.998  45.050 0.1000000015
8237  40.935  -63.141  43.856 0.1000000015
6837  40.257  -65.115  41.706 0.1000000015
6254  40.571  -65.889  40.144 0.1000000015
6266  40.626  -66.002  39.450 0.1000000015
7523  40.387  -64.241  42.252 0.1000000015
6246  39.931  -66.039  40.459 0.1000000015
6295  40.640  -66.368  37.152 0.1000000015
5707  40.268  -67.015  36.656 0.1000000015
5714  41.020  -66.559  35.405 0.1000000015
6326  41.343  -65.866  33.303 0.1000000015
6940  39.888  -64.785  33.341 0.1000000015
6941  39.043  -64.270  33.202 0.1000000015
11267  41.017  -58.595  35.729 0.1000000015
11268  40.575  -58.517  35.210 0.1000000015
9725  39.695  -60.037  34.575 0.1000000015
9726  39.113  -60.739  34.188 0.1000000015
131428  39.257  -62.764  33.798 0.1000000015
7613  38.755  -63.291  33.379 0.1000000015
11985  40.920  -57.701  35.493 0.1000000015
11994  40.239  -57.691  34.817 0.1000000015
11275  39.794  -58.407  34.689 0.1000000015
9027  39.315  -61.816  34.079 0.1000000015
114893  41.203  -57.916  36.206 0.1000000015
12718  41.163  -56.828  35.317 0.1000000015
121482  40.590  -57.088  34.894 0.1000000015
12728  39.988  -56.857  34.288 0.1000000015
11276  38.999  -58.274  34.165 0.1000000015
9736  38.408  -60.329  33.742 0.1000000015
12717  41.821  -56.521  35.827 0.1000000015
134313  41.993  -55.853  35.401 0.1000000015
13428  40.973  -55.615  33.921 0.1000000015
123026  38.430  -58.253  33.567 0.1000000015
13441  41.586  -55.254  33.584 0.1000000015
12766  39.359  -56.513  32.867 0.1000000015
14122  43.630  -54.564  34.442 0.1000000015
13455  41.512  -55.418  32.860 0.1000000015
14148  44.081  -54.836  33.194 0.1000000015
8236  41.721  -63.136  44.615 0.1000000015
8228  40.797  -62.585  44.798 0.1000000015
7515  41.209  -64.083  42.822 0.1000000015
6836  40.682  -65.111  41.635 0.1000000015
7516  40.905  -63.952  42.968 0.1000000015
7528  41.344  -64.574  41.298 0.1000000015
6866  41.218  -65.268  39.758 0.1000000015
6281  41.140  -65.672  37.732 0.1000000015
6294  41.313  -66.031  35.962 0.1000000015
5725  41.642  -66.331  34.187 0.1000000015
5738  41.651  -66.090  33.566 0.1000000015
6938  41.729  -65.238  33.555 0.1000000015
8341  40.723  -62.288  34.454 0.1000000015
116525  39.941  -63.825  33.756 0.1000000015
10490  40.914  -59.318  35.383 0.1000000015
9724  40.738  -60.167  34.921 0.1000000015
121389  40.028  -61.031  34.521 0.1000000015
7601  39.956  -62.652  34.205 0.1000000015
10489  41.215  -59.288  35.804 0.1000000015
12703  42.592  -56.334  37.099 0.1000000015
12716  42.569  -56.220  36.377 0.1000000015
129917  41.664  -63.588  43.226 0.1000000015
7510  41.435  -63.576  43.546 0.1000000015
7520  41.808  -63.573  41.618 0.1000000015
7527  42.084  -63.471  40.588 0.1000000015
7521  41.215  -64.495  42.193 0.1000000015
7542  41.585  -64.358  40.199 0.1000000015
7555  41.879  -64.220  39.148 0.1000000015
6877  41.399  -65.142  38.650 0.1000000015
6888  42.137  -64.594  37.461 0.1000000015
6902  41.601  -65.436  36.605 0.1000000015
6303  42.082  -65.824  34.686 0.1000000015
6929  42.377  -64.864  33.774 0.1000000015
6313  42.275  -65.478  33.930 0.1000000015
8340  41.685  -62.773  34.502 0.1000000015
7599  42.058  -63.843  34.160 0.1000000015
7612  41.393  -64.441  33.791 0.1000000015
9712  41.323  -59.982  35.530 0.1000000015
9711  41.858  -60.769  35.753 0.1000000015
10459  40.928  -59.158  36.805 0.1000000015
10474  41.472  -59.742  36.146 0.1000000015
9016  40.068  -61.879  34.407 0.1000000015
120457  41.043  -58.050  36.844 0.1000000015
8244  42.282  -62.854  43.046 0.1000000015
8260  42.748  -62.720  40.954 0.1000000015
7541  42.485  -63.527  39.621 0.1000000015
6876  42.260  -64.210  38.277 0.1000000015
6887  43.217  -63.893  37.571 0.1000000015
6901  42.438  -64.791  36.430 0.1000000015
6912  43.475  -64.505  35.531 0.1000000015
6302  42.805  -65.181  34.389 0.1000000015
134372  43.633  -63.564  34.262 0.1000000015
7598  43.119  -64.134  34.053 0.1000000015
8326  42.432  -62.354  34.789 0.1000000015
8339  42.781  -63.287  34.387 0.1000000015
9014  41.442  -61.686  34.750 0.1000000015
11257  41.150  -58.781  36.214 0.1000000015
11977  41.551  -57.277  36.782 0.1000000015
8251  42.402  -62.704  41.943 0.1000000015
8259  44.002  -62.452  40.492 0.1000000015
7526  43.216  -62.916  40.052 0.1000000015
8274  44.446  -62.700  39.630 0.1000000015
7540  43.661  -63.191  39.167 0.1000000015
7553  44.045  -63.398  38.127 0.1000000015
7554  42.886  -63.669  38.650 0.1000000015
132794  43.777  -63.945  36.800 0.1000000015
6900  44.266  -63.998  35.926 0.1000000015
127425  43.408  -64.587  34.637 0.1000000015
6927  43.798  -63.919  34.324 0.1000000015
8325  43.484  -62.881  34.564 0.1000000015
9001  42.149  -61.554  35.246 0.1000000015
9000  43.132  -62.187  35.118 0.1000000015
122246  41.155  -59.988  36.983 0.1000000015
9699  41.678  -60.614  36.719 0.1000000015
114315  41.373  -56.504  37.617 0.1000000015
13391  42.201  -56.055  37.500 0.1000000015
7539  44.854  -62.899  38.641 0.1000000015
7552  45.277  -63.040  37.525 0.1000000015
7567  44.496  -63.583  36.919 0.1000000015
7577  45.165  -63.386  35.789 0.1000000015
6911  44.285  -64.003  34.902 0.1000000015
7585  44.427  -63.399  34.603 0.1000000015
8338  44.206  -63.211  34.408 0.1000000015
11969  40.553  -57.660  37.647 0.1000000015
11245  40.550  -58.520  37.490 0.1000000015
8987  42.356  -61.264  36.416 0.1000000015
125896  40.839  -56.996  37.796 0.1000000015
122930  46.070  -62.493  37.963 0.1000000015
8301  46.426  -61.718  36.442 0.1000000015
8285  46.221  -62.487  36.817 0.1000000015
8971  45.373  -61.390  36.252 0.1000000015
8970  46.228  -61.463  36.266 0.1000000015
128375  45.502  -63.083  36.613 0.1000000015
117247  45.085  -60.978  37.265 0.1000000015
8323  44.824  -62.860  34.657 0.1000000015
8313  44.933  -62.273  35.205 0.1000000015
123349  40.228  -58.915  38.345 0.1000000015
10439  40.514  -59.661  38.763 0.1000000015
10460  40.728  -59.633  37.755 0.1000000015
8974  42.037  -61.162  37.397 0.1000000015
128482  43.107  -61.636  36.124 0.1000000015
12705  40.427  -56.396  38.073 0.1000000015
9686  41.335  -60.471  37.613 0.1000000015
9670  44.633  -60.726  38.251 0.1000000015
8984  45.641  -61.845  35.635 0.1000000015
8311  46.100  -61.959  35.815 0.1000000015
8954  43.892  -61.341  37.123 0.1000000015
113730  44.899  -61.808  35.649 0.1000000015
9662  41.479  -60.557  39.134 0.1000000015
8955  42.746  -61.209  37.983 0.1000000015
8972  43.977  -61.647  36.192 0.1000000015
8956  41.755  -60.882  38.314 0.1000000015
8973  42.938  -61.468  36.952 0.1000000015
4764  33.740  -69.230  32.431 0.1000000015
123953  33.855  -69.547  31.753 0.1000000015
5273  33.459  -67.295  30.177 0.1000000015
5274  32.753  -67.812  30.864 0.1000000015
5770  32.712  -66.855  30.625 0.1000000015
115842  35.631  -62.156  26.902 0.1000000015
6361  32.678  -66.051  30.299 0.1000000015
9797  37.093  -61.116  28.215 0.1000000015
7655  32.732  -63.777  29.155 0.1000000015
6971  32.702  -65.308  29.885 0.1000000015
7663  32.989  -63.121  28.673 0.1000000015
8409  32.623  -62.411  28.419 0.1000000015
12657  33.840  -56.846  40.895 0.1000000015
5268  32.071  -68.417  31.584 0.1000000015
134277  33.364  -69.595  31.998 0.1000000015
6972  32.027  -64.578  30.352 0.1000000015
11921  35.237  -57.902  41.457 0.1000000015
9688  36.617  -60.362  37.184 0.1000000015
5228  35.925  -67.217  34.231 0.1000000015
7654  33.483  -63.737  29.076 0.1000000015
11215  36.018  -58.802  39.893 0.1000000015
11200  36.109  -58.757  40.743 0.1000000015
9673  36.684  -60.041  38.080 0.1000000015
128283  36.959  -62.225  35.057 0.1000000015
9003  36.513  -61.513  35.148 0.1000000015
8988  37.403  -61.766  36.525 0.1000000015
113601  36.983  -63.951  34.525 0.1000000015
4745  36.082  -68.308  33.153 0.1000000015
4272  35.971  -69.673  31.154 0.1000000015
6371  33.328  -65.925  29.669 0.1000000015
9787  35.799  -60.816  29.825 0.1000000015
7586  38.195  -63.448  35.684 0.1000000015
6315  37.320  -66.166  34.669 0.1000000015
10394  36.898  -59.419  42.068 0.1000000015
5776  35.121  -66.863  29.482 0.1000000015
5278  35.540  -67.701  29.509 0.1000000015
113853  34.533  -66.205  29.468 0.1000000015
6969  35.490  -64.306  30.383 0.1000000015
8948  37.693  -61.312  39.283 0.1000000015
121912  37.538  -60.206  41.252 0.1000000015
9653  37.598  -60.453  40.563 0.1000000015
5226  37.635  -68.120  34.896 0.1000000015
111630  36.921  -68.732  29.858 0.1000000015
7632  35.791  -63.420  30.827 0.1000000015
9629  37.733  -60.227  42.809 0.1000000015
8302  38.221  -62.957  37.185 0.1000000015
8286  38.345  -63.121  38.766 0.1000000015
7568  38.644  -63.898  37.495 0.1000000015
5717  38.949  -67.493  35.575 0.1000000015
4726  38.218  -69.017  34.676 0.1000000015
4742  38.703  -69.205  33.732 0.1000000015
121921  38.329  -69.248  30.963 0.1000000015
6959  36.567  -64.671  31.352 0.1000000015
11314  37.822  -58.396  31.273 0.1000000015
11323  39.931  -58.632  30.902 0.1000000015
7529  38.828  -63.454  40.238 0.1000000015
115668  38.437  -62.999  39.495 0.1000000015
9628  38.176  -60.551  43.307 0.1000000015
9640  38.242  -60.768  42.357 0.1000000015
119255  39.157  -65.659  35.952 0.1000000015
5214  39.380  -67.817  35.499 0.1000000015
5267  38.940  -68.062  31.206 0.1000000015
6349  37.335  -65.261  31.699 0.1000000015
10519  37.081  -59.199  32.323 0.1000000015
11324  39.139  -58.223  30.968 0.1000000015
8903  38.707  -60.914  43.791 0.1000000015
128411  39.653  -66.715  37.311 0.1000000015
5715  39.904  -67.456  35.844 0.1000000015
5254  40.098  -67.781  32.314 0.1000000015
9743  37.233  -59.854  32.802 0.1000000015
12025  38.027  -58.015  32.430 0.1000000015
11312  39.830  -57.694  31.292 0.1000000015
8252  39.784  -63.170  41.874 0.1000000015
8245  40.254  -62.855  42.923 0.1000000015
6282  40.144  -66.662  38.219 0.1000000015
125584  40.697  -66.991  34.994 0.1000000015
6335  39.852  -66.133  32.597 0.1000000015
6949  39.411  -65.220  32.916 0.1000000015
7623  37.508  -63.137  32.519 0.1000000015
125071  38.517  -61.271  33.665 0.1000000015
12776  39.659  -56.418  32.252 0.1000000015
12043  40.655  -57.107  31.501 0.1000000015
12774  41.165  -56.381  31.824 0.1000000015
12763  42.478  -56.022  32.258 0.1000000015
8238  40.147  -62.180  44.093 0.1000000015
6255  40.092  -66.268  39.982 0.1000000015
5739  41.097  -66.622  33.200 0.1000000015
6327  40.424  -65.641  33.055 0.1000000015
10511  38.047  -58.949  33.496 0.1000000015
130843  42.125  -55.429  32.640 0.1000000015
12765  40.132  -56.040  32.672 0.1000000015
13456  40.817  -55.605  33.086 0.1000000015
14149  43.299  -54.821  33.190 0.1000000015
6851  40.214  -65.691  41.123 0.1000000015
6325  41.898  -65.506  33.643 0.1000000015
10503  40.224  -59.272  34.894 0.1000000015
10504  39.327  -59.129  34.484 0.1000000015
117010  38.884  -59.803  34.191 0.1000000015
11995  39.463  -57.552  34.255 0.1000000015
12726  41.371  -56.023  34.912 0.1000000015
11996  38.857  -57.531  33.634 0.1000000015
12741  40.125  -56.125  33.491 0.1000000015
12709  41.994  -56.676  36.632 0.1000000015
13427  41.754  -55.369  34.493 0.1000000015
13440  42.329  -54.991  33.289 0.1000000015
14121  44.312  -54.500  34.454 0.1000000015
14136  43.029  -54.632  33.947 0.1000000015
7600  40.904  -63.302  34.199 0.1000000015
9723  41.454  -60.784  35.125 0.1000000015
123956  40.922  -60.979  34.711 0.1000000015
12704  41.902  -56.643  37.210 0.1000000015
6293  42.582  -65.239  35.306 0.1000000015
6928  42.975  -64.666  34.133 0.1000000015
132657  40.860  -57.841  37.292 0.1000000015
11968  41.257  -57.232  37.337 0.1000000015
8985  43.883  -61.953  35.424 0.1000000015
7584  44.872  -63.305  34.976 0.1000000015
16223  45.607  -51.680  33.885 0.4000000060
15449  48.588  -53.193  35.898 0.3000000119
15471  47.710  -52.690  35.177 0.3000000119
16206  46.382  -52.022  34.111 0.3000000119
16911  45.440  -51.133  33.125 0.4000000060
16205  47.258  -52.145  34.280 0.3000000119
16910  46.303  -51.426  33.351 0.4000000060
14166  46.340  -54.349  30.897 0.1000000015
14839  47.100  -53.516  31.372 0.1000000015
14830  48.550  -53.522  32.208 0.2000000030
15482  51.920  -52.967  33.991 0.3000000119
17703  47.231  -48.974  31.898 0.4000000060
14783  48.041  -53.672  37.554 0.3000000119
16201  52.873  -51.488  35.305 0.4000000060
16890  51.151  -50.595  34.676 0.4000000060
15492  50.983  -52.924  33.363 0.2000000030
15481  53.051  -51.936  34.577 0.3000000119
17650  51.767  -49.948  34.524 0.4000000060
17670  49.979  -49.515  33.600 0.4000000060
18480  47.952  -48.952  32.279 0.4000000060
14167  45.495  -54.228  30.546 0.1000000015
15493  49.969  -52.814  32.857 0.3000000119
17669  51.019  -49.345  33.980 0.4000000060
17686  49.404  -49.109  33.043 0.4000000060
18479  48.869  -48.733  32.492 0.4000000060
14847  46.000  -53.540  30.707 0.1000000015
18518  46.324  -48.237  31.067 0.5000000000
15494  48.970  -52.692  32.392 0.2000000030
15491  51.933  -52.294  33.538 0.3000000119
16888  53.346  -50.830  34.805 0.3000000119
18462  50.342  -48.908  33.353 0.4000000060
19347  45.141  -47.500  30.513 0.4000000060
20211  43.887  -46.715  30.212 0.4000000060
17649  53.119  -50.059  34.680 0.4000000060
17668  52.310  -49.284  34.267 0.4000000060
18478  49.766  -48.534  32.733 0.4000000060
18496  48.403  -48.348  31.881 0.4000000060
18497  47.573  -48.474  31.638 0.5000000000
15512  45.681  -52.676  30.453 0.2000000030
15502  46.497  -52.858  31.022 0.2000000030
15501  47.335  -52.702  31.448 0.2000000030
16233  50.782  -51.976  32.922 0.2000000030
14838  47.795  -53.445  31.722 0.2000000030
16218  53.373  -51.290  34.246 0.3000000119
17648  53.863  -50.145  34.389 0.3000000119
15513  44.844  -52.828  30.086 0.1000000015
18461  51.417  -48.732  33.662 0.4000000060
16219  52.781  -51.762  33.828 0.3000000119
19327  47.037  -47.970  30.977 0.5000000000
19346  46.128  -47.567  30.562 0.5000000000
20210  44.708  -46.806  30.176 0.4000000060
18476  51.637  -48.200  33.288 0.4000000060
18495  49.270  -48.179  32.100 0.4000000060
19326  47.955  -47.868  31.258 0.5000000000
121855  46.855  -47.328  30.397 0.5000000000
20209  45.574  -46.850  30.123 0.4000000060
15500  48.130  -52.656  31.865 0.2000000030
16234  49.544  -51.900  32.396 0.2000000030
16232  52.046  -51.518  33.155 0.4000000060
16927  50.960  -50.985  32.542 0.2000000030
121258  53.109  -51.023  33.468 0.3000000119
16217  53.717  -50.765  33.972 0.3000000119
115874  48.802  -47.758  31.475 0.5000000000
125737  46.411  -46.842  30.036 0.5000000000
123267  44.783  -45.642  29.568 0.4000000060
20232  44.357  -46.180  29.833 0.4000000060
16925  53.790  -50.312  33.494 0.4000000060
18460  52.744  -48.501  33.825 0.4000000060
18477  50.724  -48.347  33.004 0.4000000060
19345  47.552  -47.360  30.562 0.5000000000
16243  47.728  -51.855  31.435 0.2000000030
16256  46.181  -51.923  30.543 0.2000000030
16242  48.601  -51.816  31.847 0.2000000030
21116  44.116  -45.478  29.629 0.4000000060
16928  50.058  -51.251  32.327 0.2000000030
17667  53.626  -49.366  34.270 0.3000000119
19313  50.170  -47.951  32.366 0.4000000060
15527  45.125  -52.031  29.896 0.2000000030
16941  48.185  -50.884  31.292 0.2000000030
17685  53.111  -50.349  32.894 0.4000000060
21117  43.306  -45.394  29.710 0.4000000060
17666  54.335  -49.364  33.864 0.3000000119
19343  49.201  -47.219  31.005 0.5000000000
20208  47.190  -46.830  29.992 0.5000000000
23915  41.705  -42.628  29.929 0.4000000060
16270  45.618  -51.462  30.029 0.2000000030
16255  46.905  -51.953  31.100 0.2000000030
19296  52.309  -47.772  33.177 0.4000000060
19324  50.571  -47.400  31.890 0.4000000060
126308  45.982  -46.204  29.659 0.5000000000
22044  44.762  -44.855  29.331 0.4000000060
16271  44.511  -51.514  29.197 0.2000000030
16254  47.315  -51.120  30.916 0.2000000030
16241  49.175  -50.950  31.755 0.2000000030
16940  50.062  -50.510  31.874 0.2000000030
18458  54.569  -48.704  33.442 0.4000000060
20206  48.788  -46.767  30.309 0.5000000000
20229  47.613  -46.251  29.578 0.5000000000
16272  43.701  -51.823  28.883 0.2000000030
16924  54.298  -49.401  33.364 0.4000000060
18459  54.077  -48.669  33.760 0.3000000119
20185  50.010  -47.067  31.231 0.5000000000
19344  48.380  -47.316  30.787 0.5000000000
20231  45.147  -46.209  29.747 0.5000000000
16285  44.123  -51.138  28.415 0.2000000030
25696  41.490  -40.746  30.508 0.4000000060
26530  41.267  -39.498  31.906 0.2000000030
22988  42.361  -43.147  29.638 0.4000000060
131717  43.530  -44.131  29.452 0.4000000060
126616  46.686  -51.312  30.627 0.2000000030
16939  50.991  -50.083  32.019 0.4000000060
21115  45.552  -45.431  29.362 0.4000000060
132466  44.424  -44.301  29.262 0.4000000060
16967  45.595  -50.595  29.370 0.2000000030
131526  48.739  -50.432  31.270 0.2000000030
16951  49.272  -49.899  31.148 0.2000000030
16954  46.842  -50.473  30.286 0.2000000030
23914  42.431  -42.351  29.603 0.4000000060
23004  43.720  -42.803  29.097 0.4000000060
22986  44.058  -43.783  29.240 0.4000000060
19323  51.632  -47.114  32.125 0.3000000119
20228  48.442  -46.292  29.646 0.5000000000
20230  46.807  -46.229  29.595 0.5000000000
126448  44.900  -43.996  28.955 0.4000000060
17700  53.691  -49.682  32.749 0.4000000060
19295  53.578  -47.871  33.433 0.4000000060
19322  52.514  -46.749  32.054 0.3000000119
20184  50.836  -46.833  31.378 0.4000000060
18474  54.729  -48.573  32.921 0.4000000060
20227  49.286  -46.317  29.840 0.5000000000
16953  47.627  -50.165  30.495 0.2000000030
23913  43.095  -42.073  29.284 0.4000000060
21136  46.140  -45.018  28.994 0.5000000000
21135  46.797  -45.085  28.783 0.5000000000
20183  51.734  -46.558  31.447 0.4000000060
20205  49.591  -46.717  30.577 0.5000000000
21113  47.225  -45.644  29.163 0.5000000000
115346  49.968  -45.865  29.446 0.5000000000
20226  50.091  -46.315  30.207 0.5000000000
16222  47.078  -51.568  33.601 0.4000000060
17687  48.561  -49.331  32.789 0.4000000060
120881  41.987  -41.979  29.831 0.4000000060
115901  42.983  -42.791  29.435 0.4000000060
21112  48.077  -45.709  29.103 0.5000000000
14780  50.884  -54.215  36.971 0.3000000119
15448  49.552  -53.144  35.702 0.3000000119
15470  48.756  -52.702  34.964 0.2000000030
121137  48.146  -52.130  34.323 0.2000000030
13409  50.658  -55.626  35.872 0.2000000030
14089  51.477  -54.158  36.742 0.3000000119
15447  51.597  -52.888  36.164 0.3000000119
15468  51.109  -52.117  35.488 0.3000000119
127436  51.105  -55.060  34.629 0.2000000030
14810  52.241  -53.532  35.483 0.2000000030
15446  52.242  -52.849  36.022 0.2000000030
14829  49.409  -53.630  32.649 0.2000000030
15586  43.251  -52.151  26.225 0.1000000015
113272  43.380  -52.893  25.863 0.1000000015
17746  50.878  -49.823  28.561 0.1000000015
13401  48.964  -55.231  37.002 0.1000000015
14782  48.852  -53.939  37.514 0.2000000030
14799  49.338  -53.621  36.808 0.2000000030
14091  50.106  -54.672  37.254 0.2000000030
14781  49.805  -54.150  37.174 0.2000000030
12715  49.972  -55.957  35.310 0.1000000015
13410  50.196  -55.600  36.241 0.2000000030
12724  49.378  -56.411  34.564 0.1000000015
11992  49.242  -57.052  33.722 0.1000000015
15528  44.207  -52.265  29.597 0.1000000015
16301  43.353  -51.382  27.182 0.1000000015
17749  47.443  -49.155  28.988 0.1000000015
18517  49.001  -48.822  29.674 0.1000000015
18516  49.738  -48.678  30.084 0.1000000015
18514  51.773  -48.219  30.329 0.1000000015
17768  46.910  -49.493  28.241 0.1000000015
18536  49.623  -48.640  29.462 0.1000000015
18535  50.281  -48.524  29.630 0.1000000015
18554  50.065  -48.802  28.964 0.1000000015
18533  53.261  -48.960  29.073 0.1000000015
19340  55.344  -47.139  30.052 0.1000000015
18531  54.769  -47.702  29.351 0.1000000015
19363  55.284  -47.351  29.027 0.1000000015
13400  49.801  -55.233  36.918 0.2000000030
13411  49.393  -55.657  35.898 0.1000000015
16938  52.209  -49.462  31.981 0.1000000015
20182  53.782  -46.814  32.195 0.3000000119
16966  46.353  -50.072  29.547 0.1000000015
16965  47.105  -49.603  29.631 0.1000000015
16952  48.417  -49.987  30.766 0.1000000015
17701  50.827  -49.197  31.340 0.1000000015
18492  53.780  -48.386  31.525 0.2000000030
20170  54.854  -47.276  32.340 0.3000000119
20203  51.975  -46.137  30.845 0.3000000119
129021  50.850  -45.710  29.462 0.3000000119
15585  43.961  -52.015  25.690 0.1000000015
16982  45.417  -50.219  28.394 0.1000000015
18515  50.660  -48.561  30.450 0.1000000015
18513  53.008  -47.989  30.516 0.1000000015
20169  55.077  -47.318  31.961 0.2000000030
21090  52.371  -45.745  30.295 0.3000000119
17751  46.258  -49.819  27.864 0.1000000015
19341  54.861  -47.454  30.508 0.1000000015
21088  54.868  -46.176  30.196 0.2000000030
21109  52.810  -45.422  29.646 0.3000000119
133725  55.349  -46.466  29.780 0.1000000015
21107  54.985  -45.775  29.413 0.2000000030
22060  52.571  -44.836  28.110 0.4000000060
19378  54.731  -47.563  28.378 0.1000000015
21106  55.438  -46.254  29.046 0.1000000015
22058  54.737  -44.816  28.152 0.3000000119
112008  43.560  -55.675  37.248 0.1000000015
13402  44.455  -55.374  36.871 0.1000000015
21134  47.605  -45.198  28.586 0.4000000060
21111  48.985  -45.821  29.154 0.4000000060
20204  50.966  -46.335  30.693 0.3000000119
21132  49.641  -45.473  28.640 0.4000000060
111957  51.124  -45.409  28.808 0.4000000060
21131  50.421  -45.272  28.266 0.4000000060
21130  52.097  -45.205  28.829 0.4000000060
22061  51.384  -45.012  27.991 0.5000000000
22059  53.717  -44.729  28.242 0.3000000119
121593  55.197  -46.899  28.248 0.2000000030
20246  55.354  -46.272  28.402 0.1000000015
22075  53.171  -44.405  27.502 0.4000000060
19380  53.392  -48.366  27.764 0.1000000015
19390  53.759  -47.342  27.493 0.1000000015
21141  55.201  -45.445  27.745 0.2000000030
22057  55.172  -45.037  27.904 0.2000000030
18567  52.171  -49.658  27.809 0.1000000015
19381  52.411  -48.541  27.524 0.1000000015
20256  54.433  -46.261  27.254 0.2000000030
18568  51.288  -49.958  27.577 0.1000000015
18579  51.187  -48.572  27.135 0.1000000015
115609  46.317  -44.484  28.560 0.4000000060
22064  45.567  -44.592  28.948 0.3000000119
22063  47.084  -44.597  28.241 0.4000000060
21133  48.616  -45.281  28.383 0.4000000060
22062  47.863  -44.782  27.951 0.4000000060
21144  49.575  -45.071  27.730 0.4000000060
21143  50.489  -44.981  27.607 0.4000000060
22077  51.019  -44.685  27.099 0.4000000060
22078  50.080  -44.784  26.936 0.4000000060
22076  52.071  -44.544  27.279 0.5000000000
22073  55.064  -44.303  27.467 0.3000000119
22074  54.260  -44.277  27.649 0.4000000060
133356  53.817  -43.884  27.197 0.4000000060
20258  52.201  -46.812  26.603 0.2000000030
20257  53.218  -46.648  26.875 0.2000000030
21148  55.267  -44.924  26.898 0.2000000030
130165  50.872  -47.640  26.606 0.1000000015
131677  51.731  -47.605  26.955 0.2000000030
14891  50.685  -53.400  26.384 0.1000000015
23020  45.921  -43.213  27.803 0.4000000060
23002  45.283  -43.093  28.275 0.4000000060
23018  47.101  -43.580  27.213 0.4000000060
22094  48.443  -44.420  26.760 0.4000000060
22095  47.734  -44.009  26.859 0.4000000060
128789  48.921  -44.387  26.183 0.4000000060
22092  50.576  -44.446  26.294 0.4000000060
22093  49.658  -44.480  26.189 0.4000000060
22091  51.579  -44.270  26.449 0.3000000119
22089  53.968  -43.491  26.760 0.4000000060
22090  52.842  -43.931  26.595 0.4000000060
22088  55.320  -44.161  26.304 0.3000000119
23016  55.228  -43.875  26.983 0.3000000119
23017  54.743  -43.675  27.057 0.4000000060
19404  50.376  -47.201  26.062 0.2000000030
20271  51.816  -46.378  25.812 0.2000000030
20269  53.626  -45.989  26.412 0.2000000030
21149  54.820  -45.271  26.608 0.2000000030
19391  50.174  -47.981  26.484 0.2000000030
14214  50.983  -54.843  25.385 0.1000000015
14903  51.089  -54.213  26.053 0.1000000015
15579  51.350  -53.212  26.074 0.1000000015
23935  45.468  -42.408  27.677 0.4000000060
23922  44.836  -42.446  28.264 0.3000000119
131643  46.511  -43.260  27.402 0.4000000060
23950  47.291  -42.571  26.232 0.4000000060
23031  46.844  -42.948  26.831 0.4000000060
126928  48.290  -43.849  26.000 0.4000000060
23030  47.490  -43.340  26.412 0.4000000060
22106  50.111  -44.073  25.619 0.4000000060
22107  49.191  -44.017  25.628 0.4000000060
127241  51.363  -43.454  25.385 0.4000000060
22105  51.035  -43.992  25.754 0.3000000119
23052  55.504  -43.148  24.585 0.3000000119
23949  55.194  -42.770  25.655 0.3000000119
23960  54.370  -42.631  25.685 0.3000000119
23961  53.218  -42.822  25.503 0.3000000119
119931  52.741  -43.400  25.832 0.3000000119
21170  50.777  -46.266  24.735 0.2000000030
20282  51.493  -46.132  25.130 0.2000000030
22118  54.044  -44.536  24.515 0.3000000119
22104  54.675  -44.370  25.030 0.2000000030
23028  55.164  -43.422  26.400 0.3000000119
23029  54.645  -43.151  26.350 0.3000000119
20272  50.941  -46.619  25.536 0.2000000030
130583  54.103  -44.994  25.285 0.2000000030
19405  49.624  -47.608  25.714 0.2000000030
24830  43.126  -41.202  29.153 0.3000000119
25707  43.179  -40.359  28.953 0.3000000119
24836  43.593  -40.957  28.691 0.3000000119
24835  44.216  -41.115  28.246 0.4000000060
123034  44.248  -42.435  28.601 0.3000000119
24858  45.993  -40.937  26.776 0.3000000119
24842  45.365  -41.101  27.327 0.4000000060
24856  47.146  -41.726  26.201 0.4000000060
24857  46.513  -41.407  26.536 0.4000000060
23951  46.612  -42.217  26.638 0.4000000060
23966  47.750  -42.082  25.676 0.4000000060
23045  47.904  -42.990  25.660 0.4000000060
23964  49.385  -42.626  24.907 0.3000000119
23043  49.686  -43.419  25.177 0.4000000060
23044  48.768  -43.277  25.327 0.4000000060
24885  54.277  -41.543  24.579 0.3000000119
23974  53.790  -42.130  25.124 0.2000000030
23975  52.803  -42.392  25.028 0.2000000030
23977  50.984  -42.151  24.608 0.2000000030
23963  51.214  -42.919  24.898 0.3000000119
23068  55.557  -43.024  23.983 0.3000000119
24873  54.862  -42.092  25.104 0.3000000119
23962  52.155  -43.037  25.266 0.2000000030
21184  50.707  -45.781  23.989 0.2000000030
21182  52.348  -44.729  23.697 0.3000000119
22119  53.215  -44.611  24.148 0.3000000119
22117  54.760  -43.917  24.285 0.3000000119
120430  42.306  -40.013  29.870 0.3000000119
25709  42.072  -40.682  29.992 0.3000000119
25708  42.636  -40.557  29.481 0.3000000119
24875  48.345  -41.407  25.344 0.3000000119
25754  51.485  -40.638  24.235 0.2000000030
24887  50.776  -41.282  24.465 0.2000000030
24874  49.179  -41.693  24.885 0.2000000030
25753  52.594  -40.733  24.246 0.2000000030
24886  51.779  -41.449  24.489 0.2000000030
23978  50.054  -41.966  24.621 0.2000000030
129602  41.598  -39.468  31.163 0.2000000030
17776  50.577  -50.033  27.036 0.1000000015
18580  50.425  -49.052  26.745 0.1000000015
21183  51.533  -45.266  23.809 0.3000000119
19416  49.326  -47.313  24.780 0.2000000030
128419  47.748  -51.641  33.813 0.3000000119
16204  49.131  -51.765  34.448 0.3000000119
15469  49.852  -52.369  35.068 0.3000000119
14795  52.549  -52.741  35.638 0.2000000030
14076  44.085  -55.103  37.398 0.1000000015
14071  48.362  -54.240  37.692 0.2000000030
17702  50.168  -49.794  31.458 0.1000000015
18473  54.819  -48.351  33.054 0.3000000119
26559  41.829  -39.901  30.487 0.3000000119
17717  49.951  -49.203  30.802 0.1000000015
23003  44.590  -43.164  28.705 0.3000000119
128017  53.311  -48.975  31.976 0.3000000119
18490  54.927  -48.060  32.659 0.2000000030
17719  48.077  -49.276  29.789 0.1000000015
14090  51.019  -54.697  37.113 0.2000000030
119338  50.513  -52.866  35.750 0.3000000119
14105  51.247  -54.910  36.602 0.1000000015
14796  52.102  -53.478  36.288 0.2000000030
18534  51.948  -48.588  29.457 0.1000000015
14070  49.212  -54.350  37.555 0.2000000030
17731  46.623  -49.495  28.940 0.1000000015
17730  48.426  -48.892  29.020 0.1000000015
131090  49.295  -49.131  30.427 0.1000000015
18494  51.468  -48.624  31.073 0.1000000015
130301  51.039  -48.374  29.740 0.1000000015
19364  53.884  -47.889  29.723 0.1000000015
20200  55.389  -46.910  30.522 0.1000000015
18493  52.438  -48.466  31.200 0.2000000030
126158  52.882  -46.035  30.937 0.3000000119
19321  55.223  -47.185  31.258 0.2000000030
20202  53.816  -46.374  31.368 0.3000000119
21110  51.732  -45.538  29.531 0.4000000060
132089  50.380  -45.536  28.918 0.4000000060
20201  54.858  -46.555  31.029 0.3000000119
21089  53.693  -45.856  30.512 0.3000000119
21108  54.018  -45.476  29.656 0.3000000119
112777  49.205  -44.727  26.844 0.4000000060
131408  52.743  -47.484  27.249 0.2000000030
23001  46.581  -43.863  27.933 0.4000000060
22079  48.618  -44.822  27.503 0.4000000060
20270  52.745  -46.122  26.109 0.2000000030
22102  55.361  -43.489  25.472 0.3000000119
21158  54.715  -44.823  25.803 0.2000000030
21160  52.381  -45.711  25.174 0.2000000030
131888  45.399  -41.773  27.456 0.4000000060
23936  44.911  -41.679  27.853 0.4000000060
23952  45.886  -41.818  27.016 0.4000000060
23973  55.346  -42.428  24.739 0.3000000119
21169  51.555  -45.708  24.516 0.2000000030
21168  52.417  -45.213  24.308 0.2000000030
25711  44.338  -40.267  27.927 0.4000000060
23965  48.530  -42.379  25.249 0.4000000060
23054  50.294  -42.802  24.797 0.2000000030
25751  54.718  -41.226  23.738 0.2000000030
25752  53.756  -40.881  24.147 0.2000000030
118368  53.006  -41.574  24.669 0.2000000030
23976  51.946  -42.285  24.756 0.2000000030
24843  44.737  -40.897  27.727 0.3000000119
25712  43.741  -40.293  28.423 0.2000000030
26566  44.561  -39.503  27.687 0.3000000119
26557  42.759  -39.615  29.352 0.2000000030
27425  42.720  -38.723  29.634 0.2000000030
14132  51.137  -54.521  34.134 0.1000000015
13450  50.192  -55.673  33.159 0.1000000015
14145  50.464  -54.754  33.338 0.1000000015
14092  48.103  -54.833  37.350 0.1000000015
14820  51.851  -53.660  34.523 0.1000000015
122582  49.794  -54.574  32.770 0.1000000015
14821  51.075  -53.748  33.740 0.1000000015
26517  41.287  -39.243  32.765 0.1000000015
27368  41.732  -38.770  32.281 0.1000000015
133469  42.810  -38.131  32.701 0.1000000015
27367  42.254  -38.321  31.810 0.1000000015
26545  41.990  -39.047  30.763 0.1000000015
27390  42.288  -38.380  31.067 0.1000000015
27413  42.452  -38.538  30.346 0.1000000015
28279  42.711  -37.870  30.619 0.1000000015
28283  42.860  -38.006  29.932 0.1000000015
26562  43.346  -39.556  28.698 0.1000000015
26561  43.924  -39.513  28.171 0.2000000030
125028  43.105  -38.137  29.268 0.1000000015
29258  43.634  -36.936  29.136 0.2000000030
25715  45.633  -40.265  27.027 0.2000000030
121244  43.896  -37.220  28.432 0.2000000030
27427  44.140  -38.708  27.971 0.2000000030
27432  44.858  -38.728  27.505 0.2000000030
26565  45.278  -39.530  27.271 0.2000000030
29261  44.167  -36.465  28.685 0.2000000030
28296  44.410  -37.785  27.834 0.2000000030
27431  45.612  -38.841  27.090 0.2000000030
25724  46.260  -40.190  26.638 0.2000000030
119975  47.026  -40.920  26.234 0.2000000030
24876  47.617  -41.163  25.800 0.2000000030
25739  48.112  -40.477  25.523 0.1000000015
29257  44.103  -36.351  29.484 0.2000000030
26575  45.930  -39.542  26.830 0.2000000030
26574  46.626  -39.469  26.495 0.2000000030
26573  47.241  -39.615  26.191 0.1000000015
27440  47.521  -38.893  26.105 0.1000000015
26584  47.833  -39.661  25.774 0.1000000015
27391  41.810  -38.879  31.504 0.1000000015
27346  41.857  -38.710  33.056 0.1000000015
27345  42.770  -38.430  33.253 0.1000000015
28238  42.861  -37.845  32.189 0.1000000015
28262  43.389  -37.378  31.632 0.1000000015
127131  43.363  -38.253  28.757 0.2000000030
132933  44.960  -37.244  27.563 0.2000000030
22129  54.957  -43.452  23.745 0.2000000030
22131  53.114  -44.189  23.689 0.2000000030
22132  51.355  -44.763  23.219 0.2000000030
23072  52.252  -44.091  23.196 0.2000000030
23990  55.347  -42.476  23.100 0.2000000030
23071  53.580  -43.597  23.390 0.2000000030
23070  54.804  -43.132  23.267 0.2000000030
22144  51.019  -44.273  22.601 0.2000000030
24883  55.440  -42.367  23.802 0.2000000030
23084  54.026  -42.953  23.023 0.1000000015
23085  52.785  -43.186  23.016 0.2000000030
23991  54.816  -42.365  22.644 0.2000000030
24901  55.315  -41.702  23.059 0.2000000030
24001  51.939  -42.526  22.513 0.1000000015
24000  53.499  -42.379  22.651 0.1000000015
24911  54.330  -41.549  22.091 0.1000000015
24003  50.654  -43.004  21.697 0.1000000015
29251  44.249  -36.355  30.375 0.1000000015
25770  55.005  -41.029  22.959 0.1000000015
23999  55.115  -41.694  22.427 0.1000000015
24913  51.785  -41.768  22.146 0.1000000015
24912  52.905  -41.733  22.235 0.1000000015
121297  50.438  -42.654  21.087 0.1000000015
24925  51.381  -41.332  21.663 0.1000000015
111946  50.428  -42.586  18.875 0.1000000015
30189  44.549  -35.775  28.977 0.1000000015
29231  45.382  -36.214  31.170 0.1000000015
29250  44.877  -35.922  30.586 0.1000000015
24910  54.941  -41.179  21.909 0.1000000015
25782  54.491  -40.473  22.348 0.1000000015
125518  52.597  -41.170  21.710 0.1000000015
24019  50.280  -42.238  20.200 0.1000000015
25795  50.999  -40.785  21.102 0.1000000015
30175  45.212  -35.402  30.079 0.1000000015
29273  44.706  -35.990  28.227 0.1000000015
26610  52.691  -39.608  23.159 0.1000000015
25772  52.142  -40.089  23.808 0.1000000015
26623  54.117  -39.859  21.731 0.1000000015
26609  53.643  -39.827  22.640 0.1000000015
25771  53.407  -40.221  23.489 0.1000000015
26633  54.202  -39.883  20.974 0.1000000015
26622  54.405  -40.373  21.494 0.1000000015
25806  53.321  -40.051  20.605 0.1000000015
25805  54.118  -40.032  20.838 0.1000000015
24924  53.753  -41.169  21.657 0.1000000015
24923  54.516  -40.865  21.598 0.1000000015
26646  52.763  -39.623  20.128 0.1000000015
25807  51.829  -40.182  20.587 0.1000000015
25794  52.200  -40.609  21.203 0.1000000015
31124  45.641  -34.888  29.613 0.1000000015
30193  45.190  -35.257  28.576 0.1000000015
25773  51.129  -39.951  23.918 0.1000000015
26645  53.697  -39.495  20.510 0.1000000015
25755  50.550  -40.446  24.328 0.1000000015
23086  51.515  -43.540  22.615 0.1000000015
122853  50.993  -42.984  22.192 0.1000000015
24936  50.428  -41.290  20.423 0.1000000015
26611  51.643  -39.485  23.390 0.1000000015
111592  49.872  -53.505  21.583 0.1000000015
14967  50.415  -52.705  20.967 0.1000000015
14956  49.125  -53.839  21.353 0.1000000015
14278  49.624  -54.430  22.009 0.1000000015
13576  47.718  -55.627  21.173 0.1000000015
121100  47.565  -57.486  21.173 0.1000000015
11432  45.604  -58.546  20.561 0.1000000015
14955  50.813  -53.154  21.923 0.1000000015
15636  51.387  -52.297  21.370 0.1000000015
14279  48.857  -54.653  21.628 0.1000000015
13575  48.920  -55.888  21.792 0.1000000015
16373  51.580  -51.405  19.785 0.1000000015
120649  52.060  -50.992  20.670 0.1000000015
17051  51.706  -51.247  21.577 0.1000000015
14954  51.462  -52.750  22.330 0.1000000015
14277  50.322  -54.072  22.410 0.1000000015
14968  49.336  -53.154  20.547 0.1000000015
17060  51.346  -50.537  21.380 0.1000000015
17052  51.002  -51.021  22.363 0.1000000015
15670  50.860  -51.811  19.304 0.1000000015
16372  52.110  -50.814  19.753 0.1000000015
16388  52.165  -50.542  18.975 0.1000000015
15685  50.656  -51.825  18.345 0.1000000015
16389  51.557  -51.160  18.887 0.1000000015
16400  51.890  -50.639  18.319 0.1000000015
112872  51.656  -51.786  21.755 0.1000000015
11433  44.698  -58.665  20.433 0.1000000015
4257  38.469  -69.373  31.714 0.1000000015
4258  37.731  -69.500  32.149 0.1000000015
4259  37.105  -69.331  32.468 0.1000000015
4262  33.342  -69.523  32.257 0.1000000015
4273  34.821  -69.497  31.368 0.1000000015
4274  33.421  -69.414  31.624 0.1000000015
4284  36.895  -69.512  30.730 0.1000000015
4286  35.253  -69.476  30.687 0.1000000015
4727  37.655  -68.938  34.513 0.1000000015
4728  37.095  -68.438  34.369 0.1000000015
4744  36.791  -68.632  33.624 0.1000000015
4746  34.173  -68.473  32.672 0.1000000015
4761  36.579  -68.907  32.781 0.1000000015
4763  34.831  -68.835  32.339 0.1000000015
4773  39.582  -68.363  31.817 0.1000000015
4774  39.005  -68.966  31.291 0.1000000015
4778  38.382  -68.738  30.703 0.1000000015
4782  34.688  -69.085  30.358 0.1000000015
4787  36.211  -68.204  29.566 0.1000000015
4789  34.846  -68.505  29.823 0.1000000015
4790  34.119  -68.081  29.978 0.1000000015
5215  38.670  -68.357  35.240 0.1000000015
5239  36.374  -67.960  33.986 0.1000000015
5271  37.606  -68.385  30.284 0.1000000015
5272  35.971  -67.286  29.660 0.1000000015
5279  34.828  -67.642  29.530 0.1000000015
5740  35.056  -66.878  33.962 0.1000000015
5771  32.063  -66.328  30.997 0.1000000015
6245  40.227  -65.982  40.557 0.1000000015
6283  39.656  -66.218  38.410 0.1000000015
6314  38.286  -66.414  35.060 0.1000000015
6369  35.117  -65.962  29.645 0.1000000015
6850  40.815  -65.442  40.776 0.1000000015
6852  39.757  -65.360  41.023 0.1000000015
6867  39.583  -65.755  39.804 0.1000000015
6899  44.673  -63.678  35.358 0.1000000015
6913  39.300  -65.753  36.719 0.1000000015
6939  40.879  -65.028  33.437 0.1000000015
7469  35.906  -63.838  46.860 0.1000000015
7514  41.670  -63.687  42.601 0.1000000015
7522  40.789  -64.643  42.261 0.1000000015
7566  45.834  -62.615  36.067 0.1000000015
7656  31.907  -63.309  29.615 0.1000000015
8212  38.452  -62.275  45.777 0.1000000015
8261  39.278  -63.357  41.077 0.1000000015
8275  38.373  -62.447  39.966 0.1000000015
8312  45.477  -62.537  35.254 0.1000000015
8324  44.222  -62.572  34.781 0.1000000015
8327  37.527  -62.726  35.362 0.1000000015
8359  37.997  -62.827  32.952 0.1000000015
8395  31.559  -62.383  29.592 0.1000000015
8893  37.393  -61.060  44.515 0.1000000015
8911  38.816  -61.146  42.809 0.1000000015
8986  42.679  -61.652  35.681 0.1000000015
9002  37.223  -61.976  35.674 0.1000000015
9015  40.620  -61.546  34.563 0.1000000015
9028  38.000  -61.613  33.272 0.1000000015
9036  36.757  -61.454  32.290 0.1000000015
9088  38.866  -63.196  27.748 0.1000000015
9090  36.338  -61.676  27.619 0.1000000015
9664  37.442  -60.522  39.606 0.1000000015
9755  35.730  -61.331  30.835 0.1000000015
9773  35.696  -60.994  30.404 0.1000000015
10368  36.411  -59.814  44.229 0.1000000015
10381  36.610  -59.564  43.505 0.1000000015
10407  37.251  -59.789  41.645 0.1000000015
10461  36.180  -59.676  37.289 0.1000000015
10505  38.610  -58.963  34.007 0.1000000015
11153  34.636  -58.077  44.818 0.1000000015
11192  36.129  -58.699  41.458 0.1000000015
11201  35.554  -58.224  40.283 0.1000000015
11282  37.543  -58.597  32.443 0.1000000015
11295  37.297  -58.722  31.756 0.1000000015
11313  38.504  -58.083  31.229 0.1000000015
11326  37.763  -58.816  30.667 0.1000000015
11984  41.509  -57.192  36.057 0.1000000015
12004  38.402  -57.583  32.997 0.1000000015
12024  38.515  -57.384  32.239 0.1000000015
12045  38.970  -57.466  31.536 0.1000000015
12725  48.706  -56.507  34.212 0.1000000015
12727  40.653  -56.345  34.463 0.1000000015
12742  39.370  -56.846  33.605 0.1000000015
12743  38.895  -57.017  33.163 0.1000000015
12764  40.886  -55.840  32.421 0.1000000015
12773  42.002  -56.649  31.869 0.1000000015
12775  40.334  -56.302  31.944 0.1000000015
12777  39.066  -56.788  32.154 0.1000000015
13399  50.651  -55.241  36.874 0.2000000030
13408  51.253  -55.045  35.555 0.1000000015
13454  42.876  -55.357  32.691 0.1000000015
14027  40.911  -54.486  43.355 0.1000000015
14037  40.176  -54.101  42.955 0.1000000015
14042  37.697  -54.466  41.236 0.1000000015
14072  47.623  -54.369  37.578 0.4000000060
14073  46.928  -54.291  37.478 0.2000000030
14074  46.030  -54.264  37.465 0.2000000030
14094  45.736  -54.815  36.761 0.1000000015
14104  51.775  -54.229  36.117 0.2000000030
14119  51.668  -54.362  35.080 0.2000000030
14135  43.786  -54.582  33.737 0.1000000015
14215  50.704  -54.561  25.611 0.1000000015
14280  47.956  -54.768  21.126 0.1000000015
14716  43.545  -53.545  43.118 0.1000000015
14718  41.680  -53.909  43.132 0.1000000015
14742  38.138  -53.806  41.714 0.1000000015
14790  38.919  -53.171  36.636 0.3000000119
14797  51.620  -53.625  36.510 0.3000000119
14798  50.576  -53.593  36.555 0.3000000119
14800  48.492  -53.487  37.107 0.2000000030
14828  50.274  -53.741  33.123 0.1000000015
14840  46.551  -53.722  31.086 0.1000000015
14848  45.373  -53.374  30.420 0.1000000015
14890  51.150  -53.435  26.345 0.1000000015
14902  51.398  -53.868  25.921 0.1000000015
15396  38.244  -52.768  41.473 0.1000000015
15409  37.143  -52.167  39.770 0.1000000015
15440  37.719  -52.122  36.824 0.4000000060
15583  46.766  -52.109  25.081 0.1000000015
15654  51.821  -51.452  20.635 0.1000000015
15655  51.119  -51.991  20.341 0.1000000015
15656  50.098  -52.391  19.921 0.1000000015
16116  43.702  -50.762  42.061 0.1000000015
16119  43.166  -50.902  41.618 0.1000000015
16129  37.511  -51.713  40.391 0.1000000015
16150  36.874  -51.825  38.183 0.2000000030
16199  53.625  -50.750  34.472 0.3000000119
16200  53.300  -51.475  35.023 0.3000000119
16269  46.154  -50.920  30.174 0.2000000030
16286  43.442  -51.542  28.008 0.2000000030
16300  43.906  -50.923  27.609 0.2000000030
16319  43.545  -51.483  26.431 0.1000000015
16330  48.289  -51.777  25.958 0.1000000015
16334  44.321  -51.044  26.031 0.2000000030
16371  52.332  -50.292  19.305 0.1000000015
16797  37.743  -50.401  43.769 0.1000000015
16810  42.756  -50.119  41.884 0.1000000015
16819  42.366  -50.157  41.363 0.1000000015
16820  41.759  -49.870  40.962 0.1000000015
16826  41.867  -49.661  41.212 0.1000000015
16827  41.171  -49.543  40.672 0.1000000015
16848  36.250  -49.907  38.754 0.2000000030
16855  36.274  -50.395  37.460 0.2000000030
16889  52.473  -50.704  34.964 0.4000000060
16905  54.086  -50.171  34.012 0.3000000119
16906  50.577  -49.965  34.176 0.4000000060
16926  52.121  -50.644  32.661 0.4000000060
16981  46.008  -49.925  28.916 0.1000000015
16983  44.584  -50.584  28.001 0.2000000030
17018  45.452  -50.380  26.692 0.2000000030
17026  50.504  -51.461  26.535 0.2000000030
17073  52.193  -50.375  19.866 0.1000000015
17101  52.370  -49.725  17.859 0.1000000015
17572  41.572  -49.184  41.379 0.1000000015
17592  36.653  -49.291  39.338 0.2000000030
17637  37.947  -49.717  35.002 0.5000000000
17653  39.387  -49.589  34.515 0.5000000000
17665  54.569  -48.832  33.351 0.4000000060
17675  40.393  -49.160  33.767 0.5000000000
17677  38.949  -49.059  34.398 0.5000000000
17718  48.766  -49.344  30.381 0.1000000015
17750  46.177  -49.789  28.360 0.1000000015
17794  48.578  -48.542  23.824 0.2000000030
17802  48.657  -49.158  23.419 0.2000000030
17819  50.550  -49.886  21.217 0.2000000030
17820  49.648  -49.343  21.547 0.2000000030
17825  52.413  -49.660  19.195 0.2000000030
17864  52.537  -49.032  17.667 0.1000000015
18351  40.742  -48.632  41.653 0.1000000015
18364  41.245  -48.659  40.976 0.1000000015
18365  40.785  -48.199  41.080 0.1000000015
18418  35.685  -48.066  36.331 0.3000000119
18448  37.050  -48.761  34.927 0.4000000060
18475  54.318  -48.879  32.551 0.3000000119
18484  39.810  -47.899  32.867 0.5000000000
18491  54.851  -48.122  32.162 0.2000000030
18498  46.794  -48.626  31.471 0.5000000000
18499  46.014  -48.729  31.375 0.5000000000
18502  42.389  -48.233  31.499 0.6000000238
18503  41.641  -48.029  31.703 0.5000000000
18512  54.401  -47.862  31.090 0.1000000015
18537  49.252  -48.731  28.993 0.1000000015
18550  54.428  -48.038  28.664 0.1000000015
18553  50.950  -48.848  29.149 0.1000000015
18644  52.891  -47.873  17.402 0.1000000015
18658  52.672  -48.371  17.443 0.1000000015
18673  52.517  -47.918  16.767 0.1000000015
19276  36.778  -47.196  34.400 0.4000000060
19294  54.589  -48.157  33.253 0.4000000060
19309  54.952  -47.779  32.622 0.3000000119
19310  54.310  -47.465  32.881 0.3000000119
19311  52.873  -47.211  32.762 0.3000000119
19312  51.242  -47.746  32.646 0.4000000060
19325  49.657  -47.599  31.686 0.4000000060
19342  52.790  -47.937  29.915 0.1000000015
19362  55.514  -46.813  28.908 0.1000000015
19403  51.272  -46.981  26.309 0.2000000030
19415  50.032  -46.825  25.232 0.2000000030
19430  49.128  -47.191  23.860 0.3000000119
19431  48.644  -47.828  23.417 0.3000000119
19471  52.941  -47.420  17.786 0.1000000015
19472  52.456  -47.329  18.455 0.1000000015
19485  53.215  -47.271  16.949 0.1000000015
19503  52.566  -47.182  16.560 0.1000000015
20181  54.891  -46.886  31.810 0.2000000030
20186  40.751  -46.565  31.057 0.5000000000
20207  47.978  -46.803  30.119 0.5000000000
20212  42.619  -46.685  30.420 0.5000000000
20225  55.512  -46.871  29.570 0.1000000015
20247  55.177  -46.126  27.804 0.2000000030
20248  54.548  -47.296  27.876 0.2000000030
20333  50.010  -47.026  20.793 0.3000000119
20346  53.236  -46.876  17.414 0.1000000015
20355  53.377  -46.782  17.012 0.1000000015
20370  53.210  -46.637  16.705 0.1000000015
20371  52.902  -46.500  16.504 0.1000000015
20372  52.483  -46.435  16.471 0.1000000015
21028  35.724  -45.981  35.999 0.2000000030
21080  39.362  -45.384  31.453 0.5000000000
21081  38.678  -45.500  31.959 0.5000000000
21091  51.389  -45.890  30.142 0.3000000119
21092  50.640  -46.028  29.979 0.4000000060
21095  40.881  -45.279  30.521 0.5000000000
21114  46.428  -45.576  29.276 0.5000000000
21119  41.682  -45.369  30.254 0.5000000000
21126  55.282  -45.747  28.380 0.2000000030
21127  55.090  -45.483  28.644 0.1000000015
21128  54.320  -45.189  28.874 0.2000000030
21129  53.217  -45.076  28.922 0.3000000119
21142  54.991  -45.579  27.304 0.2000000030
21150  54.248  -45.470  26.147 0.2000000030
21159  53.406  -45.551  25.638 0.2000000030
21167  53.276  -45.118  24.811 0.3000000119
21185  49.960  -45.866  23.337 0.4000000060
21211  50.094  -45.282  22.019 0.3000000119
21255  53.262  -46.270  16.750 0.1000000015
21256  53.095  -45.729  16.708 0.1000000015
21950  43.076  -44.418  36.711 0.1000000015
21951  42.530  -44.293  36.577 0.1000000015
22000  37.197  -44.124  33.609 0.4000000060
22036  39.845  -44.343  30.829 0.5000000000
22045  43.892  -44.635  29.464 0.4000000060
22065  45.683  -43.813  28.459 0.4000000060
22072  55.266  -44.463  27.129 0.2000000030
22080  47.370  -44.226  27.604 0.4000000060
22103  55.151  -44.199  25.602 0.3000000119
22116  55.201  -43.719  24.829 0.3000000119
22130  54.131  -43.977  23.787 0.2000000030
22774  42.214  -44.543  44.678 0.1000000015
22881  38.086  -43.763  37.643 0.1000000015
22927  36.771  -43.945  35.703 0.2000000030
22953  37.950  -42.820  33.420 0.2000000030
22987  43.149  -43.591  29.475 0.4000000060
22989  41.661  -43.501  29.953 0.4000000060
23015  55.312  -43.862  26.628 0.3000000119
23019  46.186  -42.660  27.211 0.4000000060
23027  55.336  -43.608  26.120 0.3000000119
23039  55.339  -43.180  25.767 0.3000000119
23040  53.643  -43.238  26.123 0.4000000060
23041  51.939  -43.718  25.869 0.4000000060
23042  50.601  -43.479  25.233 0.3000000119
23053  55.323  -43.346  24.119 0.3000000119
23069  55.379  -43.026  23.582 0.2000000030
23144  52.110  -43.772  16.196 0.1000000015
23730  42.085  -43.080  41.377 0.1000000015
23801  40.930  -42.963  37.822 0.1000000015
23835  37.737  -43.053  35.551 0.1000000015
23900  38.818  -42.735  32.142 0.4000000060
23908  41.067  -42.262  30.391 0.5000000000
23923  43.750  -41.802  28.732 0.3000000119
23959  55.504  -42.911  25.103 0.3000000119
23972  55.540  -42.796  24.286 0.3000000119
23989  55.485  -42.787  23.699 0.3000000119
24002  50.927  -42.229  21.941 0.1000000015
24792  40.053  -40.663  32.474 0.4000000060
24831  42.445  -41.468  29.606 0.4000000060
24832  41.795  -41.398  30.064 0.4000000060
24884  55.183  -41.798  24.224 0.2000000030
24922  54.715  -40.834  21.666 0.1000000015
24926  50.603  -41.688  21.220 0.1000000015
25639  39.957  -40.744  33.793 0.2000000030
25677  41.270  -40.134  31.132 0.2000000030
25716  44.987  -40.266  27.485 0.3000000119
25722  47.450  -40.333  25.981 0.1000000015
25723  46.863  -40.203  26.344 0.2000000030
25792  54.323  -40.389  21.342 0.1000000015
25793  53.739  -40.560  21.168 0.1000000015
25808  50.792  -40.478  20.346 0.1000000015
26558  42.316  -39.303  30.067 0.1000000015
27424  43.098  -38.827  28.987 0.1000000015
27428  43.573  -38.791  28.464 0.2000000030
27442  46.199  -38.950  26.723 0.2000000030
28263  42.713  -37.785  31.359 0.1000000015
28282  43.279  -37.505  29.569 0.1000000015
28285  43.739  -38.026  28.339 0.2000000030
28286  43.444  -37.633  28.873 0.2000000030
28295  45.279  -38.020  27.346 0.2000000030
30176  44.610  -35.789  29.786 0.1000000015
30188  45.047  -35.265  29.319 0.1000000015
111859  38.220  -60.990  41.542 0.1000000015
111900  50.784  -52.222  26.433 0.2000000030
111916  45.256  -54.610  37.333 0.2000000030
112183  34.099  -63.219  29.167 0.1000000015
112391  52.247  -50.050  19.858 0.2000000030
112482  33.274  -64.387  29.232 0.1000000015
113033  47.964  -44.474  27.330 0.4000000060
113275  52.594  -45.738  16.458 0.1000000015
113470  33.962  -66.007  29.374 0.1000000015
113705  36.503  -59.345  39.496 0.1000000015
114265  33.420  -68.191  30.551 0.1000000015
115381  40.162  -48.222  40.638 0.1000000015
115704  36.792  -47.668  43.930 0.1000000015
115986  39.192  -59.160  30.457 0.1000000015
116136  40.622  -66.158  38.716 0.1000000015
116274  43.210  -64.273  36.622 0.1000000015
116609  45.145  -51.289  29.445 0.2000000030
117259  55.095  -44.665  26.234 0.3000000119
118071  43.036  -48.366  31.351 0.5000000000
118159  55.067  -41.230  22.188 0.1000000015
118603  47.068  -57.941  21.006 0.1000000015
118951  52.741  -46.381  31.511 0.3000000119
119539  45.920  -35.223  30.376 0.1000000015
120049  44.448  -36.802  27.989 0.2000000030
120437  44.388  -41.908  28.323 0.4000000060
122044  38.345  -63.269  38.005 0.1000000015
122342  46.885  -52.850  36.663 0.3000000119
122606  42.346  -38.345  32.542 0.1000000015
122729  52.843  -47.937  17.741 0.1000000015
122990  36.617  -59.854  32.127 0.1000000015
123859  47.685  -53.115  36.624 0.4000000060
124072  50.281  -46.651  30.825 0.4000000060
124171  41.127  -49.187  33.710 0.5000000000
124218  37.852  -60.623  41.217 0.1000000015
124602  55.001  -47.586  32.123 0.2000000030
124626  49.075  -49.724  33.308 0.4000000060
124729  44.270  -43.616  35.432 0.1000000015
125241  53.731  -47.759  30.216 0.1000000015
125364  43.242  -46.567  30.220 0.5000000000
125844  43.126  -37.520  30.200 0.1000000015
125884  38.853  -49.524  34.675 0.5000000000
125991  38.600  -42.082  34.844 0.1000000015
126676  49.088  -54.792  37.494 0.2000000030
126757  46.252  -62.181  36.210 0.1000000015
127120  46.527  -40.729  26.494 0.2000000030
127146  44.949  -51.590  34.300 0.4000000060
127730  55.242  -47.059  31.389 0.3000000119
127824  41.568  -41.971  30.130 0.4000000060
128030  43.836  -61.097  37.941 0.1000000015
128144  54.988  -47.504  31.562 0.2000000030
128377  50.286  -40.965  19.778 0.1000000015
128495  52.554  -52.347  34.122 0.3000000119
129071  45.755  -49.988  27.881 0.1000000015
129218  52.791  -47.522  16.684 0.1000000015
129303  40.270  -67.199  36.031 0.1000000015
129454  45.500  -35.691  30.695 0.1000000015
129893  50.115  -45.463  22.726 0.3000000119
129923  37.591  -65.071  34.684 0.1000000015
130467  37.420  -53.728  39.290 0.1000000015
130671  42.579  -40.802  34.678 0.1000000015
130699  39.982  -66.667  38.617 0.1000000015
131125  33.200  -66.518  30.046 0.1000000015
131306  35.738  -62.513  30.883 0.1000000015
131841  47.863  -49.556  32.639 0.5000000000
131995  36.432  -46.770  38.593 0.2000000030
132173  45.662  -52.050  30.273 0.2000000030
132178  45.115  -43.521  28.597 0.3000000119
132380  45.236  -52.876  42.978 0.1000000015
132686  48.720  -48.601  24.604 0.2000000030
132810  45.106  -51.403  33.698 0.4000000060
133165  38.349  -59.556  33.769 0.1000000015
133166  51.966  -47.456  32.675 0.3000000119
133532  41.795  -65.017  37.051 0.1000000015
133623  35.978  -47.980  35.683 0.3000000119
133690  38.063  -61.774  39.780 0.1000000015
133876  38.255  -64.104  35.372 0.1000000015
133954  54.346  -40.692  23.354 0.1000000015
134280  44.880  -51.086  25.741 0.2000000030
134314  44.015  -51.294  34.977 0.4000000060
134330  36.271  -61.131  45.489 0.1000000015
134422  36.945  -64.713  34.503 0.1000000015
