#!ascii label  , from subject sub-v1s15x0050185_ses-1 vox2ras=TkReg
1332
16512  -36.556  -16.762  14.363 0.5000000000
15996  -37.155  -17.544  13.843 0.5000000000
17050  -36.988  -16.545  13.344 0.4000000060
15998  -37.840  -17.247  12.966 0.5000000000
17051  -37.172  -15.828  12.814 0.5000000000
27441  -33.123  -1.095  10.582 0.5000000000
27454  -34.775  -0.196  10.746 0.4000000060
27453  -33.817  -0.619  10.258 0.4000000060
28243  -35.259  0.490  10.498 0.6000000238
28234  -35.692  0.093  11.100 0.5000000000
68973  -35.692  0.995  10.198 0.5000000000
68972  -36.140  0.726  10.764 0.5000000000
80437  -36.454  1.445  10.249 0.4000000060
68963  -36.872  1.091  11.110 0.5000000000
15566  -37.266  -18.205  14.461 0.5000000000
81714  -37.569  -18.128  13.933 0.4000000060
15572  -38.078  -17.994  13.467 0.5000000000
16516  -38.562  -16.798  12.832 0.5000000000
17055  -38.079  -15.822  12.551 0.5000000000
17054  -37.352  -15.117  12.508 0.5000000000
76467  -32.421  -1.775  10.770 0.5000000000
26690  -32.452  -1.547  10.438 0.5000000000
27440  -32.639  -1.290  10.410 0.5000000000
27452  -32.789  -0.876  9.991 0.5000000000
28242  -34.358  0.122  10.047 0.6000000238
68955  -35.999  3.855  8.383 0.3000000119
81252  -36.331  3.185  8.618 0.3000000119
68983  -37.070  2.153  9.939 0.4000000060
68970  -36.171  2.082  9.092 0.3000000119
80673  -36.864  2.633  8.943 0.4000000060
16515  -37.688  -16.485  12.770 0.5000000000
81178  -37.139  3.671  8.652 0.3000000119
11761  -42.781  -27.638  24.559 0.3000000119
12172  -42.281  -27.003  24.898 0.3000000119
12160  -41.742  -26.306  25.219 0.4000000060
11760  -41.782  -27.631  24.568 0.4000000060
12171  -41.208  -26.932  24.888 0.4000000060
12159  -40.730  -26.191  25.149 0.4000000060
12587  -39.831  -25.949  24.995 0.4000000060
12173  -43.034  -27.145  24.907 0.3000000119
12161  -42.783  -26.361  25.228 0.3000000119
12575  -41.963  -25.656  25.812 0.4000000060
83505  -41.199  -25.735  25.496 0.4000000060
12573  -40.334  -25.451  25.526 0.4000000060
12572  -39.575  -25.130  25.259 0.4000000060
12576  -43.302  -25.385  25.906 0.3000000119
84687  -42.904  -25.661  25.624 0.3000000119
12559  -42.588  -25.201  26.134 0.3000000119
12558  -41.687  -24.881  26.488 0.4000000060
12574  -41.069  -25.038  25.861 0.4000000060
13377  -40.132  -23.643  26.402 0.4000000060
12960  -40.061  -24.470  25.920 0.4000000060
14229  -40.221  -22.007  25.791 0.4000000060
13798  -40.012  -22.748  26.237 0.4000000060
13376  -39.658  -23.462  25.755 0.4000000060
12560  -44.065  -25.449  26.372 0.3000000119
81456  -43.649  -26.045  25.583 0.3000000119
77858  -43.142  -24.908  26.538 0.3000000119
12961  -40.865  -24.234  26.438 0.4000000060
13378  -40.598  -23.225  26.949 0.4000000060
83372  -40.671  -21.525  25.749 0.4000000060
12945  -43.762  -24.593  27.223 0.3000000119
12948  -42.700  -24.140  27.366 0.3000000119
13364  -42.098  -23.312  27.450 0.4000000060
13363  -41.584  -24.004  27.125 0.4000000060
73789  -41.345  -23.153  27.245 0.4000000060
14220  -42.232  -20.996  26.296 0.3000000119
14206  -41.668  -21.927  26.535 0.4000000060
14219  -41.384  -21.344  25.947 0.3000000119
13799  -40.728  -22.131  26.387 0.4000000060
75192  -46.363  -24.212  27.341 0.3000000119
13365  -45.500  -23.935  27.526 0.3000000119
12949  -44.804  -24.905  27.195 0.3000000119
80426  -44.383  -23.931  27.585 0.3000000119
13358  -43.889  -23.062  27.836 0.3000000119
85958  -43.543  -23.834  27.603 0.3000000119
13357  -43.036  -23.271  27.646 0.3000000119
13356  -42.688  -22.559  27.419 0.3000000119
14207  -42.647  -21.701  26.953 0.3000000119
13787  -41.816  -22.573  27.170 0.4000000060
14601  -41.751  -20.466  25.772 0.4000000060
82489  -41.958  -19.756  25.629 0.4000000060
14617  -41.265  -19.974  25.345 0.4000000060
13366  -46.396  -23.225  27.271 0.3000000119
13782  -44.770  -23.037  27.644 0.3000000119
14209  -44.600  -21.354  26.966 0.3000000119
14201  -44.117  -22.130  27.720 0.3000000119
14208  -43.630  -21.347  27.127 0.3000000119
13781  -43.444  -22.564  27.683 0.3000000119
14592  -43.081  -20.682  26.628 0.3000000119
14602  -42.575  -19.958  26.158 0.3000000119
15012  -42.427  -19.221  25.615 0.3000000119
15025  -40.949  -19.419  25.022 0.4000000060
13788  -47.219  -23.014  26.788 0.3000000119
13359  -45.597  -22.916  27.486 0.3000000119
13783  -45.991  -22.233  27.137 0.3000000119
13789  -48.099  -22.840  26.588 0.3000000119
14213  -48.288  -21.834  26.360 0.3000000119
14202  -45.105  -22.206  27.271 0.3000000119
14211  -46.413  -21.564  26.645 0.3000000119
14593  -44.084  -20.538  26.468 0.3000000119
14603  -43.981  -19.971  25.775 0.3000000119
83445  -43.362  -20.059  26.239 0.3000000119
15011  -41.644  -19.235  25.324 0.4000000060
15024  -40.195  -19.022  24.661 0.5000000000
81495  -46.663  -22.365  26.845 0.3000000119
14212  -47.333  -21.907  26.544 0.3000000119
14210  -45.547  -21.442  26.757 0.3000000119
14595  -46.061  -20.802  26.282 0.3000000119
14221  -48.689  -20.996  26.178 0.3000000119
14214  -49.105  -21.754  26.275 0.3000000119
14594  -45.149  -20.672  26.397 0.3000000119
14222  -49.567  -20.965  25.972 0.3000000119
14604  -44.816  -20.073  25.817 0.3000000119
14223  -50.481  -21.087  25.607 0.3000000119
15013  -43.327  -19.395  25.688 0.3000000119
14610  -50.634  -20.223  25.053 0.3000000119
15485  -43.632  -18.873  24.870 0.3000000119
15479  -42.949  -18.753  25.364 0.3000000119
15478  -42.153  -18.463  25.178 0.3000000119
15483  -41.159  -18.637  24.959 0.4000000060
14596  -46.944  -20.850  26.322 0.3000000119
14597  -47.827  -20.987  26.258 0.3000000119
14607  -47.506  -20.099  26.030 0.3000000119
82311  -48.267  -20.287  26.035 0.3000000119
14608  -49.042  -20.125  25.854 0.3000000119
15019  -49.308  -19.453  25.342 0.3000000119
15020  -50.136  -19.498  25.043 0.3000000119
15047  -49.394  -19.605  22.442 0.3000000119
15038  -49.417  -19.333  23.705 0.3000000119
15484  -43.027  -18.237  24.875 0.3000000119
14606  -46.642  -20.232  25.912 0.3000000119
15015  -45.387  -19.852  25.101 0.3000000119
14605  -45.746  -20.314  25.813 0.3000000119
15016  -46.240  -20.099  25.112 0.3000000119
15017  -47.180  -19.653  25.435 0.3000000119
15014  -44.402  -19.465  25.080 0.3000000119
72378  -45.152  -19.428  24.271 0.3000000119
15026  -45.908  -19.927  24.259 0.3000000119
15027  -46.727  -19.817  24.446 0.3000000119
15028  -47.780  -19.275  24.694 0.3000000119
15018  -48.278  -19.512  25.582 0.3000000119
15486  -44.404  -18.853  24.235 0.3000000119
15037  -47.734  -19.416  23.506 0.3000000119
72444  -47.671  -19.435  22.506 0.3000000119
74869  -48.540  -19.380  23.021 0.3000000119
75010  -48.633  -19.183  24.178 0.3000000119
15045  -47.674  -19.154  21.521 0.3000000119
15046  -48.445  -19.464  21.862 0.3000000119
15924  -42.379  -17.699  24.679 0.4000000060
15065  -49.069  -19.915  19.606 0.3000000119
15923  -41.460  -17.777  24.787 0.4000000060
15073  -49.547  -20.185  18.666 0.3000000119
77778  -40.482  -17.982  24.528 0.5000000000
15929  -40.161  -17.330  23.983 0.5000000000
15034  -45.682  -19.481  23.703 0.3000000119
72630  -46.388  -19.671  23.589 0.3000000119
82786  -46.504  -19.365  22.903 0.3000000119
15492  -43.715  -18.235  24.308 0.4000000060
15044  -46.964  -19.352  22.328 0.3000000119
15925  -43.123  -17.732  24.409 0.4000000060
15931  -42.742  -17.070  24.092 0.5000000000
15055  -48.489  -19.371  20.632 0.3000000119
15064  -48.562  -19.487  19.264 0.4000000060
15071  -48.634  -19.448  18.536 0.4000000060
15930  -41.782  -17.048  24.404 0.5000000000
15922  -40.894  -17.104  24.413 0.6000000238
15072  -48.996  -20.026  18.594 0.3000000119
15494  -45.131  -18.835  23.508 0.3000000119
15499  -45.620  -18.478  22.788 0.3000000119
15035  -45.911  -19.174  23.103 0.3000000119
15500  -46.340  -18.897  22.374 0.3000000119
15506  -46.669  -18.346  21.681 0.4000000060
15932  -43.639  -17.510  23.905 0.4000000060
15501  -46.923  -18.980  21.786 0.4000000060
15507  -47.433  -18.451  21.060 0.4000000060
15054  -47.952  -18.975  20.200 0.4000000060
15515  -47.446  -18.426  19.621 0.4000000060
15523  -47.421  -18.310  18.644 0.4000000060
83851  -42.105  -16.551  23.949 0.6000000238
15063  -48.108  -18.852  19.031 0.4000000060
15524  -48.126  -18.751  18.500 0.4000000060
15963  -48.174  -18.526  18.418 0.4000000060
16441  -41.300  -16.356  23.915 0.6000000238
79052  -48.766  -19.588  18.435 0.3000000119
15964  -49.300  -18.396  18.962 0.4000000060
16440  -40.404  -16.585  23.856 0.6000000238
16976  -39.802  -16.293  23.335 0.6999999881
15493  -44.365  -18.123  23.697 0.3000000119
15933  -45.005  -17.941  23.135 0.3000000119
15941  -45.477  -17.694  22.562 0.3000000119
16444  -44.334  -17.183  23.305 0.3000000119
15505  -45.989  -18.162  22.132 0.3000000119
79350  -46.357  -17.756  21.542 0.4000000060
15514  -46.968  -17.785  20.630 0.4000000060
16443  -43.453  -16.682  23.607 0.5000000000
15522  -46.923  -18.029  19.071 0.4000000060
16442  -42.688  -16.294  23.707 0.6000000238
15962  -47.420  -18.070  18.299 0.4000000060
81922  -47.821  -17.688  18.336 0.4000000060
16978  -41.509  -15.474  23.462 0.6000000238
16469  -48.887  -17.345  18.972 0.4000000060
16482  -49.452  -16.249  18.880 0.4000000060
16977  -40.515  -15.706  23.524 0.6999999881
82132  -39.518  -16.341  22.515 0.6999999881
15940  -45.056  -17.211  22.902 0.4000000060
15947  -45.842  -17.410  21.934 0.4000000060
16455  -45.718  -16.578  21.715 0.4000000060
16448  -44.804  -16.523  22.818 0.4000000060
15948  -46.185  -17.227  21.041 0.4000000060
16981  -44.025  -16.228  23.104 0.4000000060
15955  -46.667  -17.227  19.935 0.4000000060
15961  -46.847  -17.464  18.760 0.4000000060
16479  -46.820  -16.673  18.595 0.4000000060
16979  -42.461  -15.584  23.466 0.6000000238
79806  -47.375  -17.201  18.159 0.4000000060
16481  -48.264  -16.710  18.464 0.4000000060
17558  -40.856  -15.035  23.312 0.6999999881
17013  -49.490  -15.316  18.434 0.4000000060
16985  -40.298  -15.040  23.153 0.6999999881
16991  -39.588  -15.585  21.889 0.6999999881
16988  -45.211  -15.926  22.324 0.4000000060
16987  -44.523  -15.845  22.724 0.4000000060
16461  -45.958  -16.385  20.625 0.4000000060
16980  -43.278  -15.820  23.413 0.6000000238
16986  -43.911  -15.301  22.938 0.5000000000
16468  -46.526  -16.561  19.511 0.4000000060
17560  -42.163  -14.868  23.181 0.6999999881
17004  -46.488  -15.779  19.238 0.4000000060
17010  -46.880  -15.759  18.565 0.4000000060
17559  -41.364  -14.784  23.195 0.6999999881
72867  -48.820  -15.089  18.231 0.4000000060
17011  -47.290  -15.553  18.250 0.4000000060
17564  -39.954  -14.799  22.530 0.6999999881
17599  -49.341  -14.514  18.334 0.4000000060
17600  -50.322  -14.698  18.329 0.4000000060
18207  -51.763  -13.163  18.158 0.4000000060
17569  -44.316  -14.508  22.468 0.4000000060
74873  -44.624  -15.310  22.481 0.4000000060
16992  -45.581  -15.679  21.530 0.4000000060
17561  -43.050  -14.977  23.287 0.6999999881
17568  -43.553  -14.494  22.973 0.5000000000
16996  -45.728  -15.481  20.746 0.4000000060
17567  -42.776  -14.090  23.035 0.6999999881
16997  -46.118  -15.695  20.044 0.4000000060
17589  -46.519  -14.937  19.119 0.4000000060
17566  -41.721  -14.203  22.837 0.6999999881
17582  -46.158  -15.127  19.694 0.4000000060
18172  -41.091  -13.641  22.446 0.6999999881
17596  -46.947  -14.749  18.466 0.4000000060
17565  -40.732  -14.438  22.888 0.6999999881
17597  -47.538  -14.603  18.196 0.4000000060
17598  -48.459  -14.500  18.229 0.4000000060
18205  -48.979  -13.752  18.319 0.4000000060
72692  -49.903  -13.743  18.390 0.4000000060
17573  -39.757  -14.636  21.590 0.6999999881
18206  -50.833  -13.603  18.322 0.4000000060
18813  -51.193  -12.538  18.330 0.4000000060
17575  -44.919  -14.186  21.774 0.4000000060
17570  -45.092  -15.027  22.013 0.4000000060
18175  -43.608  -13.769  22.725 0.6000000238
78334  -45.293  -13.926  21.204 0.5000000000
17576  -45.465  -14.735  21.195 0.4000000060
17644  -37.602  -14.371  12.273 0.4000000060
17645  -38.338  -14.394  12.373 0.5000000000
17588  -46.035  -14.379  19.750 0.4000000060
18173  -42.109  -13.372  22.572 0.6000000238
18195  -46.588  -13.902  19.110 0.4000000060
18203  -47.147  -13.838  18.370 0.4000000060
18180  -40.616  -13.102  21.813 0.6999999881
73173  -48.052  -13.797  18.307 0.4000000060
78234  -48.621  -13.030  18.347 0.4000000060
18812  -50.476  -12.137  18.473 0.4000000060
19406  -51.534  -11.451  17.957 0.4000000060
19419  -52.231  -10.649  16.998 0.4000000060
18778  -43.628  -12.891  22.378 0.6000000238
18176  -44.312  -13.586  22.177 0.5000000000
72591  -37.061  -13.498  12.398 0.3000000119
18257  -38.020  -13.645  11.994 0.5000000000
18776  -41.988  -12.701  22.200 0.6000000238
18174  -43.003  -13.296  22.776 0.6000000238
78247  -45.628  -14.089  20.539 0.4000000060
18181  -41.412  -13.021  22.173 0.6000000238
18188  -45.947  -13.364  19.990 0.5000000000
18782  -40.586  -12.394  21.233 0.6999999881
78558  -46.566  -13.039  19.463 0.4000000060
18793  -40.116  -12.567  20.755 0.8000000119
18196  -47.007  -13.098  18.832 0.4000000060
18204  -47.771  -13.093  18.566 0.4000000060
18810  -48.278  -12.453  18.573 0.4000000060
18811  -49.231  -12.037  18.339 0.4000000060
79382  -50.580  -11.076  18.397 0.4000000060
82248  -51.558  -10.697  17.675 0.4000000060
19432  -51.579  -10.948  15.905 0.4000000060
18785  -43.234  -12.080  22.093 0.6000000238
18786  -44.347  -12.905  21.885 0.5000000000
18182  -44.856  -13.396  21.533 0.5000000000
18869  -37.780  -12.818  12.029 0.4000000060
18783  -41.377  -12.354  21.745 0.6000000238
18777  -42.741  -12.697  22.440 0.6000000238
18183  -45.399  -13.286  20.882 0.5000000000
18870  -38.441  -12.834  12.031 0.5000000000
19383  -40.281  -11.813  20.586 0.6999999881
18794  -45.652  -12.473  20.651 0.5000000000
84540  -39.062  -12.801  12.359 0.6999999881
18800  -39.120  -12.371  19.534 0.6999999881
19393  -39.602  -11.709  19.866 0.6999999881
18792  -39.687  -12.486  20.211 0.6999999881
18795  -46.275  -12.417  19.940 0.5000000000
19468  -39.512  -11.540  12.443 0.6999999881
18871  -39.441  -12.320  12.648 0.6999999881
18801  -46.862  -12.371  19.331 0.4000000060
18809  -38.708  -12.122  18.710 0.6999999881
18802  -47.554  -12.384  18.893 0.4000000060
79619  -51.941  -10.241  16.818 0.4000000060
78654  -44.090  -12.210  21.906 0.6000000238
18787  -44.874  -12.516  21.365 0.5000000000
18868  -36.952  -12.483  12.486 0.4000000060
82400  -37.585  -12.086  12.176 0.4000000060
20037  -41.485  -11.019  21.162 0.6999999881
18784  -42.327  -12.117  21.987 0.6000000238
19379  -44.516  -11.721  21.523 0.5000000000
19394  -40.178  -11.022  19.991 0.6999999881
19384  -40.870  -10.985  20.664 0.6999999881
19375  -41.031  -11.649  21.215 0.6999999881
19376  -41.842  -11.535  21.570 0.6999999881
19386  -45.233  -11.639  21.108 0.5000000000
18877  -38.967  -12.063  12.068 0.6999999881
19387  -46.012  -11.586  20.474 0.5000000000
20064  -39.203  -10.400  18.749 0.6999999881
20057  -39.445  -11.010  19.399 0.6999999881
82732  -46.620  -11.637  19.747 0.4000000060
71655  -38.698  -10.730  18.013 0.6999999881
19403  -38.804  -11.188  18.759 0.6999999881
20074  -38.873  -9.893  17.819 0.6000000238
85986  -38.793  -10.524  17.433 0.6000000238
19402  -38.632  -11.570  18.007 0.6999999881
76319  -47.264  -11.663  19.196 0.4000000060
19469  -39.893  -11.058  12.867 0.6999999881
20088  -39.096  -10.457  16.775 0.6000000238
19404  -48.202  -11.609  18.725 0.4000000060
74312  -48.395  -10.639  18.667 0.4000000060
20067  -49.227  -10.125  18.507 0.4000000060
20068  -50.285  -10.093  18.671 0.4000000060
19418  -51.291  -10.348  17.989 0.4000000060
20089  -51.535  -10.066  16.772 0.4000000060
19378  -43.765  -11.370  21.671 0.6000000238
19466  -36.919  -11.454  12.571 0.6000000238
20059  -40.736  -10.262  20.079 0.6000000238
20038  -42.193  -10.798  21.360 0.6999999881
19377  -42.756  -11.413  21.730 0.6000000238
20058  -40.022  -10.359  19.377 0.6000000238
18876  -38.211  -12.142  11.860 0.6999999881
20065  -39.762  -9.749  18.712 0.6000000238
19474  -38.604  -11.368  11.902 0.6999999881
20121  -39.701  -10.709  12.229 0.6999999881
19475  -39.292  -11.103  12.007 0.6999999881
20132  -39.657  -10.164  11.791 0.6999999881
20052  -46.382  -10.715  20.046 0.4000000060
19395  -46.970  -11.055  19.501 0.4000000060
20093  -39.799  -9.965  16.017 0.6000000238
20060  -47.067  -10.343  19.454 0.4000000060
19396  -47.597  -10.912  19.076 0.4000000060
20122  -39.935  -10.435  12.538 0.6999999881
20112  -40.052  -10.478  13.355 0.6999999881
20102  -40.013  -10.481  14.315 0.6999999881
81970  -39.773  -10.457  15.125 0.6000000238
20785  -50.156  -9.457  18.747 0.4000000060
20786  -50.413  -9.516  18.644 0.4000000060
20794  -50.388  -9.104  18.562 0.4000000060
20075  -51.027  -9.667  18.252 0.4000000060
73255  -50.958  -8.918  17.308 0.3000000119
20772  -40.443  -9.606  19.440 0.6000000238
20047  -41.575  -10.271  20.777 0.6000000238
20039  -43.113  -10.717  21.399 0.6000000238
20040  -43.909  -10.627  21.337 0.6000000238
19467  -37.870  -11.436  11.970 0.5000000000
20781  -40.157  -9.163  18.771 0.6000000238
19385  -44.591  -10.981  21.327 0.4000000060
20050  -44.497  -10.082  20.989 0.5000000000
20051  -45.493  -10.639  20.831 0.4000000060
20130  -38.277  -10.624  11.835 0.8000000119
20792  -39.563  -9.100  17.925 0.6000000238
20791  -39.168  -9.542  17.013 0.6000000238
78736  -39.609  -8.916  16.806 0.6000000238
20766  -46.518  -9.794  19.856 0.4000000060
20133  -40.024  -9.926  11.791 0.6999999881
20776  -47.205  -9.511  19.279 0.4000000060
20066  -47.801  -10.094  18.957 0.4000000060
20831  -40.128  -9.760  12.707 0.6999999881
75952  -40.125  -9.799  13.952 0.6999999881
73259  -40.013  -9.847  14.984 0.6999999881
20783  -48.072  -9.184  18.605 0.4000000060
73266  -48.513  -9.901  18.589 0.4000000060
21593  -48.798  -8.370  17.922 0.3000000119
20784  -49.219  -9.260  18.332 0.4000000060
21611  -49.421  -7.817  17.370 0.4000000060
20793  -50.117  -8.172  18.143 0.3000000119
20773  -41.319  -9.372  20.115 0.6000000238
20762  -42.058  -9.578  20.660 0.6000000238
20763  -42.875  -9.484  20.631 0.6000000238
20049  -43.458  -10.074  20.970 0.5000000000
20119  -36.544  -10.471  12.735 0.6000000238
20120  -37.424  -10.593  12.351 0.6000000238
20782  -40.764  -8.803  19.325 0.6000000238
80453  -44.618  -9.296  20.642 0.5000000000
20765  -45.310  -9.675  20.635 0.4000000060
20131  -39.123  -10.442  11.796 0.6999999881
86029  -39.795  -8.608  17.643 0.6000000238
20854  -38.839  -9.763  11.544 0.8000000119
78020  -45.903  -9.284  20.174 0.4000000060
78981  -45.967  -10.000  20.400 0.4000000060
20855  -39.867  -9.628  11.177 0.8000000119
20816  -40.002  -9.164  15.682 0.6000000238
86628  -40.065  -9.653  11.375 0.6999999881
23904  -45.114  -5.519  18.345 0.5000000000
22385  -45.270  -6.766  19.152 0.5000000000
23148  -46.138  -6.926  18.870 0.5000000000
21581  -46.506  -8.173  19.367 0.4000000060
20775  -46.556  -8.970  19.656 0.4000000060
20842  -40.354  -9.438  11.553 0.6999999881
20823  -40.087  -9.109  14.646 0.6999999881
22386  -46.852  -7.229  18.452 0.4000000060
21591  -47.072  -7.936  18.696 0.4000000060
21582  -47.188  -8.693  18.984 0.4000000060
85820  -45.266  -5.017  17.911 0.4000000060
23147  -45.761  -6.181  18.516 0.5000000000
85096  -46.246  -6.089  18.073 0.4000000060
22392  -47.202  -6.863  17.781 0.4000000060
21601  -47.681  -7.592  18.035 0.4000000060
21592  -47.831  -8.294  18.360 0.4000000060
23160  -45.914  -5.568  17.877 0.4000000060
22393  -47.914  -7.260  17.284 0.4000000060
22394  -48.546  -7.689  17.557 0.4000000060
21576  -41.535  -8.420  19.797 0.6000000238
20774  -42.207  -8.934  20.288 0.6000000238
21588  -40.288  -8.462  18.366 0.6000000238
21589  -41.053  -7.979  19.090 0.6000000238
21560  -43.176  -8.781  20.283 0.5000000000
20841  -37.025  -9.873  12.543 0.6000000238
20853  -37.738  -9.723  11.929 0.6999999881
21599  -40.060  -8.116  17.343 0.6000000238
21578  -43.448  -8.107  19.874 0.5000000000
21561  -44.227  -8.591  20.334 0.5000000000
84086  -44.248  -7.903  19.897 0.5000000000
21579  -45.010  -8.091  20.019 0.5000000000
21562  -45.172  -8.859  20.376 0.5000000000
20860  -39.318  -9.117  10.792 0.8000000119
21622  -40.039  -8.418  15.282 0.6000000238
23902  -43.511  -5.445  18.354 0.5000000000
23146  -44.765  -6.136  18.775 0.5000000000
22369  -44.729  -7.355  19.640 0.5000000000
22370  -45.743  -7.569  19.525 0.4000000060
23145  -43.784  -6.111  18.771 0.5000000000
23903  -44.319  -5.599  18.520 0.5000000000
20856  -40.460  -9.296  10.845 0.8000000119
74760  -40.165  -9.034  13.540 0.6999999881
21627  -40.075  -8.343  14.292 0.6999999881
74686  -43.301  -4.746  17.928 0.5000000000
23917  -44.375  -4.962  18.099 0.4000000060
21655  -40.344  -8.985  12.289 0.6999999881
20839  -35.508  -9.389  13.035 0.5000000000
21577  -42.489  -8.249  19.863 0.5000000000
20840  -36.314  -9.639  12.758 0.5000000000
22367  -42.793  -7.571  19.492 0.5000000000
21653  -35.282  -8.550  12.758 0.5000000000
21654  -36.082  -8.849  12.501 0.5000000000
20852  -36.905  -9.196  12.278 0.5000000000
79311  -40.133  -7.629  16.567 0.6000000238
82660  -43.106  -6.843  18.998 0.5000000000
22368  -43.746  -7.396  19.568 0.5000000000
21610  -39.988  -8.377  16.258 0.6000000238
23144  -42.770  -6.090  18.483 0.5000000000
83148  -38.330  -9.183  11.340 0.6999999881
22384  -44.239  -6.717  19.226 0.5000000000
21671  -39.560  -8.357  9.977 0.6999999881
24630  -43.065  -4.016  17.635 0.4000000060
24631  -44.032  -4.199  17.742 0.5000000000
25283  -43.739  -3.492  17.466 0.5000000000
20861  -40.467  -9.098  10.136 0.6999999881
21666  -40.807  -8.978  10.957 0.8000000119
24632  -44.976  -4.434  17.638 0.4000000060
25311  -45.600  -3.247  16.462 0.4000000060
81782  -45.320  -2.306  16.571 0.5000000000
23946  -47.132  -4.874  14.973 0.5000000000
25312  -46.266  -3.698  15.601 0.5000000000
21590  -41.850  -7.715  19.456 0.5000000000
21600  -40.809  -7.698  18.124 0.6000000238
74391  -41.538  -7.325  18.776 0.6000000238
85110  -42.246  -7.199  19.087 0.5000000000
85078  -35.781  -8.219  12.174 0.5000000000
22390  -40.496  -7.326  17.338 0.6000000238
22391  -41.313  -7.003  17.948 0.6000000238
23159  -41.743  -6.149  17.911 0.5000000000
22383  -42.083  -6.716  18.584 0.5000000000
21664  -36.617  -8.338  11.696 0.6000000238
77687  -40.056  -7.835  15.797 0.6000000238
77000  -37.561  -8.817  11.549 0.6999999881
22413  -40.128  -7.110  15.891 0.6000000238
23901  -42.527  -5.365  17.987 0.5000000000
22458  -37.545  -8.097  10.842 0.6999999881
22429  -40.023  -7.608  14.965 0.6000000238
85108  -42.470  -3.923  17.489 0.6000000238
24629  -42.315  -4.526  17.624 0.4000000060
21640  -40.184  -8.199  13.123 0.6999999881
22440  -40.028  -7.696  14.028 0.6999999881
25950  -44.242  -2.198  16.936 0.4000000060
26630  -44.571  -1.186  17.063 0.4000000060
22451  -40.248  -7.635  12.223 0.6999999881
78596  -45.093  -2.551  16.943 0.4000000060
22466  -40.768  -8.005  9.778 0.6999999881
22465  -40.069  -7.709  9.750 0.6999999881
24663  -46.940  -4.145  14.826 0.5000000000
24664  -47.404  -4.808  14.361 0.5000000000
25319  -46.641  -3.241  14.967 0.5000000000
22397  -40.314  -7.002  16.708 0.6000000238
23166  -40.924  -6.565  17.210 0.5000000000
22450  -35.106  -7.686  12.348 0.6000000238
21663  -35.890  -7.621  11.547 0.6000000238
78307  -40.033  -6.881  15.119 0.5000000000
23916  -41.564  -5.317  17.439 0.5000000000
22457  -36.777  -7.496  10.794 0.6999999881
24628  -41.585  -4.528  17.203 0.6000000238
24644  -41.942  -3.902  17.292 0.5000000000
72129  -40.061  -7.413  13.359 0.6999999881
25960  -41.399  -2.381  16.487 0.5000000000
26640  -41.733  -1.403  16.307 0.4000000060
81610  -38.479  -7.919  10.208 0.6999999881
72176  -40.136  -7.127  11.590 0.6999999881
85823  -42.674  -3.277  17.339 0.5000000000
25948  -42.212  -2.630  16.923 0.5000000000
26628  -42.394  -1.890  16.727 0.4000000060
26629  -43.558  -1.585  16.789 0.4000000060
74988  -40.465  -8.388  11.833 0.6999999881
26642  -44.228  -0.691  16.849 0.4000000060
26643  -45.002  -0.750  17.163 0.4000000060
22464  -39.042  -7.382  9.724 0.6999999881
23226  -39.642  -6.645  10.041 0.6999999881
25951  -45.089  -1.489  17.045 0.4000000060
74197  -39.475  -6.895  9.758 0.6999999881
25961  -45.220  -1.729  16.276 0.4000000060
85251  -41.281  -5.985  17.361 0.5000000000
23165  -40.410  -6.422  16.402 0.5000000000
75169  -40.960  -5.847  16.819 0.5000000000
22456  -35.257  -6.936  11.635 0.6000000238
23179  -40.185  -6.373  15.588 0.5000000000
23194  -40.035  -6.368  14.867 0.5000000000
23926  -41.037  -4.971  16.552 0.6000000238
24643  -41.318  -4.047  16.731 0.5000000000
23200  -39.964  -6.934  14.238 0.6000000238
25298  -41.669  -3.255  16.903 0.5000000000
73750  -39.948  -6.720  13.047 0.8000000119
26641  -42.855  -1.093  16.417 0.4000000060
27399  -43.273  -0.390  16.110 0.4000000060
21670  -37.880  -7.276  10.179 0.6999999881
83140  -39.657  -6.332  12.394 0.6000000238
27400  -44.213  -0.169  16.523 0.4000000060
22459  -40.712  -8.126  10.710 0.6999999881
23219  -40.342  -7.286  10.305 0.6999999881
23208  -39.452  -6.374  11.226 0.6000000238
23968  -38.821  -5.433  11.269 0.6000000238
27401  -44.845  -0.471  16.762 0.4000000060
23225  -38.399  -6.421  9.820 0.6999999881
77310  -38.971  -6.100  9.885 0.6000000238
23967  -38.516  -5.457  10.329 0.6000000238
26644  -44.718  -1.023  16.938 0.4000000060
24690  -38.292  -4.588  11.237 0.6000000238
25969  -45.917  -1.877  15.378 0.5000000000
72407  -37.986  -4.891  10.379 0.6000000238
24675  -47.125  -3.557  14.360 0.5000000000
23216  -34.573  -6.387  11.819 0.5000000000
23925  -40.513  -5.713  16.037 0.5000000000
23217  -35.321  -6.027  10.965 0.6000000238
23218  -36.041  -6.839  10.773 0.6000000238
74073  -40.188  -5.721  15.171 0.6000000238
25310  -40.962  -3.437  16.126 0.5000000000
78737  -39.989  -5.925  14.163 0.6000000238
23952  -39.995  -5.228  13.866 0.6000000238
25959  -40.660  -2.668  15.591 0.5000000000
25967  -40.363  -2.010  14.844 0.5000000000
84446  -41.337  -1.087  15.720 0.4000000060
22463  -37.100  -6.547  10.099 0.6999999881
23224  -36.344  -6.064  10.330 0.6000000238
23956  -39.770  -5.766  13.243 0.6999999881
25968  -40.980  -1.789  15.711 0.5000000000
27398  -42.000  -0.553  15.950 0.4000000060
24680  -39.228  -4.464  12.707 0.6999999881
77417  -40.319  -2.898  14.751 0.5000000000
23974  -36.858  -5.536  10.167 0.6000000238
73198  -38.825  -4.753  11.984 0.6000000238
24691  -38.827  -3.813  12.088 0.6999999881
75924  -37.559  -5.822  9.879 0.6999999881
77940  -38.240  -5.584  9.941 0.6000000238
25344  -38.240  -3.518  11.432 0.6000000238
74641  -38.130  -2.662  11.291 0.6000000238
27402  -44.948  -0.738  16.479 0.4000000060
24703  -37.705  -4.091  11.073 0.6000000238
83461  -37.799  -3.260  11.009 0.6000000238
25970  -46.830  -1.886  14.567 0.5000000000
25330  -47.031  -2.827  14.368 0.5000000000
25979  -47.458  -2.387  13.784 0.5000000000
23935  -40.526  -5.004  15.627 0.6000000238
23945  -40.188  -4.989  14.674 0.6000000238
24651  -40.491  -4.344  15.287 0.6000000238
25317  -40.486  -3.582  15.162 0.5000000000
23965  -34.351  -5.561  11.466 0.6000000238
24674  -40.069  -4.520  13.965 0.6000000238
26653  -40.314  -1.279  14.471 0.5000000000
27415  -41.216  -0.524  15.257 0.4000000060
23966  -35.897  -5.208  10.490 0.6000000238
76557  -39.701  -4.083  13.391 0.6000000238
25329  -40.147  -3.604  14.132 0.5000000000
25977  -39.376  -2.234  13.325 0.5000000000
25978  -40.065  -2.650  13.982 0.5000000000
76845  -41.763  0.011  15.315 0.4000000060
28187  -42.576  0.207  15.595 0.4000000060
24673  -39.625  -4.935  13.305 0.6999999881
85476  -39.303  -3.711  12.860 0.5000000000
28188  -43.580  0.332  15.848 0.4000000060
25986  -38.414  -1.983  11.811 0.6000000238
24701  -36.674  -4.817  10.566 0.6000000238
25354  -36.477  -3.830  10.666 0.6000000238
28189  -44.502  0.239  15.961 0.4000000060
24702  -37.228  -4.497  10.834 0.6000000238
27417  -45.455  -0.635  15.519 0.4000000060
27416  -45.015  -0.212  15.874 0.4000000060
25355  -37.236  -3.551  10.815 0.6000000238
26656  -46.021  -1.190  15.061 0.4000000060
24662  -40.274  -4.213  14.622 0.6000000238
26662  -39.419  -1.280  13.420 0.5000000000
27428  -40.132  -0.867  13.852 0.5000000000
27414  -40.614  -0.591  14.562 0.4000000060
79970  -35.260  -4.340  10.532 0.6000000238
26676  -39.027  -1.597  12.933 0.5000000000
26663  -40.049  -1.737  13.911 0.5000000000
28197  -41.174  0.117  14.646 0.4000000060
28198  -41.997  0.750  14.825 0.4000000060
25338  -39.144  -2.994  12.669 0.5000000000
81591  -35.970  -4.411  10.515 0.6000000238
26692  -37.939  -1.825  11.099 0.6000000238
84557  -44.802  1.035  15.624 0.4000000060
26000  -36.789  -2.889  10.387 0.6000000238
26691  -37.332  -1.644  10.514 0.6000000238
26001  -37.490  -2.574  10.713 0.6000000238
27418  -46.273  -0.388  14.918 0.4000000060
26664  -47.015  -0.928  14.565 0.4000000060
27429  -46.987  -0.164  14.447 0.3000000119
27436  -47.944  -0.996  13.032 0.3000000119
27427  -39.527  -0.311  13.224 0.5000000000
28213  -40.509  0.106  13.784 0.5000000000
28907  -40.725  1.074  13.349 0.5000000000
27434  -38.487  -0.654  12.398 0.6000000238
28214  -41.213  0.881  14.103 0.5000000000
25353  -35.604  -3.688  10.349 0.6000000238
26675  -38.598  -1.387  12.418 0.6000000238
28199  -42.943  1.124  15.405 0.4000000060
25999  -35.980  -2.975  10.189 0.6000000238
28895  -43.497  1.961  14.979 0.3000000119
27456  -37.735  -1.091  10.918 0.6000000238
28896  -44.538  1.699  15.176 0.3000000119
26012  -36.329  -2.223  9.927 0.6000000238
28202  -45.661  0.218  15.323 0.4000000060
26013  -36.987  -2.184  10.203 0.6000000238
71979  -36.332  -0.662  9.597 0.6000000238
28203  -46.431  0.587  14.632 0.3000000119
28216  -47.209  0.378  13.935 0.3000000119
27430  -47.443  -0.508  13.848 0.3000000119
86174  -38.804  -0.250  12.677 0.6000000238
28227  -39.149  0.404  12.612 0.5000000000
28228  -40.007  0.600  13.013 0.5000000000
28226  -38.368  0.112  11.966 0.6000000238
28893  -41.786  1.442  14.262 0.4000000060
26011  -35.147  -2.994  9.894 0.6000000238
27445  -38.147  -1.004  11.704 0.6000000238
28894  -42.509  1.662  14.639 0.3000000119
72580  -35.434  -2.318  9.609 0.6000000238
26697  -34.681  -1.773  8.913 0.6000000238
70528  -34.974  -1.133  8.576 0.6000000238
27455  -37.222  -0.674  10.258 0.6000000238
26698  -35.682  -1.459  9.454 0.6000000238
28897  -45.516  1.233  15.212 0.3000000119
27458  -35.598  -0.677  9.149 0.6000000238
28911  -45.934  1.506  14.165 0.3000000119
28215  -46.821  1.190  13.880 0.3000000119
72163  -39.705  1.141  12.446 0.5000000000
81990  -40.319  1.316  12.791 0.4000000060
28244  -38.202  0.368  10.983 0.6000000238
28928  -40.853  1.988  12.922 0.4000000060
28908  -41.342  1.705  13.675 0.4000000060
68965  -37.549  0.370  10.347 0.6000000238
28909  -42.022  2.164  14.043 0.4000000060
74846  -34.620  -2.403  9.332 0.6000000238
70158  -36.764  0.154  9.711 0.6000000238
29574  -42.905  2.442  14.283 0.3000000119
29575  -43.664  2.588  14.394 0.3000000119
68951  -35.935  0.048  9.188 0.6000000238
29576  -44.271  2.379  14.626 0.3000000119
70171  -35.297  -0.385  8.477 0.6000000238
80057  -38.264  1.013  10.503 0.6000000238
73642  -38.591  0.911  11.267 0.5000000000
28926  -39.517  1.726  11.963 0.5000000000
28927  -40.187  1.897  12.370 0.4000000060
29600  -40.589  2.702  12.397 0.4000000060
71080  -37.705  1.223  9.909 0.6000000238
85053  -41.159  2.747  12.688 0.4000000060
29585  -42.430  2.865  13.687 0.3000000119
68977  -36.332  0.950  9.192 0.6000000238
30302  -42.057  3.284  13.251 0.3000000119
26704  -33.890  -0.909  7.480 0.6000000238
26703  -34.182  -1.255  8.036 0.6000000238
29586  -43.363  3.171  13.813 0.3000000119
70064  -35.696  0.437  8.496 0.6000000238
71126  -34.566  -0.794  7.737 0.6000000238
80560  -35.100  -0.154  7.535 0.6000000238
70603  -37.679  1.854  9.545 0.6000000238
80702  -38.554  2.909  10.484 0.4000000060
81409  -38.867  2.330  10.888 0.4000000060
70349  -39.290  1.999  11.617 0.4000000060
80770  -40.023  2.737  12.011 0.4000000060
81144  -37.158  1.359  9.556 0.5000000000
82527  -40.971  3.248  12.369 0.4000000060
80688  -36.528  1.608  8.929 0.5000000000
30316  -41.601  3.363  12.645 0.3000000119
70003  -36.200  1.110  8.295 0.5000000000
81035  -41.856  4.183  12.279 0.3000000119
68967  -33.083  -0.322  7.654 0.6000000238
70030  -35.617  0.642  7.558 0.5000000000
80623  -34.163  -0.429  7.119 0.6000000238
80786  -35.270  1.019  6.814 0.6000000238
81120  -33.333  0.348  7.068 0.6000000238
70350  -34.147  0.805  6.650 0.6000000238
70126  -34.702  0.300  6.927 0.6000000238
70559  -32.458  1.035  7.576 0.5000000000
70339  -33.179  1.011  6.835 0.5000000000
68966  -38.092  2.384  6.892 0.4000000060
70824  -38.417  2.681  7.300 0.3000000119
81217  -38.308  3.013  7.952 0.4000000060
80769  -39.086  3.334  10.780 0.4000000060
70116  -38.968  2.992  10.956 0.3000000119
68952  -36.884  1.664  8.065 0.5000000000
81306  -37.208  2.015  8.850 0.4000000060
80709  -39.402  3.944  9.913 0.3000000119
80784  -39.819  3.882  9.996 0.3000000119
80785  -40.471  3.554  12.033 0.3000000119
69993  -36.293  1.403  7.374 0.5000000000
70137  -40.324  4.191  9.868 0.3000000119
80569  -40.022  4.135  11.159 0.3000000119
68953  -35.880  1.795  6.565 0.5000000000
70215  -41.141  3.827  12.092 0.3000000119
31059  -42.496  5.069  13.040 0.3000000119
80866  -34.124  1.431  6.360 0.5000000000
70166  -37.945  2.784  6.288 0.3000000119
81285  -38.194  3.377  5.720 0.3000000119
68997  -38.788  2.943  6.880 0.3000000119
84298  -39.164  3.417  7.324 0.3000000119
68954  -36.295  3.471  5.378 0.3000000119
71188  -37.062  2.369  6.639 0.4000000060
84424  -39.135  4.356  9.093 0.3000000119
80917  -40.412  3.623  7.495 0.3000000119
80871  -34.905  2.903  5.349 0.3000000119
70200  -39.722  4.626  9.072 0.3000000119
71830  -34.688  2.213  5.995 0.4000000060
80768  -40.530  4.170  10.487 0.3000000119
70124  -41.121  4.146  11.571 0.3000000119
84703  -33.202  1.957  6.253 0.5000000000
31778  -41.607  4.901  11.151 0.3000000119
31073  -42.155  4.767  11.813 0.3000000119
80864  -32.376  1.560  7.030 0.4000000060
70850  -32.191  2.393  6.841 0.5000000000
75603  -36.560  4.141  4.891 0.3000000119
71354  -37.571  3.841  5.146 0.3000000119
71576  -38.384  4.100  5.259 0.3000000119
70809  -35.197  3.716  4.782 0.3000000119
70651  -37.268  3.095  5.864 0.3000000119
68993  -38.956  3.811  6.087 0.3000000119
80852  -40.199  3.165  6.850 0.3000000119
81891  -33.881  4.146  4.549 0.3000000119
70152  -40.710  3.760  6.997 0.3000000119
70198  -41.050  3.768  7.748 0.3000000119
70810  -32.051  3.983  5.530 0.3000000119
70459  -33.537  3.331  5.218 0.3000000119
80897  -40.529  4.781  8.998 0.3000000119
80710  -40.739  4.421  9.994 0.3000000119
68987  -32.140  3.233  6.264 0.3000000119
68957  -33.322  2.553  5.799 0.4000000060
69007  -41.193  4.818  8.585 0.3000000119
77252  -40.952  5.046  9.508 0.3000000119
31795  -41.663  5.375  10.633 0.3000000119
83205  -31.716  2.166  7.655 0.4000000060
83471  -42.014  5.143  11.111 0.3000000119
31074  -42.854  5.405  12.634 0.3000000119
71060  -35.627  4.586  4.213 0.3000000119
69016  -38.070  4.550  4.754 0.3000000119
69015  -38.365  5.045  4.677 0.3000000119
69004  -38.653  4.765  5.152 0.3000000119
69019  -38.299  5.254  4.618 0.3000000119
71280  -38.621  5.217  4.979 0.3000000119
70161  -40.164  4.463  5.980 0.3000000119
31809  -41.300  5.172  7.483 0.3000000119
81193  -31.735  3.676  6.457 0.4000000060
31808  -41.447  5.330  8.160 0.3000000119
70587  -41.242  5.717  9.159 0.3000000119
70943  -31.749  3.017  7.251 0.4000000060
69012  -41.359  5.668  9.956 0.3000000119
70805  -41.652  6.296  9.487 0.3000000119
31779  -42.736  5.061  11.278 0.3000000119
31797  -43.298  5.341  10.670 0.3000000119
70355  -34.766  5.808  3.485 0.3000000119
80752  -35.631  5.559  3.756 0.3000000119
70397  -36.813  5.342  4.428 0.3000000119
73822  -38.022  5.099  4.511 0.3000000119
69020  -34.080  5.095  3.865 0.3000000119
70103  -36.715  6.173  4.250 0.3000000119
80737  -37.821  5.676  4.432 0.3000000119
80754  -31.837  4.806  5.496 0.3000000119
85730  -32.570  5.448  4.512 0.3000000119
80819  -38.304  5.648  4.642 0.3000000119
72497  -38.886  5.734  5.279 0.3000000119
69005  -40.363  5.474  6.026 0.3000000119
69014  -38.936  6.540  5.563 0.3000000119
69006  -39.854  6.122  5.557 0.3000000119
81272  -32.237  4.018  6.997 0.4000000060
32433  -40.831  5.775  6.907 0.3000000119
70169  -32.572  3.546  7.910 0.4000000060
32412  -41.915  6.005  10.125 0.3000000119
32413  -42.900  6.074  10.013 0.3000000119
80818  -35.625  6.509  3.584 0.3000000119
69022  -32.970  6.029  3.871 0.3000000119
71434  -34.103  6.365  3.526 0.3000000119
80753  -36.768  6.919  4.147 0.3000000119
68998  -32.108  6.256  4.652 0.3000000119
70272  -38.395  6.142  4.873 0.3000000119
70607  -32.357  6.583  6.658 0.3000000119
82887  -39.921  6.857  5.803 0.3000000119
82472  -40.372  6.416  6.226 0.3000000119
32431  -41.342  6.178  7.751 0.3000000119
32428  -41.486  6.364  8.673 0.3000000119
72419  -42.203  6.473  9.591 0.3000000119
80689  -34.204  4.027  8.319 0.3000000119
32414  -43.912  5.982  10.307 0.3000000119
70645  -32.667  6.991  4.195 0.3000000119
69026  -34.642  7.339  3.483 0.3000000119
70505  -36.269  7.492  3.686 0.3000000119
70332  -37.716  6.397  4.462 0.3000000119
68988  -31.717  6.933  5.487 0.3000000119
81115  -37.315  7.378  4.556 0.3000000119
71155  -38.123  6.676  4.932 0.3000000119
71238  -38.240  7.233  5.739 0.3000000119
33043  -39.418  7.325  6.148 0.3000000119
32432  -40.093  7.208  6.625 0.3000000119
32430  -40.693  6.709  7.168 0.3000000119
76412  -41.556  6.961  8.356 0.3000000119
32429  -42.084  7.043  8.979 0.3000000119
32424  -42.913  6.853  9.396 0.3000000119
32425  -43.725  6.724  9.744 0.3000000119
70833  -32.129  7.810  5.327 0.3000000119
80701  -33.212  7.843  4.122 0.3000000119
81126  -34.489  8.184  3.547 0.3000000119
71092  -35.783  8.228  3.476 0.3000000119
71184  -32.125  7.490  6.304 0.3000000119
70303  -32.910  8.146  4.898 0.3000000119
70343  -33.536  8.657  3.965 0.3000000119
33703  -36.686  8.222  3.945 0.3000000119
71084  -33.929  6.590  7.448 0.3000000119
33697  -39.583  8.044  7.221 0.3000000119
75284  -41.244  7.190  7.829 0.3000000119
33035  -41.803  7.752  8.445 0.3000000119
33028  -42.936  7.383  8.959 0.3000000119
73914  -33.565  8.931  5.366 0.3000000119
69002  -33.773  8.271  6.639 0.3000000119
68994  -33.425  8.138  5.963 0.3000000119
68980  -33.391  7.591  7.051 0.3000000119
81626  -32.796  7.834  6.224 0.3000000119
70240  -32.970  8.067  5.540 0.3000000119
68976  -35.227  7.224  7.460 0.3000000119
25328  -39.605  -3.214  13.411 0.5000000000
25993  -38.651  -2.850  11.938 0.6000000238
85374  -36.939  -6.011  9.976 0.6000000238
11327  -43.120  -28.184  24.330 0.3000000119
11326  -42.308  -28.256  24.237 0.3000000119
11325  -41.192  -28.302  24.188 0.4000000060
11759  -40.663  -27.557  24.427 0.4000000060
12170  -40.199  -26.741  24.651 0.4000000060
12959  -39.335  -24.261  25.220 0.4000000060
14616  -40.313  -20.115  24.961 0.4000000060
13790  -48.733  -22.429  26.370 0.3000000119
14231  -51.064  -20.929  24.965 0.3000000119
15074  -50.580  -20.099  18.726 0.3000000119
15525  -49.822  -19.467  18.757 0.3000000119
15526  -50.952  -18.817  19.298 0.3000000119
16439  -39.797  -16.906  23.596 0.6000000238
16470  -49.927  -17.121  19.448 0.4000000060
82382  -39.451  -16.975  23.052 0.6000000238
16483  -50.510  -16.275  18.990 0.4000000060
17601  -51.509  -14.403  18.145 0.4000000060
18208  -52.328  -13.719  17.967 0.4000000060
76150  -38.037  -15.017  12.299 0.5000000000
16995  -39.518  -15.318  20.962 0.6999999881
18824  -52.590  -11.867  17.296 0.4000000060
17003  -39.141  -15.123  20.250 0.6999999881
19433  -52.555  -11.071  16.747 0.4000000060
18258  -38.806  -13.598  12.501 0.5000000000
72332  -39.407  -13.089  12.890 0.6000000238
79879  -39.528  -13.795  20.492 0.8000000119
18179  -39.921  -13.723  21.233 0.6999999881
18194  -39.244  -13.301  19.885 0.8000000119
17587  -39.147  -14.271  20.024 0.6999999881
86096  -52.211  -10.842  16.335 0.4000000060
19460  -39.756  -11.745  13.158 0.8000000119
18799  -38.791  -13.056  19.002 0.8000000119
19431  -50.715  -11.136  15.717 0.4000000060
19416  -38.567  -12.037  17.360 0.8000000119
19450  -39.973  -11.140  13.729 0.6999999881
20092  -39.709  -11.084  14.636 0.6999999881
78308  -38.767  -11.895  16.645 0.8000000119
75093  -39.477  -10.976  15.701 0.6000000238
74539  -50.965  -9.759  15.798 0.3000000119
23161  -46.666  -6.155  17.554 0.4000000060
22399  -48.841  -7.295  16.922 0.4000000060
20807  -50.156  -8.189  16.934 0.4000000060
75651  -50.633  -8.757  16.106 0.3000000119
23928  -46.296  -5.484  17.016 0.4000000060
23168  -47.478  -6.547  17.098 0.4000000060
23927  -45.646  -4.893  17.322 0.4000000060
84235  -47.153  -5.985  15.976 0.4000000060
81980  -46.669  -5.446  16.150 0.5000000000
24645  -44.684  -3.718  17.395 0.5000000000
25301  -45.141  -3.306  17.061 0.4000000060
24653  -45.878  -4.190  16.137 0.5000000000
23180  -47.256  -5.467  15.400 0.5000000000
23195  -47.729  -5.951  14.773 0.4000000060
23947  -47.492  -5.296  14.742 0.5000000000
25949  -43.078  -2.390  17.007 0.5000000000
25300  -44.446  -3.043  17.152 0.4000000060
23201  -47.747  -5.483  14.115 0.5000000000
24676  -47.397  -4.169  13.960 0.5000000000
24681  -47.827  -4.163  13.180 0.5000000000
23207  -33.951  -6.762  12.358 0.5000000000
25988  -47.787  -2.781  13.174 0.5000000000
26677  -47.849  -2.045  13.133 0.4000000060
23964  -33.407  -5.356  11.595 0.6000000238
23973  -34.879  -4.987  10.890 0.6000000238
24700  -34.304  -4.182  10.615 0.6000000238
28231  -48.322  -0.098  12.639 0.3000000119
25352  -34.758  -3.597  10.195 0.6000000238
26020  -33.894  -1.647  8.509 0.6000000238
26702  -33.448  -1.093  7.951 0.6000000238
70091  -32.438  0.449  7.867 0.6000000238
80870  -31.997  2.725  8.003 0.4000000060
33041  -41.158  8.041  7.928 0.3000000119
72452  -42.555  7.721  8.704 0.3000000119
33029  -43.633  7.372  9.228 0.3000000119
68979  -35.094  8.085  7.111 0.3000000119
70267  -36.381  7.937  7.860 0.3000000119
18217  -52.490  -12.745  17.686 0.4000000060
84192  -42.258  -24.700  26.867 0.3000000119
14230  -40.931  -20.790  25.455 0.4000000060
12950  -45.822  -24.986  27.295 0.3000000119
13786  -41.084  -22.561  26.985 0.4000000060
14609  -49.930  -20.120  25.529 0.3000000119
78511  -48.725  -19.090  25.031 0.3000000119
85594  -47.080  -19.682  23.808 0.3000000119
15036  -47.008  -19.610  23.069 0.3000000119
74154  -42.013  -16.070  23.652 0.6000000238
15965  -50.409  -18.016  19.458 0.4000000060
16984  -39.796  -15.555  22.930 0.6999999881
17014  -50.162  -15.617  18.614 0.4000000060
16449  -45.404  -16.860  22.426 0.4000000060
72739  -47.714  -16.197  18.201 0.4000000060
17574  -40.283  -14.008  22.142 0.6999999881
17581  -45.816  -14.908  20.320 0.4000000060
76576  -49.572  -12.933  18.376 0.4000000060
19420  -52.248  -11.310  17.401 0.4000000060
17643  -36.779  -14.400  12.636 0.3000000119
17580  -39.515  -14.486  20.745 0.6999999881
18187  -40.206  -12.985  21.131 0.6999999881
18186  -39.798  -13.153  20.604 0.6999999881
85339  -39.049  -11.645  19.308 0.6999999881
19405  -49.285  -10.973  18.489 0.4000000060
81819  -39.099  -11.283  16.451 0.6999999881
19417  -38.733  -11.179  17.228 0.6999999881
79839  -50.259  -11.459  15.689 0.4000000060
20048  -42.539  -10.145  20.966 0.6000000238
20764  -43.811  -9.369  20.681 0.5000000000
21580  -45.819  -8.479  19.885 0.4000000060
81475  -46.522  -6.528  18.250 0.4000000060
22371  -46.470  -7.555  19.014 0.4000000060
21673  -41.127  -8.882  9.974 0.8000000119
25318  -45.896  -2.667  15.723 0.5000000000
24654  -46.619  -4.657  15.621 0.5000000000
25299  -43.603  -2.883  17.190 0.4000000060
23975  -39.076  -5.975  10.361 0.6000000238
26655  -45.189  -1.233  15.845 0.4000000060
81968  -46.470  -2.508  14.966 0.5000000000
79614  -39.204  -5.476  12.415 0.6999999881
25331  -47.563  -3.332  13.669 0.5000000000
24652  -40.848  -4.290  16.003 0.6000000238
26654  -40.725  -1.205  15.133 0.4000000060
73196  -37.541  -5.181  10.160 0.6000000238
28200  -43.956  1.076  15.529 0.4000000060
26665  -47.463  -1.454  13.813 0.4000000060
27435  -38.913  -0.905  12.903 0.6000000238
25987  -38.883  -2.177  12.511 0.6999999881
26699  -36.720  -1.498  9.902 0.6000000238
73466  -47.721  0.066  13.216 0.3000000119
78193  -37.936  -0.344  10.994 0.6000000238
28910  -45.141  2.063  14.576 0.3000000119
28235  -39.076  0.963  11.931 0.6000000238
68991  -37.120  0.811  9.679 0.6000000238
29584  -41.600  2.595  13.294 0.4000000060
86514  -44.784  2.611  14.143 0.3000000119
80767  -38.391  1.862  10.121 0.5000000000
70107  -38.964  1.601  11.434 0.5000000000
81305  -38.040  2.603  9.528 0.4000000060
81218  -37.702  2.317  7.828 0.4000000060
69000  -38.339  3.514  9.901 0.4000000060
85825  -36.688  1.803  6.963 0.5000000000
80958  -41.389  4.418  11.631 0.3000000119
81293  -36.059  2.737  6.085 0.4000000060
80706  -40.030  3.491  6.351 0.3000000119
80783  -41.050  4.504  10.852 0.3000000119
85916  -41.368  4.959  10.787 0.3000000119
31780  -43.521  5.081  11.551 0.3000000119
69021  -37.110  4.673  4.663 0.3000000119
85849  -32.739  4.675  4.720 0.3000000119
80924  -41.279  4.305  7.751 0.3000000119
70035  -31.576  4.203  6.116 0.3000000119
69018  -33.374  5.541  3.881 0.3000000119
68999  -39.551  5.310  5.486 0.3000000119
80633  -31.784  5.874  5.575 0.3000000119
81894  -37.043  8.197  4.967 0.3000000119
33040  -40.460  7.560  7.507 0.3000000119
33030  -44.304  7.259  9.492 0.3000000119
80806  -33.891  9.520  3.635 0.3000000119
68975  -36.443  6.987  8.058 0.3000000119
12586  -39.275  -25.555  24.553 0.4000000060
18808  -38.525  -12.891  18.203 0.8000000119
19430  -39.116  -11.837  15.873 0.8000000119
23181  -47.661  -6.236  15.549 0.4000000060
81260  -31.913  1.517  7.843 0.5000000000
24646  -45.481  -4.052  16.999 0.4000000060
24647  -45.951  -4.858  16.423 0.4000000060
20862  -49.938  -8.848  10.377 0.3000000119
22452  -49.095  -6.889  12.134 0.4000000060
21676  -49.575  -8.177  9.103 0.3000000119
23202  -48.204  -6.206  14.022 0.4000000060
23953  -48.174  -5.571  13.354 0.4000000060
22469  -49.295  -7.681  9.292 0.3000000119
23220  -48.820  -6.026  11.958 0.4000000060
23221  -49.255  -6.506  11.099 0.3000000119
23958  -48.147  -4.906  12.818 0.4000000060
79773  -48.464  -5.578  12.614 0.4000000060
23969  -48.659  -5.053  11.981 0.3000000119
24704  -49.255  -4.760  11.140 0.3000000119
24682  -48.254  -4.209  12.443 0.4000000060
24693  -49.280  -4.003  11.270 0.3000000119
25340  -48.449  -3.451  12.236 0.3000000119
25989  -48.115  -2.719  12.620 0.3000000119
25994  -48.766  -2.670  12.149 0.3000000119
24688  -33.005  -4.748  11.265 0.5000000000
25998  -31.821  -2.620  10.551 0.5000000000
24699  -33.067  -4.064  10.680 0.5000000000
25350  -32.616  -3.125  10.235 0.5000000000
25351  -33.751  -3.431  10.205 0.5000000000
26686  -49.132  -1.853  12.068 0.3000000119
25361  -33.246  -2.670  9.737 0.5000000000
26010  -33.730  -2.158  9.136 0.5000000000
77602  -32.451  -1.276  9.800 0.5000000000
27457  -32.583  -0.543  8.991 0.5000000000
26696  -32.481  -1.129  9.184 0.5000000000
82109  -32.507  -0.203  8.397 0.4000000060
28240  -32.590  -0.558  9.147 0.5000000000
27451  -32.561  -0.976  9.821 0.5000000000
26701  -32.629  -0.542  8.434 0.5000000000
71163  -32.698  0.022  8.679 0.4000000060
80744  -32.380  0.044  8.211 0.5000000000
28241  -33.354  -0.313  9.513 0.4000000060
71443  -33.834  0.360  9.217 0.4000000060
68989  -32.366  0.345  8.110 0.5000000000
68982  -34.824  0.843  9.682 0.4000000060
86602  -34.167  0.844  9.042 0.5000000000
68978  -32.823  1.434  8.224 0.4000000060
68969  -34.445  1.332  8.864 0.5000000000
68981  -33.158  0.739  8.493 0.4000000060
68956  -35.625  1.371  9.486 0.3000000119
71446  -32.359  2.180  8.157 0.4000000060
71192  -35.464  1.833  8.886 0.3000000119
68958  -34.280  2.212  8.572 0.3000000119
70526  -35.872  2.501  8.773 0.3000000119
70897  -35.076  3.157  8.511 0.3000000119
70258  -33.379  3.017  8.313 0.3000000119
25997  -31.246  -2.701  10.941 0.5000000000
20139  -50.473  -10.541  9.944 0.3000000119
23209  -48.657  -6.352  13.027 0.4000000060
26682  -31.932  -2.259  10.908 0.4000000060
26007  -32.146  -2.112  10.514 0.5000000000
82875  -34.249  -2.025  8.927 0.5000000000
23957  -47.761  -4.862  13.608 0.4000000060
25339  -47.919  -3.443  12.811 0.3000000119
24689  -33.879  -4.793  11.125 0.5000000000
25362  -34.248  -2.906  9.732 0.5000000000
68986  -32.199  0.957  7.978 0.4000000060
20866  -50.371  -9.739  9.398 0.3000000119
21667  -49.644  -8.207  10.715 0.4000000060
22467  -49.318  -7.576  10.019 0.3000000119
22460  -49.447  -7.454  11.190 0.4000000060
73477  -48.775  -6.947  13.990 0.4000000060
23228  -49.239  -5.634  11.030 0.3000000119
73526  -49.192  -6.938  10.275 0.3000000119
24692  -48.807  -4.168  11.808 0.3000000119
24687  -32.098  -4.398  11.077 0.5000000000
24698  -31.815  -3.548  10.700 0.5000000000
26008  -32.281  -1.804  9.915 0.5000000000
25360  -32.412  -2.372  9.928 0.5000000000
26009  -32.750  -1.871  9.390 0.5000000000
26019  -33.086  -1.355  8.710 0.5000000000
80729  -32.494  -0.152  8.399 0.4000000060
22441  -49.202  -7.248  13.126 0.4000000060
18245  -39.109  -13.266  14.660 0.6999999881
18831  -38.477  -12.585  16.838 0.6999999881
18832  -38.759  -12.543  16.124 0.6999999881
18841  -39.021  -12.519  15.259 0.6999999881
18853  -39.355  -12.493  14.332 0.6999999881
18252  -39.379  -13.215  13.711 0.6999999881
19439  -39.289  -11.736  14.938 0.6999999881
19449  -39.717  -11.797  14.037 0.6999999881
18862  -39.579  -12.462  13.429 0.6999999881
21628  -49.266  -7.782  15.508 0.3000000119
22398  -47.995  -7.056  16.506 0.3000000119
23196  -48.154  -6.780  14.940 0.3000000119
22415  -48.778  -7.158  15.909 0.3000000119
22414  -47.955  -6.824  15.792 0.3000000119
22430  -48.934  -7.442  14.828 0.3000000119
84474  -50.004  -8.528  13.200 0.3000000119
20843  -50.297  -9.039  13.034 0.3000000119
23167  -46.930  -6.033  16.667 0.3000000119
73956  -47.580  -6.413  16.331 0.3000000119
72261  -49.716  -8.018  13.212 0.3000000119
21656  -49.946  -8.427  12.614 0.3000000119
72640  -49.737  -8.299  11.712 0.3000000119
22453  -49.523  -7.716  12.342 0.3000000119
18193  -38.810  -13.973  19.236 0.6999999881
18216  -38.348  -13.471  17.683 0.6999999881
73761  -39.193  -14.026  14.035 0.6999999881
18823  -38.430  -12.749  17.502 0.6999999881
18223  -38.311  -13.277  16.991 0.6999999881
18224  -38.487  -13.084  16.405 0.6999999881
21624  -49.801  -8.386  15.702 0.3000000119
21629  -49.395  -8.217  14.747 0.3000000119
84799  -49.775  -8.754  13.884 0.3000000119
20844  -50.432  -9.913  12.637 0.3000000119
20857  -50.188  -9.101  12.056 0.3000000119
20858  -50.254  -9.442  11.143 0.3000000119
83938  -49.940  -8.783  11.220 0.3000000119
21623  -49.493  -7.650  16.439 0.3000000119
22431  -49.275  -7.767  13.972 0.3000000119
14624  -38.374  -20.423  23.882 0.4000000060
73021  -38.548  -19.638  24.159 0.4000000060
14615  -39.154  -20.534  24.639 0.4000000060
14632  -38.240  -19.838  22.970 0.4000000060
15491  -39.695  -17.848  24.071 0.5000000000
15490  -38.957  -18.124  23.748 0.4000000060
15023  -39.078  -18.878  24.324 0.4000000060
15033  -38.437  -18.866  23.444 0.4000000060
73552  -39.435  -19.627  24.639 0.4000000060
15043  -38.801  -19.040  22.410 0.4000000060
15482  -39.653  -18.360  24.318 0.4000000060
15928  -39.402  -17.446  23.618 0.5000000000
15498  -38.999  -18.436  22.886 0.5000000000
76654  -38.712  -19.736  21.987 0.5000000000
15939  -39.221  -17.738  22.903 0.5000000000
15504  -39.244  -18.209  21.969 0.5000000000
15053  -39.047  -19.143  21.452 0.5000000000
15062  -39.024  -19.361  20.406 0.5000000000
73910  -39.380  -17.234  22.194 0.6000000238
15946  -39.386  -17.472  21.231 0.5000000000
15513  -39.239  -18.391  20.844 0.5000000000
15521  -39.045  -18.504  19.842 0.6000000238
15960  -38.815  -17.676  19.203 0.5000000000
16454  -39.452  -16.557  21.582 0.6000000238
15954  -39.197  -17.582  20.249 0.6000000238
15979  -38.503  -17.406  17.154 0.5000000000
15971  -38.525  -17.288  18.183 0.5000000000
74680  -39.422  -16.349  13.401 0.4000000060
73547  -39.309  -15.529  13.656 0.5000000000
73882  -39.371  -16.734  20.691 0.6000000238
17049  -39.460  -16.132  14.078 0.5000000000
16467  -38.929  -16.692  19.797 0.6000000238
15959  -38.625  -16.827  18.973 0.6000000238
15985  -38.632  -17.475  16.223 0.5000000000
16478  -38.424  -16.232  18.405 0.5000000000
16514  -39.595  -17.318  13.184 0.4000000060
17052  -39.029  -15.442  13.164 0.5000000000
16460  -39.242  -15.957  20.422 0.6000000238
17638  -39.173  -15.011  14.381 0.5000000000
16466  -38.596  -16.211  19.191 0.6000000238
77897  -38.439  -16.814  16.720 0.5000000000
16492  -38.374  -16.584  17.490 0.5000000000
16500  -38.300  -16.058  16.775 0.5000000000
17056  -38.861  -16.205  12.964 0.4000000060
17641  -39.218  -14.732  13.477 0.5000000000
17630  -38.661  -14.831  15.431 0.5000000000
17043  -39.061  -15.797  15.065 0.5000000000
17002  -38.785  -15.742  19.720 0.6000000238
17009  -38.510  -15.535  18.967 0.6000000238
16506  -38.634  -16.598  15.807 0.5000000000
17042  -38.409  -15.496  16.047 0.5000000000
17646  -38.878  -14.526  12.873 0.5000000000
73520  -38.968  -14.086  14.993 0.6000000238
82176  -38.339  -15.397  18.250 0.5000000000
17033  -38.223  -15.158  16.920 0.5000000000
73656  -38.511  -15.214  12.703 0.4000000060
18259  -39.301  -13.892  13.147 0.4000000060
78328  -38.516  -14.096  15.733 0.6000000238
17595  -38.455  -14.647  18.600 0.6000000238
17629  -38.330  -14.578  16.275 0.5000000000
17608  -38.311  -14.161  17.925 0.6000000238
18235  -38.675  -13.317  15.638 0.6000000238
18234  -38.382  -13.736  16.366 0.6000000238
17619  -38.224  -14.142  17.143 0.5000000000
16507  -39.393  -16.906  14.570 0.5000000000
82003  -39.487  -16.034  21.073 0.6000000238
18202  -38.502  -13.686  18.436 0.6000000238
17022  -38.279  -15.711  17.601 0.5000000000
17586  -38.722  -14.884  19.499 0.6000000238
74033  -38.247  -14.863  17.733 0.6000000238
16471  -50.956  -17.023  19.355 0.3000000119
16472  -51.808  -17.054  19.211 0.3000000119
73172  -51.875  -15.937  18.438 0.3000000119
86027  -52.477  -17.088  19.113 0.3000000119
16485  -52.224  -16.491  18.824 0.3000000119
17017  -53.544  -15.928  18.618 0.3000000119
17015  -51.106  -15.551  18.332 0.3000000119
17602  -52.065  -15.266  18.213 0.3000000119
17016  -52.702  -15.894  18.606 0.3000000119
17023  -53.026  -15.103  18.243 0.3000000119
83835  -52.353  -14.536  18.046 0.3000000119
18844  -52.610  -12.110  15.605 0.3000000119
81801  -52.086  -12.030  15.458 0.3000000119
18236  -51.504  -12.584  14.863 0.3000000119
18833  -50.528  -12.232  15.456 0.3000000119
18246  -50.467  -13.059  14.698 0.3000000119
18843  -50.845  -12.744  15.138 0.3000000119
18842  -50.053  -12.486  15.266 0.3000000119
15967  -52.159  -17.721  19.254 0.3000000119
15974  -53.479  -17.387  18.632 0.3000000119
14641  -38.803  -20.026  21.163 0.4000000060
16493  -53.935  -16.753  18.526 0.3000000119
16494  -54.273  -16.014  18.199 0.3000000119
18835  -52.783  -11.895  16.518 0.3000000119
81957  -53.595  -12.128  16.484 0.3000000119
18855  -52.359  -12.351  14.766 0.3000000119
18247  -50.841  -13.252  14.521 0.3000000119
16486  -53.101  -16.692  18.909 0.3000000119
17024  -53.773  -15.371  18.140 0.3000000119
74462  -37.412  -23.223  17.200 0.4000000060
13860  -37.532  -22.284  17.120 0.3000000119
13867  -38.513  -22.009  16.629 0.3000000119
14292  -38.590  -21.315  16.464 0.3000000119
15543  -38.875  -18.972  16.849 0.4000000060
15542  -38.630  -18.144  17.534 0.4000000060
15091  -39.187  -19.719  17.187 0.4000000060
74388  -38.799  -18.904  17.888 0.4000000060
15560  -38.917  -18.186  15.696 0.4000000060
15551  -38.688  -18.184  16.576 0.4000000060
15534  -38.686  -18.135  18.364 0.4000000060
72165  -38.842  -18.707  18.881 0.4000000060
15082  -39.067  -19.706  18.337 0.4000000060
15573  -39.215  -18.325  13.518 0.3000000119
15991  -39.130  -17.643  15.149 0.4000000060
16000  -39.949  -18.062  13.139 0.3000000119
15999  -38.831  -17.615  13.055 0.3000000119
12169  -39.398  -26.394  24.292 0.3000000119
83999  -39.152  -24.849  24.718 0.3000000119
13384  -39.195  -23.316  24.861 0.3000000119
13814  -38.637  -22.458  23.659 0.3000000119
13391  -38.550  -23.140  23.118 0.3000000119
77688  -38.488  -22.841  22.463 0.3000000119
14239  -38.475  -21.712  23.386 0.3000000119
13820  -38.449  -22.332  22.871 0.3000000119
14247  -38.476  -21.583  22.494 0.3000000119
76943  -38.603  -21.163  24.059 0.3000000119
14623  -38.379  -20.889  23.104 0.3000000119
14631  -38.597  -20.663  22.028 0.3000000119
12967  -38.943  -24.148  24.252 0.3000000119
14200  -43.329  -22.006  27.493 0.3000000119
15966  -51.389  -17.787  19.441 0.3000000119
15972  -47.020  -17.446  18.239 0.4000000060
16480  -47.108  -16.570  18.248 0.4000000060
16484  -51.421  -16.375  18.817 0.3000000119
17012  -48.062  -15.287  18.135 0.4000000060
18814  -52.012  -12.121  17.853 0.4000000060
18834  -52.020  -11.422  15.829 0.4000000060
18854  -50.334  -13.049  14.801 0.3000000119
19440  -50.183  -12.102  15.616 0.4000000060
20094  -49.884  -10.417  15.049 0.3000000119
20865  -49.966  -8.850  9.509 0.3000000119
21594  -50.459  -9.315  18.659 0.4000000060
21665  -38.411  -8.584  10.770 0.6999999881
21672  -40.658  -8.452  9.798 0.6999999881
21674  -49.567  -8.219  9.717 0.3000000119
23227  -40.170  -7.310  9.822 0.6999999881
25345  -49.052  -3.392  11.696 0.3000000119
28201  -45.154  0.550  15.678 0.4000000060
31049  -42.747  4.825  13.454 0.3000000119
31794  -41.137  4.929  10.310 0.3000000119
31796  -42.349  5.478  10.589 0.3000000119
68992  -39.372  4.343  5.774 0.3000000119
69024  -33.912  5.742  3.660 0.3000000119
70413  -40.744  3.996  8.229 0.3000000119
70674  -38.623  3.051  6.441 0.3000000119
70987  -38.591  3.835  8.517 0.4000000060
71359  -39.513  3.211  6.629 0.3000000119
74611  -51.045  -13.621  13.916 0.3000000119
75868  -48.643  -15.795  18.289 0.4000000060
77295  -50.241  -12.729  15.117 0.3000000119
77303  -50.408  -12.967  18.458 0.4000000060
77437  -39.219  4.918  5.491 0.3000000119
80622  -37.175  1.939  7.283 0.5000000000
80834  -40.876  4.741  6.824 0.3000000119
80918  -41.153  4.059  8.196 0.3000000119
80933  -39.395  4.291  8.283 0.3000000119
81037  -38.052  2.928  8.489 0.4000000060
81501  -38.669  1.504  10.772 0.5000000000
84368  -50.427  -9.913  11.823 0.3000000119
85473  -38.556  -12.275  17.947 0.8000000119
85781  -48.187  -8.011  17.903 0.4000000060
86038  -47.014  -18.008  18.386 0.4000000060
86178  -38.821  4.338  5.576 0.3000000119
86286  -38.049  2.970  9.423 0.4000000060
86316  -40.694  -3.919  15.648 0.5000000000
86361  -37.425  4.266  4.865 0.3000000119
