#!ascii label  , from subject sub-v1s15x0050185_ses-1 vox2ras=TkReg
748
32452  23.492  -5.903  80.758 0.0000000000
80813  39.030  5.585  66.846 0.0000000000
96613  41.535  6.846  60.304 0.0000000000
40907  45.018  4.357  76.930 0.0000000000
87401  29.352  -4.855  81.337 0.0000000000
31570  26.468  -6.511  87.096 0.0000000000
78483  39.634  6.419  62.880 0.0000000000
78438  44.057  5.408  67.473 0.0000000000
78381  40.881  2.492  81.376 0.0000000000
92043  35.462  -3.179  86.809 0.0000000000
45081  55.169  9.724  57.947 0.0000000000
91315  47.411  9.550  58.993 0.0000000000
78403  40.760  4.869  77.425 0.0000000000
80247  43.852  6.268  72.244 0.0000000000
33213  26.086  -3.641  84.131 0.0000000000
32417  23.406  -6.006  84.890 0.0000000000
41833  39.684  5.944  64.393 0.0000000000
78435  40.933  6.136  64.858 0.0000000000
94593  41.392  6.232  66.984 0.0000000000
78337  42.916  -3.890  80.877 0.0000000000
31624  30.423  -6.685  82.548 0.0000000000
91848  32.464  -3.866  83.711 0.0000000000
84179  33.495  -5.828  83.614 0.0000000000
46822  54.265  12.076  59.982 0.0000000000
44263  53.658  8.906  59.743 0.0000000000
82394  53.442  9.152  63.232 0.0000000000
78480  42.002  8.243  62.962 0.0000000000
78499  43.176  9.330  61.716 0.0000000000
43449  43.187  8.305  60.782 0.0000000000
44286  45.751  8.197  59.166 0.0000000000
43470  42.638  7.407  59.384 0.0000000000
91686  43.526  3.639  80.370 0.0000000000
81358  40.748  4.398  79.714 0.0000000000
84106  42.820  7.708  78.595 0.0000000000
43362  42.626  8.150  75.482 0.0000000000
43353  45.250  7.469  75.515 0.0000000000
80442  47.029  4.234  72.409 0.0000000000
82150  49.297  2.689  75.065 0.0000000000
32428  28.605  -5.741  83.707 0.0000000000
78488  40.180  6.661  61.648 0.0000000000
41859  40.541  5.840  61.795 0.0000000000
41013  40.825  5.031  63.075 0.0000000000
87045  42.031  4.645  65.027 0.0000000000
88749  38.284  0.985  83.264 0.0000000000
82163  40.872  -0.046  82.350 0.0000000000
92423  43.869  -0.208  80.848 0.0000000000
82423  45.347  0.946  79.236 0.0000000000
38283  44.531  2.467  74.978 0.0000000000
84407  35.209  1.831  84.491 0.0000000000
34772  37.330  -2.899  84.714 0.0000000000
43518  55.045  7.950  54.423 0.0000000000
78508  51.023  10.880  62.961 0.0000000000
91463  49.833  7.216  63.296 0.0000000000
43481  47.054  7.776  57.880 0.0000000000
92358  40.532  4.824  69.990 0.0000000000
92197  42.513  3.445  71.036 0.0000000000
91573  43.197  3.011  70.995 0.0000000000
32444  23.425  -6.325  81.503 0.0000000000
32436  23.501  -6.338  82.292 0.0000000000
32431  23.458  -6.343  83.329 0.0000000000
41826  39.663  5.806  65.338 0.0000000000
94441  40.380  6.232  65.962 0.0000000000
91421  40.150  6.016  67.280 0.0000000000
31613  31.982  -6.601  83.556 0.0000000000
46812  53.110  11.395  60.794 0.0000000000
45875  53.394  9.695  62.126 0.0000000000
46799  52.930  10.775  62.611 0.0000000000
43431  41.357  7.194  61.226 0.0000000000
44249  42.637  8.429  62.432 0.0000000000
43450  42.071  7.569  60.780 0.0000000000
98715  43.551  7.913  59.551 0.0000000000
81454  44.394  4.385  78.494 0.0000000000
78396  43.081  5.872  78.877 0.0000000000
42563  43.907  5.921  78.241 0.0000000000
43347  44.233  8.456  77.154 0.0000000000
41767  44.934  6.187  76.776 0.0000000000
41777  46.748  5.845  74.992 0.0000000000
40020  46.395  4.180  75.531 0.0000000000
33199  27.443  -4.672  85.163 0.0000000000
32399  27.872  -5.540  86.217 0.0000000000
32414  29.211  -6.626  84.610 0.0000000000
94658  39.375  6.596  62.369 0.0000000000
78487  39.511  6.572  61.695 0.0000000000
78482  39.910  6.495  62.192 0.0000000000
78475  40.248  5.786  62.576 0.0000000000
78477  40.122  5.839  63.406 0.0000000000
80768  42.757  6.036  66.416 0.0000000000
96432  42.260  5.414  65.696 0.0000000000
82066  43.000  4.832  65.717 0.0000000000
40111  42.779  3.494  65.126 0.0000000000
40094  43.910  4.101  67.541 0.0000000000
34795  39.612  -1.865  83.495 0.0000000000
36540  39.524  0.182  82.990 0.0000000000
78343  40.879  -1.599  82.678 0.0000000000
78370  43.000  -1.349  81.160 0.0000000000
78366  44.888  0.020  79.960 0.0000000000
85220  34.486  -4.692  84.362 0.0000000000
78132  34.821  -2.176  84.335 0.0000000000
35633  35.525  -1.950  85.251 0.0000000000
85402  36.185  -0.358  84.651 0.0000000000
34764  36.172  -3.289  85.737 0.0000000000
80543  55.649  12.020  57.028 0.0000000000
44313  55.217  8.514  56.155 0.0000000000
89721  53.132  8.493  60.443 0.0000000000
81873  45.135  8.889  59.839 0.0000000000
84594  44.846  9.118  59.871 0.0000000000
92314  48.191  10.082  59.859 0.0000000000
80897  48.945  10.659  61.288 0.0000000000
92094  48.812  9.926  63.024 0.0000000000
80666  50.427  8.580  64.419 0.0000000000
92902  48.999  8.493  62.508 0.0000000000
43468  44.477  7.347  58.492 0.0000000000
43466  46.401  7.922  58.586 0.0000000000
81891  39.804  1.601  82.049 0.0000000000
81699  39.900  2.301  81.122 0.0000000000
81658  40.645  5.679  79.038 0.0000000000
81393  40.217  2.305  78.145 0.0000000000
43368  43.500  7.830  74.441 0.0000000000
42590  41.867  5.948  74.007 0.0000000000
41790  42.327  5.918  73.206 0.0000000000
94799  40.558  4.792  70.855 0.0000000000
78445  42.494  4.541  72.051 0.0000000000
81989  41.766  3.973  71.005 0.0000000000
80245  43.527  4.684  71.602 0.0000000000
80118  49.110  4.241  71.377 0.0000000000
78420  45.601  3.704  70.674 0.0000000000
80778  45.463  2.304  71.280 0.0000000000
81306  42.674  2.772  70.799 0.0000000000
33191  25.013  -4.609  85.080 0.0000000000
32388  24.363  -6.470  87.203 0.0000000000
96098  24.972  -7.674  86.835 0.0000000000
31595  23.207  -7.101  85.531 0.0000000000
78476  39.519  6.183  63.597 0.0000000000
78473  40.155  5.876  64.231 0.0000000000
82148  40.515  6.219  64.985 0.0000000000
80539  41.794  6.300  66.264 0.0000000000
78459  43.684  6.266  67.291 0.0000000000
32442  29.314  -5.788  80.937 0.0000000000
80653  31.108  -4.212  82.230 0.0000000000
81605  31.188  -5.122  82.397 0.0000000000
92804  32.664  -4.668  83.598 0.0000000000
78124  35.052  -5.755  85.235 0.0000000000
32385  36.171  -5.252  86.288 0.0000000000
32424  34.819  -5.820  83.759 0.0000000000
45899  54.889  10.844  58.287 0.0000000000
45082  55.077  9.009  58.471 0.0000000000
45891  54.236  9.856  59.500 0.0000000000
44234  53.557  9.212  61.075 0.0000000000
44235  53.198  8.135  62.612 0.0000000000
44250  41.561  8.340  62.547 0.0000000000
44237  42.158  8.997  62.865 0.0000000000
78498  43.689  8.926  61.605 0.0000000000
78513  44.560  8.983  60.464 0.0000000000
81575  46.785  9.086  59.234 0.0000000000
81122  45.066  8.597  59.755 0.0000000000
43469  43.533  7.314  58.717 0.0000000000
80519  42.932  3.106  80.924 0.0000000000
90552  41.017  3.347  81.035 0.0000000000
81102  41.973  4.350  80.442 0.0000000000
78406  41.249  6.396  79.190 0.0000000000
42572  41.254  6.884  78.205 0.0000000000
83196  41.486  7.085  77.162 0.0000000000
44143  42.897  9.777  78.352 0.0000000000
44970  43.923  9.787  76.584 0.0000000000
81228  45.076  7.288  74.208 0.0000000000
81812  45.826  6.625  72.852 0.0000000000
84410  46.808  6.471  74.274 0.0000000000
81615  49.506  4.770  74.066 0.0000000000
91789  50.703  1.981  72.389 0.0000000000
34025  26.431  -3.250  83.546 0.0000000000
33211  27.600  -3.901  83.343 0.0000000000
80849  27.713  -5.539  80.676 0.0000000000
91454  28.380  -6.285  80.619 0.0000000000
91995  30.106  -7.582  83.265 0.0000000000
43432  41.064  7.178  61.483 0.0000000000
78501  40.699  6.616  61.355 0.0000000000
86575  41.001  5.715  61.078 0.0000000000
41029  40.948  4.896  62.251 0.0000000000
41012  41.409  4.232  63.518 0.0000000000
41839  40.910  5.420  63.950 0.0000000000
41003  41.623  4.377  64.203 0.0000000000
37405  37.633  1.916  82.985 0.0000000000
91656  38.623  1.123  82.738 0.0000000000
81944  39.970  0.543  82.626 0.0000000000
78349  41.330  0.420  81.861 0.0000000000
81138  41.682  -1.967  82.053 0.0000000000
91640  42.246  -0.406  81.603 0.0000000000
91639  42.517  1.142  81.364 0.0000000000
80741  44.315  1.271  80.795 0.0000000000
88496  45.828  2.241  79.972 0.0000000000
92355  44.797  2.855  77.786 0.0000000000
88174  45.069  3.099  76.786 0.0000000000
91598  45.124  1.678  76.925 0.0000000000
36543  37.055  1.257  83.867 0.0000000000
35640  37.954  -1.114  84.295 0.0000000000
34784  39.045  -2.577  84.013 0.0000000000
33187  36.866  -4.655  85.430 0.0000000000
33197  38.096  -4.659  84.665 0.0000000000
98025  55.124  8.268  53.826 0.0000000000
46803  52.067  11.682  62.501 0.0000000000
83685  52.517  10.295  64.383 0.0000000000
82098  52.427  6.855  65.285 0.0000000000
78484  51.082  7.079  61.810 0.0000000000
80650  48.749  9.014  59.565 0.0000000000
92306  50.041  7.945  60.726 0.0000000000
44281  49.946  8.264  58.726 0.0000000000
78409  39.988  2.219  79.983 0.0000000000
92395  39.590  4.768  68.709 0.0000000000
79903  39.844  5.398  67.938 0.0000000000
80296  41.471  5.676  68.044 0.0000000000
81774  42.642  4.739  68.935 0.0000000000
78444  43.361  4.211  69.109 0.0000000000
91709  44.569  4.174  71.256 0.0000000000
80100  43.004  3.385  71.112 0.0000000000
81796  43.556  3.518  69.150 0.0000000000
81668  44.319  3.043  69.525 0.0000000000
83763  47.466  2.195  75.160 0.0000000000
37454  48.600  0.426  74.389 0.0000000000
32453  22.787  -6.187  80.282 0.0000000000
32443  24.100  -5.501  81.421 0.0000000000
96571  39.519  5.712  66.204 0.0000000000
94336  39.771  6.050  66.834 0.0000000000
46802  52.663  11.318  61.920 0.0000000000
40908  44.625  4.820  77.619 0.0000000000
41751  44.317  5.228  78.173 0.0000000000
41759  44.506  5.689  77.537 0.0000000000
40915  45.035  5.215  76.851 0.0000000000
41766  45.429  5.633  76.094 0.0000000000
40021  45.520  4.737  75.911 0.0000000000
32386  26.242  -6.147  87.124 0.0000000000
32400  26.894  -5.386  86.589 0.0000000000
31569  27.305  -6.066  86.920 0.0000000000
30772  27.269  -6.736  86.713 0.0000000000
91775  43.909  6.456  66.917 0.0000000000
80546  43.876  5.809  66.590 0.0000000000
81672  44.091  5.080  66.916 0.0000000000
78454  43.682  4.713  66.260 0.0000000000
95256  44.015  4.677  67.537 0.0000000000
90290  39.782  -2.894  83.339 0.0000000000
34794  40.323  -2.231  82.963 0.0000000000
80298  34.933  -3.260  85.889 0.0000000000
92309  34.890  -2.782  85.237 0.0000000000
80755  35.331  -2.315  86.313 0.0000000000
80967  35.286  -1.996  85.069 0.0000000000
35621  35.440  -2.143  86.110 0.0000000000
35632  35.743  -2.089  85.377 0.0000000000
34765  35.666  -3.169  86.551 0.0000000000
91680  55.421  10.855  57.538 0.0000000000
80505  55.604  10.821  56.690 0.0000000000
92274  55.508  9.896  57.304 0.0000000000
95725  55.375  9.617  56.459 0.0000000000
45093  55.362  9.157  57.565 0.0000000000
78519  46.261  9.197  59.300 0.0000000000
80541  47.617  9.898  59.003 0.0000000000
92228  48.067  9.915  60.796 0.0000000000
80337  48.360  10.039  62.189 0.0000000000
92313  48.091  9.693  61.680 0.0000000000
78494  49.391  8.760  63.262 0.0000000000
79843  48.140  9.566  60.883 0.0000000000
42680  43.885  6.611  58.043 0.0000000000
43467  45.498  7.486  58.408 0.0000000000
78353  40.237  1.901  81.645 0.0000000000
82556  39.481  1.806  81.501 0.0000000000
82233  40.583  5.097  78.381 0.0000000000
78393  40.633  3.981  76.870 0.0000000000
43377  43.694  7.371  73.665 0.0000000000
78457  43.008  6.732  73.379 0.0000000000
92499  43.100  6.275  72.775 0.0000000000
91985  42.978  5.428  72.288 0.0000000000
91293  44.039  5.670  71.706 0.0000000000
80425  47.639  2.827  70.582 0.0000000000
80284  46.678  2.131  70.821 0.0000000000
91607  44.290  1.926  71.503 0.0000000000
32430  23.741  -5.372  83.949 0.0000000000
33202  24.694  -4.496  84.288 0.0000000000
32416  24.108  -5.159  84.955 0.0000000000
32402  24.792  -5.135  85.846 0.0000000000
32403  23.693  -6.031  85.887 0.0000000000
31581  23.401  -7.153  86.628 0.0000000000
42633  38.918  6.186  63.893 0.0000000000
82631  41.140  6.493  66.182 0.0000000000
92308  42.856  6.408  66.861 0.0000000000
78450  42.583  6.124  67.464 0.0000000000
81351  30.287  -5.878  81.846 0.0000000000
31612  32.834  -6.339  83.547 0.0000000000
32426  32.819  -5.536  83.547 0.0000000000
33189  34.592  -5.852  84.703 0.0000000000
32413  34.723  -6.117  84.915 0.0000000000
82011  35.184  -5.851  85.698 0.0000000000
81450  54.823  12.036  58.840 0.0000000000
82281  54.524  10.819  59.266 0.0000000000
90558  54.014  10.787  59.951 0.0000000000
45050  53.410  8.659  62.589 0.0000000000
78502  53.469  7.673  63.738 0.0000000000
78481  41.607  9.039  62.563 0.0000000000
44266  44.056  8.595  60.102 0.0000000000
95503  42.846  6.404  58.501 0.0000000000
92289  42.660  3.934  80.674 0.0000000000
78382  42.875  4.501  80.120 0.0000000000
42565  42.487  6.932  78.781 0.0000000000
78397  42.077  6.246  79.149 0.0000000000
95782  41.776  7.056  78.966 0.0000000000
95589  42.252  7.945  78.673 0.0000000000
44144  42.435  8.924  78.242 0.0000000000
43343  42.697  8.985  78.565 0.0000000000
43354  44.643  8.460  76.125 0.0000000000
44951  43.835  9.719  77.186 0.0000000000
44170  44.594  8.666  75.497 0.0000000000
44169  45.165  8.192  75.227 0.0000000000
80550  45.891  6.847  74.085 0.0000000000
97751  45.978  6.762  74.560 0.0000000000
40926  48.182  4.722  75.125 0.0000000000
81781  48.423  5.045  74.730 0.0000000000
93203  49.810  3.532  74.459 0.0000000000
91441  50.610  3.883  72.753 0.0000000000
81430  50.267  2.405  73.862 0.0000000000
32429  27.968  -4.660  84.016 0.0000000000
91996  28.326  -5.395  82.381 0.0000000000
93388  27.664  -5.591  81.028 0.0000000000
80257  27.876  -6.034  81.021 0.0000000000
41022  41.465  4.048  62.797 0.0000000000
81500  41.398  5.493  64.661 0.0000000000
37396  37.899  1.692  83.162 0.0000000000
91834  38.212  1.562  83.028 0.0000000000
36541  38.786  0.512  83.245 0.0000000000
78345  40.487  -0.542  82.741 0.0000000000
78348  40.336  0.926  82.303 0.0000000000
81130  42.696  -2.454  81.286 0.0000000000
91506  43.660  -0.916  80.772 0.0000000000
91890  43.087  -0.291  81.174 0.0000000000
80034  42.345  0.443  81.496 0.0000000000
80182  43.386  0.529  81.081 0.0000000000
78372  43.260  1.452  81.072 0.0000000000
96548  43.912  0.883  80.938 0.0000000000
78367  45.311  0.594  79.683 0.0000000000
78377  45.616  1.792  80.264 0.0000000000
78378  45.753  1.815  79.338 0.0000000000
78389  45.407  2.767  79.464 0.0000000000
80398  44.938  1.543  78.360 0.0000000000
39119  44.961  2.312  77.536 0.0000000000
33210  31.863  -4.349  83.191 0.0000000000
78125  31.824  -3.688  82.898 0.0000000000
80931  34.548  0.598  84.312 0.0000000000
37408  34.613  1.041  83.637 0.0000000000
37398  35.598  2.052  84.131 0.0000000000
37406  36.479  1.832  83.400 0.0000000000
37390  35.640  1.986  84.251 0.0000000000
34786  36.913  -2.201  84.614 0.0000000000
35641  37.004  -1.168  84.284 0.0000000000
34785  37.685  -2.030  84.478 0.0000000000
88937  38.490  -1.765  84.243 0.0000000000
86865  38.257  -2.769  84.509 0.0000000000
32397  36.425  -5.558  85.882 0.0000000000
33196  38.813  -4.510  84.075 0.0000000000
44315  55.254  8.822  54.365 0.0000000000
90560  54.701  7.759  53.877 0.0000000000
44262  54.010  9.294  59.294 0.0000000000
45060  42.503  9.602  61.596 0.0000000000
83730  43.473  9.475  61.027 0.0000000000
81756  49.639  10.561  63.164 0.0000000000
78512  49.925  11.184  62.000 0.0000000000
78517  51.261  11.472  62.070 0.0000000000
78515  51.843  11.735  63.328 0.0000000000
78514  52.093  11.783  63.785 0.0000000000
78493  51.693  10.946  64.370 0.0000000000
80601  50.895  6.794  64.663 0.0000000000
91907  51.456  7.673  65.391 0.0000000000
78490  52.190  6.636  64.134 0.0000000000
82575  50.795  6.850  63.316 0.0000000000
44285  46.514  8.605  59.066 0.0000000000
83864  47.044  8.855  58.898 0.0000000000
44283  48.302  8.402  58.453 0.0000000000
81198  48.718  8.837  58.946 0.0000000000
44265  49.998  8.304  59.583 0.0000000000
44282  49.143  8.316  58.490 0.0000000000
78394  41.156  4.031  80.479 0.0000000000
82001  40.508  3.404  80.134 0.0000000000
84682  42.145  7.824  75.976 0.0000000000
41791  41.671  5.279  73.478 0.0000000000
91422  39.811  4.684  69.639 0.0000000000
91730  40.427  5.034  68.669 0.0000000000
92357  40.565  5.665  67.707 0.0000000000
78447  41.515  4.962  69.112 0.0000000000
78452  42.191  4.030  70.310 0.0000000000
81565  41.876  4.118  69.910 0.0000000000
82503  42.591  3.873  69.683 0.0000000000
91760  42.881  3.603  70.473 0.0000000000
78430  45.713  5.036  72.703 0.0000000000
81021  45.744  4.209  71.257 0.0000000000
80647  44.491  2.817  71.324 0.0000000000
80430  43.625  3.294  71.229 0.0000000000
82275  43.523  3.760  70.369 0.0000000000
80495  42.859  3.307  70.851 0.0000000000
78440  43.617  3.206  70.235 0.0000000000
78443  41.987  3.269  69.780 0.0000000000
38269  44.857  2.981  76.303 0.0000000000
39125  46.042  3.469  75.563 0.0000000000
38274  45.673  2.956  75.483 0.0000000000
32435  24.110  -5.300  82.621 0.0000000000
82333  38.876  5.660  64.735 0.0000000000
41822  40.562  6.263  66.657 0.0000000000
90349  31.206  -6.086  82.800 0.0000000000
30831  31.226  -7.114  83.336 0.0000000000
46811  53.557  11.230  60.487 0.0000000000
45884  53.198  10.681  61.416 0.0000000000
82223  53.099  10.002  63.196 0.0000000000
84212  42.064  7.833  62.440 0.0000000000
81732  43.919  4.263  79.093 0.0000000000
82062  43.336  4.866  79.400 0.0000000000
83210  43.886  5.135  78.749 0.0000000000
42564  43.305  6.816  78.352 0.0000000000
42571  43.474  7.939  78.053 0.0000000000
42570  44.146  6.863  77.483 0.0000000000
42577  44.871  7.339  76.520 0.0000000000
42576  45.354  6.537  75.916 0.0000000000
42583  45.898  6.641  75.019 0.0000000000
41778  45.789  5.987  75.456 0.0000000000
40927  46.638  4.987  75.373 0.0000000000
96097  47.611  3.760  75.400 0.0000000000
33200  26.562  -4.244  84.978 0.0000000000
95279  27.100  -4.714  85.918 0.0000000000
32415  28.394  -5.563  85.010 0.0000000000
78464  41.619  5.992  65.590 0.0000000000
40110  43.353  3.806  65.800 0.0000000000
39212  43.312  3.413  66.252 0.0000000000
39202  43.548  3.453  67.379 0.0000000000
35646  39.317  -0.717  83.501 0.0000000000
35645  40.045  -1.161  83.082 0.0000000000
78344  43.325  -2.301  80.843 0.0000000000
81851  44.320  -0.891  80.169 0.0000000000
91690  44.411  0.378  80.587 0.0000000000
95505  44.594  -0.274  79.114 0.0000000000
80866  33.538  -4.509  84.063 0.0000000000
91423  33.214  -3.695  83.818 0.0000000000
78131  34.316  -4.096  83.587 0.0000000000
91568  34.331  -2.516  83.387 0.0000000000
82160  34.902  -1.076  84.131 0.0000000000
37392  34.886  0.876  84.679 0.0000000000
36535  35.643  0.336  84.556 0.0000000000
35642  35.879  -1.032  85.119 0.0000000000
35631  36.208  -1.746  85.096 0.0000000000
34773  36.538  -2.934  85.130 0.0000000000
45111  55.452  10.424  55.048 0.0000000000
90306  55.340  9.060  55.366 0.0000000000
43506  55.158  8.049  55.195 0.0000000000
83731  44.346  9.011  60.929 0.0000000000
91888  46.331  9.453  59.132 0.0000000000
81779  47.660  9.957  59.108 0.0000000000
92093  48.192  10.143  61.191 0.0000000000
92247  49.031  10.472  62.415 0.0000000000
81055  50.813  10.326  63.957 0.0000000000
92390  49.721  9.770  63.450 0.0000000000
97265  49.923  7.546  64.051 0.0000000000
44287  45.060  7.866  59.073 0.0000000000
81433  39.058  1.612  81.860 0.0000000000
78405  40.521  4.816  79.023 0.0000000000
82437  40.471  3.807  79.059 0.0000000000
80504  40.378  3.110  78.128 0.0000000000
44184  43.197  8.414  75.237 0.0000000000
82078  42.069  6.604  74.656 0.0000000000
78456  42.513  6.615  73.981 0.0000000000
81124  41.815  4.831  72.653 0.0000000000
81470  41.062  3.969  71.978 0.0000000000
83248  41.757  4.159  72.113 0.0000000000
78446  41.255  4.243  71.369 0.0000000000
91857  41.121  4.627  70.385 0.0000000000
91708  42.330  3.911  71.663 0.0000000000
80071  43.192  3.745  71.367 0.0000000000
91758  47.441  3.691  70.427 0.0000000000
92032  46.485  3.158  70.518 0.0000000000
78441  43.331  2.442  71.059 0.0000000000
33214  25.367  -3.883  83.808 0.0000000000
33201  25.638  -4.192  84.642 0.0000000000
33190  26.026  -4.780  85.659 0.0000000000
32401  25.684  -5.561  86.638 0.0000000000
31571  25.428  -6.780  87.496 0.0000000000
30773  25.924  -7.179  86.992 0.0000000000
30769  24.097  -7.327  87.662 0.0000000000
30786  23.436  -7.607  86.522 0.0000000000
86359  23.388  -6.537  84.319 0.0000000000
78465  41.156  6.403  65.613 0.0000000000
78448  43.798  5.891  67.593 0.0000000000
34021  40.532  -3.244  82.719 0.0000000000
86181  30.314  -4.014  81.777 0.0000000000
78129  30.285  -4.925  81.690 0.0000000000
32427  31.979  -5.427  83.251 0.0000000000
78128  34.825  -4.913  85.634 0.0000000000
92412  35.384  -4.944  86.633 0.0000000000
33183  35.497  -4.300  86.926 0.0000000000
78122  35.169  -5.762  86.414 0.0000000000
31568  35.405  -6.620  85.616 0.0000000000
32412  35.464  -6.311  84.198 0.0000000000
45900  54.782  9.619  58.775 0.0000000000
45071  54.546  9.265  59.011 0.0000000000
45059  53.827  9.446  59.785 0.0000000000
93362  53.660  10.040  60.583 0.0000000000
44246  53.643  9.111  60.148 0.0000000000
44247  53.387  8.721  61.166 0.0000000000
44248  52.857  8.252  61.433 0.0000000000
78495  52.022  7.669  61.455 0.0000000000
45061  41.748  9.423  61.963 0.0000000000
45051  42.036  9.574  62.170 0.0000000000
78486  42.808  8.872  62.363 0.0000000000
93049  45.891  8.814  59.543 0.0000000000
43448  44.279  7.971  59.226 0.0000000000
80693  41.880  2.919  81.288 0.0000000000
91642  41.916  3.700  80.973 0.0000000000
81937  41.226  4.746  79.877 0.0000000000
81866  41.905  4.995  79.761 0.0000000000
78404  41.116  5.622  79.488 0.0000000000
78411  40.874  5.959  79.310 0.0000000000
42567  40.937  6.421  79.014 0.0000000000
78410  40.828  5.891  78.135 0.0000000000
41769  41.121  5.566  76.865 0.0000000000
43349  41.756  7.906  78.034 0.0000000000
44157  42.238  8.609  77.453 0.0000000000
43355  42.516  8.703  76.442 0.0000000000
44142  43.633  9.832  77.993 0.0000000000
78744  43.132  10.108  77.106 0.0000000000
89115  43.034  8.939  75.834 0.0000000000
44183  44.050  8.451  75.298 0.0000000000
97940  44.411  7.865  74.378 0.0000000000
81632  44.544  7.248  73.468 0.0000000000
91984  44.774  6.726  72.728 0.0000000000
78436  45.594  7.007  73.247 0.0000000000
81540  46.492  6.722  73.482 0.0000000000
86064  47.131  4.931  73.738 0.0000000000
81872  47.756  5.763  74.493 0.0000000000
78429  48.400  5.503  74.017 0.0000000000
91946  49.086  5.093  72.914 0.0000000000
80099  49.508  2.872  70.863 0.0000000000
33233  28.670  -4.712  81.453 0.0000000000
33212  26.927  -3.887  84.262 0.0000000000
33221  28.414  -4.746  82.164 0.0000000000
33234  27.881  -5.177  80.950 0.0000000000
33250  27.912  -5.296  80.586 0.0000000000
78139  28.360  -5.623  80.510 0.0000000000
96158  28.944  -6.146  80.702 0.0000000000
78144  29.226  -6.730  81.123 0.0000000000
92759  28.847  -6.460  82.812 0.0000000000
79805  29.052  -6.969  81.358 0.0000000000
92021  29.992  -7.125  82.553 0.0000000000
78497  41.629  7.746  62.137 0.0000000000
42661  41.251  6.205  60.420 0.0000000000
41858  41.332  4.917  61.474 0.0000000000
80042  38.118  1.421  82.451 0.0000000000
80237  38.558  1.428  82.341 0.0000000000
81422  39.129  1.159  82.484 0.0000000000
93731  39.427  1.322  82.284 0.0000000000
81390  40.582  1.299  81.930 0.0000000000
80566  41.394  1.408  81.627 0.0000000000
80405  41.143  -2.679  82.396 0.0000000000
78346  41.336  -0.973  82.386 0.0000000000
78339  42.066  -1.225  81.733 0.0000000000
81519  41.576  -0.465  81.978 0.0000000000
80744  42.094  1.988  81.399 0.0000000000
92290  42.761  2.332  81.150 0.0000000000
81197  43.745  2.128  80.897 0.0000000000
78384  44.179  2.786  80.537 0.0000000000
78365  45.295  1.026  80.280 0.0000000000
78371  45.257  2.582  80.303 0.0000000000
82071  44.766  3.411  80.143 0.0000000000
78385  44.780  3.604  79.524 0.0000000000
80605  44.714  3.351  78.457 0.0000000000
39997  44.875  3.522  77.294 0.0000000000
40007  45.228  3.818  76.101 0.0000000000
38275  44.443  2.550  75.771 0.0000000000
80007  44.738  0.552  77.924 0.0000000000
91956  44.997  1.192  76.732 0.0000000000
80154  32.641  -3.372  83.211 0.0000000000
36552  36.735  1.075  82.356 0.0000000000
37397  37.252  1.708  83.349 0.0000000000
36542  37.824  0.978  83.502 0.0000000000
85975  36.809  0.086  84.109 0.0000000000
36533  37.594  -0.062  83.985 0.0000000000
35647  38.465  -0.382  83.749 0.0000000000
34796  39.037  -1.504  83.863 0.0000000000
34013  39.241  -3.641  83.706 0.0000000000
34003  36.184  -3.758  86.284 0.0000000000
34009  36.502  -3.766  85.567 0.0000000000
34008  37.022  -3.695  85.090 0.0000000000
90986  37.425  -5.087  85.075 0.0000000000
34015  37.837  -3.653  84.757 0.0000000000
34014  38.565  -3.608  84.323 0.0000000000
32463  23.242  -5.407  79.935 0.0000000000
44330  55.279  8.630  52.253 0.0000000000
86365  52.421  11.490  63.059 0.0000000000
83576  52.628  11.066  63.825 0.0000000000
78505  53.258  9.336  64.193 0.0000000000
92463  51.511  9.426  64.641 0.0000000000
78491  52.483  8.645  64.986 0.0000000000
78489  53.300  7.672  64.637 0.0000000000
82186  53.126  6.934  64.495 0.0000000000
87378  51.633  7.359  62.625 0.0000000000
80002  48.110  9.611  59.445 0.0000000000
91475  48.371  8.962  60.801 0.0000000000
80765  49.177  8.084  61.728 0.0000000000
78521  48.030  9.091  58.917 0.0000000000
78478  49.153  8.580  60.207 0.0000000000
80535  50.303  7.267  62.165 0.0000000000
78479  50.801  7.464  60.949 0.0000000000
43465  49.728  7.732  57.975 0.0000000000
83663  40.348  2.870  80.871 0.0000000000
40970  39.871  4.861  70.776 0.0000000000
91929  39.283  4.823  67.917 0.0000000000
80673  39.445  5.639  67.388 0.0000000000
82498  42.532  5.572  68.251 0.0000000000
97314  42.849  5.951  67.624 0.0000000000
78451  43.453  5.505  68.084 0.0000000000
78453  43.674  5.242  68.093 0.0000000000
91981  44.789  6.051  72.096 0.0000000000
92236  44.785  5.156  71.433 0.0000000000
78458  43.588  4.246  68.572 0.0000000000
40093  43.758  4.009  68.280 0.0000000000
98360  44.079  3.372  68.431 0.0000000000
39183  44.152  2.928  68.564 0.0000000000
40095  42.670  3.354  68.733 0.0000000000
39134  47.416  3.045  75.361 0.0000000000
39133  48.633  2.421  75.244 0.0000000000
88505  45.872  2.052  74.878 0.0000000000
38281  48.669  1.499  75.008 0.0000000000
39132  49.201  1.914  75.055 0.0000000000
78426  49.668  0.848  73.256 0.0000000000
30768  24.462  -7.092  87.727 0.0000000000
30774  24.604  -7.348  87.510 0.0000000000
30775  23.798  -7.547  87.327 0.0000000000
31562  24.350  -6.894  87.619 0.0000000000
31567  35.277  -6.016  86.316 0.0000000000
31572  23.773  -6.990  87.426 0.0000000000
31580  28.184  -6.539  86.408 0.0000000000
31593  35.065  -6.335  85.282 0.0000000000
32378  35.378  -5.053  86.727 0.0000000000
32387  25.073  -6.431  87.473 0.0000000000
32389  23.900  -6.442  86.745 0.0000000000
32398  35.430  -6.694  85.693 0.0000000000
33174  35.284  -4.568  86.997 0.0000000000
33182  36.115  -4.387  86.454 0.0000000000
33188  36.420  -4.540  86.049 0.0000000000
33198  37.428  -4.336  85.007 0.0000000000
33209  33.911  -5.449  84.034 0.0000000000
33235  27.487  -5.713  81.032 0.0000000000
33999  35.283  -4.055  87.064 0.0000000000
34004  35.598  -3.779  86.899 0.0000000000
34759  35.370  -3.105  86.945 0.0000000000
34760  35.265  -2.430  86.697 0.0000000000
34766  35.293  -2.422  86.639 0.0000000000
34774  36.069  -2.875  85.603 0.0000000000
35610  35.295  -2.314  86.559 0.0000000000
35620  35.575  -2.421  85.879 0.0000000000
35643  35.383  -0.759  84.534 0.0000000000
36523  35.430  -2.232  86.141 0.0000000000
36534  36.131  1.196  84.259 0.0000000000
36609  48.542  -0.643  73.790 0.0000000000
37385  34.653  1.498  84.607 0.0000000000
37391  35.273  1.611  84.544 0.0000000000
37399  35.389  1.312  84.333 0.0000000000
37407  35.289  1.594  83.431 0.0000000000
38223  35.376  2.018  84.357 0.0000000000
40019  48.658  4.010  75.073 0.0000000000
40102  43.773  4.076  66.605 0.0000000000
40980  43.972  5.443  67.702 0.0000000000
41768  41.205  6.354  77.333 0.0000000000
42566  41.606  7.264  78.759 0.0000000000
43342  42.865  8.743  78.626 0.0000000000
43348  43.581  9.105  78.030 0.0000000000
43361  45.521  7.385  74.809 0.0000000000
43369  42.723  7.474  74.666 0.0000000000
43378  43.086  7.182  74.006 0.0000000000
43391  44.021  5.281  67.887 0.0000000000
43447  50.787  7.853  59.865 0.0000000000
44134  43.081  9.674  78.465 0.0000000000
44141  43.897  9.458  77.356 0.0000000000
44155  44.304  9.245  76.880 0.0000000000
44156  42.712  9.631  77.507 0.0000000000
44171  44.143  9.548  75.911 0.0000000000
44172  43.077  9.659  76.479 0.0000000000
44236  52.537  7.709  62.607 0.0000000000
44279  54.579  9.078  58.934 0.0000000000
44284  47.335  8.403  58.588 0.0000000000
44952  43.632  10.015  77.734 0.0000000000
45782  43.865  9.784  76.834 0.0000000000
45783  43.393  10.186  77.681 0.0000000000
78123  35.271  -4.996  86.830 0.0000000000
78126  35.194  -5.419  86.609 0.0000000000
78376  44.883  1.915  80.666 0.0000000000
78383  45.349  2.996  80.004 0.0000000000
78386  43.800  3.962  79.719 0.0000000000
78387  42.541  5.343  79.452 0.0000000000
78395  41.726  5.719  79.398 0.0000000000
78419  49.231  1.144  74.410 0.0000000000
78424  49.514  1.784  74.482 0.0000000000
78432  47.311  6.149  73.942 0.0000000000
78433  43.929  5.079  67.982 0.0000000000
78437  44.450  3.060  69.232 0.0000000000
78439  45.072  8.203  74.813 0.0000000000
78449  44.009  5.615  67.658 0.0000000000
78471  41.420  6.314  76.406 0.0000000000
78472  41.733  7.125  76.143 0.0000000000
78492  52.036  10.281  64.523 0.0000000000
78496  49.343  8.631  59.192 0.0000000000
78503  53.569  8.406  63.780 0.0000000000
78504  53.151  7.214  63.650 0.0000000000
78506  52.079  11.445  64.202 0.0000000000
78507  51.806  11.653  64.076 0.0000000000
78511  48.240  10.089  60.093 0.0000000000
78742  43.321  10.074  78.129 0.0000000000
78743  43.004  10.197  77.953 0.0000000000
80365  35.143  -4.124  86.575 0.0000000000
80624  34.569  1.381  84.296 0.0000000000
81045  40.395  4.608  71.486 0.0000000000
81203  45.052  2.393  78.531 0.0000000000
81246  34.547  -5.428  84.572 0.0000000000
81281  43.799  6.729  73.054 0.0000000000
81408  34.677  -1.564  83.631 0.0000000000
81616  40.799  5.330  79.437 0.0000000000
81652  43.658  9.830  76.586 0.0000000000
81806  35.060  -5.681  86.123 0.0000000000
81810  49.083  0.271  73.793 0.0000000000
81842  44.003  6.221  67.186 0.0000000000
81965  45.567  9.277  59.472 0.0000000000
82210  45.846  1.345  79.874 0.0000000000
82347  43.617  9.987  77.261 0.0000000000
83548  41.887  7.881  76.841 0.0000000000
83965  47.816  5.316  75.163 0.0000000000
84067  43.502  9.328  75.865 0.0000000000
85642  24.559  -5.847  86.693 0.0000000000
85839  28.549  -4.703  81.674 0.0000000000
88325  24.021  -7.836  87.149 0.0000000000
88441  44.292  9.366  76.380 0.0000000000
88470  36.025  1.362  83.433 0.0000000000
90227  46.091  6.112  74.027 0.0000000000
90350  44.630  4.070  77.746 0.0000000000
90391  48.460  3.184  75.305 0.0000000000
91262  29.283  -6.713  82.038 0.0000000000
91316  48.413  9.405  62.539 0.0000000000
91589  48.276  8.997  61.836 0.0000000000
92042  34.821  -3.822  84.939 0.0000000000
92092  48.308  9.772  59.814 0.0000000000
92317  44.154  6.105  66.962 0.0000000000
93587  48.928  8.819  59.485 0.0000000000
94306  24.095  -7.497  87.596 0.0000000000
94820  47.841  8.003  58.017 0.0000000000
95189  47.697  4.570  75.320 0.0000000000
96259  45.936  5.384  75.533 0.0000000000
96441  42.247  8.196  78.544 0.0000000000
96832  34.845  -4.035  85.833 0.0000000000
97059  44.764  8.405  74.925 0.0000000000
98194  32.357  -5.943  83.431 0.0000000000
