#!ascii label  , from subject sub-v1s15x0050185_ses-1 vox2ras=TkReg
1415
38217  11.938  2.117  90.249 0.0000000000
44302  39.491  9.046  58.160 0.0000000000
37409  28.238  0.474  83.380 0.0000000000
34803  36.626  -0.499  81.580 0.0000000000
35711  22.144  -1.343  74.470 0.0000000000
83355  19.181  -4.605  81.816 0.0000000000
46030  52.836  10.661  49.502 0.0000000000
46813  52.453  11.543  61.071 0.0000000000
38325  34.837  1.313  71.438 0.0000000000
50272  55.341  15.143  44.241 0.0000000000
34050  25.949  -2.545  81.878 0.0000000000
80195  15.371  -1.542  82.657 0.0000000000
86445  53.833  11.575  54.672 0.0000000000
45946  47.546  10.514  54.537 0.0000000000
95015  38.304  6.451  60.583 0.0000000000
44267  41.528  8.960  61.220 0.0000000000
41842  35.767  4.903  62.822 0.0000000000
36596  32.385  0.072  77.693 0.0000000000
81502  31.836  -1.429  81.244 0.0000000000
34090  23.526  -3.399  77.783 0.0000000000
32491  19.808  -5.902  76.105 0.0000000000
34855  18.551  -3.089  75.502 0.0000000000
36562  18.821  -0.401  81.932 0.0000000000
35669  24.229  -0.823  79.995 0.0000000000
92348  59.599  12.224  51.272 0.0000000000
80117  56.619  9.243  50.089 0.0000000000
45911  44.741  10.311  57.552 0.0000000000
40083  37.510  3.146  69.377 0.0000000000
93808  36.665  1.309  76.800 0.0000000000
81767  54.333  12.803  46.197 0.0000000000
92718  62.483  14.579  51.554 0.0000000000
51608  61.579  16.546  43.350 0.0000000000
33237  24.581  -4.699  81.827 0.0000000000
80091  16.276  0.704  87.548 0.0000000000
91825  14.158  -2.100  82.897 0.0000000000
34767  14.176  -2.490  86.928 0.0000000000
45980  48.211  10.026  52.742 0.0000000000
42638  38.150  6.109  63.459 0.0000000000
42651  38.774  6.582  61.921 0.0000000000
34019  7.483  -3.246  83.952 0.0000000000
42665  35.436  6.587  60.251 0.0000000000
92332  28.791  -0.063  80.388 0.0000000000
97700  30.137  -1.041  79.312 0.0000000000
79907  30.097  -1.053  81.355 0.0000000000
34854  22.631  -2.407  75.709 0.0000000000
34103  22.065  -3.934  75.172 0.0000000000
34875  21.289  -2.332  73.206 0.0000000000
82396  23.565  -1.070  77.696 0.0000000000
34099  24.710  -2.751  78.217 0.0000000000
33302  18.294  -5.250  77.139 0.0000000000
46915  55.580  11.141  48.816 0.0000000000
46894  58.864  10.776  51.800 0.0000000000
46005  55.015  10.598  50.291 0.0000000000
47781  52.841  14.063  57.830 0.0000000000
95138  55.776  13.040  56.204 0.0000000000
45103  41.317  9.849  56.016 0.0000000000
45921  43.710  9.825  55.879 0.0000000000
45095  42.670  9.447  57.380 0.0000000000
38343  34.346  1.469  68.563 0.0000000000
40098  35.047  3.329  67.151 0.0000000000
39174  35.875  2.054  70.202 0.0000000000
36579  34.750  0.932  80.149 0.0000000000
37435  33.795  0.370  77.211 0.0000000000
92484  36.915  -1.043  79.404 0.0000000000
46944  51.577  11.394  48.489 0.0000000000
47872  51.492  12.880  46.408 0.0000000000
46943  54.204  11.496  48.054 0.0000000000
80594  59.134  12.109  48.399 0.0000000000
52786  61.529  19.603  43.755 0.0000000000
50979  60.222  17.141  45.811 0.0000000000
50953  63.173  16.299  48.331 0.0000000000
50236  59.796  15.978  47.261 0.0000000000
78141  26.872  -1.596  82.503 0.0000000000
80963  29.051  -1.288  83.091 0.0000000000
34024  27.038  -2.981  82.964 0.0000000000
78250  18.156  -4.438  86.347 0.0000000000
33241  17.021  -4.587  81.183 0.0000000000
34041  15.977  -3.555  82.220 0.0000000000
90376  50.158  10.390  49.895 0.0000000000
45991  52.570  10.188  51.231 0.0000000000
45978  50.447  9.749  52.143 0.0000000000
45930  50.647  10.718  55.308 0.0000000000
47793  50.060  12.430  57.022 0.0000000000
44270  38.468  8.405  59.650 0.0000000000
90898  40.632  8.365  59.095 0.0000000000
43452  39.611  7.318  60.175 0.0000000000
37496  33.380  0.681  71.674 0.0000000000
78352  38.915  1.624  82.209 0.0000000000
36527  9.211  0.075  87.921 0.0000000000
34777  11.141  -2.478  85.378 0.0000000000
34017  9.113  -3.020  83.782 0.0000000000
45088  37.891  9.552  58.568 0.0000000000
93524  36.548  7.263  59.765 0.0000000000
41847  36.945  5.675  62.179 0.0000000000
41828  36.997  5.195  64.697 0.0000000000
36599  29.722  0.582  77.234 0.0000000000
36582  31.588  -0.260  79.268 0.0000000000
34812  34.229  -1.297  81.376 0.0000000000
97674  31.406  -2.897  81.615 0.0000000000
78134  34.342  -1.881  82.968 0.0000000000
33274  23.683  -4.714  79.584 0.0000000000
32473  22.390  -5.416  78.620 0.0000000000
33301  21.696  -4.873  76.900 0.0000000000
33319  18.587  -5.144  74.100 0.0000000000
34081  19.395  -4.266  78.602 0.0000000000
85848  19.090  -1.833  75.887 0.0000000000
34824  18.796  -2.976  79.480 0.0000000000
34806  22.041  -2.155  83.626 0.0000000000
78252  17.102  -0.868  83.072 0.0000000000
92818  15.601  0.465  84.029 0.0000000000
79692  13.915  1.971  86.055 0.0000000000
94864  27.146  0.697  81.901 0.0000000000
78190  24.586  0.321  81.252 0.0000000000
36560  25.547  -0.048  82.222 0.0000000000
78170  25.824  -2.401  80.419 0.0000000000
33272  25.103  -3.612  79.599 0.0000000000
80063  58.396  10.542  54.258 0.0000000000
46878  55.616  11.740  53.123 0.0000000000
45949  44.062  9.742  54.115 0.0000000000
46849  47.064  10.806  56.058 0.0000000000
46824  49.686  11.671  59.496 0.0000000000
45072  43.572  9.484  59.678 0.0000000000
78522  46.753  9.951  58.904 0.0000000000
96729  34.075  3.809  64.122 0.0000000000
40116  36.170  3.959  65.949 0.0000000000
81386  38.848  3.882  67.945 0.0000000000
37469  33.758  0.870  74.805 0.0000000000
98034  35.549  1.520  74.363 0.0000000000
78358  39.531  1.212  79.709 0.0000000000
82166  39.746  1.349  76.795 0.0000000000
80418  38.440  1.735  74.117 0.0000000000
40044  40.359  3.275  73.645 0.0000000000
40960  41.248  3.848  72.692 0.0000000000
80351  55.787  13.650  45.363 0.0000000000
92823  59.436  13.828  47.683 0.0000000000
92862  63.147  11.985  54.908 0.0000000000
32435  24.110  -5.300  82.621 0.0000000000
79914  15.261  1.253  89.423 0.0000000000
80111  15.830  -1.455  87.630 0.0000000000
78210  13.678  -0.207  90.794 0.0000000000
41834  38.294  5.784  64.203 0.0000000000
42633  38.918  6.186  63.893 0.0000000000
34769  6.756  -2.294  86.759 0.0000000000
80116  28.673  0.219  81.782 0.0000000000
80565  29.345  -0.275  81.695 0.0000000000
36555  29.505  -0.475  82.581 0.0000000000
78212  22.505  -1.478  75.358 0.0000000000
34117  22.159  -2.827  73.791 0.0000000000
34874  22.066  -2.027  73.894 0.0000000000
78188  23.391  -0.349  77.376 0.0000000000
78230  22.811  -0.842  76.019 0.0000000000
35687  22.966  -1.779  76.490 0.0000000000
94407  19.175  -4.953  78.767 0.0000000000
88636  18.963  -5.442  80.356 0.0000000000
46029  53.686  10.898  49.268 0.0000000000
46028  55.219  10.859  49.518 0.0000000000
46006  53.576  10.527  50.080 0.0000000000
47763  53.588  13.398  59.809 0.0000000000
48677  54.452  13.753  59.809 0.0000000000
45104  40.286  9.788  56.401 0.0000000000
97904  41.785  9.372  56.766 0.0000000000
97026  40.909  8.962  57.649 0.0000000000
38332  33.798  1.011  70.083 0.0000000000
38337  34.566  1.352  69.497 0.0000000000
97612  35.080  1.710  69.462 0.0000000000
38330  35.393  1.595  70.756 0.0000000000
78369  35.329  -0.420  81.211 0.0000000000
93462  35.147  1.105  80.118 0.0000000000
91657  36.470  -1.877  80.906 0.0000000000
46918  52.202  10.922  48.953 0.0000000000
93713  52.438  11.466  48.282 0.0000000000
97342  53.757  11.216  48.612 0.0000000000
46942  55.127  11.511  48.162 0.0000000000
51001  59.388  16.542  44.530 0.0000000000
50269  58.110  15.495  44.746 0.0000000000
50258  60.016  17.044  46.859 0.0000000000
50260  57.567  14.817  45.211 0.0000000000
80005  26.295  -1.982  81.797 0.0000000000
78157  27.047  -2.337  82.469 0.0000000000
34036  26.297  -2.784  82.742 0.0000000000
78234  16.890  -2.111  84.338 0.0000000000
78243  16.722  -3.167  83.038 0.0000000000
78240  15.830  -2.456  82.482 0.0000000000
34043  13.012  -3.314  81.957 0.0000000000
34055  13.385  -3.709  81.401 0.0000000000
46033  49.232  10.383  49.840 0.0000000000
95675  50.298  9.698  51.252 0.0000000000
45994  49.658  9.698  51.611 0.0000000000
83980  47.908  10.319  53.731 0.0000000000
45964  48.744  10.146  53.632 0.0000000000
45931  49.708  10.732  55.302 0.0000000000
46846  50.532  12.095  56.429 0.0000000000
46861  49.111  11.626  55.736 0.0000000000
43434  38.155  6.804  60.337 0.0000000000
43433  38.887  6.927  60.583 0.0000000000
91025  49.710  11.046  49.325 0.0000000000
35626  9.219  -1.352  87.337 0.0000000000
35637  8.762  -1.868  86.567 0.0000000000
44272  36.810  9.095  58.979 0.0000000000
44271  37.470  8.629  59.368 0.0000000000
43455  36.160  7.763  59.376 0.0000000000
41849  35.265  5.034  61.987 0.0000000000
42652  35.955  5.841  60.598 0.0000000000
41848  36.101  5.302  62.073 0.0000000000
41014  36.793  5.327  63.826 0.0000000000
41004  36.172  4.963  64.404 0.0000000000
37438  29.095  1.085  77.861 0.0000000000
36573  30.951  -0.788  79.945 0.0000000000
36583  30.581  -0.405  78.913 0.0000000000
36572  32.074  -0.091  80.396 0.0000000000
36571  33.015  0.185  80.549 0.0000000000
81504  33.479  -1.322  81.287 0.0000000000
80218  29.553  -3.631  81.856 0.0000000000
80130  30.665  -2.695  81.754 0.0000000000
79846  31.146  -3.436  81.940 0.0000000000
91787  33.776  -3.266  83.291 0.0000000000
78137  34.457  -0.525  83.639 0.0000000000
33289  23.450  -3.935  78.471 0.0000000000
33290  22.790  -4.559  78.361 0.0000000000
96482  23.024  -3.967  77.854 0.0000000000
33331  19.645  -5.479  71.993 0.0000000000
33318  19.727  -5.830  73.958 0.0000000000
34112  17.851  -4.278  74.525 0.0000000000
88837  18.388  -4.634  76.796 0.0000000000
89692  18.541  -3.643  76.751 0.0000000000
35688  19.460  -1.123  75.318 0.0000000000
91433  18.203  -1.208  80.260 0.0000000000
35670  18.339  -1.921  79.645 0.0000000000
35664  18.985  -1.336  80.792 0.0000000000
35663  19.860  -1.664  81.518 0.0000000000
82157  20.845  -0.444  82.889 0.0000000000
80450  20.173  -0.252  84.557 0.0000000000
83331  18.398  -0.427  82.746 0.0000000000
91644  14.719  1.508  84.666 0.0000000000
80826  26.992  0.706  81.142 0.0000000000
37418  26.249  0.969  82.030 0.0000000000
81507  23.945  -0.033  79.541 0.0000000000
78202  24.186  -0.103  80.445 0.0000000000
86142  24.813  -0.099  81.589 0.0000000000
36561  25.043  -0.707  81.349 0.0000000000
78175  25.561  -1.597  80.855 0.0000000000
78174  25.429  -1.960  79.916 0.0000000000
34089  24.148  -3.058  78.027 0.0000000000
33288  25.257  -3.328  79.053 0.0000000000
34080  24.010  -3.459  78.581 0.0000000000
34071  23.969  -3.991  79.216 0.0000000000
32481  21.422  -5.640  77.305 0.0000000000
34047  9.634  -3.912  82.131 0.0000000000
34046  10.545  -3.748  82.191 0.0000000000
48713  59.663  12.662  53.102 0.0000000000
81391  57.532  9.514  49.876 0.0000000000
45974  58.358  10.191  51.948 0.0000000000
78651  57.711  9.346  50.778 0.0000000000
78654  55.724  9.597  50.984 0.0000000000
45959  53.557  10.257  53.228 0.0000000000
45975  54.015  9.728  52.179 0.0000000000
46879  54.499  11.361  53.773 0.0000000000
92688  56.514  12.199  54.494 0.0000000000
45912  44.124  10.041  56.925 0.0000000000
45919  45.244  10.444  56.053 0.0000000000
45918  45.819  10.701  56.644 0.0000000000
46838  48.574  12.002  57.473 0.0000000000
46834  47.243  11.043  57.740 0.0000000000
44288  41.287  8.555  59.736 0.0000000000
45074  42.001  9.274  60.189 0.0000000000
95031  42.166  9.607  61.480 0.0000000000
40119  33.500  3.596  65.602 0.0000000000
40090  36.295  2.917  68.371 0.0000000000
82867  35.783  3.500  67.136 0.0000000000
40096  36.446  3.295  67.598 0.0000000000
82630  37.558  4.129  66.676 0.0000000000
78463  38.322  3.571  68.865 0.0000000000
37447  30.530  0.033  76.087 0.0000000000
37460  31.371  0.020  75.985 0.0000000000
37443  35.182  1.045  76.842 0.0000000000
37458  34.024  0.774  75.585 0.0000000000
38286  34.979  1.199  75.807 0.0000000000
38300  34.039  1.102  74.101 0.0000000000
38285  35.894  1.417  75.492 0.0000000000
78354  39.088  1.076  81.137 0.0000000000
95061  40.475  3.314  77.286 0.0000000000
91539  38.634  1.446  75.090 0.0000000000
80792  40.058  2.562  75.575 0.0000000000
39151  38.992  2.403  73.628 0.0000000000
40928  41.105  4.557  75.390 0.0000000000
48766  53.096  12.818  46.172 0.0000000000
79884  55.114  13.107  45.720 0.0000000000
96634  57.136  13.505  46.344 0.0000000000
48775  57.388  13.230  47.006 0.0000000000
92538  59.891  12.640  50.532 0.0000000000
92827  60.474  13.012  52.789 0.0000000000
92504  61.610  11.616  53.636 0.0000000000
92546  62.390  9.849  55.438 0.0000000000
52785  61.622  19.062  43.619 0.0000000000
50211  63.188  15.481  49.770 0.0000000000
48716  63.259  13.694  51.513 0.0000000000
92717  63.400  12.471  52.567 0.0000000000
33236  25.105  -3.856  81.858 0.0000000000
34037  25.848  -3.308  83.323 0.0000000000
33222  25.262  -3.805  82.895 0.0000000000
82705  15.587  -0.467  84.300 0.0000000000
78231  14.901  -1.874  82.543 0.0000000000
80029  15.853  -1.626  85.847 0.0000000000
92352  14.358  -2.348  84.898 0.0000000000
34809  12.006  -2.933  82.671 0.0000000000
82226  46.678  9.966  52.645 0.0000000000
84076  46.649  10.090  53.561 0.0000000000
42643  37.878  6.302  62.319 0.0000000000
86827  38.170  6.147  61.021 0.0000000000
42642  38.902  6.539  62.973 0.0000000000
34781  7.648  -2.271  85.478 0.0000000000
34782  6.905  -2.608  85.589 0.0000000000
33203  6.796  -3.810  83.948 0.0000000000
44252  35.394  7.981  59.619 0.0000000000
41850  34.328  5.027  61.983 0.0000000000
78166  29.158  0.226  79.078 0.0000000000
78160  29.632  -0.771  79.582 0.0000000000
35668  30.141  -1.237  80.143 0.0000000000
80431  30.970  -1.477  81.371 0.0000000000
34101  23.249  -3.142  77.014 0.0000000000
34110  22.420  -3.079  74.792 0.0000000000
34118  21.626  -3.494  72.982 0.0000000000
34877  18.537  -2.963  72.377 0.0000000000
36564  16.475  -0.520  81.926 0.0000000000
84419  14.953  -0.543  81.229 0.0000000000
36601  23.673  -0.382  78.367 0.0000000000
98206  23.799  -1.084  78.242 0.0000000000
80485  24.733  -1.759  78.642 0.0000000000
34852  24.125  -2.170  77.460 0.0000000000
34840  23.772  -2.746  77.384 0.0000000000
32492  18.490  -5.800  75.948 0.0000000000
46912  58.383  10.852  49.170 0.0000000000
46893  59.202  11.229  52.016 0.0000000000
46004  58.329  10.434  49.680 0.0000000000
78661  56.619  10.092  49.548 0.0000000000
81436  55.313  10.377  50.597 0.0000000000
47800  53.732  13.259  55.964 0.0000000000
48698  54.814  13.821  55.568 0.0000000000
49462  54.499  14.128  57.126 0.0000000000
91695  55.826  13.137  58.638 0.0000000000
83338  42.873  9.652  55.001 0.0000000000
45112  42.194  9.775  55.414 0.0000000000
45094  43.214  9.647  56.602 0.0000000000
87205  43.551  9.722  57.403 0.0000000000
45061  41.748  9.423  61.963 0.0000000000
39195  33.642  1.967  67.144 0.0000000000
39205  34.068  2.869  66.657 0.0000000000
39186  34.773  2.165  68.199 0.0000000000
39185  35.529  2.461  68.495 0.0000000000
40084  36.905  2.894  69.773 0.0000000000
97967  32.713  0.071  78.485 0.0000000000
37436  32.924  0.278  76.992 0.0000000000
37429  34.058  0.424  78.206 0.0000000000
37427  35.896  0.713  78.900 0.0000000000
78379  36.550  0.821  78.147 0.0000000000
47864  50.062  12.490  47.351 0.0000000000
48756  50.439  12.894  46.582 0.0000000000
46960  51.772  11.879  47.757 0.0000000000
47862  52.927  12.297  46.807 0.0000000000
47861  54.375  12.276  46.786 0.0000000000
80850  56.372  12.415  47.184 0.0000000000
46956  55.696  11.961  47.589 0.0000000000
46940  56.840  11.338  48.242 0.0000000000
51017  59.868  16.742  43.833 0.0000000000
52204  60.747  18.125  43.912 0.0000000000
51599  61.786  16.443  44.980 0.0000000000
95711  62.442  16.572  45.737 0.0000000000
51582  62.117  16.969  46.562 0.0000000000
50955  62.551  16.363  48.251 0.0000000000
49524  61.534  14.978  48.432 0.0000000000
83268  26.994  0.021  84.269 0.0000000000
35648  28.452  -0.537  83.436 0.0000000000
81087  27.824  -0.817  83.386 0.0000000000
78130  28.076  -2.125  82.573 0.0000000000
34034  28.545  -3.969  82.146 0.0000000000
33224  19.976  -4.979  84.871 0.0000000000
33240  18.266  -4.934  81.772 0.0000000000
33226  18.190  -4.561  83.113 0.0000000000
34053  16.321  -4.182  81.922 0.0000000000
80554  14.787  -2.413  82.379 0.0000000000
34063  14.271  -3.647  81.519 0.0000000000
46031  51.962  10.430  49.699 0.0000000000
46007  52.686  10.282  50.374 0.0000000000
46008  51.685  10.010  50.671 0.0000000000
45977  51.347  9.837  52.254 0.0000000000
45961  51.391  10.111  53.720 0.0000000000
45979  49.659  9.769  52.527 0.0000000000
45962  50.410  9.939  53.895 0.0000000000
46870  51.634  10.884  55.126 0.0000000000
47791  52.871  12.191  56.447 0.0000000000
47782  52.554  12.874  57.754 0.0000000000
47773  52.207  12.407  58.539 0.0000000000
44290  39.075  8.691  58.924 0.0000000000
44301  40.401  8.775  58.202 0.0000000000
44289  39.971  8.362  58.832 0.0000000000
44268  40.128  7.759  59.583 0.0000000000
43451  40.341  7.357  60.556 0.0000000000
42662  38.905  6.587  60.970 0.0000000000
78500  39.786  6.798  60.918 0.0000000000
44251  41.220  8.190  61.650 0.0000000000
83272  34.100  1.090  71.810 0.0000000000
91493  38.067  -0.388  81.576 0.0000000000
47849  49.675  12.086  48.094 0.0000000000
46945  50.150  11.549  48.742 0.0000000000
46919  51.378  10.840  49.136 0.0000000000
51022  54.622  16.397  43.782 0.0000000000
51023  53.663  16.442  44.019 0.0000000000
36526  10.339  0.633  88.383 0.0000000000
36525  11.456  0.428  88.724 0.0000000000
35614  10.277  -0.337  88.146 0.0000000000
34778  10.140  -2.338  85.438 0.0000000000
33230  8.856  -5.086  81.675 0.0000000000
34018  8.206  -3.143  83.810 0.0000000000
45098  38.949  9.591  57.487 0.0000000000
45099  38.025  9.974  57.882 0.0000000000
45087  38.586  9.319  58.348 0.0000000000
44291  38.166  9.072  59.057 0.0000000000
43454  37.871  7.851  60.040 0.0000000000
42663  37.603  6.083  60.361 0.0000000000
43436  35.827  7.257  59.851 0.0000000000
85013  36.814  5.741  60.581 0.0000000000
41860  37.334  5.793  61.182 0.0000000000
41840  37.347  5.667  63.108 0.0000000000
41835  37.587  5.568  64.037 0.0000000000
41823  38.549  5.285  65.832 0.0000000000
36598  30.644  0.379  77.572 0.0000000000
36592  30.172  0.034  78.158 0.0000000000
36591  31.074  0.160  78.369 0.0000000000
36590  31.983  -0.148  78.468 0.0000000000
36581  32.639  0.031  79.530 0.0000000000
35660  34.457  -0.516  81.056 0.0000000000
35656  34.986  -1.063  81.562 0.0000000000
78159  29.404  -0.755  83.011 0.0000000000
78151  30.792  -2.047  81.670 0.0000000000
78143  31.876  -2.486  81.417 0.0000000000
78125  31.824  -3.688  82.898 0.0000000000
98501  32.727  -3.215  82.499 0.0000000000
92413  32.581  -2.192  81.361 0.0000000000
78136  34.404  -1.843  82.109 0.0000000000
36554  35.003  0.163  82.826 0.0000000000
36553  35.878  0.643  82.579 0.0000000000
33254  24.009  -5.091  80.399 0.0000000000
96110  22.993  -5.017  79.146 0.0000000000
32480  22.028  -5.057  77.839 0.0000000000
32490  20.964  -5.563  76.338 0.0000000000
33309  22.210  -4.120  76.441 0.0000000000
32498  20.346  -5.554  75.197 0.0000000000
32499  19.068  -5.557  75.077 0.0000000000
33312  18.105  -5.321  76.102 0.0000000000
34092  18.921  -4.630  77.884 0.0000000000
33275  19.371  -4.614  79.428 0.0000000000
35713  20.356  -1.644  73.581 0.0000000000
35714  19.005  -2.019  73.476 0.0000000000
78257  18.100  -1.932  77.279 0.0000000000
35673  17.974  -2.346  77.989 0.0000000000
34841  18.489  -2.908  77.469 0.0000000000
34072  19.441  -3.841  79.197 0.0000000000
34062  19.280  -3.796  80.193 0.0000000000
34039  20.748  -3.950  83.956 0.0000000000
80589  21.332  -3.464  86.705 0.0000000000
79829  18.005  -2.295  86.415 0.0000000000
80899  16.320  -1.567  82.710 0.0000000000
79864  15.367  -0.802  82.124 0.0000000000
91585  14.499  -0.771  82.723 0.0000000000
80302  14.797  -1.251  82.610 0.0000000000
79687  16.262  0.632  85.310 0.0000000000
92560  14.877  1.763  87.755 0.0000000000
91044  13.448  2.011  87.963 0.0000000000
86982  11.374  1.388  88.110 0.0000000000
37381  9.680  0.836  87.583 0.0000000000
92011  27.601  0.432  80.270 0.0000000000
78176  27.840  0.399  81.227 0.0000000000
86042  27.971  0.623  82.783 0.0000000000
92994  25.644  0.760  82.068 0.0000000000
37414  26.005  0.589  82.564 0.0000000000
36546  26.740  0.320  84.090 0.0000000000
78163  26.169  -0.172  82.985 0.0000000000
78164  25.996  -1.852  81.274 0.0000000000
92959  25.993  -2.317  81.151 0.0000000000
97250  25.640  -2.635  78.848 0.0000000000
34069  26.032  -3.076  79.799 0.0000000000
34060  25.854  -2.936  80.746 0.0000000000
89233  24.970  -3.910  80.165 0.0000000000
33273  24.359  -4.363  79.965 0.0000000000
35612  13.009  -1.465  88.192 0.0000000000
34799  11.808  -2.748  83.581 0.0000000000
46877  59.113  11.862  54.013 0.0000000000
88869  54.437  10.260  51.370 0.0000000000
80797  54.868  10.768  52.048 0.0000000000
91145  55.126  10.756  52.117 0.0000000000
98356  56.007  13.044  53.818 0.0000000000
92687  56.439  11.832  52.971 0.0000000000
78658  55.365  10.350  52.059 0.0000000000
45966  45.189  9.871  53.194 0.0000000000
45935  46.004  10.435  54.896 0.0000000000
84383  43.797  9.735  54.895 0.0000000000
45936  45.314  10.276  55.251 0.0000000000
46863  47.540  10.921  55.671 0.0000000000
83586  48.628  11.909  56.479 0.0000000000
86493  50.498  12.365  58.560 0.0000000000
47752  51.146  12.198  60.054 0.0000000000
45086  41.434  8.769  58.656 0.0000000000
45085  42.591  9.223  58.880 0.0000000000
45084  43.510  9.604  58.335 0.0000000000
83730  43.473  9.475  61.027 0.0000000000
78520  45.065  9.681  59.195 0.0000000000
45903  45.683  10.207  58.540 0.0000000000
82729  48.514  10.853  59.407 0.0000000000
78518  50.656  11.688  60.960 0.0000000000
41024  33.933  4.714  62.790 0.0000000000
41016  34.498  4.271  63.557 0.0000000000
40118  34.171  3.829  65.838 0.0000000000
40130  34.891  3.574  65.280 0.0000000000
41005  35.556  4.225  64.870 0.0000000000
94946  36.344  4.628  65.343 0.0000000000
92988  37.712  4.755  66.219 0.0000000000
95269  38.921  5.243  67.322 0.0000000000
37446  32.719  0.288  76.194 0.0000000000
38311  33.530  0.804  73.334 0.0000000000
38310  34.357  1.194  73.255 0.0000000000
38309  35.226  1.476  73.094 0.0000000000
92329  38.217  -1.098  80.988 0.0000000000
92388  38.566  -0.407  79.404 0.0000000000
78355  38.324  0.104  78.272 0.0000000000
78357  39.611  1.038  78.284 0.0000000000
98367  38.206  0.393  76.780 0.0000000000
78412  37.769  1.204  75.354 0.0000000000
38297  36.842  1.643  74.234 0.0000000000
38316  36.054  1.828  72.840 0.0000000000
96035  36.915  2.397  71.962 0.0000000000
39165  37.446  2.879  71.690 0.0000000000
40071  37.963  3.341  70.996 0.0000000000
92300  41.373  5.090  74.922 0.0000000000
40056  40.454  3.520  72.855 0.0000000000
40966  39.117  4.583  71.102 0.0000000000
40974  39.214  4.525  70.194 0.0000000000
50273  54.047  15.143  44.267 0.0000000000
49564  55.705  14.472  44.727 0.0000000000
49551  58.188  14.692  46.128 0.0000000000
49526  59.935  14.805  47.629 0.0000000000
91577  61.334  14.313  49.744 0.0000000000
92509  59.065  12.865  47.830 0.0000000000
91061  61.088  13.485  51.226 0.0000000000
91197  62.341  11.019  52.976 0.0000000000
79754  63.434  11.251  55.828 0.0000000000
32443  24.100  -5.501  81.421 0.0000000000
92590  14.151  2.010  89.522 0.0000000000
79773  14.271  1.120  90.435 0.0000000000
91440  12.847  0.976  90.669 0.0000000000
82333  38.876  5.660  64.735 0.0000000000
80582  28.967  0.241  82.849 0.0000000000
37400  28.923  -0.003  83.345 0.0000000000
34863  22.365  -2.171  74.553 0.0000000000
33255  19.251  -5.000  80.470 0.0000000000
33276  19.087  -5.270  79.614 0.0000000000
90979  54.413  10.758  49.779 0.0000000000
94068  53.370  12.174  60.274 0.0000000000
78872  53.914  13.618  60.919 0.0000000000
46812  53.110  11.395  60.794 0.0000000000
45097  40.018  9.328  57.291 0.0000000000
86005  40.981  9.334  56.882 0.0000000000
38331  34.644  1.273  70.455 0.0000000000
38324  35.606  1.647  71.466 0.0000000000
79946  35.868  -1.216  80.861 0.0000000000
91495  36.414  -1.430  81.295 0.0000000000
46917  53.035  11.087  48.773 0.0000000000
50270  57.343  15.338  44.409 0.0000000000
50259  58.621  15.371  45.649 0.0000000000
49563  56.655  14.847  44.605 0.0000000000
83498  26.598  -2.243  82.167 0.0000000000
81501  16.003  -2.084  82.530 0.0000000000
82907  16.614  -2.539  83.244 0.0000000000
45138  48.598  9.917  50.449 0.0000000000
46010  49.655  9.855  50.643 0.0000000000
45945  48.346  10.480  54.471 0.0000000000
45932  48.727  10.954  55.157 0.0000000000
45933  47.899  10.904  55.146 0.0000000000
35627  8.489  -0.784  87.278 0.0000000000
45090  36.566  9.808  58.666 0.0000000000
45075  35.887  9.097  58.861 0.0000000000
93206  36.501  8.437  59.126 0.0000000000
44273  35.787  8.377  59.186 0.0000000000
41862  35.598  5.354  61.228 0.0000000000
94556  36.140  5.051  63.578 0.0000000000
78140  31.753  -0.661  80.985 0.0000000000
35662  32.657  -0.301  81.070 0.0000000000
78150  32.627  -1.328  81.294 0.0000000000
78127  30.405  -3.274  81.871 0.0000000000
86181  30.314  -4.014  81.777 0.0000000000
34091  22.849  -3.675  77.137 0.0000000000
34119  18.156  -4.295  73.326 0.0000000000
33326  19.095  -5.713  72.904 0.0000000000
36575  17.766  -0.689  80.980 0.0000000000
92911  18.748  -0.801  81.098 0.0000000000
35657  19.700  -0.923  81.851 0.0000000000
96861  19.704  -0.547  82.441 0.0000000000
78251  19.445  -0.251  83.125 0.0000000000
36574  24.460  -0.474  80.902 0.0000000000
78179  24.810  -1.229  80.442 0.0000000000
78180  24.763  -1.514  79.483 0.0000000000
31583  10.403  -6.207  84.937 0.0000000000
31629  9.810  -6.167  82.260 0.0000000000
92787  60.671  12.136  51.878 0.0000000000
80708  60.434  12.327  51.386 0.0000000000
80662  59.768  12.562  52.010 0.0000000000
78664  55.959  9.988  50.265 0.0000000000
46880  53.180  10.661  54.191 0.0000000000
84533  44.982  10.439  56.843 0.0000000000
45909  46.442  10.845  57.211 0.0000000000
45910  45.550  10.540  57.619 0.0000000000
40131  32.998  3.850  65.151 0.0000000000
78466  37.267  3.133  68.360 0.0000000000
81537  38.124  3.558  69.838 0.0000000000
37437  31.078  0.322  76.857 0.0000000000
36603  32.029  0.097  76.733 0.0000000000
84866  35.920  1.120  77.047 0.0000000000
38277  35.836  1.236  76.329 0.0000000000
81417  40.483  4.141  78.033 0.0000000000
81108  40.340  3.071  76.315 0.0000000000
78393  40.633  3.981  76.870 0.0000000000
78400  40.423  3.173  75.331 0.0000000000
41779  40.971  4.698  76.344 0.0000000000
96442  53.707  12.854  46.235 0.0000000000
95235  54.355  13.300  45.622 0.0000000000
91590  55.930  12.991  45.870 0.0000000000
78690  56.529  12.884  46.491 0.0000000000
91071  59.913  12.838  51.066 0.0000000000
79667  60.439  12.980  53.039 0.0000000000
92834  60.276  12.331  52.138 0.0000000000
92872  62.402  11.192  53.687 0.0000000000
52213  61.472  17.432  43.369 0.0000000000
52797  62.390  18.634  43.331 0.0000000000
51617  61.571  16.910  43.290 0.0000000000
83941  61.269  16.281  43.339 0.0000000000
49493  62.865  15.084  51.066 0.0000000000
49492  63.238  14.594  50.890 0.0000000000
49483  63.055  13.775  52.268 0.0000000000
80705  63.248  13.103  52.322 0.0000000000
91458  63.147  13.264  52.426 0.0000000000
33223  24.761  -4.405  82.489 0.0000000000
91556  16.441  -0.547  85.899 0.0000000000
78199  15.842  -1.086  85.017 0.0000000000
92022  15.263  -1.678  89.184 0.0000000000
92078  15.049  -2.539  86.348 0.0000000000
34775  13.893  -2.431  85.683 0.0000000000
34787  13.411  -2.558  84.642 0.0000000000
45982  45.279  9.981  52.222 0.0000000000
82734  45.959  10.044  52.944 0.0000000000
34768  7.472  -1.740  86.574 0.0000000000
34011  6.299  -3.361  84.872 0.0000000000
80597  29.652  -0.805  80.498 0.0000000000
85267  30.938  -0.990  80.963 0.0000000000
34853  23.134  -2.627  76.666 0.0000000000
34102  22.647  -3.280  76.148 0.0000000000
34888  20.771  -2.892  72.269 0.0000000000
33330  20.646  -4.264  72.184 0.0000000000
34889  19.583  -2.954  71.839 0.0000000000
80766  23.200  -1.064  76.913 0.0000000000
78187  24.145  -1.576  77.949 0.0000000000
82336  23.597  -1.667  77.221 0.0000000000
78200  23.544  -2.220  77.046 0.0000000000
87482  58.843  10.891  49.939 0.0000000000
46026  57.058  10.410  49.023 0.0000000000
78665  55.660  10.440  49.914 0.0000000000
47790  52.882  13.712  57.032 0.0000000000
49463  54.026  14.005  56.486 0.0000000000
48689  53.400  14.226  57.439 0.0000000000
47762  54.733  13.005  59.443 0.0000000000
45922  40.891  10.349  55.424 0.0000000000
45102  42.322  9.549  56.307 0.0000000000
39196  32.804  1.953  66.776 0.0000000000
38353  34.220  1.764  67.812 0.0000000000
39178  35.622  2.035  69.369 0.0000000000
39177  36.367  2.407  69.608 0.0000000000
39173  36.678  2.545  70.451 0.0000000000
36589  33.441  0.275  78.880 0.0000000000
37424  34.359  0.587  79.259 0.0000000000
91511  35.630  0.484  79.724 0.0000000000
36588  35.123  0.993  79.688 0.0000000000
80048  36.888  0.297  78.959 0.0000000000
46961  50.755  11.903  48.075 0.0000000000
84902  51.104  12.398  47.205 0.0000000000
94612  53.310  11.528  48.109 0.0000000000
46959  52.700  11.871  47.526 0.0000000000
46958  53.709  11.912  47.285 0.0000000000
46957  54.751  11.876  47.362 0.0000000000
46941  56.056  11.451  48.210 0.0000000000
46914  56.505  11.006  48.717 0.0000000000
46913  57.533  10.948  48.601 0.0000000000
52183  59.780  17.835  45.875 0.0000000000
51601  60.150  17.638  45.092 0.0000000000
51609  60.831  16.856  44.234 0.0000000000
52191  61.647  17.084  44.304 0.0000000000
51600  61.027  15.904  44.495 0.0000000000
51590  62.319  17.042  46.157 0.0000000000
50987  61.096  15.725  45.371 0.0000000000
50247  59.723  16.412  47.173 0.0000000000
50245  61.282  15.756  46.686 0.0000000000
50234  61.700  15.613  47.702 0.0000000000
50220  62.342  15.902  48.727 0.0000000000
50235  60.374  15.530  47.254 0.0000000000
78158  26.824  -0.455  83.380 0.0000000000
34035  27.859  -2.961  82.419 0.0000000000
34813  28.725  -3.334  82.149 0.0000000000
78239  19.157  -4.952  85.437 0.0000000000
33225  19.008  -4.965  84.046 0.0000000000
33216  18.409  -4.740  84.776 0.0000000000
34040  17.127  -3.956  82.698 0.0000000000
33242  15.690  -4.354  81.185 0.0000000000
34054  15.249  -3.854  81.716 0.0000000000
80858  14.440  -1.878  83.684 0.0000000000
46032  51.068  10.358  49.840 0.0000000000
46009  50.658  9.971  50.604 0.0000000000
45993  51.038  9.733  51.401 0.0000000000
97620  51.636  10.096  52.957 0.0000000000
84854  50.907  9.903  52.991 0.0000000000
45130  48.087  9.719  51.576 0.0000000000
45995  48.930  9.892  52.069 0.0000000000
94692  49.037  9.985  52.871 0.0000000000
45943  50.259  10.233  54.787 0.0000000000
45942  51.077  10.254  54.590 0.0000000000
46858  52.300  11.407  55.801 0.0000000000
46859  51.113  11.426  55.835 0.0000000000
83018  52.313  12.260  57.184 0.0000000000
47783  51.666  12.642  57.743 0.0000000000
44269  39.466  8.037  59.601 0.0000000000
91013  40.727  8.110  60.244 0.0000000000
78487  39.511  6.572  61.695 0.0000000000
43432  41.064  7.178  61.483 0.0000000000
85461  33.006  0.576  70.667 0.0000000000
46920  50.562  10.914  49.269 0.0000000000
37379  9.645  0.518  88.170 0.0000000000
96893  9.644  0.059  88.299 0.0000000000
34779  9.199  -2.353  85.536 0.0000000000
35636  9.665  -2.096  86.560 0.0000000000
34791  9.626  -2.501  84.515 0.0000000000
34030  9.383  -3.287  82.840 0.0000000000
34793  7.867  -2.654  84.537 0.0000000000
45105  39.347  9.948  56.681 0.0000000000
44292  37.396  9.380  58.892 0.0000000000
87251  36.973  7.809  59.546 0.0000000000
43435  37.285  7.046  60.049 0.0000000000
41861  36.489  5.472  61.267 0.0000000000
41827  37.938  5.371  64.841 0.0000000000
40996  37.369  4.963  65.517 0.0000000000
36604  29.803  0.229  76.129 0.0000000000
94689  30.337  0.281  76.821 0.0000000000
35672  29.832  -0.423  78.804 0.0000000000
36593  29.606  0.440  78.322 0.0000000000
35661  33.533  -0.362  80.977 0.0000000000
80069  29.913  -1.763  82.277 0.0000000000
91568  34.331  -2.516  83.387 0.0000000000
79992  33.544  -2.955  82.710 0.0000000000
91567  32.871  -2.878  81.824 0.0000000000
80711  33.755  -2.581  82.315 0.0000000000
78133  33.518  -2.193  81.642 0.0000000000
78138  34.236  -2.073  82.404 0.0000000000
92365  34.499  0.674  83.770 0.0000000000
33300  22.415  -4.339  77.458 0.0000000000
33311  17.970  -5.228  75.141 0.0000000000
97037  18.723  -4.157  77.387 0.0000000000
35700  19.110  -2.050  74.783 0.0000000000
34856  18.675  -2.458  76.637 0.0000000000
35679  17.434  -1.528  77.796 0.0000000000
91614  17.467  -1.874  78.588 0.0000000000
93784  18.296  -2.391  78.745 0.0000000000
34830  18.789  -3.236  78.453 0.0000000000
34815  21.135  -1.848  82.081 0.0000000000
34819  19.662  -2.787  81.408 0.0000000000
34052  20.173  -3.393  82.438 0.0000000000
34038  21.691  -3.410  84.484 0.0000000000
34797  22.152  -2.601  84.513 0.0000000000
92139  18.892  -0.822  85.548 0.0000000000
78259  17.523  -1.182  84.649 0.0000000000
82280  15.962  -1.037  82.446 0.0000000000
91169  15.288  -0.547  81.791 0.0000000000
79668  14.737  0.035  82.994 0.0000000000
92815  14.815  -0.577  83.203 0.0000000000
96509  15.743  1.156  84.648 0.0000000000
79685  15.564  1.419  85.885 0.0000000000
37380  10.737  1.182  87.312 0.0000000000
37378  10.567  1.040  88.445 0.0000000000
37413  26.757  0.693  82.864 0.0000000000
81947  25.323  0.889  81.710 0.0000000000
78189  25.205  0.366  81.922 0.0000000000
83535  26.581  0.506  83.555 0.0000000000
78165  26.323  0.343  83.163 0.0000000000
80457  25.857  -0.985  81.841 0.0000000000
34851  24.647  -2.188  77.987 0.0000000000
34829  25.294  -2.157  79.137 0.0000000000
34839  25.085  -2.399  78.546 0.0000000000
33270  26.094  -3.178  78.939 0.0000000000
33271  25.794  -3.458  79.447 0.0000000000
33251  25.605  -3.394  80.058 0.0000000000
33252  25.321  -3.604  80.868 0.0000000000
33257  18.332  -5.244  80.726 0.0000000000
33258  17.110  -4.767  80.100 0.0000000000
35613  11.749  -0.618  87.700 0.0000000000
97372  12.292  -0.413  88.931 0.0000000000
35634  11.729  -2.178  86.097 0.0000000000
31640  10.555  -5.669  81.812 0.0000000000
34028  11.134  -3.188  82.862 0.0000000000
33247  10.574  -5.137  81.505 0.0000000000
33228  10.900  -4.390  81.674 0.0000000000
31616  11.244  -6.271  83.596 0.0000000000
46886  59.026  11.284  52.946 0.0000000000
78650  58.464  10.378  53.125 0.0000000000
45990  53.615  10.118  50.999 0.0000000000
45958  54.696  10.907  52.825 0.0000000000
46888  55.198  11.137  52.791 0.0000000000
78656  55.329  13.720  55.454 0.0000000000
47805  55.548  13.246  54.773 0.0000000000
81915  55.739  13.248  55.113 0.0000000000
91296  56.826  12.138  53.551 0.0000000000
79727  55.783  11.021  53.106 0.0000000000
92223  55.483  10.287  52.798 0.0000000000
82537  43.531  9.803  53.442 0.0000000000
45967  44.326  9.832  53.336 0.0000000000
45947  45.925  10.201  53.939 0.0000000000
45948  45.100  9.999  54.260 0.0000000000
85137  46.122  10.661  55.798 0.0000000000
45934  46.804  10.631  55.395 0.0000000000
46848  47.804  11.304  56.265 0.0000000000
46831  49.275  12.048  58.662 0.0000000000
47776  49.117  12.402  57.953 0.0000000000
95345  49.957  11.976  58.786 0.0000000000
47765  51.174  12.379  59.039 0.0000000000
46823  50.334  11.835  60.079 0.0000000000
45083  44.295  9.800  58.925 0.0000000000
82426  45.940  9.727  59.026 0.0000000000
93447  46.353  10.159  58.668 0.0000000000
45901  47.109  10.416  58.636 0.0000000000
78510  47.988  10.230  59.066 0.0000000000
41017  33.551  4.217  63.479 0.0000000000
84717  34.808  3.774  64.453 0.0000000000
96775  34.556  3.143  66.882 0.0000000000
40106  34.535  3.631  66.361 0.0000000000
40105  35.413  3.771  66.393 0.0000000000
40117  35.528  3.996  65.684 0.0000000000
78470  38.293  3.930  67.326 0.0000000000
81816  38.379  4.831  66.822 0.0000000000
78462  38.720  4.588  67.474 0.0000000000
37445  33.478  0.462  76.279 0.0000000000
37459  32.981  0.541  75.261 0.0000000000
37470  33.237  0.716  74.206 0.0000000000
38298  34.956  1.435  74.065 0.0000000000
84134  35.924  1.628  73.809 0.0000000000
80237  38.558  1.428  82.341 0.0000000000
82042  38.593  0.809  81.632 0.0000000000
80664  39.143  0.424  79.980 0.0000000000
81492  39.217  0.437  78.896 0.0000000000
81393  40.217  2.305  78.145 0.0000000000
81940  40.005  1.533  77.725 0.0000000000
80780  39.260  0.918  77.456 0.0000000000
78415  38.835  0.863  76.709 0.0000000000
81670  38.259  0.978  76.043 0.0000000000
81335  37.737  1.334  74.558 0.0000000000
38307  37.653  1.702  73.728 0.0000000000
38308  36.821  1.877  73.357 0.0000000000
39159  36.845  2.140  72.550 0.0000000000
39152  37.638  2.262  72.943 0.0000000000
39150  39.826  2.707  73.967 0.0000000000
39157  38.523  2.735  72.911 0.0000000000
40045  39.521  3.125  73.033 0.0000000000
40059  38.135  3.351  71.754 0.0000000000
40058  38.775  3.509  72.215 0.0000000000
92299  41.671  6.434  75.465 0.0000000000
43370  42.148  7.271  75.329 0.0000000000
40952  41.289  4.338  73.559 0.0000000000
40961  40.357  4.143  72.138 0.0000000000
40069  39.153  4.191  71.728 0.0000000000
40965  39.698  4.556  71.591 0.0000000000
50291  52.892  15.876  43.979 0.0000000000
97466  50.777  13.336  46.066 0.0000000000
49565  53.781  14.323  44.649 0.0000000000
86196  54.716  14.665  44.482 0.0000000000
49553  56.615  14.218  45.240 0.0000000000
49552  57.376  14.076  45.835 0.0000000000
81245  58.472  13.720  47.213 0.0000000000
49527  59.197  14.436  47.232 0.0000000000
96018  60.135  13.953  48.091 0.0000000000
95689  61.222  14.507  48.974 0.0000000000
92828  60.486  13.919  48.998 0.0000000000
78659  58.285  12.154  47.880 0.0000000000
81886  57.314  12.320  47.404 0.0000000000
92819  59.752  12.632  48.814 0.0000000000
92826  61.705  11.674  53.814 0.0000000000
92825  60.562  13.144  52.148 0.0000000000
92863  61.244  11.451  52.668 0.0000000000
91178  61.420  13.109  51.668 0.0000000000
92528  62.781  12.266  54.313 0.0000000000
91173  63.354  12.020  54.219 0.0000000000
92860  63.283  10.670  55.822 0.0000000000
92629  62.659  8.423  56.718 0.0000000000
52799  60.905  19.188  43.103 0.0000000000
52815  60.702  19.499  42.367 0.0000000000
53417  61.862  20.888  42.901 0.0000000000
50967  63.181  16.538  47.410 0.0000000000
91740  15.415  -0.223  89.943 0.0000000000
78211  14.606  -1.200  89.949 0.0000000000
96270  18.683  -5.146  78.055 0.0000000000
32464  18.497  -5.328  78.605 0.0000000000
46916  54.568  11.166  48.908 0.0000000000
46027  56.096  10.672  49.266 0.0000000000
88236  54.366  10.442  50.597 0.0000000000
47771  53.475  13.780  58.744 0.0000000000
48682  53.628  14.180  58.362 0.0000000000
49430  53.957  13.941  60.744 0.0000000000
88227  53.922  12.676  60.675 0.0000000000
45096  41.741  9.133  57.636 0.0000000000
38338  33.697  1.050  69.119 0.0000000000
38336  35.203  1.624  69.961 0.0000000000
39167  36.073  2.064  71.026 0.0000000000
91494  35.321  0.428  80.511 0.0000000000
91148  35.971  -1.506  79.965 0.0000000000
93935  36.808  -1.907  79.926 0.0000000000
50989  59.023  16.024  45.133 0.0000000000
50988  59.849  17.230  45.740 0.0000000000
50257  60.834  15.681  46.001 0.0000000000
82617  59.596  16.089  46.273 0.0000000000
50248  59.095  15.379  46.505 0.0000000000
80779  16.836  -3.266  85.196 0.0000000000
81276  17.569  -4.080  84.233 0.0000000000
95431  15.608  -2.958  82.346 0.0000000000
93257  13.655  -2.470  83.020 0.0000000000
34807  14.041  -2.620  82.504 0.0000000000
45965  47.349  10.044  53.149 0.0000000000
45944  49.385  10.194  54.470 0.0000000000
46860  50.089  11.436  55.872 0.0000000000
46847  49.563  12.138  56.415 0.0000000000
43453  38.761  7.610  60.210 0.0000000000
35616  8.978  -0.472  87.614 0.0000000000
35615  9.505  -0.592  87.930 0.0000000000
34792  8.726  -2.673  84.596 0.0000000000
45089  37.335  9.969  58.427 0.0000000000
42653  35.031  5.941  60.701 0.0000000000
41841  36.522  5.333  62.935 0.0000000000
80713  29.320  -2.456  82.362 0.0000000000
91707  30.044  -2.722  82.028 0.0000000000
82134  34.681  -3.098  84.123 0.0000000000
97741  23.388  -4.426  78.956 0.0000000000
33325  20.329  -5.597  72.883 0.0000000000
87054  21.021  -4.813  74.287 0.0000000000
34104  18.025  -4.531  75.678 0.0000000000
84513  18.975  -3.837  77.775 0.0000000000
35689  18.499  -1.352  76.570 0.0000000000
92817  17.635  -1.619  79.383 0.0000000000
88291  19.052  -2.378  80.552 0.0000000000
92883  20.929  -1.120  82.134 0.0000000000
34814  21.838  -1.081  82.727 0.0000000000
35653  22.097  -0.696  84.232 0.0000000000
81726  18.413  -0.371  83.990 0.0000000000
92549  15.040  0.943  83.707 0.0000000000
34079  24.658  -3.160  78.605 0.0000000000
34070  24.565  -3.549  79.144 0.0000000000
95978  24.593  -3.921  79.638 0.0000000000
34790  10.558  -2.539  84.503 0.0000000000
34029  10.240  -3.103  82.813 0.0000000000
84752  10.829  -6.252  84.253 0.0000000000
45989  58.273  10.108  50.847 0.0000000000
46887  58.868  10.988  52.999 0.0000000000
80108  56.598  8.889  50.447 0.0000000000
45976  52.385  9.948  52.666 0.0000000000
80543  55.649  12.020  57.028 0.0000000000
45920  44.536  10.181  56.264 0.0000000000
98185  46.544  10.821  56.473 0.0000000000
46840  47.180  11.085  56.768 0.0000000000
94464  48.019  11.508  57.869 0.0000000000
46832  48.618  11.691  58.470 0.0000000000
45073  42.767  9.596  60.708 0.0000000000
83557  48.546  10.509  60.452 0.0000000000
40140  33.292  3.786  64.261 0.0000000000
41006  34.072  3.406  64.924 0.0000000000
40097  35.669  3.111  67.791 0.0000000000
40104  36.504  3.703  66.686 0.0000000000
78467  37.421  3.432  67.328 0.0000000000
81602  38.238  3.324  67.871 0.0000000000
37434  34.653  0.600  77.505 0.0000000000
37444  34.352  0.706  76.526 0.0000000000
38299  34.490  1.202  74.883 0.0000000000
94937  35.300  1.433  74.891 0.0000000000
86024  36.046  1.572  74.679 0.0000000000
82556  39.481  1.806  81.501 0.0000000000
94055  39.475  1.619  80.681 0.0000000000
78414  40.260  2.349  77.200 0.0000000000
92196  39.321  1.208  75.906 0.0000000000
91557  39.908  2.071  76.154 0.0000000000
79987  39.560  1.941  75.303 0.0000000000
91558  39.252  2.122  74.479 0.0000000000
82169  38.268  2.128  73.439 0.0000000000
78407  40.004  2.556  74.828 0.0000000000
40031  40.424  3.204  74.476 0.0000000000
40944  40.837  3.823  74.960 0.0000000000
47871  52.366  12.692  46.468 0.0000000000
91600  53.808  13.607  45.245 0.0000000000
91829  56.584  13.470  45.769 0.0000000000
92820  60.056  13.012  50.708 0.0000000000
91046  60.034  12.765  49.891 0.0000000000
79669  61.101  11.625  52.862 0.0000000000
92512  62.464  10.834  54.965 0.0000000000
92511  62.498  10.082  57.114 0.0000000000
92557  62.466  10.391  55.186 0.0000000000
53384  62.049  19.945  43.964 0.0000000000
53396  62.126  20.418  43.414 0.0000000000
52814  62.198  20.125  42.815 0.0000000000
52823  62.931  19.348  41.877 0.0000000000
50219  63.291  15.657  48.832 0.0000000000
49502  63.470  14.668  49.976 0.0000000000
48721  63.818  12.778  50.009 0.0000000000
34061  25.599  -3.194  81.554 0.0000000000
34051  25.679  -3.178  82.437 0.0000000000
33215  24.659  -4.494  83.326 0.0000000000
78223  14.788  -1.327  83.551 0.0000000000
78216  15.545  -1.520  84.938 0.0000000000
80600  15.192  -2.009  84.966 0.0000000000
93811  13.808  -2.328  83.761 0.0000000000
97779  12.743  -3.044  82.516 0.0000000000
34057  11.683  -4.076  81.377 0.0000000000
45124  47.372  9.898  52.217 0.0000000000
95560  47.238  10.217  53.933 0.0000000000
35638  7.968  -1.329  86.672 0.0000000000
34010  7.140  -2.957  84.632 0.0000000000
41863  34.675  5.389  61.244 0.0000000000
41023  34.949  4.610  62.768 0.0000000000
97523  31.383  -1.024  81.185 0.0000000000
34111  22.018  -3.789  73.906 0.0000000000
33324  21.349  -4.537  73.147 0.0000000000
88583  18.644  -4.561  72.336 0.0000000000
34864  18.050  -2.973  73.901 0.0000000000
79986  17.047  -1.347  79.898 0.0000000000
36563  17.673  -0.392  81.917 0.0000000000
97713  16.877  -0.584  81.375 0.0000000000
91077  15.896  -0.630  81.246 0.0000000000
79991  24.081  -1.098  78.916 0.0000000000
34100  24.326  -2.585  77.778 0.0000000000
47835  59.599  11.959  50.378 0.0000000000
48723  59.546  12.024  52.061 0.0000000000
46901  59.199  11.136  50.747 0.0000000000
93746  59.132  11.019  51.307 0.0000000000
46902  58.665  10.647  50.624 0.0000000000
78660  57.684  9.979  49.395 0.0000000000
90753  58.208  10.077  50.059 0.0000000000
80540  55.245  10.282  51.225 0.0000000000
46857  53.480  12.095  55.418 0.0000000000
97416  54.158  12.320  54.880 0.0000000000
82240  55.050  14.077  56.168 0.0000000000
81690  55.449  13.683  57.072 0.0000000000
49449  54.208  14.086  58.968 0.0000000000
78657  55.919  13.748  58.183 0.0000000000
80061  56.058  13.211  57.755 0.0000000000
45938  41.609  10.183  55.102 0.0000000000
45101  42.855  9.641  55.847 0.0000000000
95573  41.533  8.952  62.328 0.0000000000
39206  33.254  2.609  66.401 0.0000000000
40107  33.689  3.453  66.072 0.0000000000
39194  34.513  2.542  67.361 0.0000000000
39193  35.070  2.816  67.860 0.0000000000
39179  34.977  1.870  68.952 0.0000000000
39184  36.181  2.427  68.946 0.0000000000
40089  36.810  2.743  69.050 0.0000000000
40077  37.484  3.144  70.259 0.0000000000
37430  33.203  0.288  77.903 0.0000000000
37428  34.963  0.557  78.545 0.0000000000
97238  35.616  0.865  77.780 0.0000000000
78402  36.370  1.116  77.478 0.0000000000
47863  52.059  12.319  47.019 0.0000000000
83224  53.684  12.508  46.595 0.0000000000
80003  55.390  12.480  46.614 0.0000000000
46955  56.641  11.803  47.732 0.0000000000
46939  57.531  11.612  48.013 0.0000000000
46938  58.551  11.454  48.624 0.0000000000
97527  58.973  11.261  49.443 0.0000000000
87596  60.565  16.924  43.760 0.0000000000
52787  60.925  18.990  43.410 0.0000000000
51610  60.082  17.177  44.875 0.0000000000
93094  60.566  17.246  44.481 0.0000000000
85307  61.123  18.790  43.674 0.0000000000
84048  61.688  19.041  43.932 0.0000000000
52202  61.636  17.847  44.084 0.0000000000
89501  61.725  16.432  44.879 0.0000000000
51598  62.224  16.684  45.561 0.0000000000
51589  62.799  16.905  46.350 0.0000000000
51581  62.622  16.961  47.025 0.0000000000
50978  61.408  16.087  46.171 0.0000000000
50968  62.207  16.627  47.273 0.0000000000
50954  62.829  16.643  47.993 0.0000000000
90273  62.925  16.182  49.094 0.0000000000
50201  62.916  15.607  50.259 0.0000000000
49510  62.192  15.349  49.529 0.0000000000
37402  27.267  0.064  84.260 0.0000000000
37401  27.827  -0.211  83.864 0.0000000000
36545  27.263  -0.208  83.997 0.0000000000
34025  26.431  -3.250  83.546 0.0000000000
33211  27.600  -3.901  83.343 0.0000000000
34023  27.921  -3.618  82.707 0.0000000000
33238  19.525  -4.635  83.281 0.0000000000
33256  18.905  -5.209  81.203 0.0000000000
33239  18.850  -4.850  82.486 0.0000000000
33227  17.392  -4.445  82.129 0.0000000000
34042  14.754  -3.157  82.118 0.0000000000
34816  13.800  -3.191  82.065 0.0000000000
45992  51.825  9.657  51.579 0.0000000000
45960  52.314  10.275  53.474 0.0000000000
45941  52.005  10.592  54.288 0.0000000000
45129  48.873  9.610  51.164 0.0000000000
45963  49.573  9.890  53.424 0.0000000000
83381  50.210  9.713  53.011 0.0000000000
46869  52.736  11.099  54.966 0.0000000000
46845  51.665  11.875  56.485 0.0000000000
47772  53.081  12.889  58.605 0.0000000000
47764  52.934  12.211  59.338 0.0000000000
47751  52.213  11.824  60.164 0.0000000000
44250  41.561  8.340  62.547 0.0000000000
37511  33.013  0.699  69.677 0.0000000000
38326  33.937  1.036  71.027 0.0000000000
91658  37.425  0.863  82.069 0.0000000000
91566  37.207  -1.152  81.483 0.0000000000
80042  38.118  1.421  82.451 0.0000000000
89021  50.888  11.337  48.743 0.0000000000
50289  55.045  15.739  43.907 0.0000000000
50290  54.270  15.800  44.021 0.0000000000
37376  11.619  1.931  90.254 0.0000000000
36518  11.635  1.645  90.522 0.0000000000
37377  11.511  1.253  89.371 0.0000000000
35624  11.203  -1.341  87.020 0.0000000000
35625  10.041  -1.418  87.375 0.0000000000
35635  10.652  -2.083  86.309 0.0000000000
34801  9.962  -2.656  83.587 0.0000000000
34780  8.287  -2.207  85.469 0.0000000000
34031  8.592  -3.698  83.043 0.0000000000
31630  8.763  -6.213  82.087 0.0000000000
82995  9.651  -6.185  84.693 0.0000000000
42664  36.489  6.508  60.161 0.0000000000
36597  31.480  0.200  77.654 0.0000000000
36580  33.700  0.369  79.833 0.0000000000
36570  34.009  0.214  80.490 0.0000000000
96880  34.761  0.371  80.691 0.0000000000
35655  35.846  -0.927  81.385 0.0000000000
91248  30.131  -1.233  82.171 0.0000000000
91478  32.079  -3.260  82.036 0.0000000000
78135  34.080  -1.791  81.635 0.0000000000
36544  34.618  -0.730  83.083 0.0000000000
34804  34.705  -1.599  81.835 0.0000000000
35652  35.410  -0.909  81.965 0.0000000000
35651  36.031  -0.080  81.781 0.0000000000
36552  36.735  1.075  82.356 0.0000000000
32463  23.242  -5.407  79.935 0.0000000000
33310  21.325  -4.732  75.759 0.0000000000
35712  21.502  -1.549  73.997 0.0000000000
34876  19.806  -2.122  72.505 0.0000000000
95894  19.334  -3.981  81.263 0.0000000000
81608  20.199  -4.866  86.467 0.0000000000
97493  19.555  -3.497  87.642 0.0000000000
79997  20.572  -1.468  86.418 0.0000000000
78235  15.600  -1.307  82.485 0.0000000000
78253  17.502  -0.582  82.676 0.0000000000
78244  16.581  -0.750  82.353 0.0000000000
91078  14.516  -0.538  82.267 0.0000000000
92821  12.813  2.100  89.421 0.0000000000
78221  12.201  1.640  86.904 0.0000000000
38219  12.296  1.746  88.255 0.0000000000
80036  11.675  1.612  89.207 0.0000000000
37382  9.084  0.417  87.449 0.0000000000
36530  8.621  0.158  87.334 0.0000000000
78184  28.120  0.461  79.379 0.0000000000
37410  27.225  0.575  83.960 0.0000000000
38238  26.348  0.766  82.443 0.0000000000
92238  26.400  -0.967  82.427 0.0000000000
81769  26.202  -1.549  81.974 0.0000000000
34823  25.833  -2.612  79.469 0.0000000000
33299  25.302  -2.963  78.543 0.0000000000
33253  24.656  -4.429  80.911 0.0000000000
33277  18.334  -5.354  79.647 0.0000000000
35603  13.060  -0.245  90.644 0.0000000000
36524  13.336  -0.706  90.008 0.0000000000
35622  13.359  -1.981  87.092 0.0000000000
34789  11.525  -2.691  84.530 0.0000000000
34776  12.996  -2.128  86.036 0.0000000000
84656  12.998  -2.570  85.218 0.0000000000
32446  11.162  -5.480  81.195 0.0000000000
47823  59.280  11.973  52.934 0.0000000000
47819  59.712  12.558  53.454 0.0000000000
92311  54.962  10.472  51.180 0.0000000000
46868  54.940  12.471  54.378 0.0000000000
46867  55.564  12.390  53.595 0.0000000000
81697  56.380  12.911  54.072 0.0000000000
80330  56.353  12.461  53.395 0.0000000000
92273  55.551  11.425  53.035 0.0000000000
91387  55.410  10.995  52.690 0.0000000000
45983  44.393  10.033  52.370 0.0000000000
90684  46.758  10.378  54.542 0.0000000000
45950  42.988  9.374  53.930 0.0000000000
89976  44.601  9.938  54.842 0.0000000000
95244  44.563  10.077  55.551 0.0000000000
97958  47.282  10.688  55.135 0.0000000000
46862  48.247  11.378  55.737 0.0000000000
47785  49.713  12.420  57.579 0.0000000000
47784  50.526  12.561  57.746 0.0000000000
94701  51.955  12.085  59.365 0.0000000000
45905  44.173  10.076  57.948 0.0000000000
81909  44.275  9.300  59.940 0.0000000000
45904  44.899  10.217  58.348 0.0000000000
45902  46.365  10.599  58.089 0.0000000000
46833  47.852  11.011  58.562 0.0000000000
46825  49.017  11.544  59.200 0.0000000000
78516  49.752  11.402  60.631 0.0000000000
46814  51.611  11.698  61.104 0.0000000000
41015  35.451  4.524  63.782 0.0000000000
83289  34.779  4.032  65.988 0.0000000000
40990  36.944  4.284  66.029 0.0000000000
83131  32.149  0.107  75.742 0.0000000000
37488  32.993  0.538  72.509 0.0000000000
38319  33.815  0.959  72.499 0.0000000000
38318  34.630  1.252  72.385 0.0000000000
38317  35.447  1.532  72.192 0.0000000000
79731  37.536  -1.767  81.020 0.0000000000
91670  38.092  -1.344  80.048 0.0000000000
92410  38.699  -0.456  80.432 0.0000000000
91398  37.809  -0.495  79.069 0.0000000000
81234  37.540  0.284  78.165 0.0000000000
91699  37.107  1.063  77.515 0.0000000000
78409  39.988  2.219  79.983 0.0000000000
78392  40.277  2.784  79.048 0.0000000000
78391  40.029  1.831  78.693 0.0000000000
83503  39.713  1.313  79.075 0.0000000000
82068  38.924  0.571  78.027 0.0000000000
92360  37.944  0.125  77.285 0.0000000000
80363  37.505  0.982  76.775 0.0000000000
88677  37.248  1.218  76.043 0.0000000000
81654  36.857  1.418  75.195 0.0000000000
39160  36.214  2.045  71.923 0.0000000000
39166  36.780  2.430  71.330 0.0000000000
85401  37.346  2.515  72.304 0.0000000000
39172  37.267  2.865  70.951 0.0000000000
98820  38.058  3.471  70.394 0.0000000000
78471  41.420  6.314  76.406 0.0000000000
40953  40.878  3.778  74.125 0.0000000000
80528  41.601  5.811  74.797 0.0000000000
82386  41.473  5.168  74.189 0.0000000000
40057  39.627  3.953  72.263 0.0000000000
40070  38.602  3.874  71.407 0.0000000000
81720  38.743  4.125  69.624 0.0000000000
80530  38.993  4.396  68.818 0.0000000000
92302  39.240  4.530  69.416 0.0000000000
96090  53.627  15.686  44.085 0.0000000000
90693  54.679  15.296  44.173 0.0000000000
81015  58.708  14.586  46.777 0.0000000000
49540  59.417  15.320  47.100 0.0000000000
49525  60.932  14.835  47.730 0.0000000000
91174  62.185  14.871  50.630 0.0000000000
98421  56.874  12.726  47.021 0.0000000000
47860  58.037  12.901  47.488 0.0000000000
92510  59.902  13.327  48.383 0.0000000000
94793  60.272  13.260  50.539 0.0000000000
93852  60.663  13.531  50.756 0.0000000000
92517  60.593  13.741  50.010 0.0000000000
79995  61.258  13.938  50.509 0.0000000000
79855  61.731  13.998  51.166 0.0000000000
91212  62.614  14.081  52.199 0.0000000000
92381  63.444  12.021  53.448 0.0000000000
79809  63.537  11.265  54.758 0.0000000000
79895  63.060  9.449  56.991 0.0000000000
82269  63.303  9.398  56.427 0.0000000000
31617  10.401  -6.169  83.334 0.0000000000
32437  9.657  -5.588  81.743 0.0000000000
33217  8.874  -4.147  82.197 0.0000000000
33218  8.362  -4.595  82.407 0.0000000000
33229  10.025  -4.667  81.799 0.0000000000
33246  11.348  -4.841  81.104 0.0000000000
34016  21.338  -4.405  86.142 0.0000000000
34026  21.809  -3.524  85.420 0.0000000000
34027  21.208  -4.672  85.374 0.0000000000
34044  12.200  -3.365  81.919 0.0000000000
34045  11.368  -3.569  82.084 0.0000000000
34124  19.307  -3.824  71.693 0.0000000000
34788  12.502  -2.718  84.505 0.0000000000
34798  12.947  -2.803  83.468 0.0000000000
34800  10.899  -2.842  83.679 0.0000000000
34805  22.136  -2.515  84.083 0.0000000000
34808  13.365  -2.883  82.580 0.0000000000
34898  19.008  -3.076  71.830 0.0000000000
35607  13.957  -1.640  88.973 0.0000000000
35611  14.070  -2.308  88.007 0.0000000000
35623  12.321  -1.529  86.797 0.0000000000
36520  12.338  0.432  90.577 0.0000000000
37374  11.571  2.079  90.599 0.0000000000
37457  36.489  1.305  75.972 0.0000000000
38213  11.835  2.165  90.606 0.0000000000
38214  11.671  2.146  90.500 0.0000000000
39158  37.943  2.936  72.331 0.0000000000
40076  38.549  3.950  70.509 0.0000000000
40929  40.703  3.889  75.865 0.0000000000
40943  41.181  4.448  74.530 0.0000000000
44294  63.136  9.026  56.590 0.0000000000
46839  47.913  11.530  57.055 0.0000000000
46911  59.353  11.415  50.136 0.0000000000
47739  53.967  13.780  60.895 0.0000000000
47750  54.338  13.277  60.457 0.0000000000
47766  50.449  12.106  59.326 0.0000000000
47774  51.153  12.584  58.335 0.0000000000
47775  49.816  12.306  58.185 0.0000000000
47792  51.052  12.476  57.025 0.0000000000
47794  49.263  12.324  57.140 0.0000000000
47806  54.500  13.028  55.104 0.0000000000
47829  63.592  13.063  50.874 0.0000000000
47830  59.538  11.914  51.173 0.0000000000
48655  54.133  13.952  60.778 0.0000000000
48667  54.146  13.905  60.637 0.0000000000
49443  54.060  14.068  60.108 0.0000000000
49457  54.086  14.218  57.944 0.0000000000
49511  60.681  14.360  48.272 0.0000000000
49541  57.789  14.048  46.658 0.0000000000
50200  63.175  15.183  50.452 0.0000000000
50233  63.423  15.801  48.035 0.0000000000
50246  59.570  16.012  46.839 0.0000000000
50969  59.812  17.919  46.159 0.0000000000
50999  61.085  15.878  43.861 0.0000000000
51000  60.645  16.320  44.950 0.0000000000
51591  61.792  16.647  45.752 0.0000000000
51592  60.027  17.912  46.070 0.0000000000
52190  61.556  17.015  44.192 0.0000000000
52201  61.649  17.253  43.465 0.0000000000
52203  61.306  18.043  43.800 0.0000000000
52205  60.739  18.176  43.502 0.0000000000
52784  61.646  17.979  43.495 0.0000000000
52798  62.217  19.769  43.419 0.0000000000
52813  62.550  19.391  42.698 0.0000000000
53397  61.926  20.389  43.722 0.0000000000
53398  61.397  20.133  43.046 0.0000000000
53416  62.075  20.913  42.587 0.0000000000
78217  14.897  -2.484  87.958 0.0000000000
78220  11.928  1.666  90.902 0.0000000000
78258  22.156  -2.285  85.013 0.0000000000
78509  49.053  11.097  60.063 0.0000000000
78644  62.402  10.962  51.715 0.0000000000
78653  56.216  12.810  54.972 0.0000000000
79671  61.083  11.895  52.698 0.0000000000
79677  62.100  11.126  52.557 0.0000000000
79719  63.349  11.865  54.980 0.0000000000
79845  59.651  12.192  50.561 0.0000000000
80041  62.879  9.845  57.180 0.0000000000
80494  53.926  13.825  60.926 0.0000000000
80520  41.346  5.477  75.722 0.0000000000
81133  14.658  -1.977  88.814 0.0000000000
81141  59.383  12.155  52.851 0.0000000000
81460  54.897  13.499  58.754 0.0000000000
81913  53.893  14.073  59.474 0.0000000000
82135  38.371  0.350  77.317 0.0000000000
82279  62.826  14.423  51.792 0.0000000000
82442  12.149  -2.553  85.288 0.0000000000
83348  62.669  17.886  43.232 0.0000000000
86490  59.386  11.580  51.531 0.0000000000
86772  53.962  14.016  60.346 0.0000000000
86813  54.853  13.893  57.953 0.0000000000
87371  56.031  15.099  44.299 0.0000000000
90394  63.483  15.034  49.297 0.0000000000
91042  59.593  11.951  49.538 0.0000000000
91043  62.441  10.669  55.629 0.0000000000
91047  62.155  10.415  55.476 0.0000000000
91050  62.298  10.372  55.980 0.0000000000
91051  60.444  13.276  51.385 0.0000000000
91060  62.478  11.079  55.195 0.0000000000
91064  63.218  11.027  55.369 0.0000000000
91073  62.169  9.843  55.987 0.0000000000
91099  12.791  1.991  90.503 0.0000000000
91121  62.369  8.351  55.845 0.0000000000
91126  62.271  9.220  56.023 0.0000000000
91130  63.147  10.437  56.167 0.0000000000
91251  63.485  10.128  55.571 0.0000000000
91330  62.443  11.487  53.583 0.0000000000
91402  62.737  9.959  57.184 0.0000000000
91726  59.922  12.354  52.495 0.0000000000
91768  63.204  12.360  52.935 0.0000000000
92125  59.885  12.507  52.389 0.0000000000
92443  55.431  13.718  55.927 0.0000000000
92456  63.667  11.169  53.796 0.0000000000
92457  62.370  12.067  51.542 0.0000000000
92506  62.523  11.469  54.113 0.0000000000
92507  60.177  13.154  51.090 0.0000000000
92508  60.016  13.304  52.324 0.0000000000
92513  59.964  13.155  52.503 0.0000000000
92514  62.486  11.336  54.803 0.0000000000
92515  61.385  12.120  52.051 0.0000000000
92516  60.213  13.232  49.409 0.0000000000
92521  59.942  13.196  52.089 0.0000000000
92523  62.062  11.321  53.584 0.0000000000
92529  62.977  10.516  56.511 0.0000000000
92534  62.910  10.650  57.035 0.0000000000
92535  62.700  11.859  55.206 0.0000000000
92547  59.854  12.619  50.907 0.0000000000
92550  62.738  9.037  56.923 0.0000000000
92554  60.540  12.505  51.275 0.0000000000
92556  61.395  11.311  53.804 0.0000000000
92558  59.734  12.291  50.471 0.0000000000
92584  62.198  13.105  51.424 0.0000000000
92618  62.691  9.613  57.077 0.0000000000
92635  63.162  10.069  56.500 0.0000000000
92739  63.420  9.690  55.929 0.0000000000
92785  62.519  10.732  54.479 0.0000000000
92822  60.076  13.185  51.452 0.0000000000
92836  62.364  10.015  55.777 0.0000000000
92858  62.510  11.214  54.969 0.0000000000
92859  62.903  11.123  56.214 0.0000000000
92861  63.011  10.041  56.846 0.0000000000
92864  62.839  10.262  57.204 0.0000000000
92869  59.801  12.989  52.152 0.0000000000
92948  34.967  -1.356  82.338 0.0000000000
93318  60.903  11.873  51.347 0.0000000000
93641  57.864  10.398  49.051 0.0000000000
94483  40.970  3.636  73.386 0.0000000000
96773  36.293  0.220  79.242 0.0000000000
96805  63.479  11.527  53.041 0.0000000000
96822  48.326  9.622  50.950 0.0000000000
97288  59.343  11.779  52.252 0.0000000000
97746  37.773  0.260  81.780 0.0000000000
