#!ascii label  , from subject sub-v1s15x0050185_ses-1 vox2ras=TkReg
1296
15699  33.676  -30.883  18.565 0.6000000238
15706  34.039  -30.812  17.311 0.5000000000
88674  33.630  -29.241  18.870 0.6999999881
16909  33.212  -29.870  19.619 0.6000000238
16895  33.089  -29.057  20.157 0.6000000238
16919  34.000  -29.738  17.630 0.6999999881
16332  33.596  -30.092  18.697 0.6000000238
16333  33.319  -30.537  19.320 0.5000000000
16320  32.793  -30.529  19.987 0.5000000000
96860  33.225  -28.403  20.362 0.6000000238
16342  33.922  -30.350  17.843 0.5000000000
17383  32.909  -28.390  21.015 0.6000000238
90814  34.302  -31.241  16.393 0.5000000000
15718  34.846  -30.457  15.994 0.5000000000
17824  34.163  -27.016  19.094 0.6000000238
18226  33.829  -26.915  20.068 0.6999999881
17416  34.228  -28.165  17.513 0.6000000238
17417  33.886  -28.394  18.600 0.6999999881
17825  33.798  -27.693  19.443 0.6000000238
17809  33.404  -27.730  20.475 0.6000000238
17425  34.165  -29.029  17.466 0.6000000238
16354  34.500  -30.083  16.762 0.5000000000
17796  32.962  -27.433  21.197 0.6000000238
92982  32.415  -27.934  21.301 0.6000000238
17797  32.240  -27.149  21.418 0.6000000238
17798  31.396  -26.948  21.563 0.6999999881
85686  31.657  -27.846  21.454 0.6000000238
85557  30.662  -27.609  21.566 0.6000000238
88001  29.762  -27.707  21.480 0.6000000238
18235  28.056  -26.506  18.577 0.5000000000
18689  27.998  -25.571  17.089 0.6999999881
17842  27.948  -27.087  17.668 0.6000000238
17858  27.910  -27.141  16.686 0.6999999881
18672  34.689  -25.489  19.106 0.6000000238
18225  34.278  -26.201  19.637 0.6999999881
17834  34.377  -27.248  17.990 0.6999999881
17835  34.095  -27.698  18.576 0.6999999881
18234  34.470  -26.336  18.593 0.6000000238
18213  33.799  -26.036  20.580 0.6999999881
17841  34.397  -27.593  16.382 0.6000000238
85524  34.464  -28.105  14.946 0.5000000000
17424  34.454  -28.626  16.120 0.5000000000
18653  33.292  -25.694  21.193 0.8000000119
16928  34.658  -29.385  16.331 0.5000000000
18205  32.885  -26.452  21.349 0.8000000119
18654  32.565  -25.538  21.530 0.8000000119
18655  31.706  -25.379  21.680 0.8000000119
84932  30.904  -25.273  21.524 0.6999999881
85952  31.148  -26.087  21.656 0.6999999881
18656  29.728  -25.520  20.821 0.6999999881
18207  30.298  -26.015  21.397 0.6999999881
93931  30.678  -26.720  21.585 0.6999999881
17810  29.436  -26.398  21.016 0.6000000238
17799  29.930  -26.950  21.478 0.6000000238
18673  28.663  -25.306  19.671 0.6999999881
18214  28.697  -26.756  20.441 0.6999999881
18674  28.221  -25.524  19.001 0.6999999881
18227  28.417  -26.187  19.614 0.6000000238
18681  28.113  -25.614  18.119 0.8000000119
98461  28.216  -24.964  18.537 0.8000000119
19177  28.001  -24.793  16.743 0.8999999762
18270  27.549  -26.206  15.646 0.6999999881
18260  27.888  -26.353  16.355 0.6999999881
18662  34.404  -25.337  20.077 0.6999999881
98797  35.186  -24.072  19.961 0.6999999881
19138  34.489  -24.342  20.416 0.6000000238
18687  35.545  -25.584  16.280 0.4000000060
18243  34.571  -26.536  17.403 0.6000000238
18680  34.761  -25.632  17.999 0.6000000238
88047  34.653  -26.692  16.258 0.6000000238
18663  33.778  -25.063  20.767 0.8000000119
17445  34.702  -27.866  14.650 0.4000000060
17438  34.735  -28.680  15.416 0.5000000000
19128  33.091  -24.833  21.337 0.8000000119
19129  32.277  -24.659  21.605 0.8000000119
88750  35.194  -29.872  15.862 0.5000000000
19629  30.332  -23.860  20.665 0.8000000119
19131  30.647  -24.529  21.219 0.6999999881
19130  31.405  -24.539  21.547 0.8000000119
19149  29.465  -24.085  20.015 0.8000000119
19140  29.968  -24.697  20.684 0.6999999881
19643  29.265  -23.311  19.389 0.8999999762
93764  28.883  -24.615  19.673 0.8999999762
89252  29.278  -25.002  20.201 0.6999999881
19150  28.436  -24.744  19.141 0.8999999762
18664  29.040  -25.848  20.306 0.6999999881
89546  28.118  -24.859  17.757 0.8999999762
19156  28.320  -24.177  18.439 0.8999999762
18708  27.519  -25.297  15.409 0.8000000119
18709  27.239  -25.480  15.235 0.8000000119
19187  27.836  -24.622  15.645 0.8000000119
18699  27.848  -25.508  16.030 0.6999999881
19137  35.510  -24.185  19.230 0.6999999881
19154  35.167  -24.796  18.484 0.6000000238
19153  35.834  -24.148  18.359 0.5000000000
19625  35.030  -23.470  20.442 0.6999999881
19161  35.866  -24.770  16.681 0.4000000060
18679  35.275  -25.160  17.385 0.5000000000
86226  35.615  -24.557  17.673 0.6000000238
18698  34.980  -26.342  15.664 0.5000000000
19139  33.605  -24.141  20.982 0.6999999881
18267  35.577  -26.304  15.550 0.5000000000
18259  34.610  -27.293  15.151 0.6000000238
17864  35.263  -27.296  15.109 0.4000000060
18268  34.905  -27.398  14.791 0.4000000060
20142  32.449  -23.111  21.316 0.8000000119
19614  32.797  -23.953  21.400 0.8000000119
17857  35.231  -28.118  15.012 0.4000000060
19615  31.937  -23.802  21.510 0.8000000119
16941  35.056  -29.391  15.973 0.3000000119
20163  30.355  -22.445  19.829 0.8000000119
19628  30.814  -22.929  20.657 0.8000000119
19616  31.082  -23.731  21.271 0.8000000119
20171  29.126  -22.557  18.765 0.8999999762
19653  28.669  -23.347  18.701 0.8999999762
20178  28.686  -22.131  17.945 0.8999999762
19654  28.294  -23.396  17.913 0.8999999762
19188  27.320  -24.539  14.813 0.8000000119
18710  26.867  -25.666  15.233 0.8000000119
19162  28.125  -24.105  17.433 0.8999999762
19664  28.170  -23.448  17.004 0.8999999762
19685  28.007  -24.009  15.011 0.8000000119
19677  28.119  -23.724  15.946 0.8000000119
19652  36.004  -23.768  19.049 0.6000000238
19641  35.687  -23.511  19.835 0.6000000238
96785  36.005  -23.071  20.012 0.6000000238
19651  36.641  -23.664  18.355 0.6000000238
19175  36.701  -24.476  15.898 0.4000000060
19663  36.910  -23.866  16.924 0.4000000060
19160  36.259  -24.236  17.343 0.4000000060
19626  34.178  -23.400  20.789 0.6999999881
19176  36.205  -25.117  15.494 0.4000000060
18705  37.282  -24.881  14.778 0.5000000000
19185  36.777  -24.896  14.768 0.4000000060
19627  33.306  -23.253  21.109 0.6999999881
18706  36.624  -25.269  14.897 0.5000000000
20150  32.946  -22.439  20.996 0.8000000119
20162  31.013  -22.050  20.275 0.8000000119
20143  31.622  -23.019  21.221 0.8000000119
20743  30.638  -21.715  19.472 0.8000000119
20751  29.411  -21.733  18.356 0.8999999762
20164  29.715  -22.711  19.435 0.8999999762
20179  28.379  -22.741  17.463 0.8999999762
20758  28.574  -22.102  16.994 1.0000000000
19691  27.527  -23.713  14.428 0.8000000119
20186  28.339  -22.882  16.477 1.0000000000
20193  28.369  -23.235  15.275 1.0000000000
19640  36.285  -23.411  19.545 0.6000000238
20147  36.573  -22.780  20.272 0.6000000238
19650  37.561  -23.354  18.969 0.6000000238
20148  36.038  -22.156  20.600 0.6999999881
19676  37.432  -24.066  15.959 0.4000000060
88976  37.208  -24.532  14.954 0.4000000060
20149  34.761  -22.629  20.759 0.6999999881
18704  37.867  -24.980  15.169 0.5000000000
19174  37.821  -24.537  15.391 0.4000000060
82308  33.850  -22.490  20.933 0.8000000119
20151  32.109  -22.371  21.053 0.8000000119
20727  33.410  -21.656  20.786 0.8000000119
20742  31.388  -21.435  19.783 0.8000000119
20729  31.759  -21.836  20.516 0.8000000119
20749  31.008  -21.050  19.025 0.8000000119
20170  29.891  -22.066  19.117 0.8999999762
20757  29.094  -21.501  17.462 0.8999999762
20756  29.889  -21.109  17.849 0.8999999762
20769  29.055  -21.552  16.442 1.0000000000
20770  28.711  -22.382  15.888 1.0000000000
20200  28.099  -23.268  14.202 0.8000000119
18716  26.950  -24.973  14.922 0.8000000119
20780  28.775  -22.765  14.637 1.0000000000
19639  38.381  -23.250  19.870 0.6000000238
97321  36.870  -23.335  19.495 0.6000000238
84669  35.342  -21.992  20.733 0.6999999881
20725  35.879  -21.475  20.640 0.6999999881
87268  38.721  -23.717  17.162 0.4000000060
19662  37.673  -23.624  17.365 0.5000000000
84885  35.195  -21.314  20.625 0.8000000119
20726  34.439  -21.633  20.801 0.8000000119
19172  39.590  -24.562  16.635 0.4000000060
19675  38.760  -24.190  16.189 0.4000000060
21357  32.948  -20.981  20.406 0.8000000119
20728  32.554  -21.746  20.679 0.8000000119
20741  32.171  -21.241  20.053 0.8000000119
21373  31.785  -20.802  19.324 0.8000000119
21389  31.123  -20.147  17.765 0.8000000119
21391  29.604  -20.909  16.920 1.0000000000
21404  30.164  -20.392  16.417 1.0000000000
21405  29.559  -21.005  15.874 1.0000000000
20787  29.571  -22.212  13.468 1.0000000000
19692  27.133  -23.831  14.342 0.8000000119
19699  27.556  -23.264  14.107 0.8999999762
20199  28.759  -22.610  13.531 1.0000000000
20209  28.124  -22.785  13.630 1.0000000000
20795  30.070  -21.954  12.825 1.0000000000
21434  30.646  -21.522  12.321 1.0000000000
20802  29.978  -21.981  12.088 1.0000000000
21440  31.368  -20.969  11.836 1.0000000000
21441  30.471  -21.405  11.782 1.0000000000
20146  37.628  -22.500  20.712 0.6999999881
20724  36.761  -21.764  20.740 0.6999999881
20723  37.765  -21.546  20.837 0.6999999881
19622  38.279  -23.052  20.702 0.6000000238
19649  38.493  -23.457  18.533 0.6000000238
22152  36.032  -20.132  20.221 0.8000000119
96553  40.165  -24.074  16.976 0.4000000060
21355  34.735  -20.708  20.530 0.8000000119
21371  33.341  -20.250  20.036 0.8000000119
21372  32.562  -20.556  19.671 0.8000000119
21381  31.433  -20.433  18.555 0.6999999881
21380  32.216  -20.172  18.868 0.8000000119
21390  30.375  -20.513  17.366 0.8999999762
22186  31.572  -19.547  17.303 0.8000000119
22187  30.887  -19.966  16.900 0.8999999762
22200  31.397  -19.413  16.457 1.0000000000
21413  30.148  -20.541  15.397 1.0000000000
22201  30.756  -19.906  15.952 1.0000000000
22211  31.405  -19.441  15.570 1.0000000000
84291  31.570  -19.630  14.794 1.0000000000
22212  30.942  -20.251  14.869 1.0000000000
22223  31.460  -20.196  13.971 1.0000000000
21424  30.759  -21.115  13.576 1.0000000000
20208  28.654  -22.343  13.091 1.0000000000
20798  28.082  -22.152  13.250 1.0000000000
21433  31.378  -20.730  12.824 1.0000000000
20796  29.310  -22.117  12.682 1.0000000000
20803  29.273  -21.798  12.037 1.0000000000
21450  29.815  -20.541  11.527 1.0000000000
21448  31.404  -20.301  11.325 1.0000000000
21449  30.673  -20.434  11.369 1.0000000000
20722  38.641  -22.310  20.902 0.6999999881
83374  37.116  -20.966  20.773 0.6999999881
20161  39.745  -22.803  19.942 0.5000000000
20721  39.548  -22.361  20.483 0.6999999881
21353  36.369  -20.878  20.620 0.6999999881
19638  39.198  -23.204  19.465 0.6000000238
19648  39.404  -23.436  18.255 0.5000000000
22153  35.173  -20.004  20.254 0.8000000119
22168  34.246  -19.901  20.190 0.8000000119
22169  33.658  -19.647  19.602 0.8000000119
22170  32.965  -19.872  19.269 0.8000000119
22179  31.844  -19.762  18.118 0.6999999881
22178  32.664  -19.494  18.426 0.6999999881
22954  31.961  -18.928  16.847 0.8999999762
22953  32.694  -18.609  17.042 0.8000000119
23694  33.662  -17.624  16.229 0.8000000119
23713  34.214  -17.088  15.569 0.8000000119
97936  32.356  -18.567  16.416 0.8999999762
94979  32.993  -18.278  16.347 0.8000000119
23695  33.089  -18.032  15.682 0.8000000119
22970  31.846  -18.815  16.066 1.0000000000
22969  32.462  -18.395  15.757 0.8999999762
23714  33.474  -17.573  15.289 0.8999999762
23715  32.781  -18.165  14.914 0.8999999762
22210  32.100  -18.977  15.136 1.0000000000
85193  30.323  -20.967  14.511 1.0000000000
82801  32.007  -19.994  13.341 1.0000000000
22232  32.069  -20.386  12.265 1.0000000000
22242  29.229  -19.851  11.719 1.0000000000
22239  33.290  -19.566  12.102 1.0000000000
22241  32.045  -20.367  11.479 1.0000000000
22240  32.716  -20.041  11.795 1.0000000000
22252  32.550  -19.892  11.021 1.0000000000
23032  31.357  -18.856  10.782 1.0000000000
95857  40.097  -22.288  20.019 0.6999999881
20740  39.986  -21.710  20.158 0.6999999881
21350  39.308  -21.676  20.613 0.6999999881
21351  38.599  -21.147  20.656 0.6999999881
21352  37.747  -20.590  20.552 0.6999999881
20160  40.254  -22.467  19.415 0.6000000238
22151  36.896  -20.270  20.352 0.6999999881
19637  39.887  -23.007  19.034 0.5000000000
22166  36.549  -19.491  19.867 0.6999999881
19647  40.140  -23.208  18.035 0.5000000000
22167  35.658  -19.382  19.928 0.8000000119
97597  34.912  -19.381  19.946 0.6999999881
22176  34.346  -19.119  19.401 0.6999999881
22928  35.243  -18.792  19.542 0.6999999881
22177  33.498  -19.274  18.832 0.6999999881
22185  32.311  -19.171  17.607 0.6999999881
22946  33.230  -18.765  17.888 0.6999999881
23684  34.151  -17.617  17.060 0.8000000119
24443  35.498  -16.579  16.465 0.8000000119
24463  35.904  -15.938  15.762 0.8000000119
23693  34.600  -17.089  16.480 0.8000000119
87996  35.502  -15.933  14.966 0.8000000119
23736  33.525  -17.784  14.465 1.0000000000
23735  33.979  -17.267  14.858 0.8999999762
24491  34.671  -16.707  14.735 0.8000000119
83676  34.173  -17.394  14.092 1.0000000000
24508  34.778  -16.982  13.706 0.8000000119
22999  32.518  -19.001  14.206 1.0000000000
22998  33.138  -18.541  13.875 1.0000000000
88327  32.301  -19.470  13.727 1.0000000000
22231  32.681  -19.484  13.010 1.0000000000
23016  33.926  -19.068  11.750 1.0000000000
22255  29.913  -19.290  11.502 1.0000000000
23019  29.178  -18.927  12.270 1.0000000000
23031  33.800  -19.111  10.705 1.0000000000
23042  33.782  -18.401  10.140 1.0000000000
22262  32.278  -19.101  10.611 1.0000000000
23795  33.945  -17.780  9.813 1.0000000000
21367  40.295  -21.070  19.521 0.6999999881
21368  39.435  -20.769  20.043 0.6999999881
97354  38.362  -19.464  19.565 0.6000000238
21370  37.572  -19.657  19.861 0.6000000238
22926  37.048  -18.788  19.461 0.6000000238
22927  36.123  -18.720  19.551 0.6999999881
22944  35.687  -18.167  19.071 0.6999999881
22945  34.847  -18.389  18.916 0.6999999881
94523  34.600  -18.131  18.243 0.6999999881
24433  36.002  -16.803  17.147 0.8000000119
22952  34.042  -18.164  17.726 0.6999999881
97926  34.662  -17.370  17.072 0.8000000119
24462  36.807  -15.911  15.765 0.8000000119
25262  36.433  -15.671  14.910 0.8000000119
25319  35.865  -16.059  13.622 0.8000000119
24507  35.363  -16.628  13.300 0.8000000119
23007  34.083  -18.423  12.699 1.0000000000
23750  34.942  -17.276  12.801 1.0000000000
94069  35.433  -16.874  12.609 0.6999999881
23015  34.608  -18.138  12.065 1.0000000000
23763  35.271  -17.440  11.938 0.8999999762
23029  35.088  -18.112  11.184 1.0000000000
23030  34.542  -18.687  10.966 1.0000000000
23786  35.596  -17.760  9.745 1.0000000000
23011  29.332  -18.205  13.075 1.0000000000
23041  34.443  -18.481  10.275 1.0000000000
23050  34.330  -18.089  9.819 1.0000000000
23044  31.882  -18.228  10.658 1.0000000000
23781  31.250  -17.819  11.338 1.0000000000
23018  29.875  -18.057  12.215 1.0000000000
23043  32.532  -18.372  10.452 1.0000000000
21369  38.482  -20.178  20.102 0.6999999881
22942  37.522  -18.136  19.007 0.6000000238
22943  36.601  -18.071  19.100 0.6999999881
23674  35.263  -17.835  18.404 0.6999999881
23673  36.133  -17.613  18.506 0.6999999881
23683  34.776  -17.643  17.636 0.6999999881
23682  35.643  -17.333  17.790 0.8000000119
24442  36.352  -16.339  16.439 0.6999999881
96366  37.114  -15.925  14.285 0.6999999881
25317  37.212  -16.161  13.449 0.6999999881
25318  36.452  -16.105  13.156 0.6999999881
82427  36.980  -16.265  11.738 0.8000000119
24525  36.411  -16.366  12.374 0.6999999881
23780  35.833  -17.492  10.916 0.8999999762
23779  36.223  -17.373  9.934 1.0000000000
23009  30.784  -17.962  12.777 1.0000000000
23049  34.917  -17.998  9.725 1.0000000000
94322  31.944  -17.574  11.063 1.0000000000
24552  33.610  -17.385  9.947 1.0000000000
22164  39.072  -19.771  19.468 0.6000000238
22174  39.500  -19.226  18.847 0.6000000238
22165  37.940  -18.846  19.333 0.6000000238
22940  39.143  -18.466  18.598 0.6000000238
22941  38.371  -18.305  18.830 0.6000000238
23670  38.793  -17.920  18.370 0.6000000238
23671  38.035  -17.698  18.400 0.6000000238
23672  37.092  -17.515  18.505 0.6000000238
23681  36.561  -17.129  17.806 0.6000000238
24431  37.726  -16.627  16.650 0.6999999881
95731  37.083  -16.314  16.369 0.6999999881
24461  37.367  -16.014  14.982 0.6999999881
24489  38.038  -16.476  13.886 0.6999999881
24505  38.106  -16.429  12.744 0.6999999881
26858  43.259  -13.720  13.986 0.3000000119
24524  37.888  -16.185  11.870 0.6999999881
25333  37.145  -16.213  12.568 0.6999999881
24540  37.630  -16.177  11.013 0.8000000119
83494  27.754  -19.134  15.717 0.8999999762
82342  36.699  -16.619  10.735 1.0000000000
23002  28.689  -18.937  14.496 1.0000000000
23010  30.131  -17.895  13.280 1.0000000000
23001  29.376  -18.523  14.163 1.0000000000
23792  36.023  -16.806  8.783 1.0000000000
24551  34.146  -16.765  9.741 1.0000000000
24562  34.217  -17.335  9.572 1.0000000000
23788  32.431  -17.724  10.546 1.0000000000
23766  31.221  -17.547  12.182 1.0000000000
24542  33.421  -16.934  10.477 1.0000000000
22173  40.301  -19.490  18.385 0.6000000238
22939  39.802  -18.691  18.342 0.6000000238
22950  40.351  -18.660  17.680 0.6000000238
22951  39.543  -17.974  17.951 0.6000000238
22967  40.094  -17.954  17.183 0.6000000238
82727  39.449  -17.447  17.056 0.6999999881
86866  38.589  -16.975  16.903 0.6999999881
23679  38.699  -17.472  17.762 0.6000000238
23006  43.702  -18.079  14.211 0.3000000119
89356  43.107  -17.980  14.409 0.3000000119
24460  38.223  -16.599  14.990 0.6999999881
24488  38.999  -17.047  14.040 0.6999999881
26133  42.605  -14.572  14.274 0.3000000119
26859  42.297  -13.714  14.369 0.4000000060
22202  27.211  -19.117  16.292 0.6999999881
87016  26.696  -19.010  16.845 0.6999999881
28266  41.857  -11.996  14.795 0.3000000119
27563  42.941  -13.002  14.260 0.3000000119
24539  38.577  -15.978  11.182 0.6999999881
22986  28.476  -18.600  15.606 0.8999999762
27564  42.020  -12.889  14.485 0.3000000119
24549  37.375  -16.367  10.173 0.8000000119
22985  29.314  -18.273  15.162 0.8999999762
24558  37.634  -16.097  8.987 1.0000000000
95192  31.520  -17.757  13.150 1.0000000000
24568  36.216  -16.314  8.649 1.0000000000
86781  31.923  -17.430  11.795 1.0000000000
23753  32.156  -17.609  12.922 1.0000000000
24560  35.560  -16.583  8.829 1.0000000000
23764  32.678  -17.098  11.180 1.0000000000
25353  34.605  -15.846  10.159 1.0000000000
24541  34.049  -16.321  10.771 1.0000000000
22983  40.992  -18.392  15.819 0.6999999881
23690  40.237  -17.689  16.162 0.6999999881
22995  43.484  -18.397  14.551 0.3000000119
22996  42.779  -18.043  14.642 0.4000000060
23691  39.322  -17.117  16.079 0.6999999881
24440  38.446  -16.695  15.957 0.6999999881
23730  42.472  -17.649  14.403 0.4000000060
23729  43.224  -17.563  14.319 0.3000000119
23734  39.758  -17.582  13.386 0.6999999881
23749  39.228  -16.980  12.894 0.6999999881
87700  42.665  -17.104  14.340 0.5000000000
24485  42.810  -16.190  14.314 0.4000000060
24487  41.515  -16.456  13.808 0.6000000238
25285  42.032  -15.668  14.406 0.5000000000
25284  42.922  -15.312  14.200 0.3000000119
24523  38.929  -16.400  12.065 0.6999999881
28268  39.651  -11.919  15.079 0.4000000060
26134  41.652  -14.601  14.472 0.4000000060
22972  26.230  -18.392  16.982 0.6999999881
26860  41.365  -13.628  14.467 0.4000000060
22204  25.988  -19.300  17.151 0.6000000238
28250  41.334  -11.171  15.365 0.3000000119
28267  40.715  -11.930  14.953 0.3000000119
26135  40.796  -14.484  14.393 0.4000000060
22987  27.724  -18.474  16.281 0.6999999881
27566  40.072  -12.721  14.735 0.4000000060
26861  40.450  -13.562  14.497 0.4000000060
24548  38.355  -16.063  10.058 0.8000000119
27565  41.069  -12.738  14.579 0.3000000119
24557  38.605  -16.208  9.097 0.8000000119
23000  30.376  -17.729  14.264 1.0000000000
24566  39.256  -16.033  8.840 0.8999999762
24567  36.776  -16.260  8.756 1.0000000000
96210  33.468  -16.619  11.190 1.0000000000
25352  35.309  -15.493  9.650 1.0000000000
25357  34.906  -16.350  9.171 1.0000000000
25366  36.202  -15.802  8.635 1.0000000000
24527  34.099  -16.135  11.872 1.0000000000
24528  33.438  -16.644  12.198 1.0000000000
25347  34.676  -15.562  11.399 1.0000000000
25335  34.624  -15.331  12.460 1.0000000000
22966  40.706  -18.392  16.788 0.6000000238
22997  41.308  -18.235  14.926 0.6000000238
23710  40.557  -18.110  14.849 0.6999999881
22981  42.358  -18.278  15.218 0.5000000000
23711  39.840  -17.550  15.039 0.6999999881
23731  41.757  -17.768  14.322 0.4000000060
90962  39.076  -17.058  15.065 0.6999999881
23733  40.100  -18.003  13.970 0.6999999881
23745  41.908  -17.380  13.949 0.6000000238
94189  41.589  -17.125  13.529 0.6000000238
23748  40.030  -17.250  12.721 0.6999999881
24486  42.104  -16.724  14.143 0.5000000000
25315  40.922  -16.298  13.208 0.6000000238
24504  39.755  -16.619  12.388 0.6000000238
27568  38.423  -12.491  14.125 0.4000000060
25286  41.173  -15.500  14.170 0.4000000060
24522  40.426  -16.756  12.721 0.6000000238
28269  38.621  -11.726  14.752 0.4000000060
24538  39.102  -15.871  11.629 0.6999999881
23719  28.146  -17.663  16.233 0.8999999762
22971  26.996  -18.399  16.679 0.6999999881
26136  40.038  -14.326  14.204 0.4000000060
25351  39.557  -15.703  9.789 0.6999999881
24547  39.115  -15.856  10.396 0.6999999881
23717  29.909  -17.484  15.597 0.8999999762
94339  38.802  -15.634  8.511 0.8999999762
23716  30.758  -17.357  15.192 0.8999999762
23765  32.751  -17.133  12.555 1.0000000000
24511  31.869  -17.155  13.905 1.0000000000
25365  37.032  -15.685  8.659 1.0000000000
26190  35.994  -15.233  9.165 1.0000000000
24509  33.323  -16.514  13.202 1.0000000000
24493  32.113  -16.458  14.375 1.0000000000
26912  36.094  -13.530  11.858 0.8999999762
26180  36.373  -13.796  10.899 1.0000000000
26181  36.031  -14.240  11.622 1.0000000000
25320  34.242  -15.039  13.196 1.0000000000
25336  33.905  -15.896  12.793 1.0000000000
26175  35.759  -13.974  12.481 1.0000000000
26176  35.017  -14.475  12.831 1.0000000000
26158  34.259  -14.170  13.046 0.8999999762
26898  35.537  -13.353  12.394 1.0000000000
26899  35.216  -13.850  12.802 0.8999999762
23732  40.842  -18.019  13.996 0.6999999881
23747  40.542  -17.571  13.171 0.6999999881
23746  41.319  -17.460  13.525 0.6000000238
24503  41.149  -17.011  13.118 0.6000000238
28270  37.848  -11.097  14.330 0.3000000119
27575  37.853  -12.273  13.360 0.4000000060
27576  37.717  -11.887  12.640 0.4000000060
26156  40.466  -15.271  13.874 0.6000000238
25316  40.316  -15.901  12.822 0.6000000238
25332  39.805  -16.112  12.234 0.6000000238
26877  38.428  -13.046  13.454 0.5000000000
88164  39.496  -13.923  13.839 0.4000000060
26863  38.960  -13.216  14.103 0.5000000000
26862  39.648  -13.414  14.395 0.4000000060
86162  39.488  -15.160  10.400 0.6000000238
23718  28.981  -17.605  15.807 0.8999999762
25362  39.511  -15.305  8.481 0.8999999762
25355  39.779  -15.735  9.032 0.8000000119
24467  30.439  -16.713  15.727 0.8999999762
24466  31.138  -16.650  15.460 0.8999999762
24465  31.619  -16.201  15.096 0.8999999762
24494  31.514  -16.955  14.887 0.8999999762
26199  37.135  -15.110  8.651 1.0000000000
26184  36.604  -14.287  9.846 1.0000000000
24492  32.858  -16.114  13.962 1.0000000000
25321  33.496  -15.606  13.552 0.8999999762
89541  34.567  -13.326  12.601 1.0000000000
27599  34.762  -12.514  11.990 1.0000000000
27584  33.801  -12.646  12.302 0.8999999762
28282  37.584  -11.336  13.280 0.3000000119
27583  38.185  -12.716  12.453 0.5000000000
28286  37.976  -11.915  11.874 0.4000000060
26157  39.878  -14.890  13.513 0.5000000000
93120  39.679  -15.289  12.462 0.5000000000
82471  39.292  -15.345  11.478 0.5000000000
26896  39.330  -14.327  13.061 0.5000000000
26910  38.783  -13.503  11.702 0.5000000000
25345  39.209  -15.618  10.702 0.6000000238
26897  38.772  -13.642  12.733 0.5000000000
98507  38.985  -13.616  13.487 0.5000000000
26183  39.865  -15.109  9.400 0.6999999881
26196  39.695  -14.346  7.921 0.8999999762
26197  38.507  -14.473  8.047 0.8999999762
25364  38.188  -15.207  8.504 0.8999999762
26198  38.030  -14.403  8.474 0.8999999762
94962  36.126  -12.964  10.953 0.8999999762
26911  36.757  -13.215  10.193 0.8999999762
26917  37.216  -13.765  9.442 0.8999999762
26189  36.737  -14.855  8.897 1.0000000000
25289  32.809  -15.257  14.010 0.8999999762
25290  32.210  -15.686  14.551 0.8999999762
26159  33.463  -14.815  13.508 0.8999999762
27598  35.649  -12.752  11.690 0.8000000119
28294  35.100  -11.890  11.330 0.6999999881
96390  32.699  -14.589  13.812 0.8999999762
26900  33.461  -13.376  12.771 0.8999999762
26878  33.049  -14.067  13.297 0.8999999762
28969  37.662  -10.285  14.823 0.3000000119
28977  37.601  -10.395  13.712 0.3000000119
28986  37.502  -10.510  12.815 0.4000000060
85814  37.562  -10.075  12.156 0.3000000119
95322  37.749  -10.927  11.949 0.3000000119
28293  38.205  -11.350  10.949 0.4000000060
27597  38.425  -12.479  11.240 0.5000000000
83276  38.644  -11.784  10.321 0.4000000060
26174  39.211  -14.458  12.055 0.5000000000
26914  39.029  -13.275  10.670 0.5000000000
26179  39.206  -14.398  11.048 0.5000000000
26909  39.573  -14.248  10.041 0.5000000000
26913  39.456  -13.266  9.720 0.5000000000
26915  39.929  -13.900  8.875 0.6000000238
26188  39.885  -14.854  8.572 0.6000000238
27617  39.718  -12.168  7.038 0.6999999881
26923  39.683  -13.014  7.116 0.6999999881
26200  39.553  -13.711  7.434 0.6999999881
27615  38.906  -11.854  6.827 0.6999999881
26919  38.467  -12.739  7.572 0.8000000119
26202  38.520  -13.672  7.650 0.8000000119
26916  37.584  -13.104  8.853 0.8999999762
98064  35.621  -12.195  10.878 0.6999999881
26160  32.214  -14.002  13.797 0.8999999762
26901  32.381  -13.257  13.091 0.8999999762
94427  33.953  -12.033  11.867 1.0000000000
29855  37.443  -9.351  11.864 0.3000000119
28988  37.694  -9.833  11.139 0.4000000060
28996  37.979  -10.305  10.418 0.4000000060
94411  38.728  -12.519  10.598 0.4000000060
28308  38.533  -10.654  9.684 0.4000000060
88731  38.214  -9.845  9.139 0.4000000060
27612  39.167  -11.270  9.258 0.4000000060
83021  39.722  -11.858  7.642 0.5000000000
27611  39.610  -12.370  8.800 0.5000000000
27616  38.436  -11.780  7.792 0.6000000238
93903  38.023  -12.622  8.295 0.8000000119
27613  37.122  -12.577  9.475 0.6999999881
27585  32.823  -12.670  12.434 0.8999999762
97042  31.710  -12.944  13.063 0.8999999762
28296  33.477  -11.398  11.466 0.8999999762
86140  32.651  -11.694  11.531 0.8000000119
27601  32.315  -12.158  11.919 0.8000000119
28311  32.434  -11.126  10.937 0.6999999881
29001  32.642  -10.354  10.441 0.8000000119
30719  37.319  -8.588  11.589 0.3000000119
29863  37.415  -9.049  10.731 0.3000000119
28997  37.547  -9.502  9.768 0.3000000119
29011  37.976  -9.996  8.817 0.5000000000
29010  38.721  -10.468  8.447 0.5000000000
29017  38.840  -10.699  8.006 0.5000000000
28321  38.374  -10.917  8.259 0.5000000000
28317  37.608  -11.828  8.629 0.6000000238
86417  36.904  -11.563  9.252 0.6999999881
28310  35.593  -11.215  10.606 0.6999999881
93667  34.943  -11.103  11.192 0.6999999881
89872  35.175  -10.416  10.741 0.6999999881
28989  34.269  -10.684  11.137 0.8000000119
85612  37.259  -8.076  12.219 0.3000000119
31522  37.188  -7.818  11.443 0.3000000119
30724  37.263  -8.331  10.615 0.4000000060
29866  37.187  -8.760  9.899 0.4000000060
29878  37.110  -9.173  9.504 0.3000000119
28998  37.022  -9.762  9.240 0.5000000000
28318  37.413  -10.623  8.855 0.6000000238
29867  36.502  -9.220  9.846 0.4000000060
28309  36.501  -10.843  9.630 0.6999999881
27610  36.267  -12.082  10.050 0.6999999881
28999  36.070  -10.127  10.118 0.6999999881
30728  37.117  -8.099  9.912 0.3000000119
93183  36.923  -8.487  9.647 0.3000000119
29879  36.741  -8.508  9.708 0.3000000119
30729  36.870  -7.969  9.705 0.3000000119
29880  35.895  -8.732  9.936 0.5000000000
29868  35.527  -9.574  10.250 0.6000000238
32331  37.094  -6.960  11.306 0.4000000060
32338  37.087  -6.746  10.356 0.3000000119
31529  37.176  -7.601  10.510 0.3000000119
31532  37.037  -7.422  9.867 0.3000000119
31533  36.628  -7.307  9.705 0.3000000119
30730  36.253  -7.966  9.733 0.4000000060
31534  35.529  -7.208  9.555 0.4000000060
30731  35.134  -8.177  9.759 0.4000000060
29881  34.844  -9.032  10.071 0.5000000000
29870  32.888  -9.610  10.052 0.6999999881
28312  31.423  -11.290  10.688 0.8000000119
84243  36.961  -5.956  11.164 0.4000000060
32344  36.828  -6.640  9.846 0.3000000119
32345  36.213  -6.526  9.583 0.3000000119
31535  34.192  -7.581  9.448 0.4000000060
29869  34.579  -9.807  10.620 0.6000000238
90754  34.040  -8.519  9.792 0.4000000060
29882  33.142  -8.972  9.565 0.4000000060
30732  33.285  -8.245  9.265 0.4000000060
30733  32.578  -8.801  8.900 0.5000000000
29883  32.437  -9.519  9.181 0.6000000238
29012  32.126  -10.165  9.621 0.6999999881
98262  31.830  -9.923  9.019 0.6999999881
95302  36.934  -5.388  10.747 0.3000000119
84543  36.917  -5.785  10.169 0.3000000119
33139  36.440  -5.836  9.682 0.3000000119
32346  35.421  -6.386  9.368 0.4000000060
32350  34.859  -5.885  8.894 0.3000000119
32347  34.599  -6.671  9.180 0.3000000119
32351  33.942  -6.185  8.622 0.3000000119
31538  33.651  -6.938  8.870 0.3000000119
31536  33.314  -7.588  8.974 0.3000000119
31539  32.787  -7.174  8.575 0.3000000119
30739  32.624  -7.962  8.737 0.3000000119
30734  31.918  -9.284  8.697 0.5000000000
29884  31.229  -9.718  8.808 0.5000000000
33133  36.863  -4.781  10.496 0.3000000119
90653  36.561  -5.034  9.799 0.3000000119
33142  36.019  -5.070  9.290 0.3000000119
33140  35.732  -5.769  9.331 0.3000000119
33144  34.185  -5.435  8.293 0.3000000119
33145  33.355  -5.849  7.963 0.3000000119
32352  33.067  -6.478  8.336 0.3000000119
31540  31.964  -7.515  8.281 0.4000000060
30740  31.914  -8.442  8.439 0.5000000000
30741  31.248  -8.887  8.482 0.5000000000
33939  36.282  -4.319  9.343 0.3000000119
33143  35.120  -5.001  8.704 0.3000000119
33148  33.538  -5.193  7.613 0.3000000119
32353  32.175  -6.664  8.143 0.4000000060
32354  31.316  -6.926  7.857 0.4000000060
32361  31.600  -6.127  7.604 0.4000000060
31541  31.120  -7.912  8.156 0.5000000000
32355  30.432  -6.942  7.991 0.4000000060
33933  36.854  -3.890  10.598 0.3000000119
33938  36.714  -4.134  9.927 0.3000000119
33944  35.724  -4.300  8.800 0.3000000119
33946  34.315  -4.685  7.894 0.3000000119
33951  33.670  -4.607  7.317 0.3000000119
33149  32.744  -5.582  7.317 0.3000000119
32360  32.479  -6.083  7.749 0.3000000119
34723  36.123  -3.743  8.881 0.3000000119
34724  35.634  -3.539  8.388 0.3000000119
33945  35.063  -4.122  8.125 0.3000000119
34726  35.122  -3.318  7.685 0.3000000119
33950  34.261  -3.919  7.333 0.3000000119
34719  36.452  -3.481  9.418 0.3000000119
35572  36.170  -2.923  8.687 0.3000000119
33958  33.380  -4.383  6.757 0.3000000119
33952  32.922  -5.072  6.910 0.3000000119
35576  36.053  -2.096  7.919 0.3000000119
35577  35.353  -2.493  7.369 0.3000000119
35573  35.679  -2.877  8.033 0.4000000060
34728  34.625  -3.020  6.869 0.3000000119
34729  33.790  -3.688  6.425 0.3000000119
35580  35.070  -2.155  6.474 0.4000000060
88875  29.258  -22.331  14.268 1.0000000000
20786  30.168  -21.711  13.782 1.0000000000
28295  34.434  -11.590  11.512 0.6999999881
96937  33.280  -10.697  10.961 0.8000000119
29000  33.578  -10.023  10.648 0.6999999881
17406  33.489  -28.426  19.665 0.6000000238
83881  33.432  -26.811  20.909 0.6000000238
18688  34.918  -25.931  16.867 0.5000000000
17865  34.868  -27.826  14.681 0.4000000060
18269  34.715  -27.520  14.791 0.5000000000
17437  34.775  -28.209  14.837 0.4000000060
19642  29.988  -23.221  20.011 0.8999999762
19624  35.632  -22.783  20.437 0.6999999881
19186  36.314  -25.446  15.060 0.5000000000
18258  36.081  -26.059  15.471 0.5000000000
85551  35.101  -28.809  15.520 0.4000000060
20152  31.448  -22.401  20.823 0.8000000119
21382  30.664  -20.740  18.233 0.8000000119
19623  37.551  -23.143  20.159 0.6000000238
89643  38.116  -23.940  16.209 0.4000000060
19173  38.562  -24.763  15.740 0.4000000060
21356  33.813  -20.784  20.595 0.8000000119
20779  29.179  -21.867  15.322 1.0000000000
19661  39.693  -23.843  17.170 0.5000000000
19621  39.035  -23.007  20.458 0.6999999881
21414  29.697  -21.452  14.689 1.0000000000
22254  30.935  -19.539  11.174 1.0000000000
22253  31.751  -19.739  10.960 1.0000000000
22968  33.442  -18.153  17.060 0.8000000119
25288  35.911  -15.822  14.342 0.8000000119
23752  33.815  -18.119  13.552 1.0000000000
24432  36.891  -16.702  17.024 0.6999999881
86422  36.361  -16.638  11.620 0.8000000119
23785  36.039  -17.251  9.161 1.0000000000
23793  35.326  -17.348  9.106 1.0000000000
85899  37.544  -16.304  9.331 1.0000000000
23680  37.660  -17.107  17.621 0.6999999881
22984  29.964  -17.907  14.800 1.0000000000
25346  35.371  -15.062  10.924 1.0000000000
27567  39.167  -12.632  14.614 0.4000000060
25334  35.359  -14.762  12.085 1.0000000000
27600  33.175  -12.123  11.903 0.8000000119
26195  39.729  -13.632  7.476 0.6999999881
27614  39.936  -12.920  7.834 0.6000000238
28319  39.402  -11.190  7.100 0.5000000000
29018  39.261  -11.021  7.073 0.5000000000
91023  33.831  -9.272  10.189 0.6000000238
17800  29.028  -27.375  21.220 0.5000000000
17387  28.597  -28.129  21.125 0.5000000000
86431  28.847  -29.865  21.209 0.5000000000
93739  30.395  -29.276  21.523 0.5000000000
16885  29.500  -29.105  21.439 0.5000000000
17386  29.200  -28.256  21.403 0.5000000000
96629  30.494  -29.997  21.599 0.5000000000
16884  31.255  -29.640  21.436 0.4000000060
17384  31.054  -28.608  21.495 0.5000000000
16883  32.096  -29.732  21.146 0.4000000060
17394  32.598  -29.175  20.966 0.5000000000
83113  32.059  -28.779  21.330 0.5000000000
20771  26.245  -21.609  15.926 0.6999999881
20188  25.081  -22.753  17.083 0.6999999881
20781  26.609  -22.258  15.222 0.8000000119
20789  27.046  -22.510  14.471 0.8000000119
20194  26.700  -23.066  14.928 0.8000000119
20201  27.612  -22.812  13.869 0.8999999762
20772  25.611  -22.127  16.695 0.6999999881
21426  26.749  -21.566  14.927 0.8999999762
20788  27.406  -21.845  14.090 0.8999999762
21406  25.971  -20.887  16.313 0.6000000238
21436  27.613  -21.195  13.687 0.8999999762
21435  28.147  -21.102  13.037 0.8999999762
21443  28.613  -21.026  12.260 0.8999999762
21402  42.758  -20.604  16.632 0.5000000000
21388  41.003  -20.126  18.003 0.5000000000
21377  41.230  -21.007  18.291 0.6000000238
21378  40.597  -20.521  18.731 0.5000000000
21379  39.913  -20.111  19.210 0.5000000000
20748  40.791  -21.411  18.895 0.6000000238
82107  25.990  -20.235  16.626 0.6000000238
21416  26.459  -20.623  15.650 0.8999999762
21425  27.063  -20.802  14.509 0.8999999762
22225  27.588  -20.198  13.892 0.8999999762
22233  28.205  -20.038  12.998 0.8999999762
22243  28.677  -19.882  12.242 0.8999999762
22198  41.956  -19.277  16.675 0.5000000000
22199  41.136  -18.989  17.160 0.5000000000
22197  42.595  -19.827  16.511 0.5000000000
22184  40.822  -19.398  17.697 0.5000000000
21412  43.192  -20.042  16.186 0.5000000000
22183  41.503  -19.721  17.402 0.5000000000
21415  27.123  -19.821  15.265 0.8999999762
22203  26.568  -19.689  16.346 0.6999999881
22224  28.119  -19.471  13.799 0.8999999762
22209  42.729  -19.152  15.939 0.5000000000
22208  43.457  -19.573  15.651 0.5000000000
22213  28.017  -19.431  14.844 0.8999999762
23020  28.613  -18.946  13.215 0.8999999762
22965  41.345  -18.714  16.518 0.5000000000
22221  43.283  -18.809  15.126 0.5000000000
22982  41.861  -18.557  15.924 0.5000000000
23696  27.302  -17.657  16.490 0.6000000238
24444  26.770  -17.007  16.375 0.6000000238
24469  28.442  -16.827  16.038 0.8000000119
24470  27.530  -16.887  16.227 0.6999999881
25266  27.673  -16.103  15.771 0.6999999881
88675  26.922  -15.263  15.631 0.6999999881
85682  27.205  -14.607  15.049 0.6999999881
24468  29.449  -16.764  15.884 0.8000000119
25265  28.709  -16.032  15.670 0.6999999881
25295  27.942  -15.327  15.349 0.6999999881
26141  28.142  -14.554  14.893 0.6999999881
26867  28.462  -13.882  14.360 0.6999999881
25264  29.812  -15.893  15.674 0.8000000119
25293  29.560  -15.094  15.196 0.8000000119
26140  29.030  -14.576  14.711 0.6999999881
26865  30.346  -14.026  14.258 0.8000000119
25291  31.584  -15.390  14.924 0.8000000119
26866  29.379  -13.917  14.265 0.6999999881
26880  30.699  -13.374  13.660 0.8000000119
27579  29.362  -12.828  13.314 0.6000000238
97850  31.522  -14.794  14.665 0.8000000119
26864  31.372  -14.146  14.232 0.8000000119
27578  30.092  -12.738  13.214 0.6000000238
27587  30.260  -12.265  12.522 0.6000000238
28287  29.717  -11.762  12.008 0.6000000238
27577  31.022  -12.736  12.989 0.8000000119
27602  31.000  -12.270  12.143 0.6000000238
28299  30.158  -11.522  11.273 0.6000000238
26879  31.581  -13.392  13.502 0.8000000119
28314  29.991  -11.187  10.651 0.6000000238
28298  30.984  -11.717  11.390 0.6000000238
29003  31.018  -11.233  9.829 0.6999999881
84936  30.323  -11.075  9.998 0.6000000238
28313  30.637  -11.326  10.608 0.6000000238
94054  30.647  -10.837  9.507 0.6000000238
94522  31.574  -12.108  11.839 0.6999999881
28297  31.880  -11.689  11.362 0.6999999881
16896  32.662  -29.819  20.462 0.4000000060
17385  30.113  -28.434  21.512 0.5000000000
20797  28.749  -21.906  12.605 0.8999999762
20187  26.278  -22.626  15.902 0.8000000119
21387  41.705  -20.603  17.661 0.5000000000
25294  28.864  -15.216  15.306 0.6999999881
26138  30.881  -14.868  14.873 0.8000000119
26882  28.813  -13.256  13.700 0.6999999881
26881  29.770  -13.341  13.723 0.6999999881
19170  41.772  -24.224  16.643 0.4000000060
19674  41.337  -23.651  17.148 0.4000000060
20177  40.808  -22.791  17.999 0.5000000000
19183  42.525  -24.545  15.881 0.4000000060
20168  41.583  -22.405  17.992 0.5000000000
20747  41.244  -21.736  18.377 0.5000000000
19658  42.188  -23.222  17.464 0.5000000000
19673  42.825  -23.617  16.729 0.4000000060
19192  43.753  -24.905  14.980 0.4000000060
19684  43.493  -23.846  16.087 0.4000000060
18713  44.332  -25.528  14.517 0.4000000060
20755  41.824  -21.553  17.902 0.5000000000
20176  43.027  -22.855  17.167 0.5000000000
19182  44.172  -24.019  15.464 0.4000000060
19191  44.602  -24.593  14.756 0.4000000060
18730  46.464  -25.409  12.320 0.4000000060
18723  45.388  -25.335  13.409 0.4000000060
18285  46.116  -26.192  12.087 0.4000000060
18731  45.664  -25.687  12.664 0.4000000060
20754  42.482  -22.226  17.498 0.5000000000
97167  42.995  -22.255  17.045 0.5000000000
19672  43.677  -23.100  16.631 0.4000000060
20221  49.915  -23.119  8.758 0.3000000119
90259  44.138  -23.327  16.060 0.4000000060
19713  49.995  -23.944  9.418 0.3000000119
19689  45.182  -24.087  14.287 0.4000000060
19213  49.784  -24.763  10.144 0.3000000119
19214  49.045  -25.217  10.577 0.3000000119
18735  48.260  -25.292  10.922 0.3000000119
19209  47.696  -24.730  11.293 0.3000000119
19210  47.019  -25.032  11.715 0.4000000060
18722  46.124  -24.913  13.003 0.4000000060
19201  45.111  -25.106  14.231 0.4000000060
18742  48.134  -26.043  10.908 0.3000000119
18736  47.557  -25.530  11.301 0.3000000119
18737  46.924  -25.924  11.807 0.4000000060
20768  42.989  -21.558  16.769 0.4000000060
20185  43.524  -22.295  16.743 0.4000000060
19683  44.465  -23.138  15.431 0.4000000060
20192  44.242  -22.465  16.117 0.4000000060
20813  49.753  -21.306  8.799 0.3000000119
20811  49.043  -21.855  10.807 0.3000000119
85531  49.734  -22.950  10.110 0.3000000119
93405  48.582  -23.647  11.081 0.3000000119
19706  47.909  -23.932  11.363 0.3000000119
19707  47.494  -23.370  11.838 0.4000000060
19206  46.684  -24.534  12.355 0.4000000060
19200  45.700  -24.452  13.701 0.4000000060
19710  49.361  -23.773  10.532 0.3000000119
19205  47.175  -24.185  11.710 0.3000000119
21386  42.353  -21.120  17.256 0.4000000060
21446  48.156  -20.528  11.285 0.3000000119
20800  47.480  -21.111  12.369 0.3000000119
20212  46.916  -22.185  13.101 0.4000000060
90897  46.489  -21.681  13.436 0.4000000060
20197  45.328  -22.445  13.954 0.4000000060
20191  44.526  -22.312  15.104 0.4000000060
21454  48.858  -20.765  10.512 0.3000000119
20805  48.519  -21.346  11.213 0.3000000119
88321  47.461  -21.886  12.494 0.3000000119
20211  47.218  -22.781  12.468 0.4000000060
20207  46.270  -22.407  13.639 0.4000000060
96999  44.662  -22.912  14.684 0.4000000060
20214  48.453  -22.182  11.398 0.3000000119
20215  47.841  -22.491  11.945 0.3000000119
19704  46.660  -23.068  13.194 0.4000000060
90471  44.921  -23.133  14.116 0.4000000060
20218  49.034  -22.827  10.921 0.3000000119
87891  48.210  -23.090  11.442 0.3000000119
19199  46.415  -24.010  13.219 0.4000000060
21422  44.405  -20.147  14.898 0.4000000060
21421  44.834  -20.784  14.539 0.4000000060
21411  43.983  -20.450  15.748 0.4000000060
21401  43.351  -20.819  16.337 0.4000000060
20793  46.311  -20.920  13.491 0.3000000119
20785  44.657  -21.563  14.764 0.4000000060
20778  43.860  -21.494  16.305 0.4000000060
20801  46.970  -21.256  12.955 0.4000000060
20784  45.107  -21.572  14.215 0.4000000060
20777  44.356  -21.505  15.564 0.4000000060
90452  28.005  -13.351  13.938 0.6000000238
27588  29.354  -12.276  12.737 0.5000000000
27580  28.787  -12.627  13.190 0.5000000000
28288  28.846  -11.560  12.181 0.5000000000
28300  29.309  -11.232  11.242 0.5000000000
29004  29.542  -10.831  10.329 0.5000000000
29014  29.945  -10.517  9.689 0.5000000000
29885  30.453  -10.081  9.111 0.4000000060
33964  33.559  -5.142  4.809 0.3000000119
33968  33.809  -5.326  3.645 0.3000000119
90965  32.848  -5.023  4.579 0.3000000119
35581  34.249  -2.799  5.894 0.3000000119
34733  34.174  -4.299  5.237 0.3000000119
34730  33.337  -4.451  5.856 0.3000000119
33963  34.906  -5.501  4.326 0.3000000119
33971  33.259  -5.206  3.921 0.3000000119
35587  32.339  -3.359  4.715 0.3000000119
35584  34.991  -3.285  4.881 0.3000000119
34736  35.302  -4.946  4.240 0.3000000119
33966  35.339  -5.950  3.506 0.3000000119
33157  34.738  -5.767  3.295 0.3000000119
34740  33.372  -4.445  3.627 0.3000000119
34737  32.762  -4.420  4.061 0.3000000119
35588  31.803  -1.956  5.083 0.3000000119
36499  31.565  -1.229  5.330 0.3000000119
34735  35.565  -5.060  3.760 0.3000000119
35589  35.661  -3.847  3.830 0.3000000119
34738  35.344  -4.937  3.476 0.3000000119
35591  33.747  -3.121  3.443 0.3000000119
35592  32.713  -3.272  3.829 0.3000000119
35583  35.063  -2.029  5.371 0.3000000119
89184  35.562  -2.458  4.367 0.3000000119
95451  35.769  -2.842  4.028 0.3000000119
35590  35.053  -3.527  3.406 0.3000000119
36505  33.446  -1.809  3.625 0.3000000119
86013  32.895  -2.267  3.780 0.3000000119
37356  32.048  -0.929  3.736 0.3000000119
36498  36.047  -1.429  4.974 0.3000000119
95949  35.790  -1.641  4.340 0.3000000119
36503  35.513  -2.540  3.794 0.3000000119
37358  35.217  -1.218  3.803 0.3000000119
90845  32.915  -0.963  3.752 0.3000000119
86645  33.994  -1.110  3.614 0.3000000119
37354  36.137  -0.543  4.435 0.3000000119
37355  35.346  -0.179  4.164 0.3000000119
18724  44.785  -26.018  13.964 0.4000000060
19171  40.702  -24.354  16.822 0.4000000060
19193  42.836  -25.185  15.114 0.4000000060
18725  43.921  -26.448  14.134 0.4000000060
18714  43.291  -25.768  14.586 0.4000000060
94558  45.702  -26.863  11.792 0.4000000060
93414  45.125  -26.528  12.290 0.4000000060
18280  44.274  -26.804  13.217 0.4000000060
19217  50.181  -24.765  9.097 0.3000000119
83204  50.206  -25.358  9.450 0.3000000119
18741  48.922  -25.890  10.534 0.3000000119
18291  48.718  -26.709  10.386 0.3000000119
18287  47.476  -26.351  11.336 0.3000000119
18288  46.624  -26.833  11.633 0.3000000119
20810  49.596  -21.855  9.749 0.3000000119
21456  49.367  -20.584  9.446 0.3000000119
21423  43.939  -19.502  15.159 0.4000000060
21432  44.891  -19.932  14.306 0.4000000060
21431  45.497  -20.611  13.981 0.4000000060
21438  47.125  -20.457  12.490 0.3000000119
21447  47.596  -20.470  11.874 0.3000000119
26868  27.492  -13.860  14.408 0.6000000238
36495  35.461  -1.223  5.987 0.3000000119
36500  36.525  -0.593  4.791 0.3000000119
20815  49.855  -21.535  7.703 0.3000000119
19660  40.604  -23.535  17.344 0.4000000060
90186  40.392  -22.708  18.636 0.5000000000
19690  44.705  -23.668  14.817 0.4000000060
98622  44.461  -20.884  15.096 0.4000000060
36501  32.346  -1.963  4.246 0.3000000119
36504  34.587  -2.188  3.467 0.3000000119
37353  36.863  0.050  4.739 0.3000000119
19184  41.601  -25.065  15.893 0.3000000119
18271  27.410  -27.156  15.571 0.6000000238
18272  26.816  -26.902  15.362 0.6999999881
18703  41.994  -25.532  15.343 0.3000000119
17856  35.765  -27.106  16.096 0.3000000119
18700  25.531  -25.771  16.232 0.6999999881
18694  40.256  -25.162  16.628 0.3000000119
18273  26.022  -26.465  15.553 0.6999999881
17870  26.148  -27.341  15.534 0.6999999881
18693  41.066  -25.966  15.605 0.3000000119
18266  41.853  -26.312  15.090 0.3000000119
17882  42.638  -27.546  13.205 0.3000000119
18282  42.543  -26.982  13.614 0.3000000119
18715  42.423  -25.985  14.667 0.3000000119
17461  44.107  -28.514  12.135 0.3000000119
17881  43.330  -27.757  12.774 0.3000000119
18281  43.023  -26.941  13.318 0.3000000119
18696  38.466  -25.173  15.604 0.4000000060
19190  26.036  -25.073  15.665 0.6999999881
84057  40.444  -25.857  16.230 0.3000000119
18695  39.371  -25.099  16.267 0.3000000119
18711  26.234  -25.737  15.495 0.6999999881
98157  26.641  -26.228  15.380 0.6999999881
18276  42.288  -26.679  14.305 0.3000000119
17877  42.443  -27.412  13.806 0.3000000119
16966  43.746  -29.357  11.775 0.3000000119
90758  37.457  -25.370  15.054 0.4000000060
19178  25.523  -24.805  16.530 0.6999999881
18256  40.022  -25.606  16.712 0.3000000119
18265  41.990  -26.842  15.043 0.3000000119
19189  26.590  -24.586  15.091 0.6999999881
17872  42.304  -27.377  14.715 0.3000000119
93614  26.579  -25.206  15.263 0.6999999881
17880  44.469  -27.504  12.273 0.3000000119
17468  44.358  -29.148  11.204 0.3000000119
17887  44.789  -28.091  11.445 0.3000000119
97769  26.445  -24.125  15.240 0.6999999881
18254  40.726  -26.650  16.066 0.3000000119
19686  26.750  -23.919  14.636 0.6999999881
17444  42.622  -28.082  15.310 0.3000000119
17862  42.058  -27.441  15.704 0.3000000119
19194  26.945  -24.377  14.597 0.6999999881
17467  45.137  -28.722  10.903 0.3000000119
20202  27.179  -23.249  14.276 0.6999999881
95219  45.111  -27.271  11.744 0.3000000119
84042  45.421  -19.685  13.842 0.3000000119
17859  27.814  -27.912  16.048 0.5000000000
17447  26.936  -28.695  15.226 0.6999999881
17868  27.521  -27.994  15.653 0.6000000238
16946  27.056  -29.392  15.302 0.6000000238
17867  27.733  -27.190  15.863 0.6000000238
17844  24.973  -27.254  17.258 0.6999999881
18257  36.772  -26.011  16.283 0.3000000119
18686  38.133  -25.635  16.204 0.4000000060
88069  25.595  -23.979  16.720 0.6999999881
18685  39.200  -25.443  16.607 0.4000000060
18255  40.468  -26.390  17.001 0.3000000119
17855  40.898  -27.032  16.795 0.3000000119
17853  42.042  -27.815  16.752 0.3000000119
82561  40.941  -25.106  16.236 0.3000000119
19678  26.325  -23.577  15.642 0.6999999881
17869  27.087  -27.892  15.294 0.6000000238
17436  42.633  -28.190  16.312 0.3000000119
17395  28.183  -28.547  20.639 0.5000000000
93035  27.856  -28.168  18.923 0.5000000000
17811  28.379  -27.691  20.554 0.4000000060
14398  25.691  -32.859  17.091 0.4000000060
13749  24.976  -34.613  17.073 0.5000000000
17826  28.097  -27.284  19.508 0.4000000060
17836  27.879  -27.618  18.294 0.5000000000
13737  24.253  -34.860  17.482 0.4000000060
13140  23.747  -35.726  17.673 0.4000000060
14409  25.319  -33.806  17.100 0.5000000000
17843  27.811  -27.868  17.120 0.4000000060
95740  23.056  -35.623  18.092 0.4000000060
12612  23.531  -36.650  17.746 0.4000000060
95263  23.946  -34.328  17.835 0.4000000060
14399  24.773  -33.198  17.443 0.5000000000
90630  24.555  -34.081  17.442 0.4000000060
94732  25.743  -32.078  16.870 0.5000000000
16369  25.782  -30.876  16.303 0.4000000060
17439  27.595  -28.492  15.708 0.5000000000
16374  26.785  -30.173  15.582 0.4000000060
16942  27.480  -29.219  15.720 0.4000000060
97795  22.507  -35.871  18.334 0.4000000060
13142  18.778  -36.124  18.708 0.4000000060
13728  23.267  -34.190  18.244 0.4000000060
14402  19.214  -33.669  17.917 0.4000000060
15069  23.995  -32.506  17.855 0.5000000000
14400  23.931  -33.571  17.864 0.4000000060
14401  20.231  -33.347  17.990 0.4000000060
15068  25.003  -32.319  17.269 0.5000000000
16347  20.969  -31.022  18.435 0.4000000060
15070  20.228  -32.371  18.101 0.4000000060
15720  25.282  -31.487  16.956 0.5000000000
16356  25.180  -30.626  17.006 0.5000000000
16359  20.736  -29.985  18.365 0.4000000060
97411  25.609  -30.252  16.379 0.6000000238
16375  26.140  -30.268  15.848 0.6000000238
16947  26.472  -29.702  15.548 0.5000000000
13133  19.578  -36.488  18.686 0.4000000060
13739  19.743  -34.449  18.014 0.4000000060
13141  22.638  -35.066  18.368 0.4000000060
86480  20.698  -34.292  18.097 0.4000000060
14392  23.026  -33.175  18.320 0.4000000060
14394  21.181  -33.347  18.264 0.4000000060
15721  24.497  -31.758  17.542 0.5000000000
15710  21.523  -31.633  18.452 0.4000000060
15061  20.842  -32.671  18.270 0.4000000060
93769  25.216  -29.761  17.109 0.5000000000
16934  21.292  -29.108  18.429 0.4000000060
16930  25.798  -29.524  16.075 0.6000000238
17448  26.422  -29.043  15.478 0.6000000238
87386  20.158  -35.387  18.231 0.4000000060
89169  21.575  -34.152  18.337 0.4000000060
15709  22.218  -31.816  18.460 0.4000000060
16357  24.500  -31.012  17.593 0.5000000000
83108  21.914  -31.032  18.485 0.4000000060
87913  21.557  -30.396  18.488 0.4000000060
16358  21.692  -29.774  18.504 0.4000000060
85844  26.346  -28.234  15.506 0.6000000238
17440  25.764  -28.586  16.092 0.6000000238
17441  25.338  -28.869  17.089 0.6000000238
13131  21.677  -35.805  18.539 0.4000000060
96218  21.891  -34.864  18.446 0.4000000060
14393  22.041  -33.279  18.430 0.4000000060
15060  21.587  -32.448  18.406 0.4000000060
15708  23.779  -31.397  18.222 0.5000000000
15058  23.060  -32.106  18.405 0.5000000000
85645  22.808  -31.189  18.579 0.5000000000
16345  23.341  -30.504  18.554 0.5000000000
86864  24.537  -30.167  17.775 0.5000000000
16344  24.027  -30.594  18.225 0.5000000000
16346  22.400  -30.252  18.577 0.4000000060
16933  22.371  -29.221  18.580 0.5000000000
17430  21.886  -28.379  18.529 0.4000000060
17860  25.626  -27.705  16.208 0.6000000238
88889  25.318  -28.097  16.926 0.6000000238
16931  24.464  -29.139  17.984 0.6000000238
16921  23.819  -29.860  18.399 0.5000000000
16922  23.078  -29.764  18.642 0.5000000000
17428  23.742  -28.221  18.345 0.6000000238
16932  23.382  -29.070  18.535 0.5000000000
18261  25.497  -26.785  16.296 0.6000000238
86136  24.176  -24.812  17.852 0.5000000000
18701  24.892  -25.288  17.275 0.6000000238
18690  24.084  -25.761  18.002 0.6000000238
18246  23.545  -26.560  18.396 0.5000000000
17846  23.076  -27.409  18.595 0.5000000000
17427  24.687  -28.132  17.685 0.6000000238
17429  22.802  -28.328  18.606 0.5000000000
94150  22.330  -27.774  18.565 0.5000000000
19680  24.999  -23.498  17.246 0.5000000000
19679  25.772  -23.181  16.608 0.6000000238
19179  24.921  -24.365  17.342 0.6000000238
17845  24.082  -27.350  18.133 0.6000000238
18262  24.923  -26.234  17.213 0.6000000238
18245  24.323  -26.620  17.859 0.6000000238
17426  27.707  -28.770  17.816 0.4000000060
93074  27.733  -28.615  16.352 0.4000000060
18244  27.998  -26.363  17.453 0.5000000000
17407  27.999  -28.244  19.817 0.5000000000
16920  27.681  -29.485  18.581 0.5000000000
13738  23.515  -34.969  18.029 0.4000000060
15071  19.460  -32.773  17.955 0.4000000060
15722  20.163  -31.556  18.177 0.4000000060
13729  22.425  -34.096  18.432 0.4000000060
15059  22.396  -32.551  18.417 0.4000000060
13730  21.085  -35.175  18.279 0.4000000060
86850  18.748  -34.626  18.086 0.3000000119
90844  19.581  -32.042  18.051 0.3000000119
90596  18.720  -33.076  17.992 0.3000000119
16360  19.883  -30.698  18.167 0.3000000119
15072  18.685  -32.212  18.105 0.3000000119
15723  19.190  -31.371  18.125 0.3000000119
84826  17.885  -32.014  18.392 0.3000000119
13731  19.217  -35.449  18.326 0.4000000060
14403  18.353  -33.839  18.120 0.3000000119
15711  20.898  -31.935  18.388 0.4000000060
15724  18.174  -31.335  18.230 0.3000000119
17443  43.065  -28.691  14.881 0.3000000119
17446  27.340  -28.651  15.458 0.6000000238
17456  42.575  -28.087  13.357 0.3000000119
17838  41.435  -27.524  17.237 0.3000000119
17854  41.257  -27.272  16.236 0.3000000119
17863  41.322  -26.792  15.524 0.3000000119
17866  34.661  -27.732  14.725 0.4000000060
17873  34.759  -27.733  14.685 0.4000000060
18206  31.994  -26.258  21.615 0.8000000119
18275  42.760  -26.483  14.013 0.3000000119
18292  48.023  -26.701  10.954 0.3000000119
18697  35.689  -26.010  15.423 0.5000000000
18707  34.985  -26.848  15.027 0.5000000000
18732  44.988  -25.997  12.992 0.4000000060
18740  49.745  -25.665  10.151 0.3000000119
19148  34.951  -24.719  19.591 0.6999999881
19155  28.776  -24.016  19.278 0.8999999762
19208  48.600  -24.488  10.881 0.3000000119
19659  41.350  -23.093  17.620 0.4000000060
19687  26.098  -24.284  15.880 0.6999999881
19698  45.927  -23.400  13.885 0.4000000060
19703  46.876  -23.644  12.360 0.4000000060
20169  40.771  -22.148  18.722 0.6000000238
20172  28.543  -22.790  18.204 0.8999999762
20198  44.806  -22.323  14.388 0.4000000060
20739  40.449  -21.884  19.558 0.6999999881
20750  30.258  -21.402  18.678 0.8999999762
20794  45.826  -21.603  13.838 0.4000000060
20806  47.963  -21.448  11.823 0.3000000119
21354  35.562  -20.746  20.488 0.8000000119
21403  42.219  -20.148  17.075 0.5000000000
21439  46.643  -20.475  13.008 0.3000000119
21442  29.113  -20.827  11.748 1.0000000000
22175  38.724  -18.999  19.088 0.6000000238
22222  32.011  -19.528  14.245 1.0000000000
22251  33.264  -19.660  11.293 1.0000000000
22261  33.008  -19.414  10.736 1.0000000000
23008  33.513  -18.892  12.843 1.0000000000
23017  30.632  -17.737  11.948 1.0000000000
23033  30.590  -18.483  11.442 1.0000000000
23040  35.095  -18.247  10.376 1.0000000000
23692  35.189  -17.132  17.105 0.8000000119
23712  39.548  -17.599  14.181 0.6999999881
23751  34.386  -17.711  13.166 1.0000000000
23754  30.920  -17.342  13.917 1.0000000000
23787  33.142  -18.000  10.143 1.0000000000
23794  34.593  -17.566  9.504 1.0000000000
24441  37.610  -16.307  15.815 0.6999999881
24464  35.038  -16.469  15.703 0.8000000119
24490  35.346  -16.328  14.130 0.8000000119
24506  35.846  -16.368  12.858 0.8000000119
24510  32.629  -16.939  13.559 1.0000000000
24526  35.836  -16.799  12.079 0.8999999762
24543  33.000  -17.422  10.409 1.0000000000
24550  36.724  -16.813  9.597 1.0000000000
24556  39.324  -16.074  9.390 0.6999999881
24559  36.674  -16.601  8.935 1.0000000000
24561  34.743  -17.049  9.132 1.0000000000
25263  30.911  -15.863  15.525 0.8000000119
25287  36.484  -15.880  13.987 0.6999999881
25292  30.260  -15.306  15.257 0.8000000119
25356  35.504  -15.963  8.823 1.0000000000
25363  39.118  -14.683  7.915 0.6999999881
26137  32.112  -14.784  14.421 0.8999999762
26139  29.915  -14.604  14.767 0.8000000119
26185  36.021  -14.664  10.393 1.0000000000
26201  38.954  -13.745  7.310 0.6999999881
26918  39.916  -14.017  8.072 0.6999999881
26920  38.058  -13.515  8.316 0.8000000119
26921  37.560  -14.239  8.868 1.0000000000
26922  39.773  -13.186  7.297 0.6999999881
26924  38.932  -12.851  6.942 0.6999999881
26925  39.297  -12.976  6.970 0.6999999881
27586  31.837  -12.554  12.538 0.8000000119
27603  30.405  -11.941  11.843 0.6000000238
27609  39.121  -12.395  9.978 0.4000000060
27618  39.376  -12.328  6.779 0.6999999881
28281  37.937  -11.822  14.026 0.4000000060
28316  39.331  -11.148  8.042 0.5000000000
28320  39.005  -10.973  7.185 0.5000000000
28322  39.299  -11.436  6.856 0.5000000000
29002  31.770  -10.870  10.057 0.8000000119
29013  31.297  -10.556  9.306 0.6999999881
29016  39.082  -10.853  7.440 0.5000000000
33155  34.678  -5.443  3.420 0.3000000119
33156  35.119  -6.041  3.252 0.3000000119
33967  35.355  -5.801  3.667 0.3000000119
33969  34.955  -5.910  3.200 0.3000000119
33970  34.026  -5.598  3.546 0.3000000119
34739  34.472  -4.649  3.353 0.3000000119
35586  35.721  -3.827  4.038 0.3000000119
36506  32.575  -1.335  3.874 0.3000000119
84353  33.085  -18.752  10.449 1.0000000000
84878  43.333  -24.483  15.483 0.4000000060
85364  34.093  -18.648  18.497 0.6999999881
86031  37.804  -15.773  8.865 1.0000000000
86980  22.873  -36.266  17.983 0.4000000060
87360  49.843  -22.347  8.263 0.3000000119
89670  37.784  -15.026  8.594 0.8999999762
90012  28.053  -24.126  16.554 0.8999999762
94488  29.941  -18.240  13.961 1.0000000000
94739  27.211  -26.285  15.386 0.8000000119
94809  38.501  -15.997  8.868 0.8999999762
94981  33.387  -26.247  21.077 0.8000000119
95317  22.208  -27.189  18.550 0.5000000000
96104  29.738  -21.451  11.779 1.0000000000
96795  30.316  -25.202  21.172 0.6999999881
97410  25.989  -23.752  16.275 0.6999999881
98603  49.387  -22.323  10.451 0.3000000119
