#!ascii label  , from subject sub-v1s15x0050217_ses-1 vox2ras=TkReg
1605
7246  -10.856  -63.694  16.587 0.5000000000
5366  -12.736  -67.088  15.114 0.5000000000
4823  -14.732  -67.961  13.519 0.5000000000
4303  -15.185  -68.321  13.034 0.5000000000
7861  -10.530  -62.449  15.615 0.5000000000
7848  -11.140  -63.196  16.163 0.5000000000
7862  -11.377  -62.789  15.073 0.5000000000
7266  -11.846  -63.475  15.697 0.5000000000
7284  -12.091  -63.227  14.101 0.6000000238
7247  -12.131  -64.262  16.213 0.5000000000
4313  -15.690  -68.335  12.339 0.5000000000
124301  -12.946  -66.675  15.497 0.5000000000
123113  -17.231  -67.847  11.297 0.5000000000
4796  -13.384  -66.982  14.998 0.6000000238
4835  -16.631  -68.138  12.397 0.6000000238
5368  -14.970  -66.561  13.640 0.6000000238
4824  -15.619  -67.720  13.255 0.6000000238
4836  -17.755  -68.112  12.364 0.6999999881
5380  -16.037  -66.842  13.485 0.6999999881
4825  -16.984  -67.742  13.218 0.6999999881
5369  -16.586  -66.645  14.110 0.6999999881
5382  -17.110  -67.274  13.917 0.6999999881
4826  -17.716  -68.104  13.448 0.6999999881
7874  -10.906  -62.046  14.378 0.5000000000
7875  -11.692  -62.447  13.565 0.6000000238
8442  -11.353  -61.656  13.338 0.6000000238
7885  -12.600  -62.940  12.275 0.6000000238
6586  -13.401  -65.181  14.743 0.5000000000
113588  -18.143  -67.667  11.158 0.5000000000
4850  -18.337  -67.545  10.430 0.5000000000
3854  -19.305  -69.357  11.904 0.6999999881
4314  -19.165  -68.557  12.143 0.6999999881
3841  -19.375  -69.074  12.523 0.6999999881
5934  -13.686  -65.893  14.899 0.6000000238
5956  -14.704  -65.886  13.598 0.6999999881
4304  -19.181  -68.884  13.143 0.6999999881
5976  -15.617  -66.048  13.521 0.6999999881
5977  -16.049  -66.300  13.716 0.6999999881
4293  -18.593  -68.830  14.639 0.6999999881
5349  -16.632  -66.501  14.756 0.6999999881
5350  -17.200  -67.063  14.793 0.6999999881
4811  -17.783  -67.769  14.417 0.6999999881
4284  -18.525  -68.696  15.576 0.6999999881
117368  -17.477  -67.334  15.757 0.6999999881
4788  -18.229  -68.077  15.860 0.6999999881
4780  -18.484  -68.493  16.740 0.6999999881
8441  -10.206  -61.314  13.994 0.5000000000
8454  -10.882  -60.941  13.253 0.6000000238
8982  -11.524  -60.506  13.043 0.6000000238
8455  -11.922  -61.453  12.750 0.6000000238
8456  -12.256  -61.293  12.733 0.6000000238
7285  -12.861  -63.785  12.923 0.6000000238
7896  -12.987  -62.448  11.552 0.6000000238
6623  -13.688  -64.058  12.109 0.6000000238
3425  -18.735  -69.720  13.273 0.6999999881
6607  -14.246  -64.973  13.200 0.6999999881
128542  -18.760  -69.399  13.775 0.6999999881
3424  -17.836  -70.283  13.332 0.6999999881
3407  -16.188  -70.601  14.247 0.6999999881
6624  -14.361  -64.133  11.989 0.6999999881
3409  -18.258  -69.793  14.163 0.6999999881
3390  -15.633  -70.795  15.042 0.6999999881
5974  -14.872  -64.969  12.641 0.6999999881
6625  -14.954  -64.454  12.478 0.6999999881
3827  -18.716  -69.150  14.274 0.6999999881
114205  -18.331  -69.454  15.068 0.6999999881
3391  -16.660  -70.417  15.062 0.6999999881
115320  -16.126  -70.607  15.861 0.6999999881
5957  -15.706  -65.657  13.603 0.6999999881
5935  -15.833  -65.463  14.425 0.6999999881
112764  -18.623  -69.012  15.076 0.6999999881
114056  -17.184  -70.296  15.897 0.6999999881
117367  -16.837  -66.715  15.582 0.6999999881
116285  -18.474  -69.254  16.451 0.6999999881
3393  -18.085  -69.770  15.990 0.6999999881
5336  -17.056  -66.997  16.378 0.6999999881
4275  -18.624  -68.893  16.452 0.6999999881
3380  -18.288  -69.651  16.912 0.6999999881
4787  -17.736  -67.617  16.752 0.6999999881
3808  -18.702  -69.093  17.052 0.6999999881
4770  -18.251  -68.099  18.273 0.6999999881
8967  -9.795  -60.525  13.711 0.5000000000
8981  -10.596  -60.164  13.249 0.6000000238
131590  -11.140  -59.736  13.017 0.6000000238
9552  -10.573  -59.388  13.308 0.5000000000
9566  -12.509  -58.771  12.840 0.6000000238
9540  -9.191  -59.339  14.275 0.5000000000
8980  -9.778  -59.753  13.680 0.5000000000
8983  -11.946  -60.177  13.071 0.6000000238
9567  -13.473  -58.606  12.633 0.6000000238
8968  -12.434  -60.402  13.546 0.6000000238
9554  -12.207  -59.369  13.084 0.6000000238
7313  -13.343  -62.998  11.284 0.6000000238
7301  -13.877  -63.366  11.268 0.6999999881
7886  -14.002  -62.507  11.332 0.6999999881
7302  -14.930  -63.823  12.331 0.6999999881
7887  -14.474  -63.019  11.621 0.6999999881
2933  -15.063  -71.360  16.321 0.6999999881
120311  -15.540  -64.718  13.901 0.6999999881
129860  -15.279  -64.041  13.393 0.6999999881
3377  -15.668  -70.911  16.591 0.6999999881
127478  -14.738  -71.897  16.752 0.6999999881
6587  -15.165  -64.201  14.907 0.6999999881
3378  -16.542  -70.568  16.659 0.6999999881
2927  -15.287  -71.507  17.322 0.6999999881
2531  -14.375  -72.748  16.662 0.6999999881
114209  -15.936  -65.600  15.928 0.6000000238
118255  -16.888  -70.567  17.358 0.6999999881
2919  -15.856  -71.448  18.406 0.6999999881
122478  -15.266  -72.061  18.126 0.6999999881
2156  -14.670  -73.115  17.453 0.6999999881
2165  -14.398  -73.880  17.021 0.6999999881
5335  -16.492  -66.334  16.490 0.6999999881
3368  -17.755  -70.180  17.706 0.6999999881
3357  -17.404  -70.523  18.773 0.6000000238
3342  -16.890  -71.505  19.306 0.6999999881
2920  -16.288  -71.820  19.134 0.6999999881
4779  -17.568  -67.386  17.945 0.6000000238
4268  -18.654  -68.706  17.564 0.6999999881
3790  -18.632  -69.281  18.417 0.6999999881
3358  -18.210  -69.860  18.360 0.6999999881
3344  -18.090  -70.025  19.319 0.6000000238
3343  -17.390  -70.906  19.363 0.6000000238
4762  -18.243  -67.880  19.442 0.6000000238
4258  -18.628  -68.740  18.572 0.6000000238
122909  -18.565  -69.233  19.486 0.6000000238
3328  -18.690  -70.350  20.501 0.5000000000
2889  -18.042  -70.638  19.921 0.5000000000
114641  -18.405  -71.177  20.171 0.5000000000
4245  -18.519  -68.536  19.886 0.6000000238
3756  -19.248  -68.807  21.041 0.5000000000
3764  -18.766  -69.265  20.434 0.5000000000
10202  -11.614  -58.342  13.144 0.6000000238
10877  -11.089  -57.896  13.748 0.6000000238
10213  -14.199  -58.258  12.074 0.5000000000
10909  -14.868  -57.662  11.724 0.6999999881
10193  -10.340  -58.260  14.129 0.5000000000
10194  -10.963  -57.810  14.375 0.6000000238
10878  -11.583  -57.265  14.080 0.6000000238
10170  -10.251  -58.687  15.723 0.6000000238
10183  -10.030  -58.489  14.827 0.6000000238
9568  -14.507  -58.770  12.595 0.4000000060
125466  -11.378  -57.982  15.521 0.6000000238
9556  -13.836  -59.084  13.462 0.5000000000
8969  -13.013  -60.121  14.806 0.6000000238
8430  -12.762  -60.760  14.517 0.6000000238
7286  -14.650  -63.120  13.154 0.6999999881
8444  -13.083  -61.511  13.666 0.6000000238
7269  -14.772  -63.577  14.540 0.6999999881
5913  -15.539  -65.037  16.694 0.6000000238
7249  -14.411  -63.610  16.062 0.6000000238
5325  -16.477  -66.280  17.709 0.6000000238
2498  -16.904  -71.992  19.409 0.6000000238
2511  -16.380  -72.456  19.028 0.6000000238
2150  -15.917  -73.106  18.559 0.6999999881
2157  -15.507  -73.680  17.913 0.6999999881
1857  -15.052  -74.316  17.432 0.6999999881
120994  -16.951  -66.708  18.136 0.6000000238
2907  -18.268  -71.741  19.825 0.6000000238
1863  -14.561  -74.808  16.728 0.6999999881
119992  -18.467  -67.788  20.305 0.6000000238
3329  -19.379  -70.611  21.021 0.4000000060
2487  -19.109  -71.830  20.122 0.4000000060
2500  -18.698  -72.346  19.510 0.5000000000
2513  -18.234  -72.777  18.981 0.6000000238
2151  -16.787  -73.120  18.542 0.6000000238
1858  -15.727  -74.171  17.387 0.6000000238
4228  -19.269  -67.889  21.019 0.5000000000
4229  -19.896  -68.317  21.354 0.5000000000
3757  -19.787  -69.248  21.346 0.5000000000
3318  -19.874  -70.089  21.343 0.5000000000
2501  -19.610  -72.472  19.537 0.4000000060
109935  -19.196  -72.868  18.922 0.6000000238
11594  -14.619  -56.902  12.329 0.6000000238
10899  -13.483  -57.612  12.313 0.6000000238
10910  -15.857  -57.335  11.527 0.6000000238
10863  -12.126  -57.148  14.917 0.6000000238
11573  -13.167  -56.626  14.215 0.5000000000
11561  -13.472  -56.636  15.200 0.6000000238
11551  -13.663  -56.850  16.228 0.6000000238
10214  -15.077  -58.505  11.951 0.6000000238
10171  -11.143  -58.514  16.083 0.6999999881
10851  -12.474  -57.680  16.718 0.6000000238
10853  -13.795  -57.075  17.255 0.6000000238
9557  -14.866  -59.237  13.423 0.5000000000
9569  -15.476  -59.027  12.591 0.6000000238
10159  -11.613  -58.649  16.954 0.6000000238
10838  -12.507  -57.602  17.867 0.6999999881
9528  -13.726  -59.696  15.165 0.5000000000
9506  -11.848  -58.244  17.910 0.6999999881
8954  -13.232  -60.712  15.655 0.6000000238
9496  -12.235  -58.966  18.528 0.6000000238
7863  -13.602  -62.155  14.359 0.6000000238
112005  -13.042  -61.374  15.305 0.6000000238
7849  -13.309  -62.123  15.976 0.6000000238
7248  -13.708  -62.811  16.580 0.6000000238
6545  -15.139  -64.525  17.487 0.6000000238
5881  -15.738  -65.151  18.699 0.6000000238
5853  -18.279  -65.654  20.542 0.6000000238
130379  -16.873  -66.363  19.386 0.6000000238
5295  -19.199  -66.257  20.758 0.6000000238
4750  -18.713  -67.402  20.670 0.6000000238
2153  -18.700  -73.215  18.249 0.6000000238
2159  -17.208  -73.523  17.740 0.6000000238
1859  -16.605  -73.944  17.155 0.6000000238
4739  -19.833  -67.433  21.201 0.5000000000
121525  -20.381  -68.884  21.444 0.5000000000
3758  -20.504  -69.589  21.433 0.5000000000
121637  -17.736  -73.815  15.844 0.6000000238
119457  -20.023  -72.755  19.013 0.4000000060
2160  -18.129  -73.498  17.545 0.6000000238
11585  -15.129  -56.581  12.935 0.6000000238
11575  -15.569  -56.525  13.912 0.5000000000
11586  -16.162  -56.488  12.701 0.6000000238
11597  -17.901  -56.474  11.358 0.5000000000
129424  -13.582  -56.660  13.530 0.6000000238
11563  -15.455  -56.711  14.967 0.6000000238
11595  -15.713  -56.760  11.888 0.5000000000
11605  -16.609  -56.886  11.398 0.5000000000
132365  -17.100  -57.716  11.220 0.5000000000
11562  -14.488  -56.626  15.451 0.5000000000
117781  -14.761  -56.509  13.855 0.6000000238
11552  -14.498  -56.902  16.576 0.5000000000
10215  -16.086  -58.677  11.847 0.6000000238
10144  -12.618  -57.815  19.259 0.6999999881
10840  -13.751  -57.119  18.469 0.6000000238
10815  -13.310  -57.326  19.571 0.6000000238
8955  -13.584  -60.141  15.801 0.5000000000
9480  -13.067  -59.561  19.808 0.5000000000
10128  -13.338  -57.870  20.098 0.6999999881
8417  -13.422  -61.347  16.326 0.5000000000
123327  -14.048  -62.678  17.463 0.5000000000
6544  -14.562  -63.908  17.263 0.6000000238
6514  -16.611  -64.384  19.934 0.6000000238
5865  -15.882  -64.644  19.395 0.5000000000
6506  -17.798  -64.908  20.382 0.6000000238
5867  -17.122  -65.660  20.209 0.6000000238
5280  -20.436  -67.066  21.128 0.5000000000
2515  -20.469  -72.624  18.469 0.5000000000
2524  -20.372  -72.713  17.619 0.5000000000
2168  -19.195  -73.407  16.207 0.6000000238
125455  -18.435  -73.639  15.733 0.6000000238
112698  -16.171  -56.703  14.480 0.6000000238
121400  -17.147  -56.246  12.385 0.6000000238
10866  -16.304  -57.015  15.241 0.6000000238
10913  -18.374  -56.895  11.017 0.5000000000
10865  -15.469  -57.049  16.017 0.6000000238
10854  -15.115  -57.054  16.948 0.6999999881
10203  -16.957  -58.706  12.165 0.6000000238
10827  -14.335  -56.975  19.601 0.6000000238
111518  -14.515  -57.015  17.545 0.6000000238
9558  -16.344  -59.181  12.808 0.6000000238
10109  -14.324  -57.766  20.838 0.6000000238
10129  -14.657  -57.284  20.644 0.6000000238
9529  -14.645  -59.630  15.140 0.5000000000
7830  -13.642  -62.014  16.929 0.5000000000
8895  -13.557  -60.066  20.413 0.5000000000
114698  -13.789  -58.940  20.361 0.6000000238
121765  -14.418  -63.328  17.909 0.5000000000
7801  -16.228  -63.114  19.305 0.6000000238
7209  -15.352  -63.929  19.029 0.5000000000
6516  -18.069  -64.406  20.052 0.5000000000
5854  -19.001  -65.460  20.404 0.5000000000
124360  -20.345  -72.709  16.861 0.6000000238
2169  -20.040  -73.033  16.197 0.6000000238
11564  -16.941  -56.754  14.507 0.6000000238
11577  -17.421  -56.222  13.487 0.5000000000
11587  -18.129  -55.862  11.973 0.5000000000
10855  -16.532  -57.310  16.150 0.6999999881
11598  -18.978  -56.564  11.301 0.5000000000
111138  -16.050  -57.598  17.788 0.6999999881
114400  -15.871  -57.361  16.914 0.6000000238
10902  -19.370  -56.890  11.242 0.5000000000
10828  -15.320  -57.217  18.672 0.6000000238
10205  -18.426  -57.545  11.644 0.5000000000
9547  -17.147  -59.183  13.202 0.6000000238
117750  -14.918  -57.570  21.226 0.6999999881
9546  -16.408  -59.602  13.974 0.6000000238
9465  -14.924  -58.128  21.409 0.6000000238
9530  -15.704  -59.801  15.013 0.6000000238
8875  -15.499  -59.947  21.855 0.6999999881
9452  -14.934  -59.190  21.429 0.6999999881
8943  -14.198  -60.102  16.329 0.5000000000
8956  -14.934  -59.882  15.826 0.5000000000
8874  -14.726  -60.359  21.464 0.6000000238
8404  -14.763  -61.104  17.646 0.5000000000
8864  -15.215  -61.018  22.135 0.5000000000
8391  -15.126  -61.693  18.299 0.6000000238
7831  -14.303  -61.841  17.697 0.5000000000
8338  -14.749  -61.914  22.632 0.6000000238
7816  -15.588  -62.538  18.785 0.5000000000
6515  -17.336  -64.277  20.137 0.6000000238
6531  -19.164  -64.611  18.858 0.5000000000
11553  -17.964  -56.593  15.542 0.6999999881
11565  -17.666  -56.412  14.589 0.5000000000
11578  -18.215  -55.790  13.458 0.5000000000
10843  -17.393  -57.712  17.397 0.8000000119
10856  -17.468  -57.266  16.406 0.6999999881
12293  -19.526  -56.446  11.689 0.5000000000
10903  -19.925  -56.847  11.533 0.5000000000
10817  -16.372  -58.108  19.710 0.6999999881
10145  -16.796  -57.991  17.937 0.6999999881
10842  -16.679  -57.639  17.057 0.8000000119
10829  -16.206  -57.836  18.715 0.6999999881
10890  -20.167  -57.053  11.936 0.5000000000
10095  -15.630  -58.196  21.369 0.6999999881
120668  -15.470  -57.545  20.821 0.6999999881
113742  -18.423  -57.952  12.916 0.6000000238
10889  -19.219  -57.309  12.004 0.5000000000
8866  -16.461  -60.048  23.075 0.6000000238
9453  -15.621  -58.889  21.643 0.6000000238
9531  -16.791  -60.052  14.945 0.6000000238
8857  -16.137  -60.753  23.646 0.6999999881
8944  -15.155  -60.258  16.532 0.6000000238
111319  -15.977  -60.199  15.788 0.6000000238
8846  -15.943  -60.982  24.587 0.6000000238
8936  -15.326  -60.708  17.239 0.6000000238
7817  -16.479  -62.541  18.744 0.6000000238
8318  -14.695  -61.897  25.083 0.6000000238
7802  -16.990  -63.118  19.179 0.6000000238
7197  -17.596  -63.726  19.486 0.5000000000
10844  -18.075  -57.221  17.117 0.6000000238
11554  -18.330  -56.629  16.394 0.5000000000
113864  -18.748  -55.971  15.748 0.5000000000
11588  -20.587  -56.867  12.548 0.5000000000
10130  -17.057  -58.314  18.751 0.8000000119
10891  -20.566  -57.222  12.859 0.5000000000
10110  -16.517  -58.337  20.681 0.6999999881
10195  -17.851  -58.910  13.621 0.6000000238
11465  -8.156  -57.048  22.609 0.6000000238
9454  -16.527  -58.918  22.017 0.8000000119
10782  -9.293  -57.766  22.416 0.6000000238
8847  -16.368  -60.394  24.316 0.6999999881
8858  -16.764  -59.815  23.760 0.8000000119
115858  -17.391  -59.569  14.260 0.6000000238
10029  -11.405  -59.165  24.415 0.6000000238
8842  -16.195  -60.305  25.056 0.6000000238
8945  -16.145  -60.647  16.573 0.6000000238
8418  -16.595  -61.055  16.867 0.6000000238
119118  -13.860  -60.014  26.180 0.6000000238
8840  -14.843  -61.034  26.001 0.6000000238
8841  -15.554  -60.870  25.522 0.6000000238
8392  -15.997  -61.845  18.303 0.6000000238
111977  -17.228  -61.847  17.275 0.6000000238
8319  -15.333  -61.508  24.834 0.5000000000
129168  -17.508  -63.243  18.786 0.5000000000
128730  -18.803  -64.128  18.215 0.5000000000
7226  -17.890  -63.049  17.896 0.5000000000
11544  -18.705  -56.403  17.182 0.5000000000
129269  -18.865  -56.069  16.628 0.5000000000
10830  -17.948  -57.663  17.920 0.6000000238
112471  -18.511  -57.014  17.785 0.5000000000
10131  -17.554  -58.488  19.708 0.8000000119
127798  -18.512  -58.278  19.529 0.6999999881
113269  -18.070  -58.788  21.276 0.8000000119
10096  -17.516  -58.866  22.089 0.8000000119
10868  -19.044  -57.835  14.567 0.6000000238
10880  -21.179  -57.560  13.720 0.5000000000
11497  -6.771  -56.027  21.448 0.6000000238
10073  -17.659  -59.134  23.435 0.8000000119
11483  -9.371  -57.411  21.375 0.6999999881
11482  -7.434  -56.436  22.138 0.6000000238
9415  -16.512  -59.527  25.386 0.8000000119
9532  -17.683  -59.933  15.132 0.6000000238
9548  -18.065  -59.262  14.626 0.6000000238
10185  -18.626  -58.606  15.055 0.6000000238
10766  -11.198  -58.078  22.333 0.6000000238
121028  -16.959  -60.876  16.408 0.6000000238
8957  -17.059  -60.508  15.778 0.6000000238
9533  -18.353  -59.541  15.456 0.6000000238
10030  -12.323  -58.937  24.507 0.6000000238
8833  -15.160  -60.307  26.064 0.6000000238
9414  -15.881  -59.980  25.762 0.5000000000
8419  -17.279  -61.323  16.757 0.6000000238
126841  -14.079  -59.292  25.997 0.6000000238
7833  -17.576  -62.360  17.511 0.6000000238
8407  -17.856  -61.825  16.886 0.6000000238
7834  -18.376  -62.392  16.954 0.5000000000
7250  -18.996  -62.899  16.483 0.5000000000
6546  -18.840  -63.814  17.314 0.5000000000
7251  -19.375  -63.524  16.054 0.5000000000
10818  -18.728  -57.693  19.103 0.6000000238
117622  -18.948  -58.726  21.189 0.6999999881
12227  -4.355  -54.865  20.240 0.6000000238
12210  -4.781  -55.375  20.816 0.6000000238
10084  -18.189  -58.937  22.689 0.8000000119
10870  -21.433  -57.997  14.463 0.5000000000
12211  -6.059  -55.548  20.758 0.6000000238
115246  -17.742  -58.842  24.724 0.8000000119
120482  -20.355  -58.116  16.516 0.5000000000
11498  -7.972  -56.406  21.026 0.6999999881
10017  -15.714  -58.622  26.710 0.8000000119
10173  -18.865  -58.813  15.877 0.6000000238
10174  -19.514  -58.245  16.253 0.6000000238
11484  -10.206  -57.261  21.257 0.8000000119
10016  -14.948  -58.445  26.438 0.6999999881
8958  -18.064  -60.295  15.765 0.6000000238
9519  -19.130  -59.553  17.016 0.6000000238
10767  -11.778  -57.655  22.789 0.6999999881
10744  -12.536  -57.753  23.775 0.6999999881
9413  -14.530  -58.879  26.089 0.6000000238
8946  -17.627  -60.797  16.243 0.6000000238
8938  -19.264  -60.220  17.464 0.6000000238
10031  -13.217  -58.594  24.853 0.6000000238
8421  -18.559  -60.930  16.653 0.5000000000
8408  -18.532  -61.595  16.732 0.5000000000
10113  -19.392  -58.276  20.761 0.6000000238
10803  -19.443  -57.543  20.326 0.5000000000
14215  -4.210  -53.150  20.382 0.6000000238
10098  -19.309  -58.481  21.806 0.6999999881
12884  -3.959  -54.528  20.382 0.6000000238
10085  -18.911  -58.731  22.495 0.6999999881
10075  -19.184  -58.214  23.478 0.6000000238
12228  -5.288  -55.022  20.034 0.6000000238
12896  -4.673  -54.450  19.514 0.6000000238
10074  -18.686  -58.696  23.304 0.6000000238
10035  -17.694  -58.506  25.549 0.6999999881
11514  -8.362  -56.147  20.526 0.8000000119
10018  -16.496  -58.566  26.746 0.6999999881
10715  -16.774  -57.806  27.088 0.6000000238
11500  -9.485  -57.031  20.952 0.8000000119
10713  -14.545  -57.641  26.659 0.8000000119
11428  -14.199  -56.814  26.922 0.6999999881
11485  -10.846  -56.951  21.813 0.6999999881
10768  -12.195  -57.292  23.428 0.6999999881
11448  -12.496  -57.025  24.244 0.6000000238
11442  -13.257  -56.977  25.670 0.8000000119
14206  -4.699  -52.287  20.808 0.6000000238
13538  -4.499  -53.487  19.505 0.6000000238
12897  -5.750  -54.602  19.266 0.6999999881
11415  -15.483  -56.684  27.418 0.6000000238
12229  -6.645  -55.225  19.944 0.6999999881
12230  -7.785  -55.523  20.041 0.6999999881
10698  -14.892  -57.148  27.228 0.6999999881
12142  -13.413  -55.599  26.581 0.6000000238
12213  -9.067  -56.392  20.747 0.8000000119
123708  -9.459  -55.647  21.402 0.6000000238
113693  -10.955  -56.471  22.926 0.5000000000
11426  -12.852  -56.100  26.058 0.6999999881
12806  -12.186  -55.001  25.443 0.6999999881
12794  -13.523  -54.760  26.417 0.6000000238
123261  -9.757  -56.742  21.069 0.8000000119
12167  -11.050  -55.761  23.912 0.6000000238
11440  -12.019  -56.221  24.963 0.6000000238
14197  -5.882  -51.704  22.161 0.6000000238
14962  -5.563  -51.618  21.213 0.6000000238
14232  -4.780  -53.402  18.732 0.6999999881
14216  -4.665  -52.718  19.851 0.6000000238
13545  -4.742  -54.118  18.667 0.6999999881
12907  -5.830  -54.419  18.266 0.6999999881
12898  -7.012  -54.787  19.317 0.6999999881
116931  -7.827  -55.294  19.825 0.6000000238
11414  -14.686  -56.308  27.342 0.6000000238
12885  -8.815  -55.496  20.638 0.6000000238
117491  -9.839  -55.004  22.557 0.6000000238
12795  -14.054  -55.135  27.045 0.5000000000
12829  -12.401  -54.331  24.991 0.6000000238
13454  -13.532  -54.198  25.873 0.5000000000
12830  -13.332  -53.847  25.104 0.5000000000
13476  -11.794  -54.060  24.270 0.6000000238
13477  -12.763  -53.685  24.290 0.5000000000
15787  -8.365  -51.160  22.330 0.6000000238
115048  -6.392  -51.357  21.729 0.6000000238
14994  -5.824  -51.706  19.824 0.6999999881
14978  -6.546  -51.246  20.324 0.6999999881
14233  -5.237  -52.530  19.250 0.6999999881
116532  -4.794  -53.883  17.818 0.6999999881
12912  -6.090  -54.361  17.542 0.6000000238
12908  -6.706  -54.423  18.441 0.5000000000
12899  -7.427  -54.675  19.267 0.6999999881
13547  -8.059  -53.252  18.437 0.6000000238
12900  -8.206  -54.995  19.965 0.6000000238
13531  -9.126  -53.601  21.301 0.6000000238
14207  -9.328  -53.075  20.661 0.6000000238
13496  -10.766  -53.767  23.172 0.6000000238
13516  -10.498  -53.442  22.390 0.5000000000
13532  -11.185  -53.042  21.814 0.5000000000
13518  -12.571  -53.087  22.549 0.5000000000
16615  -12.024  -48.942  24.239 0.6999999881
112130  -12.160  -49.735  23.074 0.6999999881
17419  -12.209  -48.492  23.671 0.6999999881
15801  -8.893  -50.815  21.505 0.6000000238
15790  -11.410  -50.279  22.483 0.6999999881
115632  -12.269  -49.828  22.132 0.6999999881
132493  -12.948  -49.174  22.525 0.6999999881
17428  -13.235  -48.331  22.488 0.6000000238
125050  -7.923  -51.060  21.367 0.6999999881
15802  -9.838  -50.602  21.600 0.6999999881
112631  -10.248  -50.472  20.998 0.6999999881
16641  -12.229  -49.865  21.399 0.6999999881
15815  -7.533  -50.997  20.461 0.6999999881
15816  -8.497  -50.762  20.588 0.6999999881
15818  -10.962  -50.304  20.865 0.6999999881
13567  -5.357  -53.404  17.009 0.6999999881
13556  -5.683  -54.002  16.914 0.6000000238
13546  -7.139  -54.151  18.094 0.6000000238
14252  -9.186  -52.891  17.241 0.6000000238
13530  -8.561  -53.663  20.435 0.6000000238
14234  -8.718  -53.033  19.636 0.6000000238
14235  -9.085  -52.755  18.567 0.6000000238
126596  -10.152  -52.769  20.594 0.5000000000
14218  -10.739  -52.628  19.855 0.6000000238
14237  -11.655  -52.704  19.273 0.6000000238
114531  -10.069  -53.120  21.484 0.5000000000
14208  -10.999  -52.756  20.886 0.5000000000
14219  -11.838  -52.713  20.188 0.5000000000
17418  -11.817  -48.440  24.152 0.6999999881
18201  -12.301  -47.950  23.318 0.6999999881
18214  -12.706  -47.625  22.756 0.6000000238
18923  -12.158  -46.830  22.248 0.6000000238
18215  -13.390  -47.576  22.175 0.6000000238
17445  -13.999  -48.520  21.127 0.4000000060
15819  -11.769  -50.064  20.796 0.6000000238
16642  -12.881  -49.522  21.640 0.5000000000
16650  -13.341  -49.265  20.988 0.5000000000
128158  -13.727  -48.983  20.227 0.4000000060
127779  -14.144  -48.635  19.485 0.5000000000
14995  -6.538  -51.477  19.265 0.6999999881
119025  -8.103  -50.766  19.646 0.8000000119
111933  -10.221  -50.415  20.147 0.6999999881
15834  -11.503  -50.172  19.240 0.5000000000
16657  -12.367  -49.839  19.206 0.4000000060
16658  -13.302  -49.330  19.111 0.4000000060
126926  -13.934  -48.849  18.425 0.4000000060
17471  -13.841  -48.982  17.408 0.4000000060
121223  -7.101  -51.291  18.667 0.8000000119
15850  -7.776  -50.942  18.539 0.8000000119
124961  -9.127  -50.520  19.724 0.8000000119
125006  -9.863  -50.429  19.264 0.8000000119
15833  -10.635  -50.342  19.276 0.6000000238
15853  -10.914  -50.266  18.347 0.5000000000
16686  -11.999  -49.920  17.619 0.4000000060
16687  -12.509  -49.664  17.304 0.4000000060
15013  -5.817  -52.350  17.569 0.6999999881
14265  -5.675  -52.672  16.926 0.8000000119
15030  -7.110  -51.708  16.548 0.6999999881
14282  -7.995  -52.406  15.969 0.5000000000
15872  -11.227  -50.087  17.311 0.5000000000
125254  -11.844  -49.859  16.933 0.4000000060
16688  -13.159  -49.370  16.880 0.4000000060
13574  -6.589  -53.116  16.494 0.6000000238
130205  -8.195  -53.129  17.140 0.5000000000
14266  -8.714  -52.768  16.368 0.5000000000
14253  -10.146  -52.704  17.960 0.6000000238
129534  -10.050  -52.572  19.077 0.6000000238
14254  -11.381  -52.730  18.273 0.6000000238
124196  -11.198  -47.552  23.625 0.6000000238
18212  -10.722  -47.047  22.968 0.5000000000
18922  -11.132  -46.719  22.069 0.5000000000
18933  -11.573  -46.520  21.103 0.4000000060
18934  -12.664  -46.574  21.619 0.5000000000
18935  -13.499  -46.893  21.647 0.5000000000
17446  -14.409  -47.718  20.801 0.5000000000
18234  -14.677  -46.961  20.336 0.5000000000
123176  -14.583  -48.128  18.851 0.5000000000
18261  -14.899  -47.662  18.165 0.5000000000
18271  -15.164  -47.308  17.556 0.5000000000
15015  -8.438  -50.732  17.739 0.6999999881
15851  -9.348  -50.497  17.488 0.6000000238
15870  -9.546  -50.563  16.563 0.5000000000
15871  -10.225  -50.312  17.292 0.5000000000
17488  -14.346  -48.566  16.987 0.5000000000
129675  -14.841  -48.156  16.610 0.5000000000
15014  -7.197  -51.347  17.538 0.8000000119
132468  -7.773  -50.970  17.583 0.6999999881
117488  -7.708  -51.758  16.171 0.6000000238
114244  -10.572  -50.277  16.508 0.5000000000
15892  -11.351  -50.011  16.339 0.4000000060
16703  -12.266  -49.699  16.284 0.5000000000
16704  -13.129  -49.372  15.866 0.4000000060
17501  -13.870  -49.113  15.621 0.5000000000
117419  -8.822  -52.059  15.727 0.5000000000
14283  -9.789  -51.943  15.665 0.5000000000
15891  -9.999  -50.628  16.098 0.6000000238
15912  -10.813  -50.536  15.756 0.5000000000
15061  -11.556  -50.897  15.135 0.5000000000
15913  -12.296  -50.545  14.751 0.5000000000
14267  -9.400  -52.532  16.132 0.5000000000
14284  -10.800  -52.379  16.018 0.5000000000
14295  -10.475  -51.614  15.532 0.5000000000
14296  -11.262  -51.744  15.389 0.5000000000
14268  -10.747  -52.722  17.104 0.6000000238
115638  -11.610  -52.538  16.810 0.6000000238
18920  -9.073  -47.045  21.682 0.5000000000
18931  -9.343  -47.209  20.226 0.5000000000
18932  -10.482  -46.762  20.811 0.5000000000
131524  -10.776  -46.681  20.085 0.4000000060
18930  -8.319  -47.381  20.440 0.5000000000
18948  -9.064  -47.162  19.060 0.4000000060
127054  -13.100  -46.343  21.150 0.5000000000
18223  -14.161  -47.013  21.126 0.6000000238
18953  -14.296  -46.287  20.443 0.5000000000
18244  -15.056  -47.111  19.284 0.5000000000
18967  -15.314  -46.262  19.117 0.4000000060
18245  -15.281  -46.788  18.379 0.4000000060
18991  -15.450  -46.441  17.643 0.4000000060
18964  -8.373  -46.696  18.534 0.4000000060
18965  -9.416  -46.511  18.654 0.4000000060
18949  -10.440  -46.565  19.220 0.4000000060
18950  -11.361  -46.416  19.939 0.5000000000
19711  -12.945  -45.900  20.352 0.5000000000
19712  -13.799  -45.782  20.222 0.5000000000
127108  -10.994  -46.042  18.922 0.4000000060
19724  -10.982  -45.185  18.464 0.4000000060
111608  -12.042  -45.575  19.290 0.5000000000
19725  -13.087  -45.334  19.545 0.4000000060
19727  -14.607  -45.360  19.473 0.4000000060
19728  -15.205  -45.583  19.156 0.4000000060
19744  -15.418  -45.192  18.477 0.4000000060
19709  -7.561  -45.652  19.057 0.4000000060
19722  -8.484  -45.886  18.461 0.4000000060
125257  -10.053  -46.119  18.489 0.4000000060
20588  -9.123  -44.666  20.748 0.4000000060
125954  -9.295  -44.680  19.554 0.4000000060
19723  -10.087  -45.542  18.196 0.4000000060
19743  -10.136  -44.855  18.174 0.4000000060
20614  -12.047  -44.839  18.723 0.5000000000
20615  -13.184  -44.679  19.031 0.4000000060
20616  -14.165  -44.708  19.096 0.4000000060
21521  -10.410  -44.159  18.322 0.4000000060
21523  -11.567  -43.450  18.129 0.4000000060
21524  -12.737  -43.453  18.142 0.4000000060
20630  -13.480  -44.090  18.621 0.4000000060
20631  -14.534  -44.196  18.586 0.4000000060
20569  -9.992  -44.550  21.937 0.4000000060
20604  -9.780  -44.375  19.220 0.3000000119
21509  -10.220  -43.921  18.934 0.4000000060
21467  -11.754  -43.683  22.227 0.4000000060
21487  -11.365  -44.048  21.753 0.3000000119
122113  -10.825  -44.139  21.140 0.3000000119
21498  -10.447  -43.949  20.117 0.4000000060
22473  -11.083  -42.935  19.596 0.5000000000
21522  -10.890  -43.435  18.445 0.4000000060
21539  -12.023  -42.936  17.812 0.4000000060
21541  -14.400  -43.040  17.584 0.3000000119
22474  -12.212  -42.855  20.383 0.5000000000
121655  -11.367  -42.264  19.456 0.5000000000
22497  -11.268  -42.622  18.219 0.4000000060
22510  -11.939  -42.253  17.756 0.4000000060
21540  -13.152  -42.748  17.756 0.3000000119
21451  -11.198  -43.567  22.803 0.4000000060
23381  -12.708  -42.276  22.467 0.4000000060
121619  -12.567  -43.141  22.113 0.4000000060
22451  -12.842  -42.991  21.415 0.5000000000
21499  -11.800  -43.330  20.745 0.5000000000
23382  -13.702  -41.879  22.218 0.4000000060
22475  -13.342  -42.561  20.897 0.5000000000
118348  -13.788  -42.029  20.552 0.5000000000
23410  -12.610  -42.224  20.127 0.4000000060
23452  -11.088  -41.279  18.529 0.4000000060
23411  -14.647  -41.699  20.858 0.3000000119
23426  -12.978  -41.534  19.829 0.3000000119
23425  -11.555  -41.416  19.388 0.3000000119
22430  -11.902  -42.999  22.667 0.4000000060
24299  -13.905  -40.928  22.433 0.3000000119
24300  -14.762  -40.692  22.185 0.4000000060
24387  -11.079  -40.525  18.507 0.3000000119
25259  -13.078  -40.088  22.613 0.3000000119
25261  -14.908  -39.726  22.241 0.3000000119
10897  -12.123  -57.872  12.944 0.6000000238
11583  -12.948  -56.889  13.345 0.5000000000
12805  -11.777  -54.717  24.864 0.6000000238
12166  -10.695  -54.991  23.823 0.6000000238
4822  -13.901  -67.972  13.754 0.5000000000
5379  -15.306  -67.177  13.564 0.6000000238
7267  -12.510  -63.969  14.885 0.5000000000
5381  -16.472  -67.020  13.664 0.6999999881
112904  -18.676  -68.431  12.868 0.6999999881
4827  -18.449  -68.601  13.942 0.6999999881
5958  -16.188  -66.089  14.209 0.6999999881
4812  -18.305  -68.255  14.973 0.6999999881
4797  -17.870  -67.638  15.160 0.6999999881
8443  -12.653  -61.278  12.968 0.5000000000
3392  -17.735  -70.085  15.084 0.6999999881
6588  -15.520  -64.899  15.376 0.6999999881
125817  -16.322  -66.108  15.237 0.6999999881
3379  -17.558  -70.210  16.733 0.6999999881
5326  -17.017  -66.883  17.255 0.6999999881
124659  -13.253  -58.154  12.306 0.6000000238
3367  -16.639  -70.784  18.197 0.6999999881
5898  -15.963  -65.732  17.179 0.6000000238
4761  -17.618  -67.158  19.598 0.6000000238
10850  -12.034  -57.595  15.698 0.6999999881
5318  -16.558  -66.225  18.802 0.6000000238
2512  -17.257  -72.600  19.065 0.6000000238
2158  -16.279  -73.613  17.964 0.6000000238
4749  -17.973  -67.041  20.312 0.5000000000
4741  -21.074  -67.516  21.248 0.5000000000
2514  -19.675  -73.026  18.135 0.5000000000
10864  -12.764  -57.045  15.827 0.6000000238
10160  -12.074  -57.948  17.580 0.6999999881
131347  -15.731  -59.372  13.390 0.6000000238
6529  -15.379  -64.564  18.523 0.5000000000
5307  -16.687  -65.920  19.656 0.5000000000
5294  -18.491  -66.567  20.652 0.6000000238
5293  -17.732  -66.120  20.442 0.5000000000
5279  -19.788  -66.820  21.005 0.5000000000
2166  -17.504  -73.740  16.836 0.6000000238
2523  -19.799  -73.111  17.101 0.6000000238
127560  -20.879  -72.253  17.944 0.5000000000
10816  -15.340  -57.289  19.843 0.6000000238
10869  -20.167  -57.589  14.241 0.5000000000
10050  -10.059  -58.538  23.821 0.6000000238
8308  -14.196  -61.168  26.163 0.6000000238
7818  -17.212  -62.717  18.413 0.6000000238
10071  -10.910  -58.527  22.872 0.6000000238
9416  -17.147  -59.135  25.017 0.8000000119
10072  -11.561  -58.302  22.966 0.6000000238
9518  -18.686  -59.747  16.245 0.6000000238
10032  -13.870  -58.618  25.614 0.6000000238
8420  -18.031  -61.228  16.534 0.6000000238
10004  -15.996  -58.026  27.236 0.8000000119
10161  -19.691  -58.742  17.118 0.6000000238
10033  -14.238  -58.132  25.965 0.6000000238
10729  -13.643  -57.881  25.350 0.6999999881
11447  -11.732  -56.405  24.212 0.6000000238
12886  -9.065  -54.390  21.529 0.6000000238
12155  -11.687  -55.495  24.841 0.6999999881
12865  -9.516  -54.416  22.179 0.6000000238
13498  -12.349  -53.420  23.446 0.5000000000
13558  -7.437  -53.644  17.366 0.5000000000
13515  -9.647  -53.678  22.055 0.6000000238
13533  -12.296  -52.967  21.859 0.5000000000
15779  -11.477  -50.250  23.513 0.6999999881
15789  -10.351  -50.582  22.369 0.6000000238
15804  -11.588  -50.152  21.552 0.6999999881
15817  -9.474  -50.585  20.764 0.8000000119
113105  -11.195  -50.233  20.073 0.6000000238
18213  -11.758  -47.331  23.043 0.6000000238
122471  -12.907  -49.538  20.090 0.5000000000
15820  -12.054  -49.967  20.051 0.5000000000
16713  -12.551  -49.874  15.227 0.5000000000
18921  -10.075  -46.839  21.812 0.5000000000
17472  -14.394  -48.392  17.853 0.5000000000
15869  -8.689  -50.785  16.550 0.6000000238
15044  -9.234  -51.147  15.903 0.6000000238
122686  -11.658  -52.311  15.998 0.5000000000
18947  -8.336  -47.324  19.231 0.5000000000
19713  -14.337  -45.729  19.983 0.5000000000
19710  -11.932  -46.065  19.793 0.6000000238
20602  -8.555  -45.148  19.244 0.4000000060
20612  -9.451  -45.582  18.271 0.4000000060
20589  -10.027  -44.407  20.711 0.3000000119
20613  -9.898  -44.781  18.217 0.4000000060
20628  -11.010  -44.233  18.291 0.5000000000
20629  -12.287  -44.116  18.403 0.4000000060
21525  -13.957  -43.487  18.203 0.4000000060
21526  -14.968  -43.714  18.030 0.4000000060
21488  -12.036  -43.566  21.641 0.3000000119
118248  -11.268  -43.781  20.948 0.5000000000
121466  -10.775  -43.446  19.844 0.4000000060
115260  -10.883  -42.532  18.816 0.5000000000
21510  -10.600  -43.367  18.838 0.4000000060
23424  -10.933  -41.404  18.909 0.5000000000
122394  -11.072  -41.919  18.591 0.4000000060
22509  -11.290  -41.905  18.193 0.4000000060
22431  -13.391  -42.598  21.953 0.5000000000
23383  -14.499  -41.521  21.972 0.5000000000
22453  -14.134  -42.158  21.160 0.4000000060
119434  -10.909  -40.592  18.825 0.4000000060
23390  -14.683  -41.682  21.374 0.4000000060
25260  -13.984  -39.896  22.460 0.3000000119
24301  -15.399  -40.425  21.704 0.3000000119
24316  -15.501  -40.828  21.203 0.3000000119
1131  -16.283  -77.815  12.835 0.5000000000
1393  -16.901  -76.553  12.700 0.5000000000
1132  -17.363  -77.735  12.429 0.5000000000
1394  -17.168  -76.550  12.780 0.5000000000
1133  -17.746  -77.482  13.143 0.5000000000
1395  -17.776  -76.516  13.449 0.5000000000
1122  -18.213  -77.207  14.078 0.6000000238
1384  -15.522  -77.295  13.957 0.5000000000
1603  -17.146  -75.720  12.899 0.5000000000
1111  -18.762  -76.915  15.066 0.6000000238
1385  -17.604  -75.483  13.241 0.6000000238
1386  -18.268  -76.165  13.968 0.6000000238
1382  -14.122  -77.302  14.794 0.4000000060
126372  -15.102  -72.853  13.312 0.4000000060
112092  -14.640  -73.804  13.578 0.4000000060
130039  -14.604  -74.831  13.406 0.5000000000
1881  -14.005  -75.450  14.055 0.5000000000
1602  -13.897  -76.388  13.415 0.5000000000
1592  -13.704  -76.170  14.641 0.5000000000
1875  -13.692  -75.286  15.104 0.5000000000
1119  -13.862  -77.270  14.420 0.5000000000
1372  -14.098  -76.748  15.374 0.5000000000
1375  -20.077  -76.021  15.735 0.6000000238
1576  -20.783  -75.880  15.936 0.6000000238
1383  -14.575  -77.096  14.954 0.5000000000
1593  -15.561  -76.322  14.654 0.5000000000
1585  -15.662  -75.581  15.244 0.5000000000
1586  -19.334  -75.775  14.536 0.6000000238
112719  -16.627  -75.828  13.287 0.5000000000
1595  -17.653  -74.475  13.340 0.6000000238
1596  -18.380  -75.291  13.504 0.6000000238
1587  -20.151  -75.730  15.092 0.6000000238
1604  -18.764  -74.919  13.470 0.6000000238
1599  -21.309  -75.879  14.665 0.6999999881
1597  -19.554  -75.428  14.026 0.6000000238
1598  -20.305  -75.542  14.311 0.6999999881
3434  -16.382  -70.917  12.797 0.6000000238
2982  -15.425  -71.432  13.692 0.6000000238
2966  -15.080  -71.347  14.541 0.6000000238
2559  -15.539  -72.192  12.875 0.5000000000
2546  -14.482  -72.743  14.375 0.5000000000
2536  -14.229  -72.700  15.528 0.6000000238
120861  -14.034  -74.527  14.478 0.5000000000
2180  -14.047  -73.596  14.972 0.5000000000
2179  -13.789  -74.469  15.557 0.5000000000
1582  -13.810  -75.996  15.498 0.5000000000
1862  -14.004  -74.588  16.266 0.5000000000
1584  -14.735  -76.255  15.654 0.5000000000
1365  -21.399  -76.134  16.656 0.6999999881
1376  -21.679  -76.014  15.773 0.6000000238
112420  -22.845  -76.770  15.665 0.8000000119
1594  -16.457  -75.167  14.069 0.5000000000
1876  -17.062  -74.415  13.921 0.5000000000
1588  -20.812  -75.767  15.279 0.6999999881
1387  -22.086  -76.457  13.757 0.6999999881
1605  -19.565  -74.666  13.070 0.6000000238
1606  -20.909  -75.614  13.529 0.6999999881
1396  -21.868  -76.246  12.747 0.6000000238
3435  -17.128  -70.702  12.406 0.5000000000
3406  -15.535  -70.950  14.201 0.6000000238
2947  -14.511  -71.880  15.968 0.6000000238
2172  -13.985  -73.670  16.112 0.6000000238
1574  -14.667  -75.538  16.236 0.5000000000
1865  -16.006  -74.518  16.589 0.6000000238
1366  -22.416  -76.422  16.699 0.6999999881
1575  -15.345  -75.346  16.168 0.5000000000
1866  -16.881  -74.096  16.054 0.5000000000
1367  -23.443  -77.306  16.269 0.5000000000
114965  -23.884  -77.799  16.898 0.6000000238
1870  -16.353  -74.635  15.189 0.6000000238
1877  -17.655  -73.983  13.900 0.5000000000
1878  -18.110  -74.113  13.417 0.5000000000
1377  -22.417  -76.594  14.761 0.6000000238
1883  -18.507  -74.206  13.136 0.5000000000
1397  -23.537  -77.198  13.039 0.6000000238
1884  -19.033  -74.048  12.919 0.5000000000
1885  -19.815  -74.215  12.508 0.6000000238
1895  -20.999  -74.605  11.180 0.5000000000
1408  -23.260  -76.135  11.359 0.5000000000
3436  -18.392  -70.325  12.297 0.6000000238
3423  -16.663  -70.563  13.397 0.6000000238
124230  -18.873  -70.169  11.238 0.4000000060
1106  -24.477  -78.011  15.895 0.6000000238
1871  -17.221  -74.049  14.865 0.5000000000
1114  -24.408  -77.721  14.903 0.5000000000
2181  -18.347  -73.777  13.983 0.5000000000
1124  -24.011  -77.604  14.223 0.5000000000
1125  -24.565  -77.473  14.221 0.5000000000
1115  -25.027  -77.896  15.322 0.5000000000
2182  -19.141  -73.550  14.088 0.5000000000
1123  -23.215  -77.297  13.845 0.5000000000
1141  -24.314  -77.053  12.996 0.5000000000
2190  -19.463  -73.743  13.232 0.6000000238
116952  -20.252  -73.550  12.784 0.6000000238
1403  -22.526  -76.377  11.957 0.5000000000
1404  -23.753  -76.716  12.232 0.6000000238
2195  -20.555  -73.769  11.914 0.6000000238
2202  -20.987  -74.150  11.004 0.5000000000
3855  -19.358  -68.962  11.807 0.4000000060
1116  -25.191  -77.396  14.957 0.5000000000
2174  -18.826  -73.549  14.984 0.5000000000
2183  -20.045  -73.231  14.365 0.5000000000
1398  -24.570  -76.550  13.006 0.5000000000
1600  -24.980  -76.304  14.222 0.5000000000
1589  -25.062  -76.033  15.001 0.5000000000
1872  -24.507  -75.016  15.369 0.5000000000
2533  -23.755  -72.723  16.041 0.5000000000
119449  -20.477  -72.985  13.709 0.6000000238
1405  -24.422  -76.476  12.435 0.5000000000
130238  -20.777  -73.220  12.533 0.6000000238
125653  -24.317  -75.459  11.487 0.5000000000
2568  -21.227  -72.879  12.155 0.5000000000
3012  -21.739  -72.897  11.232 0.5000000000
2532  -20.551  -72.377  16.184 0.5000000000
123900  -24.572  -75.248  14.376 0.5000000000
2185  -23.937  -74.104  14.785 0.5000000000
2176  -23.746  -73.344  15.545 0.5000000000
2537  -20.292  -72.771  15.353 0.5000000000
2949  -20.773  -71.980  15.370 0.6000000238
1607  -24.656  -76.283  12.961 0.5000000000
1879  -24.558  -75.466  13.307 0.5000000000
2184  -23.796  -73.067  14.630 0.5000000000
2538  -23.949  -72.459  15.356 0.5000000000
2534  -24.086  -71.937  16.033 0.5000000000
2560  -20.982  -72.566  13.139 0.5000000000
112953  -24.004  -74.349  11.655 0.5000000000
2525  -20.899  -72.077  17.049 0.5000000000
131866  -24.173  -72.731  13.258 0.5000000000
2191  -23.984  -72.837  13.786 0.5000000000
2549  -24.193  -72.316  14.546 0.5000000000
2952  -25.275  -71.298  15.217 0.4000000060
121275  -24.423  -72.303  13.717 0.4000000060
8966  -8.817  -60.077  14.101 0.4000000060
11481  -6.230  -56.392  22.280 0.5000000000
12883  -3.340  -54.597  21.113 0.5000000000
12209  -3.812  -55.148  20.829 0.5000000000
14195  -4.035  -52.845  21.394 0.5000000000
13529  -3.627  -53.793  20.847 0.5000000000
122928  -5.516  -55.942  21.558 0.5000000000
16627  -11.894  -49.660  24.122 0.5000000000
17411  -11.571  -48.715  24.700 0.5000000000
18199  -10.309  -47.472  23.829 0.5000000000
1373  -18.849  -76.137  14.533 0.6000000238
122955  -17.114  -75.026  13.237 0.6000000238
123998  -18.171  -74.455  13.236 0.6000000238
2558  -14.925  -72.008  13.969 0.6000000238
114935  -20.752  -75.311  12.535 0.6000000238
1611  -20.307  -74.804  12.079 0.6000000238
123084  -23.124  -76.898  17.101 0.6999999881
2173  -18.012  -73.782  14.865 0.5000000000
2189  -18.593  -73.944  13.296 0.5000000000
125681  -19.582  -73.973  12.690 0.6000000238
1890  -20.473  -74.360  11.841 0.6000000238
1612  -21.369  -75.530  11.857 0.5000000000
132002  -24.475  -76.050  11.879 0.5000000000
1135  -24.615  -77.144  13.648 0.5000000000
1388  -25.040  -77.000  14.142 0.5000000000
2196  -21.162  -73.510  11.333 0.5000000000
2548  -20.958  -71.962  14.064 0.5000000000
2547  -20.601  -72.426  14.615 0.5000000000
126497  -24.162  -74.489  13.835 0.5000000000
113688  -24.039  -74.366  12.889 0.5000000000
2951  -24.485  -71.738  15.273 0.5000000000
2192  -23.985  -73.283  12.850 0.4000000060
2970  -24.745  -71.764  14.444 0.4000000060
1354  -27.020  -77.518  18.673 0.5000000000
1103  -26.532  -77.596  17.882 0.6000000238
1361  -25.916  -77.288  17.009 0.6000000238
908  -26.402  -78.125  17.814 0.6000000238
902  -25.828  -78.732  18.499 0.4000000060
1569  -25.623  -76.322  17.279 0.4000000060
1368  -25.499  -77.248  15.861 0.4000000060
1578  -25.608  -76.751  16.418 0.5000000000
1102  -26.047  -77.693  17.219 0.6000000238
1108  -25.637  -77.666  16.469 0.5000000000
121051  -25.350  -77.690  15.716 0.4000000060
125558  -25.550  -78.452  17.597 0.5000000000
1107  -25.251  -78.064  16.131 0.5000000000
1101  -24.836  -78.344  16.960 0.6000000238
1359  -22.541  -76.614  17.581 0.6000000238
1358  -21.855  -76.346  17.424 0.6000000238
1357  -21.097  -76.551  17.291 0.6000000238
1364  -20.643  -76.288  16.521 0.6000000238
121945  -20.454  -76.926  17.076 0.6000000238
1363  -19.995  -76.642  16.312 0.5000000000
1112  -19.452  -77.169  15.969 0.5000000000
914  -18.633  -77.914  14.712 0.4000000060
918  -18.356  -78.439  13.661 0.5000000000
1140  -17.102  -77.520  12.257 0.4000000060
10162  -20.536  -58.465  17.421 0.4000000060
9497  -19.983  -59.457  18.235 0.4000000060
9507  -19.605  -59.498  17.694 0.5000000000
14238  -12.541  -52.613  19.633 0.5000000000
118683  -12.156  -52.684  18.863 0.5000000000
14239  -13.274  -52.373  19.629 0.5000000000
118479  -12.898  -52.507  18.841 0.4000000060
14285  -12.482  -52.305  16.506 0.4000000060
14980  -14.736  -51.095  20.096 0.4000000060
14297  -12.162  -52.041  15.503 0.4000000060
14286  -13.437  -52.042  16.611 0.4000000060
14271  -13.873  -51.919  17.442 0.4000000060
129688  -12.363  -51.157  14.514 0.4000000060
15063  -13.500  -51.664  14.907 0.4000000060
14997  -14.866  -51.286  18.646 0.4000000060
15073  -13.269  -51.332  14.145 0.4000000060
132617  -13.822  -51.502  14.330 0.4000000060
15873  -15.850  -50.736  17.343 0.4000000060
16722  -12.824  -50.240  14.354 0.4000000060
15930  -13.555  -51.012  13.601 0.4000000060
16714  -13.415  -49.621  14.621 0.4000000060
16724  -14.254  -49.900  13.597 0.4000000060
112738  -15.365  -47.001  16.909 0.3000000119
18282  -15.255  -47.605  16.319 0.4000000060
20644  -15.468  -44.250  17.584 0.3000000119
119587  -15.657  -44.988  17.125 0.3000000119
19003  -15.501  -46.845  16.059 0.3000000119
113163  -15.588  -46.009  16.761 0.3000000119
130483  -14.180  -51.719  20.096 0.4000000060
116436  -14.190  -51.723  19.034 0.4000000060
111964  -13.470  -52.205  18.217 0.4000000060
14256  -13.660  -52.096  18.991 0.4000000060
15016  -14.271  -51.718  18.215 0.4000000060
14287  -14.135  -51.764  16.661 0.4000000060
15854  -15.960  -50.560  18.850 0.4000000060
15017  -15.126  -51.221  17.683 0.4000000060
15048  -15.471  -51.151  16.478 0.4000000060
15047  -14.690  -51.528  16.079 0.4000000060
2121  -28.515  -74.184  21.721 0.3000000119
2120  -27.388  -73.798  22.074 0.3000000119
1823  -28.073  -74.824  22.631 0.4000000060
117024  -26.979  -76.016  22.943 0.3000000119
119021  -27.032  -74.412  22.525 0.3000000119
2119  -26.354  -73.771  22.464 0.4000000060
1822  -26.438  -74.705  22.562 0.3000000119
1821  -25.764  -74.660  22.307 0.3000000119
113471  -26.314  -75.444  22.548 0.3000000119
1539  -25.993  -75.712  22.360 0.3000000119
1834  -25.689  -75.300  21.712 0.3000000119
1315  -25.878  -76.283  22.389 0.3000000119
1549  -26.201  -76.346  21.781 0.3000000119
1550  -26.836  -76.787  21.165 0.3000000119
1314  -24.331  -76.587  22.717 0.3000000119
115093  -25.176  -76.468  22.457 0.3000000119
1326  -25.936  -77.004  21.856 0.3000000119
1327  -26.939  -77.378  21.409 0.3000000119
1337  -27.314  -77.452  20.741 0.3000000119
1056  -24.527  -77.072  21.816 0.4000000060
2469  -26.547  -72.987  22.072 0.3000000119
1541  -28.009  -75.897  23.085 0.4000000060
127841  -25.483  -73.449  22.217 0.4000000060
2130  -25.301  -73.781  22.127 0.4000000060
1540  -26.268  -76.276  22.919 0.3000000119
1833  -25.152  -74.342  21.619 0.4000000060
1848  -25.389  -74.990  20.765 0.4000000060
120544  -25.726  -76.212  23.036 0.3000000119
1561  -26.724  -76.609  20.227 0.4000000060
1294  -24.190  -76.399  23.448 0.3000000119
1295  -25.042  -76.153  23.455 0.4000000060
1346  -27.270  -77.415  19.671 0.4000000060
1074  -27.318  -78.115  20.989 0.3000000119
1281  -24.368  -76.069  24.323 0.3000000119
2131  -27.369  -73.022  21.643 0.3000000119
2481  -26.900  -72.275  21.586 0.3000000119
2482  -27.983  -72.563  21.226 0.3000000119
2480  -26.048  -72.273  21.878 0.3000000119
2479  -25.427  -72.483  21.826 0.3000000119
1285  -29.386  -76.825  24.783 0.4000000060
121707  -25.192  -73.164  22.001 0.3000000119
2478  -24.926  -72.753  21.599 0.3000000119
1530  -26.864  -77.063  23.798 0.3000000119
1531  -27.800  -76.914  23.577 0.4000000060
2129  -24.773  -73.468  21.430 0.4000000060
2140  -24.402  -73.332  20.328 0.3000000119
1847  -24.670  -74.181  20.657 0.4000000060
1852  -25.051  -74.826  19.784 0.4000000060
1296  -25.961  -76.564  23.815 0.3000000119
1283  -26.792  -77.269  24.981 0.3000000119
1560  -25.879  -75.701  19.907 0.4000000060
1267  -25.981  -76.682  25.760 0.3000000119
1565  -25.553  -75.531  18.938 0.4000000060
119034  -25.848  -76.227  18.186 0.5000000000
1282  -25.542  -76.382  24.603 0.3000000119
1345  -26.499  -76.580  18.995 0.4000000060
1353  -26.509  -77.016  17.881 0.4000000060
1280  -23.468  -76.424  24.650 0.3000000119
2880  -26.367  -71.513  21.362 0.3000000119
2881  -27.303  -71.593  21.116 0.3000000119
121784  -28.605  -77.344  24.993 0.4000000060
117470  -24.105  -73.971  18.652 0.4000000060
1284  -27.693  -77.304  25.351 0.4000000060
117500  -24.741  -74.708  18.852 0.4000000060
1855  -24.456  -74.587  17.970 0.5000000000
1568  -24.859  -75.250  17.201 0.4000000060
120265  -26.770  -77.006  25.927 0.3000000119
1564  -25.220  -75.402  18.045 0.4000000060
1577  -25.221  -75.941  16.435 0.4000000060
119165  -24.964  -75.727  15.778 0.4000000060
116241  -24.840  -75.996  25.247 0.3000000119
117906  -23.990  -75.914  25.313 0.3000000119
115527  -23.325  -76.396  25.385 0.3000000119
2878  -25.064  -72.062  21.315 0.3000000119
2490  -24.614  -72.636  20.925 0.3000000119
2146  -24.049  -73.096  19.246 0.3000000119
1268  -28.160  -77.065  25.462 0.4000000060
129478  -23.936  -73.916  17.894 0.5000000000
1860  -24.090  -74.289  17.125 0.4000000060
1867  -24.519  -74.935  16.333 0.4000000060
111355  -25.912  -76.618  27.990 0.3000000119
1255  -26.097  -76.419  26.976 0.3000000119
115390  -25.913  -76.520  26.797 0.3000000119
1266  -24.743  -76.140  26.324 0.3000000119
1264  -22.851  -76.751  25.927 0.3000000119
1265  -23.553  -76.246  26.110 0.3000000119
2504  -24.340  -72.414  20.008 0.3000000119
2154  -23.814  -73.206  18.251 0.4000000060
2163  -23.737  -73.321  17.381 0.4000000060
1239  -25.641  -76.760  28.849 0.3000000119
1226  -26.051  -76.680  29.356 0.3000000119
1254  -25.170  -76.499  27.653 0.3000000119
1238  -24.542  -76.658  28.602 0.3000000119
1253  -23.971  -76.402  27.297 0.3000000119
1213  -25.498  -76.499  29.342 0.3000000119
123496  -23.945  -76.484  29.336 0.3000000119
1225  -25.043  -76.608  29.126 0.3000000119
1224  -23.692  -76.781  29.102 0.3000000119
1237  -23.136  -76.996  28.326 0.3000000119
2526  -23.818  -72.268  17.689 0.3000000119
2162  -23.765  -72.534  16.747 0.4000000060
1212  -22.746  -76.535  29.980 0.3000000119
3372  -24.777  -70.612  17.944 0.3000000119
2930  -24.304  -71.268  17.657 0.3000000119
111509  -24.180  -71.580  16.832 0.3000000119
3373  -25.452  -70.383  17.721 0.3000000119
3383  -24.837  -70.764  17.004 0.3000000119
2936  -25.526  -70.911  16.213 0.3000000119
125758  -11.621  -52.663  17.630 0.5000000000
17503  -15.072  -48.241  15.670 0.5000000000
17516  -14.563  -48.978  14.747 0.4000000060
14269  -12.314  -52.521  17.480 0.4000000060
1360  -23.255  -77.124  17.743 0.6000000238
907  -25.688  -78.081  16.975 0.5000000000
1379  -25.290  -76.882  14.874 0.4000000060
2177  -23.968  -74.211  15.852 0.4000000060
2170  -23.747  -73.546  16.474 0.4000000060
2935  -24.700  -71.276  16.081 0.3000000119
115496  -13.120  -52.517  20.597 0.5000000000
14221  -13.421  -52.295  20.279 0.4000000060
123718  -15.133  -50.962  19.221 0.4000000060
125503  -27.284  -75.098  22.763 0.3000000119
1532  -28.729  -76.709  23.634 0.4000000060
123233  -28.429  -77.262  24.246 0.4000000060
1297  -27.723  -77.423  24.567 0.3000000119
1851  -24.373  -74.044  19.614 0.4000000060
1504  -26.202  -76.473  28.078 0.3000000119
1252  -23.014  -76.767  26.942 0.3000000119
2517  -24.106  -71.721  18.373 0.3000000119
987  -22.828  -77.015  29.553 0.3000000119
131112  -19.547  -77.881  16.172 0.5000000000
911  -19.684  -78.708  16.210 0.5000000000
1099  -20.360  -77.632  17.445 0.5000000000
1349  -21.586  -76.735  17.957 0.5000000000
1352  -23.299  -77.408  18.540 0.4000000060
2934  -21.065  -71.571  16.043 0.4000000060
903  -26.721  -78.394  18.700 0.5000000000
893  -27.128  -78.362  19.483 0.3000000119
867  -26.885  -78.532  20.886 0.3000000119
1087  -27.352  -77.991  19.394 0.4000000060
1064  -26.741  -78.008  21.351 0.3000000119
114493  -26.434  -76.465  26.411 0.3000000119
1505  -26.677  -75.932  26.625 0.3000000119
1256  -27.409  -76.672  25.930 0.3000000119
1542  -29.053  -75.841  23.078 0.3000000119
1784  -26.985  -74.898  26.697 0.3000000119
1257  -28.299  -76.475  25.652 0.3000000119
1270  -29.671  -76.455  25.088 0.3000000119
1286  -29.936  -76.233  24.589 0.3000000119
1517  -30.002  -75.984  24.983 0.3000000119
126210  -26.996  -75.202  25.959 0.3000000119
1796  -28.049  -75.209  25.485 0.3000000119
1516  -29.368  -76.194  25.361 0.3000000119
1797  -29.496  -75.402  25.069 0.3000000119
1299  -29.637  -76.487  23.901 0.3000000119
1543  -29.922  -75.694  23.004 0.3000000119
125551  -27.498  -74.291  25.565 0.3000000119
125297  -30.196  -75.834  23.737 0.3000000119
1805  -30.313  -75.010  23.989 0.3000000119
927  -17.816  -78.440  12.551 0.3000000119
1095  -24.790  -78.651  18.059 0.5000000000
1351  -22.633  -76.857  18.270 0.4000000060
1092  -20.888  -77.231  17.863 0.5000000000
113037  -26.670  -78.694  20.057 0.3000000119
16672  -16.704  -49.988  18.636 0.3000000119
126896  -15.579  -50.848  18.208 0.3000000119
15932  -15.206  -50.903  13.399 0.3000000119
915  -19.139  -78.101  15.590 0.4000000060
742  -19.673  -79.793  16.017 0.4000000060
562  -20.257  -80.208  19.387 0.4000000060
736  -20.270  -79.492  18.733 0.4000000060
888  -20.699  -78.498  18.844 0.4000000060
122491  -20.981  -77.736  18.506 0.4000000060
1350  -22.119  -76.886  18.506 0.4000000060
125370  -20.035  -79.297  17.437 0.4000000060
905  -20.107  -78.442  17.360 0.4000000060
552  -20.344  -81.356  20.893 0.3000000119
716  -20.708  -80.146  20.324 0.4000000060
889  -21.316  -78.454  19.687 0.4000000060
131986  -19.895  -78.501  16.776 0.4000000060
735  -20.049  -79.816  17.909 0.4000000060
122170  -20.081  -81.053  20.076 0.3000000119
726  -20.688  -79.296  19.525 0.4000000060
906  -20.497  -78.053  18.050 0.4000000060
1084  -22.102  -77.326  19.195 0.4000000060
546  -21.249  -81.249  22.071 0.3000000119
553  -21.074  -80.691  21.316 0.3000000119
727  -21.225  -79.138  20.181 0.3000000119
717  -21.597  -79.488  20.922 0.3000000119
1085  -22.719  -77.663  19.794 0.3000000119
1086  -23.413  -77.879  19.500 0.3000000119
1073  -22.078  -77.801  19.931 0.3000000119
901  -24.627  -78.948  19.164 0.3000000119
1094  -23.952  -78.322  18.607 0.3000000119
1344  -22.676  -77.248  18.987 0.3000000119
2836  -21.415  -71.443  25.719 0.3000000119
2837  -22.327  -71.143  26.185 0.3000000119
1754  -27.060  -76.026  30.151 0.3000000119
2840  -24.904  -70.851  26.757 0.3000000119
2818  -25.266  -71.616  27.295 0.3000000119
128676  -26.084  -72.218  28.431 0.3000000119
2400  -26.469  -72.647  29.210 0.3000000119
2401  -26.963  -73.505  30.471 0.3000000119
2056  -27.723  -74.906  30.372 0.3000000119
1755  -27.706  -75.757  29.802 0.3000000119
2808  -27.177  -71.164  28.523 0.3000000119
2807  -26.558  -71.751  28.477 0.3000000119
112525  -27.113  -72.150  29.421 0.3000000119
2388  -27.691  -72.744  30.609 0.3000000119
876  -21.927  -78.463  20.544 0.3000000119
2838  -23.226  -71.019  26.501 0.3000000119
2413  -25.578  -72.332  27.953 0.3000000119
127295  -24.609  -71.583  26.920 0.3000000119
2839  -24.101  -70.918  26.605 0.3000000119
2412  -24.785  -72.419  27.485 0.3000000119
2819  -25.956  -71.588  27.802 0.3000000119
2809  -27.956  -71.501  29.423 0.3000000119
545  -20.512  -81.659  21.669 0.3000000119
738  -20.194  -78.904  18.098 0.4000000060
866  -26.146  -78.460  21.060 0.3000000119
881  -27.269  -78.367  20.353 0.3000000119
900  -21.424  -77.777  19.141 0.4000000060
986  -22.308  -77.091  29.906 0.3000000119
1075  -27.513  -78.014  20.208 0.3000000119
1093  -21.521  -77.228  18.544 0.4000000060
1096  -27.009  -78.007  18.634 0.5000000000
1100  -23.996  -78.138  17.748 0.4000000060
1105  -19.911  -77.670  16.726 0.5000000000
1113  -23.467  -77.428  14.751 0.6000000238
1126  -24.893  -77.233  14.222 0.5000000000
1134  -24.108  -77.432  13.623 0.5000000000
1136  -24.762  -76.902  13.634 0.5000000000
1269  -29.014  -76.815  25.264 0.4000000060
1298  -29.049  -77.094  24.349 0.4000000060
1371  -13.829  -76.780  15.014 0.5000000000
1374  -19.441  -76.413  15.443 0.6000000238
1378  -23.763  -77.642  15.431 0.5000000000
1392  -13.712  -76.940  14.114 0.5000000000
1409  -24.201  -76.144  11.619 0.5000000000
1525  -30.208  -75.681  24.291 0.3000000119
1557  -26.124  -75.906  20.929 0.3000000119
1573  -14.066  -75.449  16.139 0.5000000000
1583  -14.154  -76.171  15.782 0.5000000000
1608  -24.750  -76.727  13.537 0.5000000000
1614  -24.533  -76.073  12.120 0.5000000000
1618  -20.865  -74.847  11.568 0.5000000000
1622  -24.285  -75.605  11.377 0.5000000000
1798  -30.036  -75.447  24.604 0.3000000119
1864  -15.210  -74.817  16.846 0.6999999881
1869  -13.781  -75.171  15.767 0.5000000000
1886  -24.473  -75.532  12.235 0.5000000000
2046  -27.088  -74.830  30.238 0.3000000119
2118  -25.771  -73.843  22.414 0.4000000060
2149  -15.210  -72.936  18.100 0.6999999881
2152  -17.747  -73.199  18.391 0.6000000238
2161  -19.014  -73.400  17.350 0.6000000238
2167  -18.358  -73.605  16.616 0.6000000238
2175  -19.679  -73.284  15.215 0.5000000000
2432  -23.922  -71.977  26.884 0.3000000119
2468  -25.760  -73.097  22.288 0.4000000060
2499  -17.753  -72.123  19.514 0.6000000238
2510  -15.754  -72.314  18.700 0.6999999881
2522  -14.822  -72.339  17.458 0.6999999881
2894  -24.710  -71.805  20.566 0.3000000119
2906  -17.637  -71.429  19.621 0.6000000238
2948  -14.972  -71.296  15.459 0.6999999881
2950  -21.130  -71.242  15.207 0.6000000238
2965  -14.586  -71.919  14.967 0.6000000238
3356  -16.617  -71.146  18.965 0.6999999881
3360  -25.314  -70.273  18.493 0.3000000119
3366  -16.000  -70.868  17.490 0.6999999881
3369  -18.546  -69.442  17.644 0.6999999881
3408  -17.243  -70.286  14.218 0.6999999881
3422  -15.921  -70.917  13.535 0.6000000238
3437  -19.156  -69.559  12.481 0.6999999881
3765  -19.222  -69.743  21.041 0.5000000000
3799  -18.820  -69.017  17.637 0.6999999881
3817  -18.520  -69.152  15.777 0.6999999881
3840  -19.154  -69.150  13.350 0.6999999881
4230  -20.768  -68.256  21.445 0.5000000000
4237  -18.849  -68.281  20.604 0.5000000000
4327  -19.008  -68.427  10.952 0.4000000060
4738  -19.205  -67.050  20.925 0.6000000238
4740  -20.415  -67.696  21.347 0.5000000000
4769  -17.785  -67.466  18.836 0.6000000238
4809  -13.299  -67.488  14.454 0.5000000000
4810  -14.153  -67.380  14.172 0.5000000000
4834  -15.946  -68.016  12.913 0.6000000238
4837  -18.603  -68.144  11.947 0.5000000000
5308  -17.235  -66.452  19.921 0.6000000238
5319  -17.184  -66.836  18.967 0.6000000238
5334  -12.325  -65.979  16.063 0.5000000000
5346  -12.275  -66.440  15.715 0.5000000000
5347  -12.877  -66.067  15.764 0.5000000000
5348  -13.328  -66.493  15.255 0.6000000238
5367  -13.992  -66.680  14.599 0.6000000238
5851  -17.161  -64.929  20.291 0.6000000238
5852  -17.613  -65.416  20.413 0.6000000238
5866  -16.541  -65.173  19.908 0.6000000238
5882  -16.048  -65.703  18.259 0.6000000238
5897  -15.595  -65.135  17.811 0.6000000238
5975  -15.257  -65.436  13.066 0.6999999881
6507  -18.373  -65.030  20.348 0.5000000000
6517  -18.794  -64.801  19.840 0.5000000000
6528  -14.835  -63.974  18.252 0.5000000000
6530  -18.390  -64.123  19.093 0.5000000000
6567  -15.082  -64.354  16.309 0.6000000238
6585  -12.781  -64.711  15.444 0.5000000000
6606  -13.264  -64.543  13.765 0.5000000000
6608  -15.373  -64.553  12.893 0.6999999881
6609  -15.417  -65.151  13.043 0.6999999881
6643  -14.393  -63.476  11.682 0.6999999881
7195  -16.011  -63.811  19.542 0.6000000238
7196  -16.787  -63.671  19.743 0.6000000238
7208  -14.984  -63.282  18.653 0.5000000000
7210  -17.951  -63.564  18.707 0.5000000000
7227  -18.567  -63.171  17.120 0.5000000000
7228  -18.973  -63.448  16.613 0.5000000000
7268  -13.942  -62.886  15.265 0.6000000238
7300  -13.306  -63.416  11.699 0.6999999881
7800  -15.618  -63.336  19.111 0.6000000238
7815  -14.639  -62.536  18.274 0.5000000000
7832  -16.824  -62.136  17.992 0.6000000238
7847  -10.375  -63.109  16.546 0.5000000000
7860  -9.664  -62.423  16.329 0.5000000000
7876  -14.069  -62.300  12.303 0.6999999881
7884  -12.225  -62.112  12.491 0.6000000238
7897  -13.719  -62.766  11.184 0.6000000238
7898  -14.151  -62.966  11.161 0.6999999881
8314  -15.005  -61.408  25.484 0.6000000238
8328  -14.955  -61.982  24.223 0.6000000238
8329  -15.539  -61.476  23.952 0.5000000000
8339  -15.512  -61.353  23.046 0.5000000000
8403  -13.919  -61.188  17.115 0.5000000000
8405  -15.597  -61.243  17.775 0.6000000238
8406  -16.495  -61.479  17.468 0.6000000238
8457  -13.231  -61.995  11.656 0.6000000238
8832  -14.379  -60.571  26.183 0.6000000238
8865  -15.925  -60.513  22.656 0.6999999881
8896  -14.267  -59.677  20.902 0.6000000238
8927  -19.728  -60.126  18.260 0.5000000000
8934  -13.700  -60.648  16.443 0.5000000000
8935  -14.441  -60.593  16.970 0.5000000000
8937  -16.025  -60.968  17.241 0.6000000238
8947  -18.340  -60.583  16.305 0.6000000238
8948  -18.797  -60.305  16.759 0.5000000000
8997  -11.750  -59.460  13.034 0.6000000238
9395  -12.992  -60.097  26.070 0.6000000238
9396  -14.603  -59.750  26.148 0.6000000238
9397  -15.360  -59.324  26.224 0.6000000238
9398  -16.164  -59.168  26.131 0.6999999881
9412  -13.451  -59.336  25.671 0.6000000238
9425  -16.721  -59.740  24.566 0.8000000119
9426  -17.386  -59.260  24.232 0.8000000119
9443  -16.228  -59.569  22.321 0.6000000238
9444  -16.887  -59.392  22.907 0.8000000119
9445  -17.332  -59.099  22.662 0.8000000119
9464  -14.469  -58.655  21.051 0.6999999881
9498  -20.213  -59.811  18.817 0.4000000060
9526  -8.741  -58.928  14.807 0.5000000000
9541  -9.949  -58.902  13.794 0.5000000000
9542  -12.592  -59.769  13.699 0.6000000238
9543  -13.308  -59.546  14.249 0.5000000000
9544  -14.246  -59.408  14.372 0.5000000000
9545  -15.293  -59.542  14.242 0.5000000000
9553  -11.283  -59.093  13.037 0.6000000238
9555  -12.908  -59.201  13.282 0.6000000238
9565  -11.921  -58.819  12.937 0.6000000238
10019  -17.263  -58.250  26.456 0.6000000238
10034  -16.880  -58.868  25.880 0.6999999881
10036  -18.335  -58.387  24.808 0.6000000238
10051  -11.084  -58.824  23.633 0.6000000238
10052  -12.026  -58.509  23.704 0.6000000238
10053  -12.713  -58.287  24.170 0.6999999881
10054  -18.150  -58.811  24.106 0.8000000119
10055  -18.826  -58.290  24.070 0.6000000238
10086  -19.278  -58.378  22.774 0.6000000238
10097  -18.598  -58.836  21.926 0.6999999881
10111  -17.559  -58.645  20.675 0.6999999881
10112  -18.616  -58.552  20.383 0.6999999881
10127  -12.842  -58.757  19.466 0.6999999881
10132  -19.226  -58.014  19.882 0.6000000238
10143  -12.206  -57.807  18.397 0.6999999881
10146  -17.396  -58.058  18.145 0.8000000119
10147  -17.970  -58.173  18.735 0.6000000238
10148  -20.060  -58.986  17.800 0.4000000060
10172  -11.881  -58.117  16.389 0.6999999881
10182  -9.617  -58.729  14.354 0.5000000000
10184  -10.872  -58.034  14.890 0.6000000238
10186  -19.313  -57.968  15.379 0.6000000238
10196  -18.454  -58.317  14.087 0.6000000238
10201  -10.753  -58.601  13.470 0.5000000000
10204  -17.695  -58.413  12.494 0.6000000238
10212  -12.396  -58.298  12.763 0.6000000238
10216  -18.359  -57.260  11.116 0.5000000000
10225  -14.118  -57.870  11.949 0.5000000000
10226  -14.710  -58.080  11.713 0.6000000238
10227  -15.453  -58.063  11.523 0.6000000238
10228  -16.367  -57.900  11.343 0.6000000238
10699  -15.543  -57.407  27.309 0.6999999881
10700  -16.180  -57.206  27.365 0.6000000238
10712  -13.875  -57.328  26.202 0.8000000119
10714  -15.268  -57.911  27.017 0.8000000119
10728  -13.041  -57.606  24.608 0.6999999881
10743  -12.140  -57.901  23.203 0.6999999881
10783  -10.117  -57.852  21.585 0.6999999881
10784  -10.758  -57.692  21.784 0.8000000119
10819  -19.168  -57.216  19.456 0.6000000238
10826  -12.710  -57.431  18.736 0.6999999881
10831  -18.413  -57.532  18.395 0.6000000238
10832  -18.766  -56.922  18.592 0.5000000000
10839  -13.180  -57.343  17.850 0.6000000238
10841  -15.258  -57.163  17.706 0.6000000238
10852  -13.066  -57.279  16.958 0.6000000238
10857  -20.158  -57.780  15.536 0.5000000000
10862  -11.448  -57.581  14.905 0.6000000238
10867  -17.189  -57.032  15.392 0.6999999881
10879  -19.374  -57.523  13.277 0.5000000000
10886  -11.687  -57.670  13.383 0.6000000238
10887  -12.294  -57.314  13.251 0.6000000238
10888  -12.988  -57.310  12.736 0.5000000000
10898  -12.739  -57.766  12.595 0.6000000238
10900  -14.268  -57.391  12.085 0.6999999881
10901  -15.039  -57.183  11.861 0.5000000000
10904  -20.182  -56.980  11.926 0.5000000000
10911  -16.879  -57.239  11.170 0.5000000000
10912  -17.672  -57.262  11.092 0.5000000000
11413  -13.984  -55.952  27.088 0.6000000238
11427  -13.543  -56.460  26.487 0.6999999881
11441  -12.598  -56.557  25.263 0.6000000238
11466  -11.325  -57.399  22.299 0.6999999881
11467  -11.689  -56.893  23.101 0.6999999881
11499  -8.885  -56.764  20.868 0.8000000119
11560  -12.749  -56.791  14.864 0.6000000238
11566  -18.438  -55.940  14.657 0.5000000000
11572  -12.366  -56.840  14.069 0.5000000000
11574  -14.078  -56.497  14.338 0.6000000238
11576  -16.599  -56.497  13.642 0.6000000238
11584  -14.248  -56.627  13.223 0.6000000238
11593  -13.653  -57.004  12.660 0.6000000238
11596  -16.833  -56.552  11.607 0.6000000238
11599  -20.062  -56.624  11.906 0.5000000000
11606  -17.441  -56.840  11.164 0.5000000000
12124  -14.547  -55.533  27.315 0.6000000238
12141  -12.784  -55.294  26.026 0.6999999881
12156  -12.303  -55.741  25.501 0.6999999881
12184  -10.172  -56.414  21.641 0.5000000000
12185  -10.427  -55.661  23.022 0.5000000000
12212  -7.413  -55.830  20.502 0.6000000238
12231  -8.294  -55.756  20.349 0.6000000238
12279  -19.035  -55.471  13.560 0.5000000000
12285  -18.966  -55.983  12.334 0.5000000000
12286  -19.651  -55.911  12.580 0.5000000000
12287  -20.305  -56.099  12.925 0.5000000000
12807  -12.881  -54.566  25.722 0.5000000000
12828  -11.218  -54.847  24.379 0.6000000238
12847  -10.400  -54.550  23.280 0.6000000238
12848  -10.995  -54.254  23.831 0.6000000238
12866  -10.014  -54.012  22.733 0.6000000238
12906  -5.119  -54.260  17.636 0.6999999881
13497  -11.460  -53.713  23.542 0.6000000238
13517  -11.560  -53.316  22.737 0.5000000000
13537  -4.240  -54.015  19.868 0.6000000238
13539  -7.939  -53.799  19.337 0.6000000238
13555  -5.081  -53.835  17.325 0.6999999881
13557  -6.675  -54.110  16.977 0.6000000238
13568  -5.980  -53.230  16.670 0.6000000238
13569  -6.587  -53.588  16.608 0.6000000238
14209  -12.035  -52.826  21.056 0.5000000000
14217  -5.237  -51.932  20.316 0.6999999881
14222  -13.778  -52.016  20.523 0.4000000060
14236  -10.857  -52.675  18.888 0.6000000238
14240  -13.824  -51.973  19.732 0.4000000060
14250  -5.144  -53.107  17.747 0.6999999881
14251  -7.301  -53.422  16.664 0.6000000238
14255  -12.192  -52.654  18.239 0.5000000000
14270  -13.095  -52.289  17.422 0.4000000060
14280  -6.568  -52.497  16.563 0.6999999881
14281  -7.251  -52.968  16.347 0.6000000238
14298  -13.028  -52.006  15.674 0.4000000060
14963  -7.318  -51.258  22.038 0.6000000238
14977  -5.837  -51.499  20.609 0.6999999881
14996  -14.468  -51.499  19.462 0.4000000060
15031  -7.796  -51.108  16.681 0.6999999881
15032  -14.638  -51.536  17.149 0.4000000060
15042  -7.385  -52.256  16.265 0.6999999881
15043  -8.320  -51.496  16.025 0.6000000238
15045  -10.098  -51.118  15.720 0.5000000000
15046  -13.879  -51.788  15.813 0.4000000060
15060  -10.783  -51.074  15.486 0.5000000000
15062  -12.697  -51.651  14.913 0.4000000060
15064  -14.376  -51.529  14.899 0.4000000060
15074  -14.215  -51.267  13.810 0.4000000060
15788  -9.383  -50.846  22.325 0.6000000238
15800  -6.966  -51.207  21.195 0.6999999881
15803  -10.738  -50.421  21.637 0.6999999881
15831  -7.252  -51.057  19.536 0.8000000119
15832  -8.526  -50.635  18.887 0.8000000119
15852  -10.051  -50.406  18.413 0.6000000238
15893  -11.753  -50.184  15.582 0.5000000000
15929  -12.892  -50.796  14.035 0.4000000060
15931  -14.275  -50.739  13.369 0.4000000060
16628  -12.424  -49.067  23.505 0.6999999881
16643  -13.475  -48.973  21.766 0.5000000000
16669  -11.782  -50.056  18.334 0.4000000060
16670  -12.552  -49.730  18.249 0.4000000060
16671  -13.232  -49.364  17.899 0.4000000060
16723  -13.440  -50.405  13.781 0.4000000060
16725  -15.197  -50.216  13.186 0.3000000119
17427  -12.689  -48.460  23.073 0.6999999881
17437  -13.724  -48.213  21.889 0.6000000238
17438  -14.128  -47.766  21.408 0.4000000060
17454  -14.293  -48.371  20.369 0.5000000000
17455  -14.650  -47.843  19.928 0.5000000000
17487  -13.815  -49.041  16.511 0.4000000060
17502  -14.410  -48.648  16.088 0.5000000000
18200  -11.806  -47.956  23.728 0.6000000238
18222  -13.811  -47.473  21.672 0.5000000000
18243  -7.445  -47.055  18.857 0.5000000000
18270  -14.785  -48.009  17.344 0.5000000000
18924  -12.967  -47.048  22.223 0.6000000238
18951  -12.307  -46.273  20.712 0.5000000000
18952  -13.705  -46.371  20.896 0.6000000238
18966  -14.908  -46.090  19.830 0.4000000060
18979  -9.543  -45.784  18.206 0.4000000060
18980  -15.495  -45.964  18.477 0.4000000060
19726  -13.911  -45.244  19.597 0.4000000060
19742  -9.770  -45.332  18.154 0.4000000060
19756  -15.590  -45.561  17.749 0.4000000060
20570  -10.923  -44.177  22.296 0.4000000060
20590  -10.710  -44.314  21.709 0.3000000119
20603  -9.243  -45.101  18.601 0.4000000060
20617  -14.974  -44.863  18.945 0.4000000060
20632  -15.253  -44.467  18.327 0.4000000060
22452  -14.076  -42.119  21.705 0.5000000000
23391  -15.223  -41.317  21.043 0.4000000060
24315  -15.136  -41.177  21.571 0.4000000060
110039  -16.881  -58.620  21.429 0.6999999881
110767  -6.200  -51.341  21.058 0.6000000238
111616  -18.915  -68.980  13.861 0.6999999881
111754  -8.541  -56.931  21.424 0.6999999881
111798  -19.002  -71.109  20.626 0.5000000000
112069  -9.649  -52.702  19.794 0.6000000238
112161  -21.089  -68.997  21.406 0.5000000000
112315  -23.881  -73.603  13.784 0.5000000000
112648  -18.354  -69.904  20.034 0.5000000000
112815  -20.581  -57.321  12.958 0.5000000000
113363  -14.636  -57.019  18.403 0.6000000238
113906  -5.869  -52.172  18.684 0.6999999881
113932  -6.329  -51.927  17.012 0.8000000119
113943  -10.077  -52.632  16.312 0.5000000000
114041  -6.533  -51.780  18.169 0.6999999881
115021  -13.056  -52.513  20.124 0.5000000000
115413  -9.924  -46.968  19.576 0.4000000060
115519  -15.437  -70.933  15.869 0.6999999881
115551  -19.991  -74.034  12.318 0.6000000238
116767  -22.746  -76.948  13.163 0.6000000238
116810  -14.107  -63.315  17.131 0.6000000238
116907  -14.852  -56.534  14.555 0.6000000238
117021  -12.814  -52.475  18.073 0.4000000060
118820  -10.307  -61.880  14.751 0.5000000000
119035  -26.512  -78.691  19.245 0.3000000119
119169  -17.596  -57.874  11.514 0.5000000000
119554  -10.816  -50.540  23.081 0.6999999881
119639  -13.542  -61.873  12.042 0.6999999881
119644  -18.390  -63.650  18.044 0.5000000000
120030  -19.125  -58.962  16.559 0.6000000238
120107  -9.236  -50.507  18.614 0.8000000119
120254  -9.130  -57.169  20.998 0.8000000119
120440  -5.014  -54.415  18.456 0.6999999881
120822  -9.705  -52.842  16.759 0.5000000000
121012  -13.909  -57.322  20.323 0.6000000238
121626  -16.386  -67.570  13.208 0.6000000238
121729  -10.329  -58.266  22.384 0.6000000238
122573  -19.696  -56.800  11.363 0.5000000000
122660  -22.135  -76.586  17.990 0.5000000000
122970  -12.546  -49.723  20.835 0.5000000000
123842  -3.550  -53.416  21.684 0.5000000000
124177  -22.904  -76.847  12.598 0.6000000238
124267  -18.744  -68.935  17.096 0.6999999881
125262  -16.173  -65.504  19.187 0.5000000000
125597  -25.362  -76.492  15.705 0.4000000060
126071  -18.198  -68.091  17.424 0.6999999881
126486  -19.930  -79.166  16.782 0.4000000060
126663  -15.575  -44.861  17.897 0.4000000060
126785  -13.626  -42.491  21.468 0.5000000000
126860  -27.439  -77.045  25.713 0.4000000060
127507  -27.378  -78.227  19.866 0.4000000060
127550  -24.887  -77.589  14.721 0.5000000000
127640  -9.000  -46.067  18.259 0.4000000060
127878  -7.871  -52.978  16.311 0.5000000000
128074  -15.112  -61.886  23.452 0.6000000238
128169  -18.726  -67.990  11.356 0.5000000000
128600  -14.113  -59.765  15.779 0.5000000000
128677  -20.272  -72.445  19.562 0.4000000060
129076  -24.440  -76.889  12.960 0.5000000000
129563  -16.847  -58.250  11.548 0.6000000238
129678  -14.912  -73.625  17.663 0.6999999881
129920  -11.496  -63.755  16.375 0.5000000000
130183  -13.396  -48.727  22.179 0.6000000238
130266  -13.244  -58.781  19.930 0.6999999881
130586  -15.383  -50.915  18.712 0.4000000060
131371  -11.949  -51.541  14.987 0.4000000060
131455  -8.651  -54.263  20.883 0.6000000238
131695  -12.634  -61.910  12.107 0.6000000238
131957  -10.751  -58.356  15.385 0.6000000238
131964  -15.567  -65.092  13.386 0.6999999881
132075  -15.092  -47.664  16.961 0.5000000000
132090  -10.067  -50.431  16.585 0.5000000000
132537  -13.928  -76.499  15.498 0.5000000000
132538  -15.546  -72.910  12.507 0.4000000060
132643  -24.008  -74.258  16.468 0.4000000060
132738  -18.508  -68.604  16.160 0.6999999881
132905  -10.553  -58.145  14.511 0.6000000238
