#!ascii label  , from subject sub-v1s15x0050217_ses-1 vox2ras=TkReg
2151
128749  6.916  -11.338  85.443 0.6250000000
112864  5.947  -11.869  86.033 0.6250000000
112622  5.296  -11.606  85.209 0.5000000000
128715  6.364  -12.017  85.100 0.5000000000
112941  7.636  -11.230  85.957 0.6250000000
128714  7.041  -11.479  87.011 0.5000000000
112914  6.432  -12.260  85.888 0.2500000000
128774  6.065  -11.968  87.687 0.3750000000
112949  5.492  -13.264  86.905 0.2500000000
112635  5.796  -12.407  88.077 0.3750000000
112628  8.087  -11.344  87.502 0.5000000000
123007  5.388  -12.779  88.189 0.2500000000
112637  6.578  -9.747  84.007 0.6250000000
112616  6.474  -10.157  84.411 0.6250000000
112956  6.938  -10.368  84.048 0.6250000000
128771  6.911  -10.685  84.642 0.6250000000
128820  6.177  -10.552  85.009 0.6250000000
113069  6.116  -11.094  85.525 0.6250000000
116003  7.433  -10.308  83.169 0.7500000000
112611  7.668  -10.572  83.824 0.6250000000
112614  7.375  -10.857  84.753 0.6250000000
112610  8.373  -10.746  84.186 0.6250000000
112602  8.113  -10.941  85.084 0.6250000000
112606  5.738  -13.022  85.482 0.2500000000
129197  5.255  -13.003  85.833 0.2500000000
112630  8.895  -10.906  85.654 0.7500000000
113121  8.466  -10.951  86.665 0.6250000000
128695  6.305  -13.216  85.432 0.2500000000
112597  5.752  -13.572  86.071 0.2500000000
112598  5.486  -14.005  87.326 0.2500000000
116287  6.483  -12.361  88.122 0.5000000000
113148  6.053  -13.026  88.472 0.3750000000
112624  6.468  -13.895  88.524 0.2500000000
113066  5.699  -14.223  88.138 0.3750000000
45152  11.455  -10.705  87.374 0.2500000000
112625  10.674  -11.211  88.358 0.3750000000
128690  11.436  -10.922  85.809 0.2500000000
121298  10.698  -10.854  87.898 0.3750000000
128803  10.227  -14.137  88.663 0.3750000000
113047  9.319  -14.798  88.655 0.3750000000
47059  6.570  -8.725  84.511 0.6250000000
120146  6.740  -9.352  83.407 0.6250000000
128802  6.992  -9.439  82.834 0.7500000000
113207  6.877  -9.914  83.436 0.7500000000
112636  7.310  -9.863  82.625 0.8750000000
112594  6.395  -12.512  84.805 0.2500000000
117314  8.203  -10.116  82.275 1.0000000000
112608  8.540  -10.565  83.317 0.7500000000
112609  8.080  -10.521  83.116 1.0000000000
112950  9.284  -10.657  83.744 0.8750000000
128791  9.891  -11.047  85.198 0.7500000000
128750  9.746  -10.857  86.337 0.5000000000
112866  6.131  -14.079  86.479 0.2500000000
114278  7.719  -11.837  88.064 0.6250000000
112629  7.239  -12.718  88.383 0.3750000000
128815  10.010  -10.828  84.263 0.5000000000
133332  10.095  -10.885  87.024 0.6250000000
128797  8.938  -11.040  88.089 0.5000000000
112986  6.241  -14.573  87.577 0.2500000000
112845  10.594  -11.122  84.749 0.5000000000
128813  10.671  -10.990  85.585 0.3750000000
112970  9.852  -11.249  88.237 0.5000000000
113029  11.415  -11.180  84.782 0.3750000000
112927  9.951  -10.968  87.656 0.5000000000
47921  6.842  -7.988  84.873 0.6250000000
47065  6.715  -8.818  83.587 0.6250000000
113205  7.695  -12.505  84.582 0.2500000000
122342  8.551  -10.339  82.483 1.0000000000
131555  7.943  -12.944  85.084 0.2500000000
112648  9.363  -10.416  82.807 1.0000000000
112942  7.473  -13.620  85.745 0.2500000000
113045  9.900  -10.128  81.746 0.8750000000
112643  10.164  -10.361  82.569 0.5000000000
112640  10.114  -10.535  83.405 0.6250000000
113258  8.550  -13.768  85.930 0.2500000000
45177  10.798  -10.955  83.988 0.5000000000
137167  11.064  -9.319  79.178 0.3750000000
46209  11.572  -9.640  79.605 0.1250000000
46200  10.436  -9.596  80.522 0.3750000000
46187  10.490  -9.970  81.301 0.3750000000
45188  10.912  -10.505  83.132 0.2500000000
46210  10.822  -9.404  79.751 0.5000000000
46221  10.880  -9.151  78.535 0.5000000000
48759  8.203  -7.161  84.031 0.5000000000
47933  8.345  -7.274  83.172 0.5000000000
47925  7.604  -7.665  83.672 0.5000000000
47064  7.083  -8.324  83.141 0.6250000000
113006  6.960  -8.920  82.727 0.7500000000
47934  7.693  -7.879  82.786 0.7500000000
112645  7.521  -8.776  82.053 0.8750000000
113084  7.705  -9.709  82.084 1.0000000000
47942  7.894  -8.144  82.083 0.8750000000
112619  8.332  -9.839  81.773 1.0000000000
112627  8.549  -9.339  81.059 0.7500000000
112924  9.212  -9.251  80.341 0.7500000000
47977  10.723  -8.030  77.926 0.3750000000
46234  10.828  -8.879  77.813 0.5000000000
112908  9.804  -9.700  80.999 0.5000000000
47106  9.606  -8.714  79.499 0.7500000000
47117  11.164  -8.281  77.291 0.2500000000
47112  10.473  -8.519  78.393 0.5000000000
47105  10.368  -8.961  79.092 0.5000000000
46211  10.042  -9.169  79.790 0.5000000000
48758  8.865  -6.799  83.807 0.5000000000
116120  8.984  -6.766  83.080 0.5000000000
118046  8.216  -7.558  82.376 0.7500000000
113166  8.182  -8.499  81.400 0.8750000000
112644  8.034  -8.851  81.569 1.0000000000
112649  8.651  -8.098  80.654 0.7500000000
112878  8.519  -8.902  80.711 0.8750000000
117385  9.201  -7.597  80.094 0.8750000000
47097  9.008  -8.513  79.996 0.7500000000
120826  9.569  -7.936  79.445 0.8750000000
135911  10.405  -7.888  78.451 0.6250000000
130255  10.056  -8.219  78.909 0.6250000000
47976  11.156  -7.416  77.607 0.5000000000
47969  10.719  -7.339  78.292 0.6250000000
49619  10.792  -5.790  82.912 0.6250000000
48764  9.348  -6.405  82.469 0.6250000000
130111  9.733  -5.897  81.654 0.7500000000
49629  10.590  -5.547  82.089 0.6250000000
48769  9.041  -6.650  81.618 0.7500000000
126590  9.353  -6.373  81.006 0.8750000000
48775  9.522  -6.720  80.351 1.0000000000
47962  9.780  -7.114  79.626 0.8750000000
48793  12.193  -6.286  76.980 0.3750000000
48794  11.645  -6.780  77.307 0.7500000000
47113  10.219  -7.431  78.946 0.7500000000
49678  12.757  -5.990  75.788 0.1250000000
118422  10.499  -5.464  81.164 0.7500000000
49637  11.319  -5.335  80.680 0.7500000000
49638  10.597  -5.730  80.318 0.8750000000
48774  10.098  -6.325  79.957 0.8750000000
113741  11.958  -5.671  79.131 1.0000000000
47961  10.394  -6.654  79.291 1.0000000000
49656  11.666  -6.008  78.446 0.7500000000
48789  10.670  -6.821  78.690 0.8750000000
114154  12.656  -5.734  77.394 0.7500000000
49665  11.924  -6.115  77.752 0.7500000000
48788  11.229  -6.641  78.137 0.7500000000
49677  13.513  -5.678  75.582 0.2500000000
119956  13.110  -5.642  76.184 0.6250000000
120810  12.211  -5.384  82.135 0.5000000000
49618  11.531  -5.551  82.643 0.5000000000
49636  12.939  -5.302  80.362 0.8750000000
114895  12.289  -5.190  81.118 0.5000000000
113849  12.058  -5.349  80.098 1.0000000000
49647  12.775  -5.440  79.533 0.8750000000
134598  12.734  -5.579  78.826 1.0000000000
49654  13.120  -5.572  78.189 0.7500000000
131368  13.926  -5.468  76.529 0.7500000000
49664  13.524  -5.558  77.431 0.7500000000
135265  14.123  -5.417  75.846 0.8750000000
49635  13.832  -5.352  80.510 0.6250000000
114007  13.328  -5.333  81.153 0.5000000000
49646  13.503  -5.354  79.837 0.8750000000
49653  14.567  -5.460  78.834 0.8750000000
116349  13.601  -5.471  79.029 0.8750000000
132742  14.721  -5.508  78.172 0.8750000000
49663  14.423  -5.503  77.519 1.0000000000
114817  14.030  -5.537  78.203 1.0000000000
49670  15.566  -5.205  76.387 0.8750000000
113480  14.950  -5.383  76.926 1.0000000000
49675  15.329  -5.206  75.528 0.8750000000
116346  14.697  -5.283  76.066 0.8750000000
54128  19.975  -1.686  70.743 0.1250000000
52976  19.199  -2.081  71.075 0.5000000000
125621  19.956  -1.795  71.628 0.3750000000
52970  19.342  -2.202  72.062 0.7500000000
49645  14.407  -5.389  79.785 0.7500000000
49652  15.232  -5.341  79.339 0.8750000000
50672  15.837  -5.106  78.069 0.8750000000
127990  15.245  -5.356  78.511 0.8750000000
50680  15.747  -5.190  77.243 0.8750000000
49662  15.179  -5.407  77.750 0.8750000000
49669  16.226  -5.086  75.852 0.8750000000
50698  17.408  -4.665  74.834 0.7500000000
50692  16.856  -4.944  75.342 0.8750000000
54127  21.560  -1.164  71.447 0.2500000000
133839  20.678  -1.349  71.300 0.2500000000
116603  21.093  -1.181  72.080 0.5000000000
132172  20.472  -1.481  72.037 0.6250000000
54109  20.032  -1.858  72.453 0.7500000000
52956  19.452  -2.285  72.926 0.7500000000
50671  16.450  -4.557  78.415 0.8750000000
50679  16.428  -4.745  77.564 0.8750000000
50685  16.369  -4.951  76.718 0.8750000000
50691  17.512  -4.469  75.619 0.8750000000
50684  17.071  -4.491  77.018 0.8750000000
113635  16.981  -4.748  76.164 0.8750000000
51813  18.455  -3.618  74.606 0.7500000000
50697  18.048  -4.180  75.090 0.7500000000
119829  18.410  -3.568  73.742 0.7500000000
54086  20.200  -1.769  73.364 0.7500000000
115801  19.516  -2.367  73.788 0.7500000000
51812  18.992  -3.031  74.190 0.7500000000
114118  21.944  -1.102  72.174 0.7500000000
54107  21.454  -1.110  72.793 0.8750000000
54108  20.681  -1.370  72.695 0.8750000000
51788  17.783  -3.883  77.311 0.8750000000
50678  17.113  -4.222  77.883 0.8750000000
134569  18.088  -3.980  75.862 0.7500000000
51803  18.482  -3.565  75.412 0.7500000000
52940  19.527  -2.459  74.649 0.7500000000
54106  22.244  -0.918  72.857 0.8750000000
116486  20.999  -1.224  73.438 0.8750000000
56361  26.281  0.178  78.755 0.3750000000
56362  25.593  0.185  78.544 0.6250000000
56363  24.885  0.128  78.200 0.6250000000
55250  28.458  -1.443  79.387 0.5000000000
55251  27.659  -0.811  78.875 0.6250000000
55252  26.814  -0.217  78.164 0.6250000000
56370  25.468  0.107  77.753 0.7500000000
56371  24.776  0.222  77.250 0.8750000000
56372  24.078  0.005  77.601 0.7500000000
55253  23.309  -0.376  77.972 0.6250000000
55266  21.893  -1.200  77.538 0.8750000000
54033  21.290  -1.516  77.684 0.8750000000
54023  20.850  -1.704  78.127 0.8750000000
54019  29.126  -2.275  78.979 0.7500000000
54020  28.384  -1.613  78.531 0.7500000000
134033  26.881  -0.363  77.256 0.6250000000
56381  26.163  -0.052  77.458 1.0000000000
56384  24.051  0.180  76.709 1.0000000000
55264  23.318  -0.164  77.008 0.8750000000
54034  20.766  -1.801  77.352 0.8750000000
117656  28.986  -2.500  78.168 0.8750000000
55274  27.319  -0.771  76.593 0.8750000000
55275  26.368  -0.175  76.574 0.8750000000
56382  25.523  0.169  76.899 1.0000000000
55277  23.417  -0.073  76.185 0.8750000000
55279  21.974  -0.969  76.676 0.8750000000
54043  21.340  -1.440  76.990 0.8750000000
52895  20.152  -2.170  76.931 0.8750000000
52911  19.416  -2.596  76.475 0.8750000000
52912  19.022  -2.850  77.096 0.8750000000
51794  18.460  -3.282  77.297 0.8750000000
51795  18.199  -3.687  76.583 0.8750000000
52893  30.028  -3.335  77.446 0.8750000000
54032  28.174  -1.689  76.975 0.8750000000
55276  25.604  0.086  76.037 1.0000000000
56398  24.096  0.168  75.862 1.0000000000
133343  23.025  -0.227  75.850 1.0000000000
54044  20.755  -1.751  76.522 0.8750000000
52910  20.148  -2.147  76.035 0.8750000000
51802  18.961  -3.100  75.837 0.8750000000
54041  28.826  -2.758  76.576 1.0000000000
54042  27.993  -1.684  76.127 0.8750000000
55290  26.348  -0.268  75.784 0.8750000000
56397  24.877  0.143  75.413 1.0000000000
55292  23.393  -0.108  75.411 1.0000000000
55293  22.658  -0.409  75.507 1.0000000000
128339  21.370  -1.129  75.251 0.8750000000
54057  20.737  -1.606  75.633 0.7500000000
52924  20.147  -2.041  75.135 0.7500000000
52925  19.513  -2.532  75.519 0.8750000000
135182  18.477  -3.495  76.048 0.8750000000
52922  29.667  -3.607  75.872 1.0000000000
54054  28.662  -2.739  75.716 1.0000000000
55289  27.167  -0.796  75.686 0.8750000000
122560  26.481  -0.485  75.113 1.0000000000
55291  24.103  0.079  75.154 1.0000000000
55314  22.060  -0.666  74.945 0.8750000000
54080  29.768  -2.793  74.139 1.0000000000
51801  29.184  -3.882  74.954 1.0000000000
119506  28.947  -3.871  75.196 1.0000000000
54055  27.848  -1.652  75.288 0.8750000000
55309  26.653  -0.713  74.421 1.0000000000
121395  25.914  -0.294  74.572 1.0000000000
55312  23.649  -0.133  74.608 1.0000000000
55313  22.838  -0.345  74.744 0.8750000000
54084  21.398  -1.058  74.285 0.7500000000
54070  20.709  -1.479  74.761 0.7500000000
52938  28.859  -4.182  74.511 0.8750000000
54067  28.467  -2.745  74.890 0.8750000000
113427  26.038  -0.465  73.811 0.8750000000
118040  23.950  -0.218  73.958 0.8750000000
122591  23.122  -0.376  73.871 0.8750000000
55330  22.258  -0.625  74.129 0.8750000000
54085  20.660  -1.446  74.020 0.8750000000
52939  20.135  -1.928  74.276 0.7500000000
51819  28.923  -4.612  73.883 1.0000000000
52955  28.249  -2.753  74.041 0.8750000000
54069  26.792  -0.950  73.681 0.8750000000
55325  26.168  -0.672  73.053 0.8750000000
55327  24.629  -0.244  73.571 0.8750000000
55328  23.839  -0.468  73.240 0.8750000000
55329  22.473  -0.672  73.463 0.8750000000
54083  21.793  -0.923  73.490 0.8750000000
54006  29.437  -1.754  79.499 0.7500000000
55249  31.052  -1.676  78.685 0.7500000000
55261  31.221  -0.900  78.574 0.7500000000
54030  30.845  -2.519  77.975 0.7500000000
52879  30.354  -2.943  77.851 0.8750000000
55273  30.698  -1.621  77.079 1.0000000000
54052  30.518  -2.654  76.761 1.0000000000
55287  30.419  -1.592  76.182 1.0000000000
52907  30.194  -3.429  76.607 1.0000000000
55288  30.190  -1.614  75.218 1.0000000000
137037  29.932  -1.079  74.619 1.0000000000
54066  30.105  -2.778  75.072 1.0000000000
56416  29.554  -0.134  73.213 1.0000000000
122142  30.435  -0.522  76.611 0.8750000000
124727  30.134  -0.398  75.692 1.0000000000
122219  29.805  -0.215  74.793 1.0000000000
115856  29.503  1.066  73.306 1.0000000000
114851  29.467  0.793  72.508 1.0000000000
57558  29.437  1.630  71.876 0.8750000000
58651  29.693  2.549  70.489 0.8750000000
58650  30.080  2.672  69.655 0.7500000000
58684  31.247  2.769  68.862 0.7500000000
56380  30.491  0.295  77.126 0.8750000000
57511  30.312  1.203  76.785 0.8750000000
56395  30.147  0.494  76.220 1.0000000000
57520  29.939  1.403  75.898 1.0000000000
56396  29.787  0.669  75.355 1.0000000000
57532  29.577  1.544  74.115 1.0000000000
57545  29.509  1.997  73.317 1.0000000000
132012  29.628  0.838  74.645 1.0000000000
58621  29.516  2.469  72.470 1.0000000000
56407  29.601  0.437  74.009 1.0000000000
59688  29.709  3.227  71.834 1.0000000000
58635  29.546  2.524  71.454 1.0000000000
57569  29.455  1.947  71.056 1.0000000000
59722  30.716  3.178  69.460 0.7500000000
59734  31.953  3.143  68.966 0.6250000000
58665  32.653  2.999  69.105 0.6250000000
58683  32.072  2.535  68.676 0.6250000000
58664  33.490  2.811  69.475 0.6250000000
131735  30.261  2.073  76.464 0.6250000000
58589  30.137  3.022  75.134 0.8750000000
58590  29.737  2.341  74.655 1.0000000000
59632  29.858  3.116  74.171 1.0000000000
57521  29.679  1.540  75.024 1.0000000000
118805  29.626  2.386  73.930 1.0000000000
58606  29.623  2.811  73.347 1.0000000000
59687  30.178  3.705  71.267 1.0000000000
59704  30.270  3.361  70.329 1.0000000000
59703  31.058  3.842  69.935 1.0000000000
59705  29.790  3.127  71.049 1.0000000000
59721  31.514  3.479  69.331 0.8750000000
59720  32.294  3.646  69.281 0.7500000000
59719  33.197  3.597  69.381 0.7500000000
58649  33.834  2.223  70.230 0.6250000000
59631  30.378  3.762  74.734 0.8750000000
119582  30.210  3.876  73.841 0.8750000000
131052  29.847  3.437  73.417 1.0000000000
59649  30.085  3.962  72.996 0.8750000000
59667  30.087  3.883  72.138 1.0000000000
60804  30.759  4.128  70.738 1.0000000000
60821  31.832  4.148  69.657 0.8750000000
58663  34.203  3.000  69.898 0.6250000000
58648  34.503  2.656  70.864 0.6250000000
60753  30.571  4.485  73.410 0.8750000000
61831  31.921  5.069  70.670 1.0000000000
60768  30.547  4.490  72.505 1.0000000000
60786  30.604  4.363  71.600 1.0000000000
61830  32.784  5.287  70.338 1.0000000000
60802  32.236  4.742  69.988 1.0000000000
60803  31.475  4.476  70.334 1.0000000000
60820  32.667  4.270  69.509 1.0000000000
60819  33.506  4.341  69.599 1.0000000000
131772  34.093  3.711  69.719 0.6250000000
58634  35.076  2.757  71.851 0.7500000000
58620  35.016  2.302  72.782 0.6250000000
58604  35.397  2.416  73.477 0.6250000000
61841  33.578  5.053  69.924 1.0000000000
61842  32.941  4.832  69.745 1.0000000000
59702  34.751  3.502  70.175 1.0000000000
59686  35.092  3.252  71.017 0.8750000000
59666  35.581  2.909  72.644 0.8750000000
60818  34.305  4.554  69.842 1.0000000000
60801  34.952  4.227  69.998 1.0000000000
59701  35.536  3.917  70.525 1.0000000000
59685  35.638  3.371  71.604 1.0000000000
113327  35.764  2.323  74.234 0.7500000000
60817  35.075  4.948  70.065 1.0000000000
134469  36.030  4.347  70.593 1.0000000000
59684  36.234  3.960  71.110 1.0000000000
59648  36.281  2.897  73.599 1.0000000000
58603  36.733  2.488  74.937 0.7500000000
58587  37.731  2.765  75.947 0.8750000000
58569  38.235  2.415  76.270 0.8750000000
57529  39.515  1.326  75.047 0.8750000000
123874  38.913  1.570  73.089 0.6250000000
134613  35.633  5.125  70.241 0.8750000000
60800  35.741  4.662  70.321 1.0000000000
60799  36.652  4.641  70.604 1.0000000000
60784  37.022  4.104  71.518 1.0000000000
59665  36.406  3.456  72.310 1.0000000000
59664  37.382  3.689  72.445 1.0000000000
113463  37.022  3.317  73.169 1.0000000000
59630  38.654  3.248  75.214 1.0000000000
59647  37.529  3.067  74.334 1.0000000000
57516  39.396  2.200  75.649 0.8750000000
58586  38.885  2.968  75.734 0.8750000000
57540  40.526  1.662  74.200 1.0000000000
117259  38.955  2.230  71.577 0.7500000000
57555  39.298  1.926  72.458 0.7500000000
57554  40.148  1.670  73.410 0.8750000000
123127  35.343  5.626  70.431 0.7500000000
61827  36.242  5.378  70.368 0.7500000000
59683  37.974  4.143  71.846 0.8750000000
59663  38.286  3.788  72.846 0.8750000000
136152  37.710  3.465  73.310 1.0000000000
115402  38.527  3.431  73.945 1.0000000000
57528  40.432  2.064  74.791 1.0000000000
58645  39.557  2.684  71.238 0.8750000000
58632  40.223  2.273  72.445 1.0000000000
62857  35.942  6.197  70.669 0.7500000000
61826  37.220  5.419  70.480 0.7500000000
60783  37.682  4.737  70.979 0.8750000000
134595  38.245  4.992  70.980 0.8750000000
60782  38.484  4.702  71.469 0.8750000000
113649  38.935  4.342  72.455 0.8750000000
59646  40.690  3.665  74.328 0.8750000000
59629  40.194  3.336  75.052 1.0000000000
136233  39.456  3.297  75.320 1.0000000000
58584  41.002  2.797  74.561 1.0000000000
58585  40.024  2.833  75.378 1.0000000000
57527  41.191  2.255  73.951 1.0000000000
59682  40.651  2.880  71.917 1.0000000000
58619  41.073  2.119  73.442 1.0000000000
59700  39.024  3.087  70.306 0.8750000000
62847  36.454  6.729  71.056 0.6250000000
62856  36.829  6.181  70.537 0.6250000000
61825  38.009  5.468  70.750 0.7500000000
61813  39.455  5.849  71.339 0.8750000000
61824  38.735  5.289  71.080 0.8750000000
135213  40.014  5.516  71.844 0.8750000000
60781  39.524  4.979  71.915 0.8750000000
61804  40.779  5.146  72.527 0.7500000000
60765  41.826  4.452  73.358 0.5000000000
60766  40.445  4.388  73.209 0.8750000000
59662  39.383  3.884  73.563 0.8750000000
60764  42.391  4.464  72.922 0.7500000000
60751  41.569  3.913  73.851 0.8750000000
59644  42.160  3.697  73.490 0.8750000000
59645  41.735  3.263  74.024 0.8750000000
60780  42.448  4.409  72.460 0.8750000000
59661  42.341  3.498  72.964 1.0000000000
58602  42.093  2.968  73.362 1.0000000000
58617  42.069  2.794  73.073 1.0000000000
58618  41.752  2.513  73.348 1.0000000000
59681  41.738  3.106  72.574 1.0000000000
58631  41.494  2.510  72.883 1.0000000000
59699  39.960  3.291  70.849 1.0000000000
59716  39.405  3.726  69.918 1.0000000000
59731  38.101  3.853  68.742 0.7500000000
63902  36.077  7.130  71.791 0.5000000000
62846  37.304  6.729  70.952 0.6250000000
62845  38.150  6.610  71.053 0.5000000000
62854  38.539  6.056  70.810 0.7500000000
61802  42.574  5.491  72.442 0.5000000000
61803  41.905  5.453  72.791 0.5000000000
60763  42.682  4.852  72.353 0.5000000000
114256  41.886  3.915  72.194 1.0000000000
59698  40.950  3.572  71.526 1.0000000000
114079  40.260  4.008  70.502 1.0000000000
59717  38.569  3.462  69.469 0.8750000000
60816  38.904  4.161  69.088 1.0000000000
59764  36.131  3.076  66.380 0.1250000000
131608  36.622  3.654  66.800 0.2500000000
59747  37.002  3.781  67.536 0.5000000000
60834  37.734  4.164  68.005 0.5000000000
115907  37.107  4.332  66.687 0.2500000000
63900  37.747  7.112  71.561 0.3750000000
62844  39.013  6.521  71.253 0.7500000000
62843  39.888  6.452  71.666 0.3750000000
63884  41.023  7.147  72.434 0.2500000000
62833  40.948  6.493  72.037 0.3750000000
121569  42.630  6.431  72.499 0.2500000000
62832  42.050  6.452  72.675 0.2500000000
61812  40.540  5.852  71.839 0.3750000000
62831  43.016  6.115  72.172 0.3750000000
60779  42.806  4.873  72.009 0.5000000000
60797  42.131  4.615  71.655 0.7500000000
60798  41.231  4.268  71.072 1.0000000000
133549  38.860  4.972  68.026 0.8750000000
60832  39.214  4.810  68.631 1.0000000000
60846  37.550  4.373  67.334 0.7500000000
60833  38.491  4.479  68.345 0.8750000000
59802  35.918  3.563  64.626 0.1250000000
60876  36.394  4.068  65.217 0.1250000000
63887  37.389  7.427  72.199 0.2500000000
132180  41.353  9.436  74.450 0.2500000000
64909  41.220  8.792  74.436 0.2500000000
63886  38.137  7.431  72.319 0.1250000000
65956  41.903  8.926  74.023 0.2500000000
63899  38.608  7.060  71.608 0.1250000000
64922  40.892  8.163  73.981 0.2500000000
114441  40.444  7.662  73.217 0.2500000000
63885  39.948  7.323  72.364 0.2500000000
64921  41.810  8.252  73.797 0.2500000000
63869  41.448  7.625  73.206 0.2500000000
63897  40.230  6.938  71.913 0.2500000000
63898  39.463  7.006  71.744 0.3750000000
64920  42.651  8.359  73.404 0.2500000000
63868  42.385  7.621  73.139 0.2500000000
63883  42.085  7.085  72.782 0.2500000000
63867  43.151  7.630  72.838 0.2500000000
63882  42.935  6.995  72.516 0.2500000000
61811  42.930  5.314  72.097 0.5000000000
61821  42.891  5.400  71.763 0.5000000000
61822  42.349  5.292  71.301 0.5000000000
61823  41.377  5.095  70.522 1.0000000000
61839  40.463  5.219  69.575 1.0000000000
61849  39.870  5.315  68.820 1.0000000000
60845  38.273  4.770  67.525 0.8750000000
60861  36.968  4.585  65.766 0.5000000000
61867  37.639  5.019  66.219 0.5000000000
132539  37.810  4.766  66.888 0.8750000000
60892  36.229  4.245  64.481 0.1250000000
61879  36.783  4.771  64.909 0.5000000000
61899  36.386  4.947  63.980 0.1250000000
65955  42.481  9.344  73.537 0.2500000000
124825  39.038  7.425  72.325 0.2500000000
136722  43.372  7.246  72.401 0.2500000000
62830  43.478  6.886  72.065 0.2500000000
62842  43.117  6.119  71.730 0.5000000000
61838  41.062  5.802  69.559 1.0000000000
61855  39.416  5.383  68.120 1.0000000000
61856  38.941  5.378  67.494 1.0000000000
61866  38.418  5.378  66.718 0.8750000000
61878  37.423  5.268  65.416 0.6250000000
65954  43.199  8.882  73.048 0.2500000000
64919  43.344  8.142  72.888 0.2500000000
62853  42.771  5.953  71.076 0.5000000000
61837  41.869  5.888  70.335 0.7500000000
62863  41.542  6.448  69.433 1.0000000000
129941  39.505  5.816  67.594 1.0000000000
62869  40.126  6.018  68.151 1.0000000000
62909  37.796  5.943  65.123 0.8750000000
61877  38.108  5.693  65.844 1.0000000000
62930  37.550  6.234  64.473 0.7500000000
63881  43.707  7.622  72.337 0.2500000000
63896  43.937  7.529  71.751 0.2500000000
62841  43.517  7.012  71.566 0.3750000000
62862  42.309  6.637  70.135 0.5000000000
61848  40.456  5.747  68.943 1.0000000000
62879  39.191  5.941  66.966 1.0000000000
62894  38.842  6.149  66.182 1.0000000000
62908  38.470  6.375  65.439 1.0000000000
61921  36.976  5.829  63.895 0.8750000000
63911  43.271  6.864  70.853 0.5000000000
62864  40.847  6.360  68.742 1.0000000000
135096  40.579  6.538  68.189 1.0000000000
63951  40.068  7.096  67.042 1.0000000000
119403  39.491  6.651  66.572 1.0000000000
62878  39.780  6.381  67.343 1.0000000000
62893  39.231  6.921  65.682 1.0000000000
122254  38.699  7.041  64.958 1.0000000000
62929  37.966  6.897  64.428 1.0000000000
62951  37.406  6.648  63.778 0.6250000000
62974  37.157  6.773  63.066 0.3750000000
63005  36.155  6.347  60.873 0.1250000000
62993  36.588  6.895  61.706 0.3750000000
63910  43.878  7.611  71.118 0.2500000000
63921  42.719  7.404  69.825 0.5000000000
63922  41.929  7.124  69.269 0.5000000000
65013  40.858  8.256  67.297 1.0000000000
63949  41.248  7.816  67.896 1.0000000000
63935  41.592  7.480  68.551 1.0000000000
131107  41.363  6.893  68.800 1.0000000000
65027  41.136  8.890  67.125 1.0000000000
130282  40.958  7.035  68.180 1.0000000000
125342  40.496  9.859  65.588 1.0000000000
66071  40.618  9.341  66.002 1.0000000000
65028  40.615  8.698  66.562 1.0000000000
63950  40.626  7.482  67.504 1.0000000000
65039  40.313  8.767  65.805 1.0000000000
63967  40.342  7.871  66.805 1.0000000000
67105  39.992  10.085  65.021 1.0000000000
66079  40.171  9.264  65.402 1.0000000000
65040  39.833  8.452  65.252 1.0000000000
63979  39.640  7.662  65.487 1.0000000000
63968  39.834  7.385  66.255 1.0000000000
66080  39.600  9.221  64.848 1.0000000000
65047  39.293  8.559  64.700 1.0000000000
63980  39.203  7.813  64.850 1.0000000000
63991  38.446  7.542  64.351 1.0000000000
128311  37.594  7.885  62.993 0.8750000000
63992  37.877  7.273  63.933 0.8750000000
64036  36.891  7.805  61.716 0.3750000000
64018  37.112  7.343  62.549 0.5000000000
64037  36.390  7.405  60.827 0.1250000000
65083  36.783  8.217  61.106 0.5000000000
65012  41.515  8.550  67.642 1.0000000000
67094  40.994  10.004  66.033 1.0000000000
66070  41.125  9.431  66.616 1.0000000000
66086  38.989  9.103  64.275 1.0000000000
65049  38.155  7.928  63.609 1.0000000000
65061  37.900  8.622  62.947 1.0000000000
65070  37.348  8.214  62.379 0.8750000000
66153  36.719  8.820  59.656 0.3750000000
65114  36.329  8.125  59.505 0.2500000000
68115  41.819  11.888  65.743 0.7500000000
68098  41.842  11.096  66.190 0.8750000000
69065  41.133  12.114  65.206 0.8750000000
68116  41.208  11.323  65.625 0.8750000000
68117  40.584  11.497  65.046 0.8750000000
69078  40.576  12.242  64.415 0.8750000000
67104  40.653  10.628  65.481 1.0000000000
64997  41.886  8.175  68.273 0.8750000000
68135  40.094  11.437  64.381 1.0000000000
67117  39.696  10.727  64.375 1.0000000000
67128  39.175  10.590  63.733 1.0000000000
66093  38.713  9.762  63.599 1.0000000000
67129  38.681  10.570  63.081 1.0000000000
66094  38.321  9.924  62.830 1.0000000000
137110  38.276  9.293  63.111 1.0000000000
66104  38.039  9.933  62.242 1.0000000000
66095  37.924  9.379  62.542 1.0000000000
66105  37.611  9.506  61.802 1.0000000000
129335  37.546  8.905  62.283 0.8750000000
66118  37.311  9.228  61.157 0.7500000000
65098  37.012  8.747  60.936 0.6250000000
65082  37.221  8.665  61.628 0.6250000000
133613  36.817  9.086  59.075 0.3750000000
66137  37.154  9.235  60.406 0.6250000000
66164  36.693  8.918  58.390 0.1250000000
125019  36.445  8.446  58.924 0.2500000000
69089  40.430  12.516  63.484 0.8750000000
68153  40.001  11.882  63.732 0.8750000000
130744  39.580  11.610  63.289 1.0000000000
68136  39.592  11.261  63.791 1.0000000000
68172  39.056  11.524  62.123 1.0000000000
126995  39.137  11.169  63.215 1.0000000000
68189  38.583  11.030  61.714 1.0000000000
67172  38.195  10.642  60.782 1.0000000000
67149  38.042  10.269  61.653 1.0000000000
67194  37.641  10.037  60.138 0.7500000000
67173  37.594  9.870  61.008 1.0000000000
67207  37.692  10.118  59.230 0.6250000000
67237  38.135  10.770  56.361 0.8750000000
67225  37.656  10.195  57.435 0.3750000000
67218  37.661  10.160  58.328 0.6250000000
66163  37.209  9.551  58.743 0.5000000000
66152  37.222  9.485  59.554 0.5000000000
124246  38.441  11.290  53.824 0.3750000000
68272  38.356  11.246  54.632 0.7500000000
128452  37.773  10.394  55.791 0.6250000000
67238  37.690  10.263  56.594 0.5000000000
66177  37.093  9.470  57.783 0.5000000000
68286  38.836  11.734  53.162 0.2500000000
68295  39.173  11.410  52.306 0.2500000000
68285  39.528  12.213  52.328 0.5000000000
69096  40.466  12.645  62.531 0.7500000000
69090  39.874  12.091  62.983 0.8750000000
69097  39.692  12.065  62.061 0.8750000000
68188  39.164  11.640  61.428 1.0000000000
131942  38.755  11.264  60.954 1.0000000000
67193  38.193  10.698  59.742 0.8750000000
68219  38.650  11.348  58.345 0.8750000000
67206  38.207  10.733  58.806 0.6250000000
69160  39.383  12.455  55.636 1.0000000000
69154  38.968  11.847  56.120 1.0000000000
68250  38.571  11.294  56.631 0.8750000000
68234  38.632  11.327  57.483 0.8750000000
69168  39.337  12.434  54.735 0.8750000000
68262  38.356  11.148  55.668 0.8750000000
67224  38.192  10.751  57.078 0.6250000000
117902  39.272  12.344  53.922 0.6250000000
118089  39.597  12.585  53.276 0.8750000000
68304  39.613  11.761  51.822 0.3750000000
69199  39.911  12.180  51.657 0.5000000000
118306  40.207  12.689  51.917 0.8750000000
69198  40.528  12.442  51.132 0.3750000000
136839  40.932  13.060  62.588 0.7500000000
70004  41.107  13.136  61.915 0.8750000000
69104  40.412  12.618  61.500 0.8750000000
69105  39.740  12.198  61.054 1.0000000000
69115  40.394  12.654  60.534 1.0000000000
69116  39.781  12.208  60.131 1.0000000000
68208  39.243  11.742  59.771 1.0000000000
68218  39.158  11.827  58.702 1.0000000000
70046  41.099  13.941  56.832 1.0000000000
70042  40.636  13.393  57.331 1.0000000000
69147  40.179  12.820  57.810 1.0000000000
69138  39.644  12.324  58.287 1.0000000000
68209  38.712  11.394  59.261 0.8750000000
70961  41.614  14.443  56.314 1.0000000000
70962  40.957  13.966  55.880 1.0000000000
70048  39.883  13.006  56.037 1.0000000000
69148  39.529  12.433  57.418 1.0000000000
70053  40.330  13.488  55.540 1.0000000000
69153  39.440  12.473  56.538 1.0000000000
68249  39.021  11.913  57.023 1.0000000000
70973  40.744  13.893  54.992 0.8750000000
124629  40.192  13.454  54.829 0.8750000000
70063  39.836  12.986  54.240 0.8750000000
69188  40.119  12.914  52.711 0.8750000000
70102  40.801  13.108  51.611 0.8750000000
70011  41.776  13.451  61.194 0.6250000000
70012  41.095  13.043  60.904 0.7500000000
70019  41.768  13.425  60.345 0.6250000000
70020  41.038  13.110  59.992 1.0000000000
69125  40.361  12.681  59.607 1.0000000000
71879  42.803  15.274  57.270 0.5000000000
70028  40.954  13.181  59.098 1.0000000000
70960  42.289  14.806  56.792 0.6250000000
70954  41.737  14.357  57.266 1.0000000000
70041  41.295  13.795  57.739 1.0000000000
70035  40.823  13.252  58.214 1.0000000000
69137  40.296  12.719  58.698 1.0000000000
131436  39.193  11.794  59.237 1.0000000000
70971  42.264  14.860  55.853 0.7500000000
70972  41.531  14.440  55.237 0.7500000000
70980  42.279  14.871  55.043 0.7500000000
70061  41.146  14.141  54.312 0.7500000000
70070  40.845  13.786  53.566 0.7500000000
70071  40.243  13.237  53.505 0.8750000000
70085  40.651  13.273  52.339 1.0000000000
70110  41.724  13.183  50.232 0.6250000000
70100  41.993  13.654  51.132 0.7500000000
72897  43.772  16.290  57.281 0.5000000000
70026  42.324  13.817  59.948 0.7500000000
70027  41.717  13.581  59.488 0.8750000000
70945  42.443  14.631  58.627 0.5000000000
70938  42.037  14.088  58.989 0.5000000000
134557  42.195  13.936  59.485 0.7500000000
71887  43.376  15.719  56.838 0.5000000000
71878  43.283  15.767  57.747 0.5000000000
71866  42.830  15.231  58.201 0.5000000000
70034  41.477  13.667  58.612 0.8750000000
70953  42.353  14.720  57.716 0.6250000000
70946  41.910  14.194  58.160 0.7500000000
118896  43.424  15.628  56.066 0.3750000000
71888  42.848  15.281  56.362 0.3750000000
71898  43.005  15.292  55.382 0.5000000000
113243  41.929  14.597  54.339 0.7500000000
70987  42.504  14.594  53.489 0.7500000000
118235  41.553  14.246  53.564 0.7500000000
115190  43.278  14.414  52.245 0.8750000000
71000  42.617  14.328  52.582 0.8750000000
132226  41.912  14.243  52.905 0.7500000000
70084  41.209  13.798  52.803 1.0000000000
115848  41.169  13.521  52.088 1.0000000000
119961  40.591  13.437  52.987 1.0000000000
71024  44.037  14.450  50.972 0.8750000000
71015  43.563  14.348  51.561 1.0000000000
71001  41.856  13.889  52.128 0.8750000000
71957  44.665  14.832  50.685 1.0000000000
129613  42.854  13.975  51.127 1.0000000000
70101  41.380  13.464  51.558 1.0000000000
71025  43.334  14.138  50.675 0.8750000000
70109  42.507  13.717  50.373 0.7500000000
70112  43.050  13.931  49.750 0.3750000000
72896  44.301  16.831  56.896 0.3750000000
72910  44.590  16.631  56.239 0.3750000000
72911  44.013  16.121  56.317 0.3750000000
71897  43.851  15.757  55.435 0.3750000000
131860  44.367  15.805  54.859 0.5000000000
126157  43.712  15.432  54.514 0.6250000000
71909  42.787  14.995  54.412 0.6250000000
71919  43.420  15.011  53.685 0.6250000000
113481  44.066  15.001  53.069 0.6250000000
71932  44.626  15.109  52.473 0.7500000000
70999  43.344  14.640  52.906 0.7500000000
134820  44.953  15.087  51.300 0.8750000000
71946  44.461  14.807  51.619 0.8750000000
71968  45.170  15.159  50.106 0.8750000000
72909  45.210  16.774  55.956 0.3750000000
72925  44.656  16.237  55.519 0.3750000000
71918  44.580  15.608  54.167 0.6250000000
113478  44.802  15.406  53.309 0.6250000000
122585  45.207  15.455  52.644 0.7500000000
71931  45.572  15.777  53.168 0.6250000000
117347  45.951  15.764  51.590 0.7500000000
71955  46.084  15.815  50.840 0.8750000000
119120  45.864  15.614  50.025 0.8750000000
72924  45.554  16.456  55.274 0.3750000000
71908  45.070  16.028  54.704 0.3750000000
71917  45.334  15.841  53.934 0.6250000000
72953  46.021  16.170  53.754 0.3750000000
72967  46.223  16.152  52.989 0.5000000000
72975  46.548  16.218  52.154 0.3750000000
71944  45.792  15.765  52.404 0.6250000000
72973  47.967  16.820  50.955 0.3750000000
72987  46.595  16.165  51.189 0.7500000000
74041  48.651  17.087  50.420 0.5000000000
72986  47.280  16.421  50.624 0.7500000000
72985  48.000  16.666  50.102 0.7500000000
73002  46.601  16.052  50.301 0.7500000000
73000  48.151  16.566  49.304 0.6250000000
71965  47.016  15.945  48.863 0.8750000000
132449  46.817  16.453  52.912 0.2500000000
74004  49.581  17.678  52.322 0.1250000000
74005  48.758  17.347  52.128 0.1250000000
72966  47.326  16.641  52.447 0.2500000000
74022  49.442  17.614  51.502 0.1250000000
72965  47.968  16.953  51.857 0.1250000000
74040  49.353  17.497  50.694 0.2500000000
74058  48.615  16.874  49.755 0.6250000000
72952  46.677  16.480  53.591 0.2500000000
72951  47.395  16.770  53.393 0.1250000000
72950  48.062  17.047  52.786 0.1250000000
113916  51.007  17.988  51.952 0.1250000000
74021  50.220  17.910  51.696 0.1250000000
114504  51.705  17.879  51.372 0.1250000000
74020  50.824  18.029  51.097 0.1250000000
74019  52.716  17.745  51.725 0.1250000000
116480  49.926  17.723  50.268 0.2500000000
113223  6.702  -11.916  87.788 0.5000000000
113183  9.137  -10.865  84.658 0.7500000000
128723  9.237  -10.810  87.359 0.5000000000
128751  10.732  -10.838  87.205 0.3750000000
45157  11.406  -10.744  86.667 0.2500000000
116602  12.071  -10.621  86.854 0.2500000000
113398  11.531  -10.734  88.048 0.2500000000
113304  9.876  -11.683  88.627 0.3750000000
112615  10.614  -11.613  88.657 0.3750000000
128754  9.112  -13.556  88.680 0.3750000000
131566  7.634  -14.202  88.639 0.3750000000
47926  6.954  -8.174  84.003 0.6250000000
113179  6.487  -9.349  84.187 0.6250000000
113018  8.766  -11.831  88.498 0.3750000000
112887  10.696  -10.843  86.465 0.6250000000
113091  7.323  -9.294  82.268 1.0000000000
112603  8.885  -13.140  85.322 0.2500000000
132190  8.412  -12.219  83.858 0.2500000000
112858  9.098  -9.694  81.278 0.8750000000
136834  9.651  -10.289  82.259 0.3750000000
132902  9.135  -10.152  82.008 1.0000000000
128807  7.339  -14.416  86.567 0.2500000000
45201  10.935  -10.302  82.111 0.3750000000
46208  12.193  -9.955  79.218 0.1250000000
46198  12.155  -10.058  80.105 0.1250000000
46199  11.409  -9.788  80.380 0.2500000000
46186  11.220  -10.075  81.191 0.5000000000
45187  11.750  -10.651  82.868 0.3750000000
47076  7.366  -8.442  82.521 0.8750000000
46246  11.654  -8.551  76.774 0.2500000000
48765  8.710  -6.992  82.372 0.7500000000
47941  8.485  -7.567  81.567 0.7500000000
47951  8.955  -7.126  80.817 0.8750000000
47985  11.668  -7.596  76.829 0.5000000000
49620  10.053  -5.968  82.678 0.6250000000
49639  9.884  -5.942  80.721 0.8750000000
48799  12.326  -6.458  76.233 0.3750000000
47984  12.094  -7.195  76.099 0.3750000000
48800  11.948  -6.857  76.665 0.3750000000
49672  12.663  -5.845  76.515 0.3750000000
49628  11.372  -5.325  81.619 0.6250000000
113803  11.261  -5.659  79.801 1.0000000000
49648  10.667  -6.069  79.651 1.0000000000
48782  11.067  -6.155  78.983 1.0000000000
49655  12.316  -5.760  78.280 0.7500000000
49671  13.115  -5.597  76.770 0.7500000000
52977  18.678  -2.571  71.659 0.5000000000
131872  18.586  -2.516  70.904 0.1250000000
120366  17.614  -4.235  76.421 0.8750000000
116922  19.011  -3.084  75.030 0.6250000000
50703  17.905  -4.303  74.177 0.7500000000
54105  22.767  -0.907  72.256 0.7500000000
55342  22.997  -0.608  73.003 0.7500000000
56369  26.030  0.046  78.146 0.5000000000
56360  27.041  -0.099  79.008 0.6250000000
55254  22.488  -0.865  78.230 0.6250000000
55265  22.562  -0.605  77.290 0.8750000000
54022  21.668  -1.376  78.388 0.7500000000
132719  28.420  -1.778  77.706 0.8750000000
55263  27.685  -0.939  77.683 0.7500000000
56383  24.810  0.262  76.354 1.0000000000
55278  22.684  -0.424  76.325 0.8750000000
54017  30.523  -2.476  78.475 0.7500000000
54031  28.896  -2.629  77.374 1.0000000000
52880  29.839  -2.830  78.248 0.8750000000
51793  18.748  -3.168  76.554 0.8750000000
52909  29.641  -3.412  77.000 1.0000000000
52892  30.343  -3.131  77.309 1.0000000000
134554  26.803  -0.442  76.133 0.8750000000
55294  22.001  -0.781  75.799 0.8750000000
54056  21.364  -1.284  76.139 0.8750000000
52908  29.953  -3.613  76.759 1.0000000000
52923  29.550  -3.703  76.021 1.0000000000
114973  25.737  -0.115  75.279 1.0000000000
134944  25.274  -0.077  74.766 1.0000000000
55308  27.158  -0.956  74.969 0.8750000000
55311  24.539  -0.054  74.502 1.0000000000
124135  29.939  -1.771  74.447 1.0000000000
55307  29.731  -0.667  74.099 1.0000000000
55324  29.707  -1.439  73.634 1.0000000000
51811  28.994  -4.503  74.334 1.0000000000
52937  29.351  -3.917  74.639 1.0000000000
54068  27.606  -1.496  74.382 1.0000000000
55310  25.314  -0.203  74.059 0.8750000000
52953  29.583  -3.795  73.739 1.0000000000
123992  29.170  -4.458  74.067 1.0000000000
52954  28.563  -3.997  73.683 0.8750000000
50696  28.935  -4.652  73.902 1.0000000000
54082  26.837  -1.102  73.000 0.8750000000
54081  27.551  -1.590  73.437 0.8750000000
55326  25.417  -0.382  73.212 0.8750000000
113611  30.872  -0.772  77.612 0.8750000000
55262  31.181  -1.850  78.017 0.7500000000
54040  30.767  -2.454  77.515 0.8750000000
54053  30.364  -2.960  75.957 1.0000000000
136475  29.462  1.608  72.704 1.0000000000
128909  29.441  0.751  71.770 0.8750000000
126366  29.415  1.210  71.106 0.8750000000
123497  29.729  2.117  69.786 0.7500000000
58666  30.496  2.597  69.111 0.7500000000
58571  29.940  2.243  75.532 0.8750000000
59668  29.732  3.339  72.699 1.0000000000
60785  31.223  4.756  71.112 1.0000000000
125286  39.529  3.554  74.738 1.0000000000
58646  38.562  2.529  70.630 0.7500000000
62855  37.680  6.142  70.644 0.6250000000
134029  41.686  2.688  73.758 1.0000000000
63901  36.934  7.192  71.590 0.3750000000
59784  35.986  3.348  65.472 0.1250000000
60862  36.519  3.862  66.066 0.2500000000
60814  40.540  4.660  70.225 1.0000000000
60815  39.765  4.566  69.516 1.0000000000
61898  37.170  5.499  64.632 0.5000000000
62877  40.376  6.742  67.720 1.0000000000
124941  38.080  6.509  64.895 1.0000000000
64004  37.546  7.310  63.339 0.6250000000
65029  40.150  8.121  65.980 1.0000000000
67116  40.179  10.894  64.888 1.0000000000
135291  39.234  7.361  65.216 1.0000000000
65048  38.758  8.290  64.264 1.0000000000
64051  36.104  7.427  59.792 0.1250000000
124473  39.333  9.923  64.336 1.0000000000
65060  38.486  8.812  63.637 1.0000000000
65099  36.583  8.323  60.343 0.5000000000
67148  38.393  10.497  62.352 1.0000000000
68155  38.788  11.120  62.569 1.0000000000
123927  36.584  8.604  57.585 0.1250000000
68154  39.341  11.601  62.712 0.8750000000
66190  37.238  9.599  56.851 0.3750000000
69169  38.806  11.853  54.220 0.6250000000
67250  37.894  10.538  54.944 0.3750000000
67263  38.099  10.585  54.019 0.3750000000
69161  38.871  11.847  55.180 0.7500000000
121567  38.397  10.962  53.336 0.2500000000
68198  39.246  11.708  60.592 1.0000000000
68199  38.697  11.263  60.191 1.0000000000
67217  38.206  10.736  57.913 0.7500000000
70054  39.761  13.053  55.166 1.0000000000
70047  40.488  13.463  56.424 1.0000000000
69152  40.011  12.948  56.929 1.0000000000
68233  39.113  11.864  57.878 1.0000000000
70062  40.488  13.611  54.236 0.8750000000
70018  42.378  13.780  60.686 0.5000000000
69126  39.671  12.191  59.206 1.0000000000
71933  43.938  14.671  52.330 0.8750000000
71016  42.714  14.117  51.800 0.8750000000
113236  43.901  14.359  50.152 1.0000000000
124923  44.119  15.304  53.733 0.6250000000
71945  45.223  15.335  51.867 0.7500000000
71956  45.433  15.377  50.947 0.8750000000
73001  47.322  16.263  49.614 0.8750000000
71966  46.528  15.841  49.400 0.8750000000
72974  47.267  16.527  51.542 0.3750000000
74023  48.675  17.244  51.253 0.1250000000
74003  50.367  17.869  52.493 0.1250000000
74039  50.067  17.872  50.914 0.2500000000
49680  16.012  -5.149  74.977 0.6250000000
50715  17.504  -4.196  70.684 0.1250000000
128264  17.921  -3.517  70.762 0.1250000000
51834  17.853  -3.778  71.483 0.1250000000
50705  16.937  -5.242  73.046 0.1250000000
132570  16.743  -5.181  73.789 0.6250000000
50699  16.717  -5.087  74.547 0.6250000000
51825  18.282  -3.261  72.040 0.2500000000
55339  25.605  -0.640  72.428 0.7500000000
55340  24.671  -0.493  72.583 0.7500000000
55351  25.095  -0.742  71.753 0.6250000000
48831  16.571  -6.732  71.405 0.1250000000
49699  17.158  -5.049  70.888 0.1250000000
49694  17.043  -5.358  71.550 0.1250000000
49695  16.749  -5.914  71.833 0.1250000000
49690  17.054  -5.269  72.257 0.1250000000
50710  17.390  -4.603  71.713 0.1250000000
50708  17.391  -4.640  72.694 0.2500000000
51826  17.881  -4.006  72.364 0.2500000000
50704  17.360  -4.741  73.536 0.2500000000
136129  17.257  -4.846  74.191 0.6250000000
119959  18.348  -3.428  72.888 0.3750000000
51821  17.953  -4.178  73.236 0.5000000000
52971  18.784  -2.718  72.513 0.6250000000
51820  18.908  -2.891  73.351 0.6250000000
54104  25.915  -0.990  71.729 0.6250000000
54103  26.415  -0.976  72.395 0.6250000000
132855  26.749  -1.285  71.799 0.6250000000
54102  27.356  -1.542  72.478 0.7500000000
52975  28.176  -3.181  71.764 0.5000000000
118224  27.920  -2.445  72.300 0.3750000000
56436  29.440  0.283  71.176 0.7500000000
55350  29.563  -0.798  71.267 0.6250000000
117555  29.719  -1.841  72.135 0.6250000000
52969  28.073  -2.558  73.118 0.7500000000
54120  29.678  -2.856  71.596 0.6250000000
52974  29.487  -3.977  71.849 0.5000000000
51832  28.631  -4.372  72.118 0.5000000000
132314  29.150  -4.625  72.478 0.6250000000
50707  29.004  -4.724  72.423 0.6250000000
126046  29.466  -0.159  70.372 0.5000000000
56427  29.538  -0.268  72.140 0.7500000000
51824  28.849  -4.605  73.193 0.6250000000
52968  28.391  -3.580  72.729 0.7500000000
131820  29.628  -3.558  72.650 0.6250000000
49644  15.293  -5.383  80.252 0.6250000000
49626  14.175  -5.486  81.302 0.6250000000
122126  15.854  -5.007  78.906 0.7500000000
55338  29.600  -1.151  72.865 0.7500000000
50702  29.009  -4.694  73.339 0.6250000000
125128  15.879  -5.064  79.810 0.6250000000
52865  19.402  -2.208  79.042 0.5000000000
51773  18.242  -3.033  78.820 0.5000000000
50670  17.127  -4.027  78.746 0.7500000000
135810  21.076  -1.530  78.800 0.6250000000
54024  20.263  -1.895  78.725 0.5000000000
52881  19.516  -2.344  78.208 0.5000000000
52882  18.841  -2.625  78.522 0.6250000000
51780  17.767  -3.587  78.232 0.6250000000
52897  18.958  -2.775  77.760 0.6250000000
51787  18.412  -3.143  78.060 0.6250000000
136831  18.113  -3.481  77.724 0.6250000000
54035  20.174  -2.077  77.794 0.7500000000
52896  19.524  -2.453  77.378 0.7500000000
54101  29.696  -2.421  73.201 0.8750000000
51818  29.248  -4.475  73.428 0.6250000000
133241  16.508  -4.407  79.375 0.6250000000
51774  17.622  -3.428  79.127 0.6250000000
59614  30.550  3.687  75.670 0.7500000000
60727  30.866  4.406  75.254 0.6250000000
60739  30.693  4.441  74.307 0.6250000000
60767  31.100  4.961  71.982 0.8750000000
61816  31.741  5.297  71.474 0.8750000000
60738  31.333  5.081  74.714 0.6250000000
114697  31.578  5.383  73.819 0.7500000000
116854  31.061  4.883  73.851 0.7500000000
60752  31.144  5.068  72.997 0.7500000000
61806  31.718  5.461  72.361 0.7500000000
114084  33.006  5.753  71.120 0.6250000000
61829  33.647  5.579  70.581 0.7500000000
133163  32.342  5.472  71.054 0.8750000000
61791  31.950  5.804  74.524 0.5000000000
61797  31.783  5.554  73.135 0.6250000000
61815  32.457  5.795  71.855 0.6250000000
61840  34.328  5.272  70.179 0.8750000000
57541  39.678  1.242  74.277 0.6250000000
59718  37.751  3.212  69.132 0.5000000000
61790  32.169  5.913  73.677 0.3750000000
61805  32.325  5.927  72.826 0.6250000000
62837  33.075  6.367  72.517 0.6250000000
62850  33.790  6.454  71.986 0.5000000000
121811  33.188  6.131  71.746 0.6250000000
61814  33.777  6.064  71.278 0.7500000000
61828  34.502  5.881  70.721 0.7500000000
129810  34.811  5.452  70.330 0.8750000000
57517  38.754  1.572  75.973 0.7500000000
62818  32.539  6.400  74.327 0.2500000000
62825  32.769  6.416  73.430 0.5000000000
62824  33.474  6.751  73.246 0.1250000000
62836  33.768  6.698  72.620 0.5000000000
62858  35.185  6.239  70.853 0.7500000000
63876  33.913  7.116  73.815 0.1250000000
62823  34.157  7.038  73.051 0.1250000000
62835  34.398  6.816  72.319 0.5000000000
72847  45.266  16.795  61.541 0.2500000000
71825  44.894  15.894  61.739 0.2500000000
71818  44.355  15.186  62.088 0.2500000000
70911  43.580  14.681  62.569 0.3750000000
70907  42.808  14.273  63.161 0.3750000000
72860  44.917  16.855  60.800 0.2500000000
71838  44.643  15.994  60.945 0.2500000000
71826  44.179  15.265  61.239 0.2500000000
70918  43.557  14.652  61.613 0.3750000000
70002  42.086  13.747  62.849 0.3750000000
69996  41.510  13.395  63.467 0.6250000000
71839  43.865  15.444  60.445 0.2500000000
70919  42.932  14.165  61.109 0.2500000000
128636  41.888  13.613  62.015 0.3750000000
70003  41.371  13.352  62.676 0.6250000000
69997  40.906  13.029  63.148 0.6250000000
70927  43.463  14.727  60.761 0.2500000000
70928  42.881  14.215  60.298 0.2500000000
63875  34.645  7.348  73.628 0.1250000000
63890  34.903  7.227  72.811 0.2500000000
62834  35.202  6.973  72.018 0.3750000000
62848  35.577  6.647  71.278 0.5000000000
72831  45.458  16.790  62.330 0.2500000000
71817  45.016  15.911  62.642 0.2500000000
71807  44.359  15.286  63.076 0.2500000000
70898  42.928  14.286  64.102 0.3750000000
69995  42.211  13.812  63.740 0.3750000000
69989  41.704  13.332  64.269 0.6250000000
73876  45.550  17.736  61.484 0.2500000000
72861  44.236  16.159  60.162 0.2500000000
69077  41.339  12.739  64.693 0.7500000000
70937  42.606  14.366  59.490 0.3750000000
71854  42.980  15.083  59.109 0.3750000000
70936  43.255  14.865  59.943 0.2500000000
63889  35.719  7.368  72.599 0.2500000000
69076  42.029  13.092  65.020 0.5000000000
73891  45.159  17.792  60.660 0.2500000000
130270  41.729  12.511  65.299 0.6250000000
72874  44.471  16.963  59.921 0.2500000000
72884  44.106  17.045  58.883 0.3750000000
72875  43.796  16.350  59.286 0.3750000000
72885  43.640  16.404  58.266 0.3750000000
71865  43.323  15.733  58.709 0.3750000000
73905  44.680  17.766  59.568 0.2500000000
63934  42.293  7.793  68.957 0.6250000000
49634  14.694  -5.500  80.740 0.6250000000
119534  30.352  2.910  76.050 0.6250000000
58661  38.207  2.838  69.819 0.6250000000
67103  41.295  10.639  65.976 0.8750000000
69088  41.007  12.950  63.954 0.6250000000
70010  42.362  13.799  61.399 0.3750000000
73937  44.049  17.027  57.785 0.3750000000
51833  18.263  -3.098  71.210 0.2500000000
57575  29.512  1.703  70.381 0.7500000000
49691  16.543  -5.763  72.569 0.1250000000
55352  24.228  -0.964  71.739 0.6250000000
130580  28.999  -4.742  71.742 0.3750000000
62849  34.622  6.474  71.462 0.6250000000
70912  42.747  14.114  62.082 0.3750000000
69988  42.456  13.672  64.568 0.3750000000
71853  43.536  15.618  59.623 0.2500000000
41214  13.359  -14.577  85.983 0.1250000000
41223  13.332  -14.041  85.318 0.1250000000
134533  13.499  -13.891  84.193 0.1250000000
42083  13.187  -13.656  84.669 0.1250000000
125741  13.101  -13.589  83.885 0.1250000000
39411  11.716  -16.151  87.195 0.1250000000
41215  12.612  -14.766  86.477 0.1250000000
41224  12.709  -14.065  85.915 0.1250000000
135686  12.098  -13.689  85.782 0.1250000000
42076  12.643  -13.503  85.273 0.1250000000
42084  12.390  -13.275  84.412 0.1250000000
42093  12.445  -13.276  83.369 0.1250000000
38385  9.779  -17.922  88.898 0.1250000000
38392  9.708  -16.915  88.460 0.1250000000
40328  10.580  -16.214  87.408 0.1250000000
40337  10.067  -15.604  87.192 0.1250000000
41225  11.902  -14.277  86.336 0.1250000000
41216  10.827  -14.559  86.610 0.1250000000
136447  11.716  -13.130  84.452 0.1250000000
42094  11.612  -13.074  83.754 0.1250000000
42104  11.754  -13.052  82.772 0.1250000000
42103  12.488  -13.328  82.415 0.1250000000
39394  10.044  -17.885  89.455 0.1250000000
38386  9.819  -17.998  89.162 0.1250000000
39401  9.956  -17.153  88.688 0.1250000000
113118  7.711  -15.703  88.346 0.1250000000
114170  7.094  -14.953  88.462 0.1250000000
113095  8.598  -16.314  88.169 0.1250000000
112988  9.399  -15.029  86.895 0.1250000000
131367  10.816  -13.395  85.736 0.1250000000
42069  10.272  -13.996  86.267 0.1250000000
113209  10.350  -12.657  84.452 0.1250000000
119503  11.167  -12.991  84.459 0.1250000000
43090  10.863  -12.787  83.839 0.1250000000
42085  11.665  -13.233  85.208 0.1250000000
43100  10.988  -12.801  83.074 0.1250000000
43116  11.134  -12.803  82.214 0.1250000000
42119  11.821  -13.062  81.873 0.1250000000
43067  12.018  -13.029  88.569 0.2500000000
39399  11.262  -16.878  89.085 0.1250000000
122472  10.226  -15.231  88.657 0.1250000000
112979  10.380  -13.119  88.704 0.2500000000
40325  9.777  -16.332  88.602 0.2500000000
112595  9.001  -15.703  88.558 0.2500000000
115382  8.949  -16.278  88.343 0.2500000000
112590  8.105  -16.105  88.288 0.2500000000
112593  7.820  -16.036  88.113 0.1250000000
112592  7.089  -15.337  88.109 0.1250000000
112832  7.661  -15.401  87.485 0.1250000000
113185  9.814  -13.399  85.744 0.1250000000
112599  8.881  -14.338  86.461 0.1250000000
112612  9.867  -12.842  85.065 0.1250000000
43133  9.971  -12.279  81.798 0.1250000000
43117  10.424  -12.515  82.477 0.1250000000
126607  10.648  -12.550  81.769 0.1250000000
43132  10.534  -12.349  81.030 0.1250000000
43131  11.210  -12.746  81.401 0.1250000000
113462  11.324  -12.631  80.605 0.1250000000
112607  11.193  -12.336  88.695 0.2500000000
112623  9.184  -12.228  88.853 0.2500000000
113126  9.110  -12.545  84.400 0.1250000000
43101  10.121  -12.431  83.461 0.1250000000
43118  9.601  -12.286  82.583 0.1250000000
112633  8.728  -11.491  81.129 0.1250000000
127383  9.616  -11.966  81.090 0.1250000000
44133  10.223  -11.881  80.352 0.1250000000
43147  10.857  -12.274  80.254 0.1250000000
44155  9.939  -11.478  79.685 0.1250000000
118619  11.468  -12.484  79.783 0.1250000000
112632  9.097  -12.277  83.310 0.1250000000
129226  8.893  -12.103  82.648 0.1250000000
44119  9.011  -12.003  81.897 0.1250000000
116169  8.780  -11.228  80.415 0.1250000000
44134  9.395  -11.578  80.402 0.1250000000
44176  9.629  -11.013  79.134 0.1250000000
43161  10.797  -11.925  79.496 0.1250000000
44175  10.310  -11.399  78.861 0.1250000000
44174  11.056  -11.799  78.483 0.1250000000
44190  10.527  -11.310  77.949 0.1250000000
45277  10.403  -10.598  76.489 0.1250000000
112604  8.375  -11.954  83.179 0.1250000000
112600  7.460  -12.001  83.880 0.1250000000
131337  6.379  -12.064  84.240 0.1250000000
129368  8.473  -11.377  81.930 0.1250000000
113026  8.491  -11.627  82.520 0.1250000000
128680  7.698  -11.275  82.999 0.1250000000
112639  6.797  -10.951  82.892 0.1250000000
128710  8.134  -11.023  82.379 0.1250000000
112833  7.333  -10.494  82.701 0.1250000000
112642  8.407  -10.098  79.488 0.1250000000
44156  9.176  -11.162  79.810 0.1250000000
130356  9.031  -10.568  79.318 0.1250000000
134966  9.375  -10.529  78.745 0.1250000000
45244  9.882  -10.870  78.381 0.1250000000
45245  9.401  -10.292  78.125 0.1250000000
45260  9.299  -9.998  77.428 0.1250000000
45259  10.039  -10.597  77.458 0.1250000000
45278  9.720  -10.087  76.703 0.1250000000
46247  9.367  -9.509  76.233 0.1250000000
113043  6.830  -11.509  83.564 0.1250000000
112651  6.909  -10.155  82.301 0.1250000000
128769  8.118  -10.078  81.295 0.1250000000
112901  7.629  -9.829  80.941 0.1250000000
112641  8.115  -10.049  80.405 0.1250000000
130645  8.611  -10.683  80.022 0.1250000000
112647  8.141  -9.587  78.918 0.1250000000
46222  8.792  -10.061  78.680 0.1250000000
113538  8.370  -9.511  78.230 0.1250000000
46235  8.609  -9.434  77.453 0.1250000000
129163  8.913  -9.826  77.995 0.1250000000
45261  9.154  -9.638  76.899 0.1250000000
46248  8.695  -9.153  76.657 0.1250000000
46260  10.052  -10.037  75.782 0.1250000000
112601  5.487  -12.072  84.752 0.3750000000
113028  5.796  -11.871  84.053 0.1250000000
112613  6.160  -10.826  82.656 0.1250000000
112605  6.145  -11.369  83.345 0.1250000000
130566  5.620  -10.982  82.419 0.1250000000
128712  6.743  -9.964  81.212 0.1250000000
112646  5.836  -10.513  81.878 0.1250000000
46223  7.791  -9.363  78.404 0.1250000000
49676  14.409  -5.449  75.248 0.3750000000
47118  7.964  -8.999  77.060 0.1250000000
113141  5.939  -10.445  85.164 0.5000000000
112634  5.782  -10.864  85.769 0.5000000000
128810  5.434  -12.312  84.968 0.3750000000
112947  4.800  -12.215  84.602 0.2500000000
128738  4.699  -12.094  83.667 0.1250000000
44110  4.151  -12.156  82.715 0.1250000000
44121  4.117  -11.633  81.680 0.1250000000
51766  16.926  -3.966  80.091 0.5000000000
45202  4.845  -10.921  81.274 0.1250000000
130699  17.138  -3.837  79.446 0.5000000000
112961  7.282  -9.646  80.366 0.1250000000
46201  6.264  -9.873  80.173 0.1250000000
45217  5.587  -10.318  80.803 0.1250000000
44135  3.889  -11.405  80.750 0.1250000000
113107  7.748  -9.640  79.622 0.1250000000
46212  6.836  -9.549  79.505 0.1250000000
113128  7.362  -9.450  78.871 0.1250000000
118421  7.160  -9.398  78.120 0.1250000000
46236  7.855  -9.205  77.801 0.1250000000
113025  6.186  -9.891  84.685 0.5000000000
113176  5.754  -9.890  85.445 0.5000000000
132285  6.022  -12.127  86.665 0.3750000000
112621  4.891  -13.432  86.158 0.3750000000
112945  4.904  -12.974  85.537 0.3750000000
128814  4.229  -12.521  84.244 0.1250000000
128762  4.112  -13.001  84.962 0.1250000000
51742  16.819  -3.943  82.573 0.2500000000
50646  16.258  -4.495  82.105 0.2500000000
50647  15.671  -4.958  82.587 0.2500000000
50654  15.775  -5.083  81.616 0.3750000000
43102  3.953  -12.534  83.637 0.1250000000
125679  3.505  -13.070  84.250 0.1250000000
50653  16.291  -4.565  81.181 0.3750000000
125510  16.714  -4.070  80.775 0.5000000000
50661  15.855  -5.125  80.716 0.3750000000
44111  3.405  -12.192  81.991 0.1250000000
43119  3.078  -12.664  82.514 0.1250000000
44122  3.090  -11.989  81.234 0.1250000000
45230  5.305  -10.260  79.793 0.1250000000
45218  4.598  -10.750  80.312 0.1250000000
46213  5.932  -9.800  79.225 0.1250000000
54154  25.029  -1.338  69.678 0.1250000000
46149  6.136  -9.368  85.140 0.5000000000
113739  5.603  -10.343  86.227 0.5000000000
128835  5.299  -11.452  87.647 0.3750000000
131151  5.496  -12.808  86.333 0.3750000000
113182  4.859  -13.605  86.970 0.3750000000
42071  4.192  -13.736  86.334 0.2500000000
50639  16.176  -4.453  83.066 0.2500000000
49624  15.233  -5.405  81.991 0.3750000000
129365  2.064  -13.398  83.430 0.1250000000
43103  3.085  -13.032  83.332 0.1250000000
51755  16.864  -3.890  81.556 0.2500000000
49625  14.855  -5.568  81.482 0.5000000000
52855  17.830  -2.847  80.439 0.3750000000
113930  22.010  -1.177  70.781 0.1250000000
115059  21.254  -1.221  70.767 0.1250000000
54126  22.430  -1.080  71.521 0.1250000000
114613  24.167  -1.280  69.894 0.1250000000
54141  23.281  -1.186  70.039 0.1250000000
54139  25.659  -1.310  70.304 0.1250000000
54151  27.176  -2.295  69.730 0.2500000000
54137  27.296  -2.127  70.537 0.2500000000
54138  26.564  -1.559  70.064 0.1250000000
51841  28.170  -4.697  70.301 0.1250000000
52981  27.680  -3.479  70.156 0.2500000000
136822  28.026  -3.901  70.619 0.2500000000
50712  28.573  -4.497  71.078 0.1250000000
135303  29.079  -4.444  70.846 0.1250000000
47915  6.580  -7.698  85.661 0.5000000000
47052  6.350  -8.514  85.406 0.3750000000
47053  5.749  -9.072  86.015 0.3750000000
52816  16.850  -3.254  84.804 0.2500000000
130768  16.053  -4.342  83.784 0.2500000000
51731  15.653  -4.404  84.188 0.2500000000
50641  14.741  -4.905  83.798 0.2500000000
49604  14.305  -5.363  83.221 0.5000000000
51741  17.338  -3.430  83.080 0.2500000000
122331  16.616  -3.932  83.502 0.2500000000
50640  15.494  -4.709  83.570 0.2500000000
49614  15.028  -5.228  82.933 0.3750000000
52834  17.853  -2.745  82.662 0.3750000000
49615  14.499  -5.541  82.219 0.5000000000
52842  18.052  -2.549  81.830 0.3750000000
52843  17.666  -2.949  81.245 0.3750000000
52867  18.040  -2.885  79.628 0.3750000000
113723  22.903  -1.085  70.797 0.1250000000
54125  23.330  -1.013  71.605 0.1250000000
54140  24.802  -1.217  70.481 0.1250000000
113271  23.926  -1.177  70.833 0.1250000000
117962  27.838  -3.043  70.941 0.2500000000
51840  28.626  -4.568  71.265 0.2500000000
121300  29.652  -2.327  70.673 0.2500000000
129202  29.459  -3.629  70.951 0.1250000000
57593  29.866  1.140  68.775 0.2500000000
55374  29.587  -0.619  69.553 0.2500000000
55363  29.596  -1.203  70.480 0.2500000000
115567  30.505  1.595  68.414 0.2500000000
53951  16.097  -2.114  86.915 0.2500000000
52796  15.688  -2.849  86.520 0.2500000000
119164  15.063  -3.001  86.887 0.2500000000
52804  16.982  -2.056  85.830 0.2500000000
52795  16.360  -2.527  86.181 0.2500000000
51708  15.930  -3.336  85.821 0.2500000000
51709  14.681  -4.211  85.538 0.2500000000
51710  13.950  -4.391  85.751 0.2500000000
53957  17.585  -1.595  85.470 0.2500000000
52805  16.623  -2.952  85.516 0.2500000000
122551  15.367  -3.982  85.371 0.2500000000
51719  14.858  -4.435  85.065 0.2500000000
50630  14.573  -4.749  84.587 0.2500000000
50631  13.670  -5.170  84.719 0.2500000000
53962  17.801  -1.881  84.715 0.2500000000
117407  17.497  -2.708  84.391 0.2500000000
51730  16.248  -3.934  84.346 0.2500000000
50642  14.065  -5.195  84.067 0.2500000000
49593  13.477  -5.397  84.153 0.5000000000
53971  18.011  -2.038  83.875 0.2500000000
52826  17.700  -2.791  83.527 0.2500000000
49605  13.618  -5.494  83.479 0.5000000000
49617  12.886  -5.551  82.869 0.5000000000
127104  18.326  -2.166  82.357 0.3750000000
49616  13.723  -5.550  82.606 0.5000000000
49627  13.030  -5.415  81.927 0.5000000000
52854  18.457  -2.351  80.147 0.3750000000
121480  18.276  -2.360  80.991 0.3750000000
52866  18.657  -2.468  79.327 0.3750000000
54124  24.691  -1.048  71.172 0.2500000000
54123  25.394  -1.119  71.064 0.1250000000
54122  26.445  -1.358  70.972 0.1250000000
54121  27.507  -1.955  71.499 0.2500000000
126004  28.324  -4.068  71.122 0.2500000000
51831  29.129  -4.563  71.537 0.2500000000
57592  31.372  1.957  68.315 0.5000000000
57590  33.140  1.602  68.946 0.3750000000
58682  32.891  2.274  68.984 0.3750000000
53945  13.952  -1.600  88.140 0.2500000000
52798  13.665  -2.991  87.327 0.2500000000
53943  15.656  -1.581  87.534 0.2500000000
52790  14.481  -2.522  87.458 0.2500000000
52797  14.424  -3.334  86.777 0.2500000000
133489  12.764  -3.960  86.574 0.2500000000
50611  12.328  -4.462  86.260 0.2500000000
50610  13.157  -4.477  85.997 0.2500000000
50618  13.461  -4.907  85.330 0.2500000000
49594  12.807  -5.516  84.359 0.5000000000
133468  13.045  -5.553  83.712 0.5000000000
53990  18.713  -1.790  81.666 0.3750000000
54000  18.922  -1.824  80.706 0.3750000000
52853  19.168  -2.021  79.869 0.3750000000
55228  29.405  0.038  79.954 0.3750000000
55238  27.813  -0.641  79.499 0.3750000000
55237  28.636  -0.991  79.761 0.3750000000
55341  23.652  -0.793  72.411 0.3750000000
56444  29.435  0.833  70.333 0.5000000000
123364  29.665  -1.786  71.245 0.2500000000
57582  30.035  2.016  69.082 0.5000000000
115083  29.616  1.410  69.584 0.3750000000
58685  30.670  2.227  68.694 0.6250000000
114331  33.606  1.238  70.493 0.2500000000
52791  12.870  -2.410  87.879 0.2500000000
51697  12.678  -3.257  87.272 0.2500000000
51703  12.030  -3.814  86.912 0.2500000000
53999  19.783  -1.541  80.432 0.3750000000
54011  20.042  -1.794  79.625 0.3750000000
57469  30.576  1.023  80.657 0.3750000000
55227  30.206  -0.485  80.011 0.3750000000
55236  30.349  -1.131  79.694 0.6250000000
56337  31.084  0.502  80.377 0.3750000000
55226  30.942  -0.281  80.031 0.3750000000
55234  31.225  -0.040  79.864 0.3750000000
54005  30.495  -1.874  79.187 0.6250000000
55235  31.007  -0.969  79.482 0.3750000000
55248  31.248  -0.522  79.267 0.6250000000
57497  30.915  1.011  78.496 0.3750000000
125354  30.549  1.828  77.605 0.5000000000
57503  30.586  0.929  77.592 0.5000000000
56435  34.061  1.001  71.415 0.1250000000
57581  33.418  1.872  69.552 0.2500000000
57467  31.429  1.464  80.474 0.3750000000
56336  31.344  0.713  80.219 0.3750000000
58525  31.901  2.523  80.023 0.2500000000
122223  31.708  1.873  79.826 0.2500000000
59572  31.851  3.369  79.768 0.2500000000
58539  31.049  2.051  78.887 0.2500000000
57496  31.451  1.058  79.463 0.2500000000
58538  31.594  2.758  79.499 0.2500000000
56359  31.367  0.109  79.048 0.3750000000
55239  24.173  -0.122  78.517 0.5000000000
54010  20.926  -1.441  79.491 0.3750000000
58506  31.720  2.485  80.339 0.2500000000
57466  31.704  1.901  80.217 0.2500000000
60713  30.943  4.373  76.265 0.3750000000
55241  23.396  -0.694  79.225 0.3750000000
54021  22.397  -1.119  78.983 0.5000000000
54009  21.893  -1.311  79.425 0.5000000000
61783  31.778  5.676  75.405 0.2500000000
60726  31.353  5.042  75.799 0.2500000000
123331  37.277  2.206  76.492 0.6250000000
67093  41.717  10.204  66.587 0.7500000000
133693  41.290  11.059  50.331 0.1250000000
67328  40.727  11.266  50.673 0.1250000000
67309  40.381  10.752  51.276 0.1250000000
68313  40.628  11.920  50.590 0.2500000000
67343  41.696  11.335  49.806 0.1250000000
68322  41.569  12.093  49.618 0.1250000000
68333  43.228  11.831  48.268 0.1250000000
68320  42.806  11.406  48.852 0.1250000000
69207  41.166  12.434  50.288 0.2500000000
68334  42.568  12.194  48.592 0.1250000000
68321  42.106  11.729  49.150 0.1250000000
68347  43.707  12.254  47.741 0.1250000000
69217  43.630  13.039  47.685 0.1250000000
69212  43.121  12.633  48.148 0.1250000000
69197  41.180  13.085  50.914 0.6250000000
69209  42.112  12.502  49.143 0.1250000000
70115  43.257  13.295  48.264 0.1250000000
69213  42.637  12.965  48.661 0.1250000000
70118  44.245  13.444  47.385 0.1250000000
70125  45.214  13.569  46.553 0.1250000000
70113  42.325  13.258  49.472 0.2500000000
71031  43.548  13.799  48.529 0.2500000000
70114  43.830  13.696  47.939 0.1250000000
70124  45.840  14.119  46.155 0.1250000000
71026  44.544  14.679  49.511 0.5000000000
71027  43.655  14.137  49.196 0.2500000000
71030  44.128  14.256  48.521 0.3750000000
71035  44.550  14.204  47.687 0.3750000000
71046  46.582  14.296  45.634 0.1250000000
70117  44.752  13.769  47.059 0.2500000000
70128  46.350  13.436  45.558 0.1250000000
71967  45.331  15.180  49.298 0.5000000000
71973  47.149  15.795  48.126 0.6250000000
71974  46.369  15.552  48.434 0.5000000000
71029  44.879  14.743  48.534 0.3750000000
71033  46.023  14.892  46.782 0.1250000000
71980  45.791  15.082  47.625 0.3750000000
116392  45.197  14.741  47.827 0.3750000000
71990  46.744  15.249  46.639 0.1250000000
71041  46.959  15.020  45.892 0.1250000000
71042  46.391  14.733  46.188 0.1250000000
71034  45.289  14.375  47.042 0.2500000000
46261  9.588  -9.266  75.477 0.1250000000
112596  8.169  -15.128  88.653 0.1250000000
113297  8.042  -12.988  88.584 0.2500000000
119668  11.345  -9.349  78.118 0.1250000000
56368  30.908  0.111  78.095 0.5000000000
57568  34.638  2.084  71.944 0.5000000000
134761  36.208  1.999  75.064 0.5000000000
112995  6.344  -14.567  88.213 0.1250000000
115256  9.994  -12.178  88.814 0.2500000000
132079  13.763  -5.517  81.820 0.5000000000
136845  45.926  15.521  49.121 0.7500000000
49681  15.161  -5.349  74.668 0.5000000000
49633  15.326  -5.430  81.136 0.5000000000
50660  16.348  -4.545  80.313 0.3750000000
40335  12.508  -15.552  86.811 0.1250000000
40336  11.510  -15.257  86.835 0.1250000000
128297  9.904  -16.931  87.850 0.1250000000
40329  9.374  -16.502  87.806 0.1250000000
39406  10.850  -16.934  87.641 0.1250000000
133020  11.330  -13.755  86.044 0.1250000000
112899  8.607  -16.080  87.695 0.1250000000
42086  10.674  -13.017  85.148 0.1250000000
42062  11.247  -13.670  88.624 0.2500000000
40324  10.820  -16.035  88.700 0.2500000000
39398  12.210  -16.714  88.942 0.1250000000
112591  8.255  -15.880  88.470 0.2500000000
44189  11.265  -11.743  77.553 0.1250000000
128711  8.292  -10.385  81.851 0.1250000000
112638  8.400  -10.767  80.796 0.1250000000
112863  7.655  -10.135  81.853 0.1250000000
128844  5.193  -11.994  84.482 0.2500000000
112938  5.358  -11.793  83.868 0.1250000000
112650  5.361  -11.498  82.961 0.1250000000
44120  4.993  -11.219  82.168 0.1250000000
113098  5.962  -12.200  85.735 0.3750000000
117110  17.447  -3.355  79.908 0.5000000000
51765  17.232  -3.463  80.764 0.5000000000
46249  7.148  -9.289  77.340 0.1250000000
113001  5.578  -10.988  86.903 0.5000000000
128811  4.100  -13.683  85.774 0.2500000000
42077  4.567  -13.620  86.371 0.3750000000
51754  17.442  -3.297  82.063 0.2500000000
113143  5.672  -9.741  85.855 0.5000000000
46144  5.512  -9.837  86.782 0.3750000000
128805  6.067  -12.073  87.084 0.3750000000
112617  5.121  -13.333  87.953 0.3750000000
42070  4.587  -13.635  86.869 0.2500000000
43082  3.710  -13.637  85.834 0.2500000000
135716  17.297  -3.389  81.405 0.2500000000
50713  28.166  -4.703  70.257 0.1250000000
47049  5.471  -8.833  87.014 0.3750000000
51729  17.124  -3.431  83.991 0.2500000000
51717  16.122  -3.722  85.151 0.2500000000
50629  15.153  -4.570  84.227 0.2500000000
56454  29.549  0.423  69.403 0.2500000000
52789  15.364  -2.366  87.245 0.2500000000
51701  15.121  -3.568  86.143 0.2500000000
133911  14.385  -3.883  86.115 0.2500000000
50617  14.229  -4.729  85.159 0.2500000000
52815  17.276  -2.474  85.171 0.2500000000
51718  15.423  -4.317  84.745 0.2500000000
52825  18.226  -2.156  83.069 0.2500000000
53938  14.288  -0.640  88.556 0.2500000000
53944  14.880  -1.683  87.872 0.2500000000
122833  13.637  -2.260  87.813 0.2500000000
51702  13.599  -3.777  86.540 0.2500000000
50619  12.641  -4.953  85.600 0.2500000000
56338  30.433  0.238  80.273 0.3750000000
56347  28.246  0.146  79.703 0.3750000000
51698  11.675  -3.133  87.617 0.2500000000
56346  31.401  0.435  79.704 0.2500000000
57483  31.603  1.222  80.035 0.2500000000
58549  30.648  2.669  77.984 0.2500000000
68312  41.112  11.705  50.154 0.1250000000
68303  40.135  11.651  51.216 0.1250000000
69210  41.748  12.685  49.709 0.2500000000
113454  42.994  13.599  48.905 0.2500000000
71975  45.573  15.178  48.457 0.5000000000
71979  46.547  15.401  47.466 0.2500000000
112626  4.938  -11.212  88.129 0.2500000000
112618  4.889  -12.103  87.986 0.2500000000
134788  5.508  -10.473  86.881 0.2500000000
46140  5.144  -9.852  88.947 0.2500000000
113192  4.623  -11.466  88.440 0.2500000000
112620  4.849  -13.394  87.640 0.2500000000
47913  5.595  -7.852  87.149 0.2500000000
45145  4.997  -10.598  88.548 0.2500000000
47912  6.231  -7.356  86.448 0.2500000000
113602  9.752  -1.317  88.895 0.1250000000
112699  8.655  -1.747  88.586 0.1250000000
50600  7.436  -3.248  89.044 0.1250000000
49571  6.343  -4.677  88.805 0.1250000000
55177  13.408  0.062  89.167 0.1250000000
53940  12.239  -0.993  89.190 0.1250000000
53935  11.178  -0.968  89.275 0.1250000000
52793  10.446  -2.030  88.578 0.1250000000
112704  9.729  -2.096  88.585 0.1250000000
113202  9.137  -2.226  88.546 0.1250000000
113680  9.089  -3.155  88.283 0.1250000000
112696  8.612  -3.873  88.028 0.1250000000
50606  7.803  -4.149  88.124 0.1250000000
50607  7.057  -4.372  88.417 0.1250000000
49576  6.639  -5.306  87.823 0.1250000000
49577  5.987  -5.589  88.344 0.1250000000
47909  5.447  -7.396  88.111 0.2500000000
47907  5.332  -7.949  89.192 0.2500000000
45140  4.260  -10.771  89.250 0.2500000000
55173  13.467  0.783  89.035 0.1250000000
53939  13.243  -0.855  88.993 0.1250000000
52785  11.026  -1.650  88.810 0.1250000000
51694  10.361  -3.010  88.152 0.1250000000
113226  9.673  -3.090  88.222 0.1250000000
112703  9.409  -3.960  87.623 0.1250000000
50614  8.152  -4.757  87.225 0.1250000000
49575  7.413  -5.075  87.373 0.1250000000
49581  6.924  -5.840  86.988 0.1250000000
48741  6.549  -6.582  86.697 0.2500000000
48742  5.851  -6.957  87.282 0.2500000000
125520  5.396  -8.495  88.209 0.2500000000
130106  11.225  -2.473  88.215 0.1250000000
113113  10.219  -3.914  87.462 0.1250000000
49579  8.411  -5.428  86.395 0.2500000000
49580  7.596  -5.651  86.598 0.1250000000
48747  6.824  -6.924  85.915 0.3750000000
51704  11.115  -3.730  87.356 0.1250000000
48753  7.752  -6.899  84.685 0.3750000000
47920  7.123  -7.251  85.162 0.3750000000
115465  7.346  -7.552  84.434 0.3750000000
113793  29.837  0.824  80.394 0.2500000000
57470  28.885  1.256  80.073 0.2500000000
113053  8.933  -4.666  86.974 0.1250000000
49588  7.876  -6.025  85.930 0.3750000000
48740  7.197  -6.270  86.252 0.2500000000
117876  14.194  0.544  89.048 0.1250000000
50613  10.847  -4.610  86.508 0.1250000000
50623  9.227  -5.212  86.281 0.2500000000
114958  9.097  -5.693  85.743 0.2500000000
49587  8.482  -5.910  85.676 0.2500000000
48746  7.458  -6.581  85.499 0.3750000000
55175  15.865  0.235  88.151 0.1250000000
55176  15.071  -0.099  88.462 0.1250000000
50612  11.610  -4.340  86.579 0.1250000000
50621  10.421  -5.209  86.014 0.2500000000
49585  10.545  -5.641  85.298 0.3750000000
49586  9.633  -5.883  85.123 0.3750000000
55182  16.506  -0.327  87.464 0.1250000000
55183  15.815  -0.717  87.827 0.1250000000
50633  12.180  -5.284  85.318 0.3750000000
49584  11.470  -5.444  85.284 0.3750000000
49609  9.290  -6.335  84.408 0.3750000000
117104  8.512  -6.576  84.505 0.3750000000
61686  30.031  6.069  82.068 0.1250000000
59541  30.306  4.054  81.981 0.1250000000
60649  29.300  4.292  82.216 0.1250000000
132820  16.696  0.640  87.726 0.1250000000
53942  16.352  -1.259  87.204 0.1250000000
49595  12.104  -5.521  84.814 0.3750000000
61685  31.105  5.794  81.477 0.1250000000
60663  30.671  5.012  81.808 0.1250000000
132939  29.665  3.627  82.037 0.1250000000
55181  17.031  0.141  87.050 0.1250000000
55188  16.921  -0.761  86.814 0.1250000000
53950  16.691  -1.651  86.510 0.1250000000
48757  9.603  -6.377  83.517 0.3750000000
61705  31.755  5.495  80.874 0.1250000000
116664  31.343  5.024  81.286 0.1250000000
60662  31.254  4.155  81.326 0.1250000000
59551  29.537  3.088  81.824 0.1250000000
58494  29.420  2.515  81.402 0.1250000000
55187  17.435  -0.293  86.606 0.1250000000
53949  17.390  -1.074  86.178 0.1250000000
59549  31.520  3.067  80.838 0.1250000000
58492  31.033  2.604  81.271 0.1250000000
55192  17.943  -0.902  85.710 0.1250000000
58507  31.486  2.140  80.690 0.1250000000
58493  30.352  2.450  81.444 0.2500000000
57455  29.711  1.634  80.806 0.2500000000
58509  27.837  2.713  80.817 0.1250000000
57471  27.143  2.040  79.996 0.1250000000
53956  18.148  -1.116  85.029 0.1250000000
53961  18.397  -1.316  84.217 0.1250000000
57468  31.129  1.176  80.705 0.2500000000
115531  28.106  1.963  80.206 0.2500000000
57485  26.176  1.562  79.652 0.1250000000
58526  25.495  2.146  80.039 0.1250000000
53970  18.606  -1.461  83.399 0.1250000000
57484  27.794  1.253  79.647 0.2500000000
114227  26.902  1.182  79.458 0.2500000000
136798  26.378  1.015  79.361 0.2500000000
116440  26.596  0.529  79.206 0.2500000000
49597  10.135  -6.048  84.422 0.3750000000
56285  16.782  1.835  87.875 0.1250000000
133347  16.582  1.308  88.046 0.1250000000
49596  11.153  -5.717  84.475 0.3750000000
58438  16.932  2.395  87.637 0.1250000000
130178  17.153  0.903  87.200 0.1250000000
49607  11.361  -5.730  83.559 0.3750000000
49608  10.505  -5.986  83.616 0.3750000000
124762  32.173  6.063  80.314 0.1250000000
60650  28.555  4.395  82.075 0.1250000000
57400  17.389  1.386  87.087 0.1250000000
49606  12.267  -5.628  83.457 0.3750000000
61725  32.344  5.681  79.635 0.1250000000
61704  32.067  4.982  80.249 0.1250000000
60675  31.747  4.011  80.542 0.1250000000
59553  28.032  3.872  81.569 0.1250000000
59543  28.417  3.833  81.852 0.1250000000
59552  28.779  3.284  81.753 0.1250000000
56295  17.599  0.572  86.737 0.1250000000
119569  18.445  -0.387  85.355 0.1250000000
60691  32.099  4.821  79.489 0.1250000000
59554  27.519  3.972  80.936 0.1250000000
58496  28.031  3.314  81.388 0.1250000000
55199  18.798  -0.589  84.565 0.1250000000
60687  31.824  4.136  79.459 0.1250000000
60674  31.992  4.073  79.962 0.1250000000
59561  31.865  3.196  80.228 0.1250000000
58510  26.377  3.091  80.627 0.1250000000
58497  27.386  3.305  80.831 0.1250000000
125061  26.975  2.753  80.505 0.1250000000
57472  26.258  2.398  80.247 0.1250000000
55206  19.111  -0.771  83.751 0.1250000000
120629  24.994  2.751  80.458 0.1250000000
57486  25.339  1.358  79.553 0.2500000000
53969  19.318  -0.982  82.954 0.2500000000
59579  31.536  3.695  79.098 0.1250000000
58527  24.746  1.986  79.909 0.2500000000
57487  24.753  1.120  79.534 0.2500000000
53979  18.736  -1.581  82.579 0.2500000000
59580  30.996  3.139  78.594 0.1250000000
58528  24.090  1.724  79.908 0.2500000000
56350  25.251  0.364  79.112 0.2500000000
57488  24.497  0.803  79.621 0.2500000000
56351  24.734  0.176  79.017 0.2500000000
57395  17.980  2.532  87.145 0.1250000000
57399  18.068  1.326  86.615 0.1250000000
61744  32.271  5.426  78.893 0.1250000000
56294  18.260  0.626  86.258 0.1250000000
57407  18.803  1.367  85.815 0.1250000000
56298  18.682  0.392  85.612 0.1250000000
60692  31.757  4.613  78.760 0.1250000000
61762  31.868  5.324  78.091 0.1250000000
55198  19.609  -0.079  84.179 0.1250000000
59587  31.136  4.012  78.227 0.1250000000
59563  25.577  3.535  80.713 0.1250000000
59564  24.512  3.530  80.809 0.1250000000
60703  30.939  4.259  77.283 0.1250000000
115575  23.605  3.200  80.873 0.1250000000
53978  19.397  -1.142  82.123 0.2500000000
59588  30.717  3.433  77.641 0.1250000000
59601  30.632  3.594  76.637 0.2500000000
58513  23.343  2.221  80.388 0.1250000000
57473  23.582  1.305  80.103 0.1250000000
56352  24.261  -0.291  79.924 0.1250000000
58448  18.620  3.182  86.653 0.1250000000
57405  20.181  2.568  85.380 0.1250000000
56304  20.091  0.762  84.510 0.1250000000
55205  19.987  -0.200  83.315 0.1250000000
58454  20.793  2.650  84.911 0.1250000000
55204  21.140  0.125  83.633 0.1250000000
130176  31.438  5.165  76.989 0.1250000000
59565  23.135  3.783  81.156 0.1250000000
134304  22.036  -0.310  83.420 0.1250000000
55212  20.812  -0.457  82.791 0.1250000000
59556  22.628  3.577  81.473 0.1250000000
55218  22.612  -1.325  82.350 0.2500000000
55219  21.235  -1.080  82.076 0.2500000000
55220  20.122  -0.735  81.872 0.2500000000
53989  19.523  -1.279  81.269 0.2500000000
58514  22.734  1.804  80.723 0.1250000000
113307  22.783  -1.721  81.444 0.2500000000
53987  21.645  -1.290  81.241 0.2500000000
53998  20.768  -1.318  80.315 0.2500000000
56339  24.362  0.071  80.441 0.1250000000
55240  23.956  -1.002  80.429 0.1250000000
54008  22.804  -1.209  79.720 0.2500000000
53996  22.929  -1.502  80.503 0.2500000000
53997  21.867  -1.292  80.374 0.2500000000
61776  31.999  5.896  76.786 0.1250000000
136975  32.034  5.762  77.519 0.1250000000
125673  31.709  5.592  76.193 0.1250000000
121110  22.124  0.826  83.695 0.1250000000
57440  22.500  1.445  82.751 0.1250000000
113595  22.906  0.501  83.384 0.1250000000
55210  23.641  -0.888  83.357 0.1250000000
56330  23.641  0.364  82.900 0.1250000000
55208  25.414  -1.864  82.977 0.1250000000
53977  25.112  -1.815  83.191 0.1250000000
53984  25.268  -2.270  82.486 0.1250000000
53995  24.557  -1.814  81.597 0.1250000000
54007  23.699  -1.285  80.476 0.1250000000
137123  37.309  1.142  71.922 0.1250000000
57566  37.126  1.415  71.221 0.1250000000
57518  37.886  1.476  76.509 0.5000000000
136041  37.904  1.196  72.722 0.1250000000
57556  38.493  1.167  73.740 0.2500000000
56391  38.446  0.797  75.834 0.3750000000
58633  37.911  2.014  70.958 0.2500000000
57565  38.234  1.632  71.909 0.3750000000
59732  37.324  3.514  68.402 0.2500000000
135694  37.451  2.678  69.465 0.2500000000
124005  37.625  2.350  70.114 0.2500000000
122318  36.483  5.582  62.529 0.2500000000
62952  36.862  6.139  63.182 0.3750000000
127842  36.373  5.933  61.686 0.2500000000
62975  36.743  6.458  62.468 0.2500000000
69980  42.830  13.367  65.348 0.3750000000
70906  43.590  14.774  63.593 0.2500000000
69064  42.472  12.541  65.731 0.5000000000
73864  46.218  18.750  62.686 0.1250000000
72830  45.926  17.874  62.978 0.1250000000
73875  46.040  18.500  62.089 0.1250000000
72846  45.823  17.743  62.169 0.1250000000
72814  45.531  16.793  63.239 0.1250000000
71806  45.070  15.971  63.621 0.1250000000
70897  43.739  14.729  64.514 0.1250000000
70905  44.365  15.379  64.080 0.1250000000
69987  43.236  14.080  64.938 0.2500000000
74876  45.335  18.654  60.250 0.1250000000
118012  42.592  11.656  66.353 0.5000000000
73920  44.487  17.679  58.370 0.2500000000
73935  45.169  17.881  57.010 0.2500000000
74908  44.936  18.207  57.867 0.2500000000
66061  41.784  9.375  67.291 0.6250000000
73936  44.586  17.525  57.357 0.2500000000
70896  44.604  15.263  64.973 0.1250000000
69979  43.717  13.774  65.716 0.1250000000
69063  43.336  12.964  66.024 0.3750000000
67092  42.478  10.812  66.746 0.5000000000
67085  42.472  10.098  67.249 0.6250000000
73952  44.837  17.236  56.587 0.2500000000
70887  44.119  14.534  65.351 0.1250000000
69043  43.855  12.505  66.607 0.1250000000
123253  43.450  11.775  66.751 0.1250000000
66059  43.306  9.987  67.808 0.3750000000
69970  44.281  13.378  66.411 0.1250000000
68091  43.067  11.223  66.882 0.5000000000
66060  42.546  9.495  67.697 0.6250000000
64996  42.643  8.513  68.632 0.6250000000
68097  43.109  12.279  66.314 0.3750000000
67084  43.122  10.678  67.281 0.5000000000
65011  42.227  8.865  67.935 0.6250000000
73840  45.721  18.338  64.269 0.1250000000
66048  42.994  9.221  68.275 0.5000000000
64984  43.109  8.149  69.430 0.3750000000
72939  45.817  16.269  54.522 0.2500000000
63920  43.652  7.767  70.318 0.2500000000
64995  43.543  8.837  68.987 0.3750000000
73023  47.653  16.226  48.722 0.6250000000
73021  49.261  16.599  48.396 0.5000000000
73040  48.721  16.232  47.767 0.5000000000
73041  47.892  16.082  47.921 0.5000000000
57398  18.517  2.207  86.388 0.1250000000
132433  7.750  -7.342  84.213 0.3750000000
136813  12.226  -5.544  82.773 0.3750000000
73951  45.606  17.362  56.387 0.2500000000
74889  44.982  18.395  59.006 0.1250000000
47048  5.975  -8.207  86.237 0.3750000000
52783  13.028  -1.637  88.424 0.1250000000
50632  12.866  -5.299  85.031 0.2500000000
52792  11.941  -2.453  88.017 0.1250000000
52784  12.048  -1.697  88.601 0.1250000000
53988  20.468  -1.104  81.117 0.2500000000
57454  30.489  1.742  81.096 0.2500000000
124028  30.496  2.757  77.038 0.3750000000
57453  31.125  1.830  81.037 0.1250000000
136819  24.172  -0.243  79.419 0.2500000000
50620  11.734  -4.977  85.913 0.1250000000
124922  10.964  -2.941  88.071 0.1250000000
112631  5.336  -10.675  87.645 0.2500000000
45146  4.597  -10.950  88.886 0.2500000000
46141  5.377  -9.681  88.070 0.2500000000
44060  4.256  -11.509  88.725 0.2500000000
112922  9.184  -1.441  88.437 0.1250000000
112698  8.499  -2.539  88.620 0.1250000000
130208  8.055  -3.221  88.620 0.1250000000
50601  6.610  -3.494  89.417 0.1250000000
55178  12.484  -0.266  89.215 0.1250000000
53934  11.533  -0.431  89.232 0.1250000000
53941  10.270  -0.811  89.113 0.1250000000
48737  6.242  -6.131  87.489 0.1250000000
48738  5.629  -6.458  88.160 0.2500000000
48735  5.379  -6.951  89.198 0.2500000000
47043  5.274  -8.706  89.221 0.2500000000
122471  5.306  -9.246  88.896 0.2500000000
124561  4.894  -9.317  89.485 0.2500000000
115944  7.866  -5.234  86.847 0.1250000000
112697  9.826  -4.708  86.613 0.1250000000
50622  9.813  -5.445  85.835 0.3750000000
48752  8.100  -6.254  85.167 0.3750000000
119588  11.018  -5.253  85.798 0.2500000000
49598  8.819  -6.041  85.056 0.3750000000
59542  28.959  3.704  82.029 0.1250000000
124347  11.961  -5.669  84.187 0.3750000000
59550  30.302  3.163  81.728 0.1250000000
135078  31.669  4.728  80.855 0.1250000000
58495  28.488  3.005  81.460 0.1250000000
58508  28.767  2.284  80.841 0.1250000000
55186  18.028  -0.216  86.162 0.1250000000
56349  25.895  0.683  79.234 0.2500000000
56348  27.351  0.382  79.393 0.2500000000
60651  28.164  4.533  81.742 0.1250000000
129052  27.797  3.588  81.204 0.1250000000
130119  28.355  3.493  81.670 0.1250000000
56305  19.185  0.156  84.941 0.1250000000
58511  25.683  2.773  80.487 0.1250000000
58512  24.171  2.571  80.408 0.1250000000
56297  19.502  0.929  85.212 0.1250000000
60702  31.354  4.711  77.877 0.1250000000
56312  20.398  0.294  84.003 0.1250000000
55213  19.894  -0.558  82.516 0.1250000000
59566  22.846  2.818  80.941 0.1250000000
56340  23.590  0.580  81.258 0.1250000000
121047  19.289  2.207  85.682 0.1250000000
59510  18.627  4.081  86.892 0.1250000000
58447  19.297  2.945  85.859 0.1250000000
57418  20.248  1.390  84.925 0.1250000000
57406  19.819  1.724  85.329 0.1250000000
58446  20.175  3.389  85.713 0.1250000000
57417  20.626  1.918  84.996 0.1250000000
56303  20.898  1.332  84.639 0.1250000000
56311  21.140  0.698  84.198 0.1250000000
58463  21.171  2.789  84.571 0.1250000000
57416  21.172  1.921  84.657 0.1250000000
59555  23.009  4.828  81.349 0.1250000000
128242  23.710  5.462  81.089 0.1250000000
55203  22.178  0.278  83.672 0.1250000000
55211  22.071  -0.817  82.875 0.2500000000
58498  22.339  2.448  81.493 0.1250000000
53986  23.853  -1.771  82.736 0.2500000000
57456  22.615  1.384  81.523 0.1250000000
136399  24.048  -2.058  82.009 0.2500000000
55229  24.248  -1.566  81.778 0.1250000000
127230  24.908  -0.579  81.997 0.1250000000
57428  22.018  1.602  83.431 0.1250000000
56310  21.542  1.130  84.222 0.1250000000
57429  21.579  1.957  84.163 0.1250000000
58482  21.972  2.641  82.628 0.1250000000
55202  23.053  -0.063  83.552 0.1250000000
56322  24.062  -0.519  83.232 0.1250000000
55209  24.985  -1.351  83.273 0.1250000000
56321  24.980  -0.836  83.029 0.1250000000
53976  25.621  -2.029  82.932 0.1250000000
56329  25.374  -1.847  82.436 0.1250000000
53985  25.097  -2.200  82.448 0.1250000000
118005  24.118  -1.842  81.489 0.2500000000
57542  38.650  0.688  74.947 0.1250000000
71791  45.160  15.941  64.601 0.1250000000
73022  48.431  16.436  48.544 0.6250000000
59503  17.973  3.513  87.254 0.1250000000
57591  32.424  1.709  68.407 0.3750000000
72999  48.932  16.785  49.147 0.5000000000
73039  49.602  16.352  47.601 0.3750000000
43069  4.128  -12.313  88.200 0.1250000000
45139  4.730  -10.255  89.154 0.1250000000
43074  3.839  -12.831  87.556 0.1250000000
127245  4.347  -10.044  89.523 0.1250000000
43077  3.478  -13.363  86.490 0.1250000000
42068  3.894  -13.469  86.968 0.1250000000
47038  5.027  -8.341  89.680 0.1250000000
43091  3.211  -13.441  85.150 0.1250000000
44065  3.749  -11.558  88.672 0.1250000000
44071  3.347  -12.092  87.910 0.1250000000
49686  15.839  -5.334  74.053 0.1250000000
137308  15.065  -5.595  74.013 0.2500000000
123777  29.676  -1.738  69.711 0.1250000000
56467  29.813  0.396  68.595 0.1250000000
113565  31.025  1.287  67.935 0.1250000000
58605  35.051  1.831  73.607 0.3750000000
136783  35.267  2.036  73.907 0.3750000000
57543  35.471  1.709  74.356 0.3750000000
57531  35.190  1.201  74.110 0.1250000000
57530  35.789  1.200  74.928 0.2500000000
57510  36.661  1.786  76.351 0.3750000000
56379  36.675  1.204  76.419 0.1250000000
57519  36.237  1.247  76.108 0.1250000000
56392  37.666  0.478  76.257 0.1250000000
58679  37.000  2.853  68.851 0.1250000000
63870  39.947  8.091  74.056 0.1250000000
121554  39.480  7.679  73.230 0.1250000000
64910  40.405  8.635  74.737 0.1250000000
65937  40.665  9.639  74.953 0.1250000000
120424  41.801  9.868  74.028 0.1250000000
64933  43.776  8.434  72.434 0.1250000000
66047  43.888  9.576  68.554 0.2500000000
67251  37.543  9.828  55.263 0.1250000000
72009  50.466  15.391  43.270 0.1250000000
72001  50.365  15.535  44.152 0.1250000000
73082  51.794  16.006  43.399 0.1250000000
72007  51.943  15.933  42.473 0.1250000000
73054  49.884  16.101  46.752 0.1250000000
73055  48.995  15.986  46.959 0.1250000000
71986  50.105  15.823  45.906 0.1250000000
73073  51.780  15.973  44.360 0.1250000000
136641  52.349  16.221  43.940 0.1250000000
72000  51.032  15.826  43.742 0.1250000000
72008  51.142  15.704  42.844 0.1250000000
114155  52.631  16.394  43.053 0.1250000000
73093  53.411  16.485  42.375 0.1250000000
128345  51.421  16.504  47.581 0.2500000000
73038  50.602  16.374  47.409 0.2500000000
73020  50.125  16.747  48.247 0.2500000000
114845  52.852  16.069  45.660 0.1250000000
120530  52.278  16.081  46.451 0.1250000000
73053  50.758  16.011  46.502 0.1250000000
71977  48.123  15.876  47.112 0.1250000000
71978  47.325  15.651  47.287 0.1250000000
73072  52.550  16.156  44.761 0.1250000000
118767  54.028  16.570  41.887 0.1250000000
73019  50.993  16.853  48.155 0.1250000000
74070  51.335  17.271  48.762 0.1250000000
74072  49.739  17.086  49.014 0.2500000000
73060  54.615  15.995  45.936 0.1250000000
73061  53.760  16.035  45.792 0.1250000000
73051  52.854  16.142  47.037 0.1250000000
120752  53.234  16.024  46.462 0.1250000000
73070  54.312  16.250  45.094 0.1250000000
114114  53.941  16.526  44.177 0.1250000000
114334  53.033  16.492  44.027 0.1250000000
73081  54.539  16.705  43.399 0.1250000000
128096  55.138  16.856  42.598 0.1250000000
73092  54.213  16.679  42.522 0.1250000000
73109  54.808  16.779  41.704 0.1250000000
73017  53.615  16.554  48.320 0.1250000000
74056  50.229  17.615  49.624 0.3750000000
73050  53.539  16.066  47.129 0.1250000000
73018  51.961  16.834  48.164 0.1250000000
74071  50.596  17.303  48.872 0.2500000000
129592  54.042  15.950  46.552 0.1250000000
73037  52.152  16.352  47.311 0.1250000000
74113  58.792  17.470  43.132 0.1250000000
73079  56.410  16.677  44.041 0.1250000000
74121  57.862  17.477  42.696 0.1250000000
73090  56.567  16.896  43.375 0.1250000000
73069  55.833  16.448  44.551 0.1250000000
75093  59.685  18.405  40.689 0.1250000000
74129  58.106  17.954  41.868 0.1250000000
74122  56.733  17.221  42.645 0.1250000000
116053  54.894  16.527  44.335 0.1250000000
75968  58.431  19.044  40.390 0.1250000000
74130  56.932  17.594  41.881 0.1250000000
129135  54.200  16.032  47.153 0.1250000000
73059  55.459  16.141  46.080 0.1250000000
73067  57.731  16.721  44.924 0.1250000000
115883  56.100  16.352  45.423 0.1250000000
75083  60.042  17.586  41.922 0.1250000000
73078  57.322  16.887  44.030 0.1250000000
130574  60.074  18.277  40.679 0.1250000000
75087  60.019  17.865  41.369 0.1250000000
75088  59.266  18.085  41.674 0.1250000000
75966  60.172  18.593  40.228 0.1250000000
130558  58.721  17.226  43.795 0.1250000000
74119  59.511  17.529  42.759 0.1250000000
133351  58.110  17.180  43.551 0.1250000000
75086  60.147  18.052  41.227 0.1250000000
119511  60.284  18.957  39.631 0.1250000000
74057  49.343  17.284  49.835 0.3750000000
42067  4.722  -13.454  87.448 0.1250000000
58588  36.758  2.188  76.069 0.3750000000
43083  2.804  -13.362  85.741 0.1250000000
43068  4.638  -12.441  88.040 0.1250000000
43073  4.331  -13.017  87.571 0.1250000000
134220  3.991  -11.114  89.244 0.1250000000
43075  3.157  -12.702  87.171 0.1250000000
133695  29.700  -0.180  68.846 0.1250000000
52989  29.570  -2.945  69.961 0.1250000000
56466  30.350  0.717  68.061 0.1250000000
57544  35.022  1.322  73.767 0.2500000000
58570  36.223  1.709  75.682 0.3750000000
57509  37.044  1.680  76.564 0.3750000000
56378  37.260  1.045  76.507 0.3750000000
117191  51.479  15.971  46.215 0.1250000000
73063  50.943  15.844  45.664 0.1250000000
71992  51.038  15.841  44.739 0.1250000000
115159  53.587  16.620  43.253 0.1250000000
73052  51.452  16.177  46.927 0.1250000000
73071  53.399  16.263  44.930 0.1250000000
73062  51.867  15.948  45.436 0.1250000000
115217  55.206  16.228  45.253 0.1250000000
73080  55.637  16.704  43.565 0.1250000000
73091  56.022  16.905  42.770 0.1250000000
73036  52.985  16.398  47.762 0.1250000000
74120  58.920  17.769  42.425 0.1250000000
74114  57.312  17.142  43.266 0.1250000000
75094  58.388  18.515  41.179 0.1250000000
75967  59.640  18.809  39.678 0.1250000000
73068  56.727  16.630  44.753 0.1250000000
45200  11.895  -10.427  81.907 0.2500000000
48806  12.518  -6.718  75.544 0.1250000000
49682  14.475  -5.764  74.369 0.1250000000
57574  34.056  1.778  71.203 0.2500000000
120640  33.361  1.029  69.488 0.1250000000
129386  36.207  4.613  62.842 0.1250000000
61922  36.546  5.446  63.292 0.1250000000
122848  45.387  18.703  58.447 0.1250000000
74907  45.730  18.482  57.560 0.1250000000
73966  46.067  16.895  55.804 0.1250000000
73965  46.881  17.080  55.643 0.1250000000
72923  46.346  16.630  55.111 0.1250000000
56463  33.088  0.989  68.546 0.1250000000
44070  14.319  -10.928  87.428 0.1250000000
44063  13.505  -11.192  88.159 0.1250000000
43066  12.472  -12.072  88.520 0.1250000000
45150  13.674  -10.683  87.179 0.1250000000
45144  12.311  -10.774  88.128 0.1250000000
44064  11.637  -11.311  88.447 0.1250000000
45156  13.025  -10.491  86.548 0.1250000000
133679  13.061  -11.166  84.677 0.1250000000
45161  12.910  -10.702  85.560 0.1250000000
44088  12.769  -11.068  84.796 0.1250000000
44100  12.587  -11.318  84.167 0.1250000000
44089  12.264  -11.228  84.353 0.1250000000
45175  12.310  -11.107  83.530 0.1250000000
45176  11.610  -11.039  83.759 0.1250000000
45186  12.594  -10.752  82.624 0.1250000000
45216  12.023  -10.238  80.969 0.1250000000
57557  34.698  1.570  72.844 0.1250000000
64088  36.448  7.380  57.074 0.1250000000
65136  36.584  8.155  56.722 0.1250000000
66191  36.937  8.915  56.220 0.1250000000
66178  36.819  8.965  57.021 0.1250000000
126675  37.345  9.710  56.030 0.1250000000
113982  12.158  -10.753  86.080 0.1250000000
45167  12.202  -11.011  85.204 0.1250000000
45151  12.448  -10.621  87.448 0.1250000000
120676  36.332  7.907  57.448 0.1250000000
42061  12.122  -13.834  88.524 0.1250000000
134634  10.855  -14.476  88.632 0.1250000000
135707  34.431  1.449  71.930 0.1250000000
45143  13.186  -10.755  87.915 0.1250000000
135005  13.096  -11.540  88.428 0.1250000000
123510  12.733  -11.142  88.352 0.1250000000
42060  12.908  -13.272  88.422 0.1250000000
45155  14.081  -10.664  86.680 0.1250000000
44083  13.452  -10.885  85.240 0.1250000000
44109  12.651  -11.180  83.445 0.1250000000
45199  12.685  -10.547  81.593 0.1250000000
64101  36.847  7.496  56.279 0.1250000000
65149  36.891  8.243  55.908 0.1250000000
37412  9.888  -18.386  89.277 0.1250000000
42063  4.795  -13.222  87.764 0.2500000000
52894  29.559  -3.057  77.660 0.8750000000
53937  15.182  -0.992  88.073 0.1250000000
54018  29.873  -2.385  78.942 0.7500000000
55174  11.005  -0.093  89.134 0.1250000000
55225  31.199  0.240  80.155 0.3750000000
57396  17.394  1.887  87.307 0.1250000000
58455  20.578  3.202  85.184 0.1250000000
60608  17.844  4.290  87.117 0.1250000000
73035  53.910  16.265  47.724 0.1250000000
73049  54.865  16.036  46.777 0.1250000000
73077  58.340  16.979  44.290 0.1250000000
74111  59.851  17.452  42.475 0.1250000000
75084  59.839  17.582  42.145 0.1250000000
76839  60.450  20.057  39.357 0.1250000000
115347  4.875  -13.019  87.893 0.2500000000
119816  17.672  1.839  87.020 0.1250000000
120359  3.644  -13.148  87.074 0.1250000000
125987  30.921  3.373  81.472 0.1250000000
126653  17.067  1.300  87.460 0.1250000000
129314  29.573  -0.958  79.842 0.3750000000
136052  25.640  -1.963  82.982 0.1250000000
