#!ascii label  , from subject sub-v1s15x0050217_ses-1 vox2ras=TkReg
759
126046  29.466  -0.159  70.372 0.0000000000
66231  38.001  9.846  53.928 0.0000000000
58719  36.058  2.578  66.964 0.0000000000
48805  13.048  -6.295  75.102 0.0000000000
55325  26.168  -0.672  73.053 0.0000000000
62951  37.406  6.648  63.778 0.0000000000
51820  18.908  -2.891  73.351 0.0000000000
49691  16.543  -5.763  72.569 0.0000000000
54127  21.560  -1.164  71.447 0.0000000000
66242  41.272  9.441  52.442 0.0000000000
59719  33.197  3.597  69.381 0.0000000000
56406  35.376  0.720  74.501 0.0000000000
56463  33.088  0.989  68.546 0.0000000000
70110  41.724  13.183  50.232 0.0000000000
69217  43.630  13.039  47.685 0.0000000000
67225  37.656  10.195  57.435 0.0000000000
63045  37.345  6.257  57.079 0.0000000000
123095  35.969  6.667  60.124 0.0000000000
58779  35.890  3.105  63.285 0.0000000000
51852  27.766  -4.820  69.644 0.0000000000
46244  12.943  -9.722  76.482 0.0000000000
46209  11.572  -9.640  79.605 0.0000000000
112648  9.363  -10.416  82.807 0.0000000000
50702  29.009  -4.694  73.339 0.0000000000
54139  25.659  -1.310  70.304 0.0000000000
123874  38.913  1.570  73.089 0.0000000000
117032  36.254  -0.187  70.796 0.0000000000
71995  48.549  15.401  45.436 0.0000000000
66244  39.472  9.854  52.532 0.0000000000
65167  38.912  8.301  54.204 0.0000000000
58666  30.496  2.597  69.111 0.0000000000
58682  32.891  2.274  68.984 0.0000000000
113565  31.025  1.287  67.935 0.0000000000
117902  39.272  12.344  53.922 0.0000000000
115848  41.169  13.521  52.088 0.0000000000
68304  39.613  11.761  51.822 0.0000000000
67328  40.727  11.266  50.673 0.0000000000
133679  13.061  -11.166  84.677 0.0000000000
125019  36.445  8.446  58.924 0.0000000000
65098  37.012  8.747  60.936 0.0000000000
61879  36.783  4.771  64.909 0.0000000000
129386  36.207  4.613  62.842 0.0000000000
59785  35.705  2.884  64.906 0.0000000000
57620  35.669  1.581  66.485 0.0000000000
49688  14.684  -6.106  73.663 0.0000000000
48022  15.377  -7.597  72.271 0.0000000000
47161  13.706  -7.916  73.731 0.0000000000
46274  14.435  -9.469  74.416 0.0000000000
47133  12.544  -8.384  75.472 0.0000000000
47112  10.473  -8.519  78.393 0.0000000000
46187  10.490  -9.970  81.301 0.0000000000
52969  28.073  -2.558  73.118 0.0000000000
54121  27.507  -1.955  71.499 0.0000000000
54104  25.915  -0.990  71.729 0.0000000000
52982  19.394  -1.915  70.239 0.0000000000
117690  20.686  -1.442  69.629 0.0000000000
54079  35.283  -1.357  73.864 0.0000000000
55304  36.407  -1.581  75.351 0.0000000000
65070  37.348  8.214  62.379 0.0000000000
61877  38.108  5.693  65.844 0.0000000000
60846  37.550  4.373  67.334 0.0000000000
51833  18.263  -3.098  71.210 0.0000000000
49699  17.158  -5.049  70.888 0.0000000000
50708  17.391  -4.640  72.694 0.0000000000
132570  16.743  -5.181  73.789 0.0000000000
49675  15.329  -5.206  75.528 0.0000000000
55340  24.671  -0.493  72.583 0.0000000000
54106  22.244  -0.918  72.857 0.0000000000
132172  20.472  -1.481  72.037 0.0000000000
59686  35.092  3.252  71.017 0.0000000000
134761  36.208  1.999  75.064 0.0000000000
57568  34.638  2.084  71.944 0.0000000000
124439  34.333  0.157  71.724 0.0000000000
116392  45.197  14.741  47.827 0.0000000000
69213  42.637  12.965  48.661 0.0000000000
67342  42.516  10.895  49.596 0.0000000000
67251  37.543  9.828  55.263 0.0000000000
64118  37.744  8.171  54.951 0.0000000000
65136  36.584  8.155  56.722 0.0000000000
62005  36.438  5.790  58.349 0.0000000000
60960  36.791  4.389  59.220 0.0000000000
62993  36.588  6.895  61.706 0.0000000000
130653  36.205  4.692  60.759 0.0000000000
135303  29.079  -4.444  70.846 0.0000000000
54166  29.831  -1.106  68.727 0.0000000000
69160  39.383  12.455  55.636 0.0000000000
48793  12.193  -6.286  76.980 0.0000000000
46246  11.654  -8.551  76.774 0.0000000000
46219  12.079  -9.814  78.198 0.0000000000
45228  13.505  -10.957  79.689 0.0000000000
45199  12.685  -10.547  81.593 0.0000000000
45175  12.310  -11.107  83.530 0.0000000000
113029  11.415  -11.180  84.782 0.0000000000
128723  9.237  -10.810  87.359 0.0000000000
54120  29.678  -2.856  71.596 0.0000000000
51840  28.626  -4.568  71.265 0.0000000000
54138  26.564  -1.559  70.064 0.0000000000
113271  23.926  -1.177  70.833 0.0000000000
135694  37.451  2.678  69.465 0.0000000000
56392  37.666  0.478  76.257 0.0000000000
56424  37.108  0.606  72.431 0.0000000000
57588  36.135  1.493  68.870 0.0000000000
55397  30.689  -0.124  67.680 0.0000000000
71050  49.093  14.788  43.970 0.0000000000
70124  45.840  14.119  46.155 0.0000000000
70127  46.990  13.716  45.066 0.0000000000
66245  38.841  10.152  52.724 0.0000000000
65178  39.410  8.773  53.660 0.0000000000
65179  38.708  8.898  53.809 0.0000000000
115083  29.616  1.410  69.584 0.0000000000
115567  30.505  1.595  68.414 0.0000000000
57593  29.866  1.140  68.775 0.0000000000
124246  38.441  11.290  53.824 0.0000000000
68286  38.836  11.734  53.162 0.0000000000
68296  38.647  10.858  52.750 0.0000000000
67294  39.241  10.577  52.271 0.0000000000
45161  12.910  -10.702  85.560 0.0000000000
66137  37.154  9.235  60.406 0.0000000000
66118  37.311  9.228  61.157 0.0000000000
60862  36.519  3.862  66.066 0.0000000000
60876  36.394  4.068  65.217 0.0000000000
59784  35.986  3.348  65.472 0.0000000000
137237  35.605  2.061  65.869 0.0000000000
58720  35.729  2.286  66.403 0.0000000000
48810  14.035  -6.375  74.032 0.0000000000
48815  14.387  -6.773  73.371 0.0000000000
48811  13.424  -6.702  74.458 0.0000000000
47145  13.338  -8.415  74.418 0.0000000000
47997  12.809  -7.108  74.890 0.0000000000
54081  27.551  -1.590  73.437 0.0000000000
54102  27.356  -1.542  72.478 0.0000000000
54103  26.415  -0.976  72.395 0.0000000000
52983  18.779  -2.256  70.229 0.0000000000
58587  37.731  2.765  75.947 0.0000000000
52952  36.189  -3.761  75.023 0.0000000000
61867  37.639  5.019  66.219 0.0000000000
60845  38.273  4.770  67.525 0.0000000000
52971  18.784  -2.718  72.513 0.0000000000
51826  17.881  -4.006  72.364 0.0000000000
119959  18.348  -3.428  72.888 0.0000000000
136129  17.257  -4.846  74.191 0.0000000000
50692  16.856  -4.944  75.342 0.0000000000
49680  16.012  -5.149  74.977 0.0000000000
55328  23.839  -0.468  73.240 0.0000000000
54086  20.200  -1.769  73.364 0.0000000000
54108  20.681  -1.370  72.695 0.0000000000
52956  19.452  -2.285  72.926 0.0000000000
52970  19.342  -2.202  72.062 0.0000000000
58620  35.016  2.302  72.782 0.0000000000
58649  33.834  2.223  70.230 0.0000000000
114331  33.606  1.238  70.493 0.0000000000
56453  33.523  0.410  70.097 0.0000000000
56443  33.914  0.291  70.837 0.0000000000
113483  33.409  0.001  69.033 0.0000000000
70101  41.380  13.464  51.558 0.0000000000
71027  43.655  14.137  49.196 0.0000000000
70113  42.325  13.258  49.472 0.0000000000
113501  41.175  10.558  50.894 0.0000000000
133693  41.290  11.059  50.331 0.0000000000
67308  41.797  9.984  51.211 0.0000000000
67238  37.690  10.263  56.594 0.0000000000
66191  36.937  8.915  56.220 0.0000000000
66178  36.819  8.965  57.021 0.0000000000
64064  36.062  7.506  58.745 0.0000000000
64076  36.158  7.397  57.804 0.0000000000
63034  35.953  6.453  59.152 0.0000000000
60967  36.644  5.036  58.776 0.0000000000
125095  36.364  4.987  59.542 0.0000000000
64004  37.546  7.310  63.339 0.0000000000
64018  37.112  7.343  62.549 0.0000000000
62974  37.157  6.773  63.066 0.0000000000
116703  36.030  3.663  62.795 0.0000000000
61942  36.233  4.874  61.671 0.0000000000
60919  36.180  3.864  61.958 0.0000000000
59851  36.442  3.226  61.327 0.0000000000
50713  28.166  -4.703  70.257 0.0000000000
51839  29.193  -4.004  70.166 0.0000000000
68234  38.632  11.327  57.483 0.0000000000
68250  38.571  11.294  56.631 0.0000000000
68262  38.356  11.148  55.668 0.0000000000
49690  17.054  -5.269  72.257 0.0000000000
48821  16.258  -6.440  72.160 0.0000000000
46258  13.504  -9.624  75.620 0.0000000000
45290  14.345  -10.239  75.699 0.0000000000
45274  14.568  -10.742  76.428 0.0000000000
114209  13.967  -10.764  77.175 0.0000000000
48794  11.645  -6.780  77.307 0.0000000000
47985  11.668  -7.596  76.829 0.0000000000
47976  11.156  -7.416  77.607 0.0000000000
137167  11.064  -9.319  79.178 0.0000000000
119668  11.345  -9.349  78.118 0.0000000000
46208  12.193  -9.955  79.218 0.0000000000
45243  12.823  -10.295  78.695 0.0000000000
45229  12.886  -10.470  79.685 0.0000000000
45214  13.357  -10.873  80.368 0.0000000000
45216  12.023  -10.238  80.969 0.0000000000
136834  9.651  -10.289  82.259 0.0000000000
45201  10.935  -10.302  82.111 0.0000000000
45188  10.912  -10.505  83.132 0.0000000000
45176  11.610  -11.039  83.759 0.0000000000
45177  10.798  -10.955  83.988 0.0000000000
131820  29.628  -3.558  72.650 0.0000000000
117555  29.719  -1.841  72.135 0.0000000000
132314  29.150  -4.625  72.478 0.0000000000
51831  29.129  -4.563  71.537 0.0000000000
50707  29.004  -4.724  72.423 0.0000000000
54122  26.445  -1.358  70.972 0.0000000000
54137  27.296  -2.127  70.537 0.0000000000
54105  22.767  -0.907  72.256 0.0000000000
55352  24.228  -0.964  71.739 0.0000000000
54126  22.430  -1.080  71.521 0.0000000000
54156  21.970  -1.253  69.212 0.0000000000
63066  37.429  7.415  55.860 0.0000000000
64109  38.541  7.433  55.295 0.0000000000
63056  38.139  6.596  56.467 0.0000000000
58646  38.562  2.529  70.630 0.0000000000
58661  38.207  2.838  69.819 0.0000000000
58633  37.911  2.014  70.958 0.0000000000
57530  35.789  1.200  74.928 0.0000000000
57509  37.044  1.680  76.564 0.0000000000
56379  36.675  1.204  76.419 0.0000000000
55336  36.693  -1.554  73.288 0.0000000000
56425  37.012  -0.134  73.280 0.0000000000
56434  36.572  -0.356  72.034 0.0000000000
57573  36.414  0.901  70.605 0.0000000000
56442  36.088  0.450  70.025 0.0000000000
56452  35.980  0.583  69.206 0.0000000000
55382  30.042  -0.258  68.192 0.0000000000
72003  48.792  15.160  44.652 0.0000000000
70114  43.830  13.696  47.939 0.0000000000
71034  45.289  14.375  47.042 0.0000000000
70117  44.752  13.769  47.059 0.0000000000
69222  45.863  12.335  46.210 0.0000000000
68356  46.465  11.763  46.318 0.0000000000
115801  19.516  -2.367  73.788 0.0000000000
119829  18.410  -3.568  73.742 0.0000000000
66243  40.337  9.626  52.388 0.0000000000
66228  40.783  9.123  53.034 0.0000000000
66229  39.850  9.262  53.058 0.0000000000
59734  31.953  3.143  68.966 0.0000000000
58665  32.653  2.999  69.105 0.0000000000
58683  32.072  2.535  68.676 0.0000000000
57592  31.372  1.957  68.315 0.0000000000
56465  31.789  1.219  67.917 0.0000000000
70070  40.845  13.786  53.566 0.0000000000
69188  40.119  12.914  52.711 0.0000000000
118306  40.207  12.689  51.917 0.0000000000
69198  40.528  12.442  51.132 0.0000000000
69207  41.166  12.434  50.288 0.0000000000
68303  40.135  11.651  51.216 0.0000000000
67309  40.381  10.752  51.276 0.0000000000
44099  12.872  -11.415  83.852 0.0000000000
67218  37.661  10.160  58.328 0.0000000000
66177  37.093  9.470  57.783 0.0000000000
66163  37.209  9.551  58.743 0.0000000000
66153  36.719  8.820  59.656 0.0000000000
64051  36.104  7.427  59.792 0.0000000000
61898  37.170  5.499  64.632 0.0000000000
61922  36.546  5.446  63.292 0.0000000000
61899  36.386  4.947  63.980 0.0000000000
59817  35.942  3.877  63.717 0.0000000000
59803  35.772  3.093  64.135 0.0000000000
58750  35.768  2.557  64.506 0.0000000000
57640  35.708  1.650  65.711 0.0000000000
54167  27.150  -2.212  68.971 0.0000000000
49692  15.810  -6.143  72.786 0.0000000000
48822  15.508  -6.821  72.424 0.0000000000
48814  15.005  -6.448  72.980 0.0000000000
48007  14.256  -7.512  73.234 0.0000000000
47160  14.299  -8.318  73.287 0.0000000000
47132  13.025  -8.828  75.129 0.0000000000
46259  12.650  -9.077  75.861 0.0000000000
135911  10.405  -7.888  78.451 0.0000000000
47106  9.606  -8.714  79.499 0.0000000000
46211  10.042  -9.169  79.790 0.0000000000
46200  10.436  -9.596  80.522 0.0000000000
112908  9.804  -9.700  80.999 0.0000000000
112858  9.098  -9.694  81.278 0.0000000000
122342  8.551  -10.339  82.483 0.0000000000
51824  28.849  -4.605  73.193 0.0000000000
51832  28.631  -4.372  72.118 0.0000000000
118224  27.920  -2.445  72.300 0.0000000000
132855  26.749  -1.285  71.799 0.0000000000
54123  25.394  -1.119  71.064 0.0000000000
133839  20.678  -1.349  71.300 0.0000000000
115059  21.254  -1.221  70.767 0.0000000000
54145  19.999  -1.680  69.817 0.0000000000
62015  37.837  5.703  57.688 0.0000000000
57541  39.678  1.242  74.277 0.0000000000
127590  35.214  0.291  74.259 0.0000000000
125948  35.973  -0.487  75.591 0.0000000000
55305  35.770  -1.525  75.342 0.0000000000
54077  36.456  -3.059  75.039 0.0000000000
71988  48.343  15.636  46.285 0.0000000000
113398  11.531  -10.734  88.048 0.0000000000
65049  38.155  7.928  63.609 0.0000000000
63992  37.877  7.273  63.933 0.0000000000
62930  37.550  6.234  64.473 0.0000000000
61878  37.423  5.268  65.416 0.0000000000
115907  37.107  4.332  66.687 0.0000000000
131608  36.622  3.654  66.800 0.0000000000
128264  17.921  -3.517  70.762 0.0000000000
50715  17.504  -4.196  70.684 0.0000000000
51834  17.853  -3.778  71.483 0.0000000000
50710  17.390  -4.603  71.713 0.0000000000
50705  16.937  -5.242  73.046 0.0000000000
51821  17.953  -4.178  73.236 0.0000000000
50704  17.360  -4.741  73.536 0.0000000000
114425  16.193  -5.541  73.275 0.0000000000
49686  15.839  -5.334  74.053 0.0000000000
49682  14.475  -5.764  74.369 0.0000000000
49676  14.409  -5.449  75.248 0.0000000000
55339  25.605  -0.640  72.428 0.0000000000
55327  24.629  -0.244  73.571 0.0000000000
55341  23.652  -0.793  72.411 0.0000000000
114118  21.944  -1.102  72.174 0.0000000000
54083  21.793  -0.923  73.490 0.0000000000
54107  21.454  -1.110  72.793 0.0000000000
116603  21.093  -1.181  72.080 0.0000000000
125621  19.956  -1.795  71.628 0.0000000000
131872  18.586  -2.516  70.904 0.0000000000
59648  36.281  2.897  73.599 0.0000000000
58603  36.733  2.488  74.937 0.0000000000
58604  35.397  2.416  73.477 0.0000000000
58605  35.051  1.831  73.607 0.0000000000
57544  35.022  1.322  73.767 0.0000000000
57574  34.056  1.778  71.203 0.0000000000
135707  34.431  1.449  71.930 0.0000000000
56426  34.714  0.859  73.296 0.0000000000
118963  34.607  0.101  72.684 0.0000000000
55349  34.605  -0.841  72.180 0.0000000000
71029  44.879  14.743  48.534 0.0000000000
71031  43.548  13.799  48.529 0.0000000000
70115  43.257  13.295  48.264 0.0000000000
68322  41.569  12.093  49.618 0.0000000000
68321  42.106  11.729  49.150 0.0000000000
67264  37.757  9.883  54.511 0.0000000000
66216  37.865  9.255  54.315 0.0000000000
115698  37.527  9.228  54.912 0.0000000000
64111  37.273  7.863  55.547 0.0000000000
63058  36.709  6.802  56.894 0.0000000000
120676  36.332  7.907  57.448 0.0000000000
131529  36.345  6.877  57.463 0.0000000000
63046  36.615  6.314  57.576 0.0000000000
62004  36.857  5.194  58.272 0.0000000000
60966  37.001  4.662  58.590 0.0000000000
65082  37.221  8.665  61.628 0.0000000000
65083  36.783  8.217  61.106 0.0000000000
63005  36.155  6.347  60.873 0.0000000000
122318  36.483  5.582  62.529 0.0000000000
127842  36.373  5.933  61.686 0.0000000000
61963  36.114  5.431  60.859 0.0000000000
60949  36.512  4.251  60.085 0.0000000000
121300  29.652  -2.327  70.673 0.0000000000
55374  29.587  -0.619  69.553 0.0000000000
52989  29.570  -2.945  69.961 0.0000000000
52999  29.320  -3.518  69.327 0.0000000000
69168  39.337  12.434  54.735 0.0000000000
68272  38.356  11.246  54.632 0.0000000000
49677  13.513  -5.678  75.582 0.0000000000
49672  12.663  -5.845  76.515 0.0000000000
49678  12.757  -5.990  75.788 0.0000000000
47984  12.094  -7.195  76.099 0.0000000000
47123  12.110  -8.252  76.127 0.0000000000
46245  12.155  -9.181  76.591 0.0000000000
46234  10.828  -8.879  77.813 0.0000000000
46233  11.553  -9.224  77.355 0.0000000000
46232  12.432  -9.770  77.269 0.0000000000
122354  13.499  -10.616  78.063 0.0000000000
115209  14.007  -11.207  78.531 0.0000000000
45185  13.242  -10.790  82.089 0.0000000000
45200  11.895  -10.427  81.907 0.0000000000
45186  12.594  -10.752  82.624 0.0000000000
44108  13.056  -11.061  82.883 0.0000000000
44100  12.587  -11.318  84.167 0.0000000000
45167  12.202  -11.011  85.204 0.0000000000
128690  11.436  -10.922  85.809 0.0000000000
128791  9.891  -11.047  85.198 0.0000000000
112887  10.696  -10.843  86.465 0.0000000000
128751  10.732  -10.838  87.205 0.0000000000
56444  29.435  0.833  70.333 0.0000000000
55350  29.563  -0.798  71.267 0.0000000000
123364  29.665  -1.786  71.245 0.0000000000
129202  29.459  -3.629  70.951 0.0000000000
50712  28.573  -4.497  71.078 0.0000000000
51841  28.170  -4.697  70.301 0.0000000000
52975  28.176  -3.181  71.764 0.0000000000
136822  28.026  -3.901  70.619 0.0000000000
52981  27.680  -3.479  70.156 0.0000000000
55351  25.095  -0.742  71.753 0.0000000000
54124  24.691  -1.048  71.172 0.0000000000
54140  24.802  -1.217  70.481 0.0000000000
54142  22.404  -1.192  70.048 0.0000000000
54141  23.281  -1.186  70.039 0.0000000000
114613  24.167  -1.280  69.894 0.0000000000
64117  38.344  7.934  54.749 0.0000000000
59731  38.101  3.853  68.742 0.0000000000
59732  37.324  3.514  68.402 0.0000000000
59733  36.649  3.067  68.073 0.0000000000
123331  37.277  2.206  76.492 0.0000000000
56391  38.446  0.797  75.834 0.0000000000
57556  38.493  1.167  73.740 0.0000000000
55285  37.154  -0.279  75.959 0.0000000000
121690  37.675  0.718  73.578 0.0000000000
136041  37.904  1.196  72.722 0.0000000000
58647  36.940  1.744  70.382 0.0000000000
58662  36.767  2.138  69.441 0.0000000000
58702  36.190  2.465  67.661 0.0000000000
57605  35.701  1.225  67.401 0.0000000000
56467  29.813  0.396  68.595 0.0000000000
56477  31.227  0.623  67.698 0.0000000000
56476  32.175  0.460  67.740 0.0000000000
55395  32.534  -0.456  67.731 0.0000000000
55381  32.940  0.267  68.075 0.0000000000
72009  50.466  15.391  43.270 0.0000000000
71990  46.744  15.249  46.639 0.0000000000
71041  46.959  15.020  45.892 0.0000000000
69223  45.298  12.678  46.493 0.0000000000
70128  46.350  13.436  45.558 0.0000000000
71045  47.291  14.595  45.265 0.0000000000
71052  47.640  14.127  44.640 0.0000000000
70132  48.097  13.347  44.169 0.0000000000
67280  38.372  10.170  53.314 0.0000000000
66230  38.917  9.453  53.181 0.0000000000
66215  38.317  9.362  53.785 0.0000000000
56454  29.549  0.423  69.403 0.0000000000
121567  38.397  10.962  53.336 0.0000000000
45156  13.025  -10.491  86.548 0.0000000000
59764  36.131  3.076  66.380 0.0000000000
49683  13.742  -5.959  74.737 0.0000000000
54082  26.837  -1.102  73.000 0.0000000000
128420  18.039  -3.141  69.569 0.0000000000
52992  18.451  -2.572  69.513 0.0000000000
59647  37.529  3.067  74.334 0.0000000000
58663  34.203  3.000  69.898 0.0000000000
58664  33.490  2.811  69.475 0.0000000000
120640  33.361  1.029  69.488 0.0000000000
70100  41.993  13.654  51.132 0.0000000000
70109  42.507  13.717  50.373 0.0000000000
70112  43.050  13.931  49.750 0.0000000000
66258  40.927  9.990  51.667 0.0000000000
44117  14.016  -11.548  82.146 0.0000000000
66190  37.238  9.599  56.851 0.0000000000
61990  36.211  5.589  59.143 0.0000000000
63020  35.987  5.772  59.980 0.0000000000
59833  36.201  3.038  62.287 0.0000000000
50714  27.984  -5.264  69.781 0.0000000000
67224  38.192  10.751  57.078 0.0000000000
67237  38.135  10.770  56.361 0.0000000000
49695  16.749  -5.914  71.833 0.0000000000
45275  13.732  -10.275  76.410 0.0000000000
46198  12.155  -10.058  80.105 0.0000000000
112643  10.164  -10.361  82.569 0.0000000000
112640  10.114  -10.535  83.405 0.0000000000
51818  29.248  -4.475  73.428 0.0000000000
54154  25.029  -1.338  69.678 0.0000000000
63057  37.339  6.918  56.364 0.0000000000
57555  39.298  1.926  72.458 0.0000000000
117259  38.955  2.230  71.577 0.0000000000
57565  38.234  1.632  71.909 0.0000000000
57519  36.237  1.247  76.108 0.0000000000
56405  35.889  0.482  75.527 0.0000000000
55360  36.072  -0.124  69.881 0.0000000000
71994  49.431  15.528  45.268 0.0000000000
71044  47.976  14.965  44.875 0.0000000000
70118  44.245  13.444  47.385 0.0000000000
52940  19.527  -2.459  74.649 0.0000000000
51812  18.992  -3.031  74.190 0.0000000000
52939  20.135  -1.928  74.276 0.0000000000
58684  31.247  2.769  68.862 0.0000000000
70071  40.243  13.237  53.505 0.0000000000
118089  39.597  12.585  53.276 0.0000000000
68285  39.528  12.213  52.328 0.0000000000
70102  40.801  13.108  51.611 0.0000000000
69199  39.911  12.180  51.657 0.0000000000
67310  39.642  11.067  51.708 0.0000000000
67293  39.951  10.260  51.904 0.0000000000
67207  37.692  10.118  59.230 0.0000000000
65099  36.583  8.323  60.343 0.0000000000
65114  36.329  8.125  59.505 0.0000000000
59802  35.918  3.563  64.626 0.0000000000
58738  35.671  2.199  65.160 0.0000000000
56512  35.782  1.122  66.140 0.0000000000
67206  38.207  10.733  58.806 0.0000000000
49687  15.394  -5.816  73.437 0.0000000000
48008  13.781  -7.113  73.797 0.0000000000
47144  13.921  -8.771  73.949 0.0000000000
47146  12.763  -7.990  74.864 0.0000000000
112924  9.212  -9.251  80.341 0.0000000000
132902  9.135  -10.152  82.008 0.0000000000
52954  28.563  -3.997  73.683 0.0000000000
51819  28.923  -4.612  73.883 0.0000000000
52968  28.391  -3.580  72.729 0.0000000000
54128  19.975  -1.686  70.743 0.0000000000
54144  20.663  -1.402  70.365 0.0000000000
57554  40.148  1.670  73.410 0.0000000000
57529  39.515  1.326  75.047 0.0000000000
55323  35.368  -0.831  74.611 0.0000000000
54078  35.615  -2.363  75.028 0.0000000000
51810  36.435  -3.961  74.757 0.0000000000
52936  36.301  -3.575  75.019 0.0000000000
112625  10.674  -11.211  88.358 0.0000000000
62909  37.796  5.943  65.123 0.0000000000
132539  37.810  4.766  66.888 0.0000000000
59747  37.002  3.781  67.536 0.0000000000
50703  17.905  -4.303  74.177 0.0000000000
49681  15.161  -5.349  74.668 0.0000000000
55326  25.417  -0.382  73.212 0.0000000000
55342  22.997  -0.608  73.003 0.0000000000
52977  18.678  -2.571  71.659 0.0000000000
52976  19.199  -2.081  71.075 0.0000000000
59666  35.581  2.909  72.644 0.0000000000
57557  34.698  1.570  72.844 0.0000000000
57581  33.418  1.872  69.552 0.0000000000
56435  34.061  1.001  71.415 0.0000000000
115020  34.463  0.877  72.314 0.0000000000
55361  34.325  -0.820  71.195 0.0000000000
132226  41.912  14.243  52.905 0.0000000000
71967  45.331  15.180  49.298 0.0000000000
71026  44.544  14.679  49.511 0.0000000000
113454  42.994  13.599  48.905 0.0000000000
68313  40.628  11.920  50.590 0.0000000000
68312  41.112  11.705  50.154 0.0000000000
67343  41.696  11.335  49.806 0.0000000000
68334  42.568  12.194  48.592 0.0000000000
65149  36.891  8.243  55.908 0.0000000000
64101  36.847  7.496  56.279 0.0000000000
66164  36.693  8.918  58.390 0.0000000000
123927  36.584  8.604  57.585 0.0000000000
65125  36.265  8.143  58.136 0.0000000000
124919  36.122  6.677  58.125 0.0000000000
62016  36.970  5.634  57.747 0.0000000000
129335  37.546  8.905  62.283 0.0000000000
64036  36.891  7.805  61.716 0.0000000000
64037  36.390  7.405  60.827 0.0000000000
61977  36.187  5.015  60.237 0.0000000000
123777  29.676  -1.738  69.711 0.0000000000
51851  28.591  -4.485  69.493 0.0000000000
69161  38.871  11.847  55.180 0.0000000000
128452  37.773  10.394  55.791 0.0000000000
67250  37.894  10.538  54.944 0.0000000000
123811  17.228  -4.771  70.080 0.0000000000
46257  14.972  -10.137  74.980 0.0000000000
135265  14.123  -5.417  75.846 0.0000000000
114154  12.656  -5.734  77.394 0.0000000000
48799  12.326  -6.458  76.233 0.0000000000
48806  12.518  -6.718  75.544 0.0000000000
47977  10.723  -8.030  77.926 0.0000000000
45258  12.823  -10.147  77.905 0.0000000000
45242  13.439  -10.807  78.999 0.0000000000
45198  13.289  -10.825  81.225 0.0000000000
44132  13.775  -11.316  80.847 0.0000000000
44118  13.694  -11.185  81.685 0.0000000000
46186  11.220  -10.075  81.191 0.0000000000
45187  11.750  -10.651  82.868 0.0000000000
44109  12.651  -11.180  83.445 0.0000000000
44089  12.264  -11.228  84.353 0.0000000000
128815  10.010  -10.828  84.263 0.0000000000
113183  9.137  -10.865  84.658 0.0000000000
128750  9.746  -10.857  86.337 0.0000000000
133332  10.095  -10.885  87.024 0.0000000000
112927  9.951  -10.968  87.656 0.0000000000
57575  29.512  1.703  70.381 0.0000000000
130580  28.999  -4.742  71.742 0.0000000000
117962  27.838  -3.043  70.941 0.0000000000
54151  27.176  -2.295  69.730 0.0000000000
54152  26.699  -1.652  69.374 0.0000000000
54125  23.330  -1.013  71.605 0.0000000000
54143  21.451  -1.272  70.011 0.0000000000
113930  22.010  -1.177  70.781 0.0000000000
133165  22.782  -1.191  69.419 0.0000000000
65168  38.193  8.626  54.328 0.0000000000
59718  37.751  3.212  69.132 0.0000000000
58679  37.000  2.853  68.851 0.0000000000
58588  36.758  2.188  76.069 0.0000000000
56378  37.260  1.045  76.507 0.0000000000
57518  37.886  1.476  76.509 0.0000000000
57542  38.650  0.688  74.947 0.0000000000
55286  36.591  -0.481  75.723 0.0000000000
55303  37.038  -0.636  75.257 0.0000000000
56414  37.460  0.085  74.540 0.0000000000
137123  37.309  1.142  71.922 0.0000000000
57566  37.126  1.415  71.221 0.0000000000
57580  36.296  1.252  69.771 0.0000000000
58680  36.411  2.316  68.498 0.0000000000
58681  35.907  1.712  67.976 0.0000000000
57589  35.773  0.962  68.300 0.0000000000
56462  35.935  0.375  68.563 0.0000000000
133695  29.700  -0.180  68.846 0.0000000000
55396  31.659  -0.231  67.549 0.0000000000
55380  33.140  -0.800  68.160 0.0000000000
72002  49.620  15.321  44.447 0.0000000000
72001  50.365  15.535  44.152 0.0000000000
72010  49.801  15.076  43.654 0.0000000000
71975  45.573  15.178  48.457 0.0000000000
71033  46.023  14.892  46.782 0.0000000000
71042  46.391  14.733  46.188 0.0000000000
69226  46.327  12.481  45.708 0.0000000000
69227  45.734  13.145  46.032 0.0000000000
71046  46.582  14.296  45.634 0.0000000000
57582  30.035  2.016  69.082 0.0000000000
58685  30.670  2.227  68.694 0.0000000000
68295  39.173  11.410  52.306 0.0000000000
44083  13.452  -10.885  85.240 0.0000000000
67194  37.641  10.037  60.138 0.0000000000
59765  35.721  2.619  65.672 0.0000000000
47996  13.286  -7.532  74.346 0.0000000000
112878  8.519  -8.902  80.711 0.0000000000
58569  38.235  2.415  76.270 0.0000000000
54100  35.228  -1.808  72.867 0.0000000000
54099  35.713  -2.850  73.947 0.0000000000
61866  38.418  5.378  66.718 0.0000000000
51825  18.282  -3.261  72.040 0.0000000000
50698  17.408  -4.665  74.834 0.0000000000
50699  16.717  -5.087  74.547 0.0000000000
55329  22.473  -0.672  73.463 0.0000000000
116486  20.999  -1.224  73.438 0.0000000000
54109  20.032  -1.858  72.453 0.0000000000
58634  35.076  2.757  71.851 0.0000000000
58648  34.503  2.656  70.864 0.0000000000
57590  33.140  1.602  68.946 0.0000000000
55362  33.875  -0.710  70.141 0.0000000000
71016  42.714  14.117  51.800 0.0000000000
67327  41.954  10.532  50.382 0.0000000000
126675  37.345  9.710  56.030 0.0000000000
128311  37.594  7.885  62.993 0.0000000000
62975  36.743  6.458  62.468 0.0000000000
60938  36.303  3.991  61.009 0.0000000000
50719  28.441  -4.583  70.306 0.0000000000
50720  28.083  -5.224  69.757 0.0000000000
68249  39.021  11.913  57.023 0.0000000000
69154  38.968  11.847  56.120 0.0000000000
49694  17.043  -5.358  71.550 0.0000000000
113799  14.197  -9.758  75.093 0.0000000000
49665  11.924  -6.115  77.752 0.0000000000
48800  11.948  -6.857  76.665 0.0000000000
47117  11.164  -8.281  77.291 0.0000000000
47105  10.368  -8.961  79.092 0.0000000000
46221  10.880  -9.151  78.535 0.0000000000
46220  11.554  -9.521  78.832 0.0000000000
45215  12.738  -10.495  80.658 0.0000000000
113045  9.900  -10.128  81.746 0.0000000000
112845  10.594  -11.122  84.749 0.0000000000
52974  29.487  -3.977  71.849 0.0000000000
54153  25.927  -1.363  69.489 0.0000000000
113723  22.903  -1.085  70.797 0.0000000000
54157  21.190  -1.344  69.301 0.0000000000
64110  37.845  7.641  55.335 0.0000000000
63065  37.977  7.144  55.845 0.0000000000
63064  38.824  6.952  55.947 0.0000000000
58645  39.557  2.684  71.238 0.0000000000
124005  37.625  2.350  70.114 0.0000000000
58570  36.223  1.709  75.682 0.0000000000
57510  36.661  1.786  76.351 0.0000000000
55322  36.635  -1.937  74.805 0.0000000000
55321  36.941  -0.816  74.278 0.0000000000
57567  36.648  0.599  71.447 0.0000000000
122139  29.664  -2.458  68.936 0.0000000000
134697  30.114  -1.024  68.159 0.0000000000
55398  30.477  -1.069  67.699 0.0000000000
71035  44.550  14.204  47.687 0.0000000000
70125  45.214  13.569  46.553 0.0000000000
123581  46.964  12.678  45.069 0.0000000000
54085  20.660  -1.446  74.020 0.0000000000
65177  40.347  8.692  53.625 0.0000000000
57591  32.424  1.709  68.407 0.0000000000
56464  32.538  0.970  68.050 0.0000000000
119961  40.591  13.437  52.987 0.0000000000
70085  40.651  13.273  52.339 0.0000000000
69197  41.180  13.085  50.914 0.0000000000
118400  13.384  -11.639  83.834 0.0000000000
133613  36.817  9.086  59.075 0.0000000000
66152  37.222  9.485  59.554 0.0000000000
61921  36.976  5.829  63.895 0.0000000000
60892  36.229  4.245  64.481 0.0000000000
58763  35.950  2.534  63.861 0.0000000000
57661  35.917  1.982  64.465 0.0000000000
57639  35.905  1.641  65.076 0.0000000000
52990  27.495  -3.514  69.330 0.0000000000
67217  38.206  10.736  57.913 0.0000000000
48023  14.795  -7.165  72.746 0.0000000000
46275  13.690  -9.193  74.733 0.0000000000
130255  10.056  -8.219  78.909 0.0000000000
46210  10.822  -9.404  79.751 0.0000000000
46199  11.409  -9.788  80.380 0.0000000000
112627  8.549  -9.339  81.059 0.0000000000
136932  20.282  -1.596  69.356 0.0000000000
63044  38.463  6.092  57.165 0.0000000000
55306  35.556  -0.202  75.039 0.0000000000
54051  36.086  -1.721  75.458 0.0000000000
54065  35.999  -2.761  75.322 0.0000000000
52921  36.203  -2.721  75.260 0.0000000000
71996  47.721  15.244  45.647 0.0000000000
68347  43.707  12.254  47.741 0.0000000000
65061  37.900  8.622  62.947 0.0000000000
62929  37.966  6.897  64.428 0.0000000000
60861  36.968  4.585  65.766 0.0000000000
59748  36.438  3.122  67.246 0.0000000000
51843  17.739  -3.561  70.042 0.0000000000
137308  15.065  -5.595  74.013 0.0000000000
51842  18.235  -2.917  70.319 0.0000000000
113327  35.764  2.323  74.234 0.0000000000
136783  35.267  2.036  73.907 0.0000000000
57543  35.471  1.709  74.356 0.0000000000
57531  35.190  1.201  74.110 0.0000000000
56415  35.029  0.904  73.903 0.0000000000
55337  34.950  0.013  73.698 0.0000000000
133509  34.891  -0.697  73.024 0.0000000000
71030  44.128  14.256  48.521 0.0000000000
69212  43.121  12.633  48.148 0.0000000000
69210  41.748  12.685  49.709 0.0000000000
69209  42.112  12.502  49.143 0.0000000000
68333  43.228  11.831  48.268 0.0000000000
65169  37.705  8.722  54.715 0.0000000000
65161  37.323  8.550  55.308 0.0000000000
66204  37.248  9.168  55.576 0.0000000000
64088  36.448  7.380  57.074 0.0000000000
62003  37.376  5.191  58.180 0.0000000000
62952  36.862  6.139  63.182 0.0000000000
59867  36.892  3.716  59.703 0.0000000000
55363  29.596  -1.203  70.480 0.0000000000
69169  38.806  11.853  54.220 0.0000000000
67263  38.099  10.585  54.019 0.0000000000
48830  16.905  -5.930  70.957 0.0000000000
119956  13.110  -5.642  76.184 0.0000000000
47991  12.429  -7.595  75.470 0.0000000000
47969  10.719  -7.339  78.292 0.0000000000
46231  13.229  -10.231  77.217 0.0000000000
114937  13.530  -11.128  82.378 0.0000000000
44088  12.769  -11.068  84.796 0.0000000000
113982  12.158  -10.753  86.080 0.0000000000
116602  12.071  -10.621  86.854 0.0000000000
112950  9.284  -10.657  83.744 0.0000000000
128813  10.671  -10.990  85.585 0.0000000000
45157  11.406  -10.744  86.667 0.0000000000
45152  11.455  -10.705  87.374 0.0000000000
121298  10.698  -10.854  87.898 0.0000000000
59685  35.638  3.371  71.604 0.0000000000
123497  29.729  2.117  69.786 0.0000000000
56436  29.440  0.283  71.176 0.0000000000
126004  28.324  -4.068  71.122 0.0000000000
64116  39.149  7.715  54.745 0.0000000000
60833  38.491  4.479  68.345 0.0000000000
60834  37.734  4.164  68.005 0.0000000000
57517  38.754  1.572  75.973 0.0000000000
56394  36.415  0.464  76.097 0.0000000000
56393  37.036  0.358  76.318 0.0000000000
56404  37.764  0.186  75.730 0.0000000000
58703  35.759  1.962  67.149 0.0000000000
56466  30.350  0.717  68.061 0.0000000000
119917  31.181  -0.974  67.393 0.0000000000
71980  45.791  15.082  47.625 0.0000000000
71989  47.508  15.470  46.455 0.0000000000
69216  44.231  12.646  47.301 0.0000000000
69224  44.687  13.070  46.856 0.0000000000
71051  48.365  14.454  44.283 0.0000000000
70133  47.437  13.248  44.644 0.0000000000
71058  48.763  13.911  43.710 0.0000000000
133034  37.048  8.713  55.745 0.0000000000
