#!ascii label  , from subject sub-v1s15x0050199_ses-1 vox2ras=TkReg
1410
49211  -40.359  -8.630  61.714 0.0000000000
38313  -28.657  -20.612  64.562 0.0000000000
53690  -48.866  -4.359  52.085 0.0000000000
50144  -36.005  -7.476  50.115 0.0000000000
55478  -42.057  -1.887  55.956 0.0000000000
44836  -34.258  -13.706  63.601 0.0000000000
43974  -26.567  -14.801  54.169 0.0000000000
44946  -33.897  -14.008  52.613 0.0000000000
34567  -20.987  -23.992  66.368 0.0000000000
59743  -52.424  3.456  49.803 0.0000000000
36648  -18.125  -22.148  54.367 0.0000000000
49258  -37.804  -8.686  56.251 0.0000000000
108628  -38.375  -4.677  54.136 0.0000000000
52685  -39.483  -4.366  58.832 0.0000000000
48373  -35.973  -8.914  63.048 0.0000000000
107921  -33.582  -10.208  58.149 0.0000000000
47581  -37.868  -12.125  57.235 0.0000000000
120214  -35.447  -11.327  50.947 0.0000000000
59810  -51.114  3.370  45.122 0.0000000000
35564  -25.029  -23.004  64.575 0.0000000000
35645  -19.312  -23.061  60.011 0.0000000000
37453  -23.737  -21.049  59.126 0.0000000000
56399  -44.838  -0.552  53.321 0.0000000000
41012  -31.556  -17.672  63.589 0.0000000000
41054  -27.540  -17.454  59.519 0.0000000000
43931  -30.880  -14.224  58.640 0.0000000000
45843  -30.112  -11.790  53.654 0.0000000000
34528  -16.420  -23.703  68.132 0.0000000000
56307  -46.439  0.553  59.389 0.0000000000
107231  -50.351  -0.474  55.490 0.0000000000
60531  -50.199  4.858  54.854 0.0000000000
56440  -49.701  -1.101  50.925 0.0000000000
57274  -46.807  0.329  47.142 0.0000000000
35594  -16.251  -23.246  62.138 0.0000000000
40242  -22.120  -18.796  54.055 0.0000000000
109026  -39.469  -8.674  59.220 0.0000000000
50934  -38.558  -6.607  57.585 0.0000000000
112191  -40.233  -6.493  60.732 0.0000000000
49196  -38.348  -8.400  62.321 0.0000000000
49234  -36.970  -8.938  59.770 0.0000000000
47552  -39.202  -10.904  59.488 0.0000000000
48440  -38.422  -10.873  56.742 0.0000000000
51842  -46.937  -5.540  51.612 0.0000000000
51865  -48.424  -5.495  50.609 0.0000000000
36531  -27.385  -22.013  64.901 0.0000000000
36576  -24.195  -22.278  61.762 0.0000000000
38340  -26.505  -20.639  62.210 0.0000000000
51004  -36.580  -6.371  49.446 0.0000000000
53649  -40.189  -3.097  55.592 0.0000000000
53675  -39.363  -3.434  52.381 0.0000000000
118484  -41.475  -2.000  53.660 0.0000000000
119565  -43.004  -1.235  52.421 0.0000000000
55505  -43.342  -1.105  54.933 0.0000000000
42928  -33.391  -15.733  63.797 0.0000000000
42011  -31.442  -15.822  61.159 0.0000000000
43914  -32.654  -14.142  60.976 0.0000000000
48450  -34.342  -9.603  54.901 0.0000000000
46686  -32.111  -10.871  55.721 0.0000000000
47645  -32.304  -10.632  51.938 0.0000000000
48506  -35.860  -9.482  51.178 0.0000000000
104653  -48.285  0.107  57.615 0.0000000000
58856  -49.867  2.507  53.068 0.0000000000
58885  -49.201  2.213  50.335 0.0000000000
56447  -47.672  -0.271  49.158 0.0000000000
58914  -48.811  2.222  47.985 0.0000000000
58962  -48.453  2.780  43.985 0.0000000000
34553  -18.509  -24.078  66.601 0.0000000000
35558  -16.617  -23.565  64.626 0.0000000000
34580  -17.930  -23.635  63.999 0.0000000000
36612  -19.185  -22.163  57.539 0.0000000000
113485  -17.532  -22.969  57.832 0.0000000000
34678  -17.220  -24.171  54.598 0.0000000000
42070  -26.772  -16.597  56.759 0.0000000000
40223  -25.127  -18.119  57.102 0.0000000000
42091  -24.158  -16.673  53.941 0.0000000000
50117  -36.881  -7.751  53.512 0.0000000000
50983  -37.114  -6.219  52.838 0.0000000000
51811  -37.676  -5.937  55.129 0.0000000000
52697  -38.689  -4.799  56.713 0.0000000000
123286  -40.668  -2.713  57.554 0.0000000000
46608  -34.595  -11.480  63.428 0.0000000000
46631  -33.593  -11.547  60.849 0.0000000000
48392  -34.811  -9.595  60.465 0.0000000000
48426  -36.153  -9.212  57.407 0.0000000000
46700  -35.829  -12.575  54.713 0.0000000000
121809  -35.406  -13.639  51.795 0.0000000000
45846  -37.068  -12.505  53.849 0.0000000000
48486  -37.183  -10.328  53.893 0.0000000000
59765  -52.066  3.308  47.492 0.0000000000
59784  -54.573  4.361  46.683 0.0000000000
35545  -22.780  -23.635  65.270 0.0000000000
118107  -20.122  -23.511  62.742 0.0000000000
35601  -22.572  -22.927  62.763 0.0000000000
36596  -21.716  -22.222  59.762 0.0000000000
37481  -20.964  -21.344  57.064 0.0000000000
52747  -37.728  -4.824  50.928 0.0000000000
55550  -44.677  -1.670  50.444 0.0000000000
56429  -47.355  -1.140  51.765 0.0000000000
40122  -30.700  -18.443  63.795 0.0000000000
39256  -28.095  -18.921  62.077 0.0000000000
41030  -29.787  -17.393  61.580 0.0000000000
42033  -29.080  -15.928  58.894 0.0000000000
43949  -29.000  -14.843  56.080 0.0000000000
45782  -32.194  -12.343  58.613 0.0000000000
44913  -30.025  -13.142  55.950 0.0000000000
44933  -28.100  -13.350  53.644 0.0000000000
51736  -40.501  -5.563  63.386 0.0000000000
38301  -30.458  -19.888  66.080 0.0000000000
41967  -33.354  -16.644  65.830 0.0000000000
43847  -34.651  -14.388  65.807 0.0000000000
53585  -40.369  -3.915  62.579 0.0000000000
54507  -40.870  -2.363  61.010 0.0000000000
55448  -42.210  -1.557  59.586 0.0000000000
56290  -44.450  -0.061  60.655 0.0000000000
55481  -44.312  -0.921  57.377 0.0000000000
56353  -45.639  -0.473  56.307 0.0000000000
110760  -48.121  -0.514  54.198 0.0000000000
55527  -50.507  -2.563  53.394 0.0000000000
58006  -50.581  1.358  55.444 0.0000000000
56418  -51.399  -1.391  53.130 0.0000000000
120562  -50.724  -3.530  51.748 0.0000000000
54642  -48.151  -3.036  49.480 0.0000000000
116549  -48.772  2.390  46.360 0.0000000000
35541  -15.078  -23.515  66.064 0.0000000000
34614  -13.848  -23.937  59.059 0.0000000000
35614  -17.855  -23.582  61.291 0.0000000000
35654  -15.407  -23.586  58.576 0.0000000000
39289  -25.393  -19.749  59.504 0.0000000000
39320  -22.982  -19.854  56.334 0.0000000000
38421  -20.153  -20.161  54.015 0.0000000000
117732  -20.513  -20.331  50.708 0.0000000000
49224  -40.270  -8.822  60.578 0.0000000000
50062  -39.805  -8.208  59.759 0.0000000000
50052  -40.248  -7.616  60.482 0.0000000000
49210  -40.060  -8.914  61.944 0.0000000000
49223  -39.007  -9.585  60.883 0.0000000000
48395  -39.985  -9.708  60.608 0.0000000000
47560  -39.313  -10.821  59.052 0.0000000000
53689  -47.804  -4.413  51.711 0.0000000000
51843  -48.398  -5.446  51.677 0.0000000000
51854  -48.194  -5.848  51.214 0.0000000000
51844  -49.186  -5.222  51.977 0.0000000000
37421  -27.907  -20.901  64.119 0.0000000000
37419  -26.474  -21.562  63.376 0.0000000000
38328  -27.570  -20.536  63.378 0.0000000000
50149  -35.656  -7.691  49.361 0.0000000000
50998  -36.389  -6.736  50.223 0.0000000000
54562  -40.872  -2.647  55.944 0.0000000000
54572  -40.777  -2.626  55.048 0.0000000000
55491  -42.029  -1.772  55.004 0.0000000000
55504  -42.657  -1.381  54.534 0.0000000000
55492  -42.700  -1.466  55.411 0.0000000000
121432  -34.002  -14.506  63.701 0.0000000000
109684  -33.068  -14.628  62.073 0.0000000000
44845  -33.517  -13.848  62.309 0.0000000000
46728  -34.486  -11.601  53.040 0.0000000000
47632  -33.385  -10.193  53.214 0.0000000000
46744  -33.469  -12.056  51.977 0.0000000000
45869  -32.486  -12.957  51.302 0.0000000000
49313  -35.694  -8.781  50.580 0.0000000000
48521  -35.219  -8.941  49.795 0.0000000000
119105  -35.369  -8.292  49.358 0.0000000000
59731  -49.971  3.147  51.497 0.0000000000
59742  -51.231  3.245  50.110 0.0000000000
58896  -49.568  2.561  49.404 0.0000000000
58897  -50.436  2.886  48.802 0.0000000000
34554  -19.466  -24.152  66.655 0.0000000000
34565  -18.282  -23.858  65.678 0.0000000000
106786  -19.513  -23.897  65.122 0.0000000000
37478  -18.583  -21.790  55.882 0.0000000000
36636  -17.455  -22.705  55.636 0.0000000000
36647  -17.636  -22.724  54.770 0.0000000000
33853  -17.947  -24.989  53.689 0.0000000000
35713  -18.472  -23.436  52.946 0.0000000000
43026  -27.030  -15.721  55.543 0.0000000000
42082  -25.806  -16.505  55.526 0.0000000000
43035  -25.386  -15.618  54.020 0.0000000000
117169  -37.375  -8.074  55.004 0.0000000000
50118  -37.164  -7.107  54.035 0.0000000000
50944  -37.825  -7.004  56.336 0.0000000000
51787  -38.914  -5.907  58.052 0.0000000000
51796  -38.711  -5.214  57.312 0.0000000000
52692  -39.067  -4.408  57.260 0.0000000000
53634  -39.616  -3.641  57.094 0.0000000000
53621  -39.701  -3.641  58.691 0.0000000000
48363  -35.412  -9.592  63.370 0.0000000000
47526  -34.584  -10.664  62.698 0.0000000000
48382  -35.436  -9.203  61.534 0.0000000000
48428  -37.545  -10.447  58.413 0.0000000000
48416  -36.455  -9.258  58.315 0.0000000000
48438  -36.686  -10.085  56.973 0.0000000000
47599  -36.339  -10.875  55.751 0.0000000000
46688  -37.125  -12.242  56.088 0.0000000000
45831  -36.733  -12.979  55.004 0.0000000000
45819  -37.414  -12.549  55.701 0.0000000000
48439  -37.966  -9.730  56.113 0.0000000000
125677  -37.695  -10.658  55.156 0.0000000000
106830  -37.612  -9.770  55.301 0.0000000000
48485  -36.740  -9.473  53.312 0.0000000000
35546  -23.736  -23.406  65.047 0.0000000000
125706  -22.443  -23.385  63.984 0.0000000000
35582  -23.614  -23.038  63.624 0.0000000000
37444  -24.263  -21.582  60.548 0.0000000000
36588  -23.127  -22.284  60.918 0.0000000000
37452  -23.212  -21.503  59.488 0.0000000000
37458  -21.223  -21.778  58.411 0.0000000000
38392  -22.264  -21.086  57.614 0.0000000000
51823  -37.558  -5.554  53.370 0.0000000000
51839  -37.148  -5.562  51.264 0.0000000000
52724  -38.317  -4.369  52.359 0.0000000000
54596  -40.396  -2.631  52.461 0.0000000000
53687  -39.367  -3.403  51.535 0.0000000000
54623  -39.977  -2.915  51.082 0.0000000000
56412  -44.227  -0.765  52.761 0.0000000000
55536  -44.021  -1.255  51.182 0.0000000000
56427  -45.236  -0.775  51.787 0.0000000000
55538  -45.903  -1.046  51.301 0.0000000000
118984  -45.844  -0.590  52.127 0.0000000000
40135  -31.015  -17.929  63.296 0.0000000000
40134  -30.408  -18.053  63.041 0.0000000000
41022  -30.713  -17.576  62.587 0.0000000000
42971  -30.990  -15.099  59.757 0.0000000000
42022  -30.155  -15.927  60.053 0.0000000000
42979  -30.090  -15.138  58.813 0.0000000000
42994  -29.222  -15.280  57.659 0.0000000000
43937  -29.551  -14.745  57.272 0.0000000000
114558  -33.197  -11.214  59.468 0.0000000000
46640  -32.831  -12.083  59.861 0.0000000000
46647  -32.528  -11.536  58.174 0.0000000000
46699  -31.373  -11.072  54.446 0.0000000000
45816  -30.951  -11.890  56.015 0.0000000000
45829  -30.164  -12.203  54.602 0.0000000000
44925  -29.320  -13.375  54.766 0.0000000000
45871  -35.836  -12.967  51.814 0.0000000000
42903  -34.154  -15.448  65.804 0.0000000000
46595  -35.445  -11.277  65.782 0.0000000000
111863  -40.553  -5.140  63.101 0.0000000000
54493  -41.414  -1.833  62.138 0.0000000000
55416  -42.084  -1.299  61.711 0.0000000000
54519  -41.296  -2.039  60.237 0.0000000000
55417  -42.823  -0.828  61.299 0.0000000000
56305  -45.217  0.139  60.089 0.0000000000
56304  -44.551  -0.369  59.783 0.0000000000
105904  -45.436  -0.266  58.732 0.0000000000
56352  -45.011  -0.611  56.845 0.0000000000
113966  -46.039  -0.319  57.397 0.0000000000
56373  -49.158  -0.452  56.392 0.0000000000
56372  -48.071  -0.473  56.194 0.0000000000
56388  -48.798  -0.582  55.414 0.0000000000
56402  -49.089  -0.831  53.708 0.0000000000
56403  -50.313  -1.256  54.258 0.0000000000
59682  -50.295  4.007  55.539 0.0000000000
57236  -49.744  0.233  51.756 0.0000000000
58024  -50.416  0.726  53.656 0.0000000000
56430  -50.223  -0.808  51.628 0.0000000000
55543  -51.310  -2.519  52.336 0.0000000000
55554  -50.056  -2.061  50.833 0.0000000000
53707  -49.521  -3.357  50.487 0.0000000000
55553  -49.097  -1.407  50.388 0.0000000000
109528  -47.495  0.374  48.399 0.0000000000
55569  -47.348  -1.172  48.864 0.0000000000
55578  -45.995  -1.363  47.532 0.0000000000
123049  -51.299  3.266  46.342 0.0000000000
58930  -50.460  3.040  46.423 0.0000000000
126056  -50.017  3.071  45.321 0.0000000000
107601  -16.472  -23.402  63.030 0.0000000000
106924  -15.257  -23.276  64.045 0.0000000000
36556  -15.282  -22.852  62.323 0.0000000000
122506  -13.456  -22.848  60.763 0.0000000000
35627  -14.608  -22.950  60.066 0.0000000000
35615  -19.669  -23.442  61.709 0.0000000000
106579  -19.023  -23.610  61.995 0.0000000000
109314  -18.813  -23.409  60.644 0.0000000000
106267  -16.289  -23.486  58.283 0.0000000000
116367  -16.315  -27.076  55.981 0.0000000000
40156  -27.401  -18.326  60.612 0.0000000000
39272  -26.994  -18.982  61.009 0.0000000000
104723  -26.500  -18.549  59.617 0.0000000000
40234  -23.894  -18.187  55.551 0.0000000000
39322  -24.133  -19.168  57.029 0.0000000000
40232  -22.901  -18.952  55.202 0.0000000000
39330  -21.659  -19.801  54.958 0.0000000000
39340  -21.479  -19.271  54.090 0.0000000000
37539  -20.165  -21.650  51.217 0.0000000000
49251  -38.525  -8.476  57.638 0.0000000000
50084  -38.311  -7.305  57.159 0.0000000000
50069  -38.685  -7.521  58.018 0.0000000000
50923  -39.323  -6.541  58.885 0.0000000000
51767  -39.882  -5.545  60.350 0.0000000000
117785  -37.444  -8.301  63.037 0.0000000000
49194  -36.158  -8.702  62.019 0.0000000000
49222  -37.980  -9.120  60.684 0.0000000000
48405  -38.549  -10.508  59.529 0.0000000000
46649  -38.775  -11.572  58.230 0.0000000000
46675  -38.154  -12.310  56.781 0.0000000000
116396  -39.102  -11.262  58.515 0.0000000000
48418  -39.067  -10.050  58.249 0.0000000000
52766  -47.752  -5.497  49.935 0.0000000000
36530  -26.443  -22.443  64.525 0.0000000000
36543  -25.127  -22.588  63.581 0.0000000000
110450  -25.554  -22.339  63.473 0.0000000000
37423  -25.448  -21.696  62.354 0.0000000000
37445  -24.913  -21.257  60.758 0.0000000000
52711  -38.954  -4.091  54.648 0.0000000000
52717  -38.886  -3.946  53.712 0.0000000000
53668  -39.958  -3.027  53.889 0.0000000000
54584  -40.195  -2.805  53.236 0.0000000000
54597  -41.091  -2.141  52.140 0.0000000000
55522  -41.840  -1.773  51.719 0.0000000000
123121  -42.071  -1.612  53.434 0.0000000000
55513  -43.320  -1.042  53.096 0.0000000000
56398  -44.038  -0.773  53.612 0.0000000000
41987  -32.418  -16.629  63.315 0.0000000000
121215  -31.498  -16.891  62.490 0.0000000000
42939  -32.537  -15.738  62.353 0.0000000000
42961  -31.989  -15.246  61.116 0.0000000000
43922  -32.003  -14.223  59.944 0.0000000000
47579  -33.412  -9.994  56.354 0.0000000000
47578  -32.836  -10.644  56.892 0.0000000000
108068  -32.734  -10.262  54.998 0.0000000000
114605  -31.980  -10.577  53.866 0.0000000000
46727  -31.608  -10.649  52.339 0.0000000000
114843  -30.512  -10.960  51.043 0.0000000000
46742  -31.210  -10.837  50.996 0.0000000000
112608  -35.609  -10.362  50.958 0.0000000000
48513  -35.057  -10.103  50.305 0.0000000000
57153  -47.039  0.997  59.350 0.0000000000
56324  -47.251  0.356  58.448 0.0000000000
57169  -48.026  1.013  58.428 0.0000000000
56341  -48.768  0.588  57.620 0.0000000000
56342  -49.468  0.531  57.114 0.0000000000
60539  -51.305  5.312  53.503 0.0000000000
112703  -50.763  4.370  53.995 0.0000000000
59721  -50.170  3.249  52.548 0.0000000000
58870  -49.501  2.358  51.975 0.0000000000
58042  -49.115  0.879  51.077 0.0000000000
56448  -48.362  -0.798  49.819 0.0000000000
114872  -48.377  1.045  49.785 0.0000000000
57264  -47.928  0.811  49.068 0.0000000000
58074  -48.126  1.680  47.614 0.0000000000
59825  -51.529  3.550  43.570 0.0000000000
120817  -50.250  3.223  44.679 0.0000000000
59823  -49.695  3.273  43.683 0.0000000000
105255  -17.743  -24.099  67.966 0.0000000000
34551  -16.402  -23.612  66.587 0.0000000000
106151  -17.638  -23.833  66.283 0.0000000000
35559  -17.234  -23.576  63.970 0.0000000000
35595  -17.116  -23.517  62.396 0.0000000000
36604  -19.474  -22.406  58.473 0.0000000000
35656  -18.334  -23.008  59.140 0.0000000000
36611  -17.945  -22.620  57.128 0.0000000000
35679  -16.859  -23.266  56.076 0.0000000000
117419  -16.436  -24.939  55.533 0.0000000000
33097  -17.077  -26.611  55.143 0.0000000000
121966  -17.247  -25.470  54.570 0.0000000000
41097  -26.971  -17.091  58.095 0.0000000000
40212  -26.020  -18.095  58.154 0.0000000000
41110  -26.215  -17.226  57.055 0.0000000000
41118  -24.525  -17.562  55.550 0.0000000000
41128  -23.620  -17.444  54.287 0.0000000000
122979  -36.268  -7.916  51.391 0.0000000000
117563  -36.576  -6.773  51.658 0.0000000000
50971  -36.938  -6.945  53.208 0.0000000000
50972  -37.295  -6.343  53.724 0.0000000000
51818  -37.975  -5.279  54.723 0.0000000000
50945  -38.251  -6.390  56.780 0.0000000000
51812  -38.114  -5.374  55.583 0.0000000000
52710  -38.475  -4.716  55.117 0.0000000000
53641  -39.602  -3.625  56.082 0.0000000000
53642  -40.304  -3.061  56.623 0.0000000000
54553  -41.088  -2.520  56.744 0.0000000000
116452  -34.743  -12.332  64.011 0.0000000000
45749  -33.707  -12.951  62.213 0.0000000000
46616  -34.201  -11.641  62.562 0.0000000000
46632  -34.023  -10.764  60.990 0.0000000000
118206  -34.496  -9.662  59.575 0.0000000000
48393  -35.414  -9.171  60.695 0.0000000000
48402  -35.390  -8.978  58.864 0.0000000000
48415  -34.506  -9.443  58.323 0.0000000000
48436  -35.054  -9.223  56.174 0.0000000000
47635  -35.278  -11.100  54.163 0.0000000000
114977  -34.692  -13.110  53.569 0.0000000000
43994  -34.736  -14.201  52.507 0.0000000000
44935  -35.606  -13.595  53.645 0.0000000000
45859  -36.485  -13.104  53.435 0.0000000000
46729  -36.610  -12.446  52.862 0.0000000000
47601  -37.967  -11.727  55.531 0.0000000000
47637  -37.254  -11.464  53.837 0.0000000000
47648  -36.530  -10.815  52.540 0.0000000000
48498  -36.462  -9.909  52.566 0.0000000000
123343  -36.463  -9.042  52.586 0.0000000000
59753  -52.405  3.339  48.802 0.0000000000
59754  -53.396  3.805  48.485 0.0000000000
123118  -53.501  3.671  47.284 0.0000000000
59800  -52.602  3.501  45.801 0.0000000000
106595  -53.234  3.658  44.140 0.0000000000
105160  -52.448  3.666  43.428 0.0000000000
35544  -21.765  -23.831  65.673 0.0000000000
120146  -20.496  -23.797  64.382 0.0000000000
35560  -21.091  -23.632  63.930 0.0000000000
35599  -20.862  -23.329  62.506 0.0000000000
35633  -21.273  -22.856  61.282 0.0000000000
36557  -23.688  -22.580  62.273 0.0000000000
36574  -22.178  -22.608  61.296 0.0000000000
36585  -20.916  -22.533  59.999 0.0000000000
111396  -20.386  -22.156  58.649 0.0000000000
37480  -20.273  -21.484  56.840 0.0000000000
37491  -19.291  -21.289  55.577 0.0000000000
50992  -36.623  -6.373  51.073 0.0000000000
51851  -37.346  -5.345  50.264 0.0000000000
53674  -38.801  -3.838  51.951 0.0000000000
54612  -47.043  -2.415  50.979 0.0000000000
54613  -47.932  -3.277  51.451 0.0000000000
39230  -29.594  -19.297  63.934 0.0000000000
39229  -28.765  -19.546  63.529 0.0000000000
39243  -29.229  -18.874  63.166 0.0000000000
40145  -29.341  -17.897  62.045 0.0000000000
41039  -28.569  -17.301  60.552 0.0000000000
41042  -30.718  -16.715  61.470 0.0000000000
42010  -29.806  -16.522  60.451 0.0000000000
42020  -28.673  -16.477  59.354 0.0000000000
42054  -28.117  -16.089  57.657 0.0000000000
42072  -28.272  -15.691  56.795 0.0000000000
43027  -27.764  -15.215  55.222 0.0000000000
44852  -33.316  -13.197  61.528 0.0000000000
44869  -32.260  -13.455  59.690 0.0000000000
44877  -31.433  -13.665  58.811 0.0000000000
45804  -31.905  -11.635  57.004 0.0000000000
45790  -31.326  -12.734  57.662 0.0000000000
44884  -30.388  -13.743  57.483 0.0000000000
44895  -29.716  -13.852  56.248 0.0000000000
44911  -28.992  -14.106  55.051 0.0000000000
122824  -34.440  -14.026  50.686 0.0000000000
49199  -40.366  -8.047  62.600 0.0000000000
50027  -40.558  -7.201  62.841 0.0000000000
34530  -18.565  -24.188  68.351 0.0000000000
35511  -21.864  -23.902  67.776 0.0000000000
106576  -23.186  -23.593  66.963 0.0000000000
105252  -23.894  -23.405  67.059 0.0000000000
36517  -27.664  -22.417  65.682 0.0000000000
36532  -28.074  -21.877  65.497 0.0000000000
37417  -29.021  -20.810  65.364 0.0000000000
112728  -29.914  -19.752  64.842 0.0000000000
39220  -30.605  -19.358  65.081 0.0000000000
40114  -31.400  -18.565  64.845 0.0000000000
40124  -31.768  -17.969  64.390 0.0000000000
40990  -32.471  -17.791  65.601 0.0000000000
41014  -32.736  -17.012  64.587 0.0000000000
42916  -33.582  -15.877  64.520 0.0000000000
42929  -33.843  -15.223  64.140 0.0000000000
44824  -34.533  -14.002  64.370 0.0000000000
45738  -35.085  -12.728  64.772 0.0000000000
125609  -35.108  -12.033  64.670 0.0000000000
47511  -35.277  -10.626  64.653 0.0000000000
49181  -39.366  -7.812  63.479 0.0000000000
124169  -40.551  -6.008  62.377 0.0000000000
51768  -40.236  -5.681  61.287 0.0000000000
53597  -39.817  -3.757  60.703 0.0000000000
54476  -40.869  -2.445  63.150 0.0000000000
110482  -40.536  -3.200  62.242 0.0000000000
53608  -40.093  -3.102  60.100 0.0000000000
54526  -40.638  -2.583  59.558 0.0000000000
125939  -41.217  -2.318  58.174 0.0000000000
54542  -42.194  -1.900  57.393 0.0000000000
55433  -43.760  -0.592  60.131 0.0000000000
55450  -43.423  -1.269  58.684 0.0000000000
55462  -42.836  -1.578  57.150 0.0000000000
55493  -43.412  -1.190  55.830 0.0000000000
56369  -44.069  -0.858  55.351 0.0000000000
119851  -45.382  -0.479  54.758 0.0000000000
56354  -47.004  -0.191  57.346 0.0000000000
105198  -47.009  -0.342  55.398 0.0000000000
106004  -46.243  -0.374  53.866 0.0000000000
56415  -47.392  -0.682  52.428 0.0000000000
55541  -48.868  -2.271  52.128 0.0000000000
53676  -49.961  -4.090  52.586 0.0000000000
57989  -49.857  2.121  56.823 0.0000000000
57205  -50.514  0.781  55.997 0.0000000000
58841  -50.424  2.120  54.733 0.0000000000
57220  -50.963  -0.239  54.422 0.0000000000
56391  -50.782  -0.659  54.870 0.0000000000
55515  -51.098  -2.161  53.826 0.0000000000
54600  -51.092  -3.499  53.148 0.0000000000
51832  -49.867  -4.999  52.164 0.0000000000
52753  -49.261  -5.162  51.105 0.0000000000
52768  -48.689  -4.599  50.257 0.0000000000
52781  -47.348  -4.100  49.117 0.0000000000
55561  -47.913  -1.179  49.417 0.0000000000
53742  -47.378  -3.038  49.011 0.0000000000
53740  -46.026  -3.912  48.177 0.0000000000
58907  -50.391  2.887  47.959 0.0000000000
108553  -48.800  2.303  47.135 0.0000000000
58087  -47.501  1.573  46.361 0.0000000000
58949  -48.679  2.660  44.768 0.0000000000
125755  -47.503  1.845  45.684 0.0000000000
57290  -45.758  0.209  46.002 0.0000000000
108565  -15.379  -23.505  65.337 0.0000000000
35577  -19.046  -23.629  63.213 0.0000000000
35596  -17.891  -23.574  62.652 0.0000000000
35613  -17.062  -23.519  61.454 0.0000000000
109336  -17.828  -23.287  59.554 0.0000000000
35629  -17.216  -23.424  59.953 0.0000000000
35628  -15.586  -23.050  60.126 0.0000000000
35653  -14.578  -23.734  58.804 0.0000000000
38353  -26.777  -20.066  61.829 0.0000000000
38367  -25.997  -19.999  60.659 0.0000000000
38378  -24.716  -20.422  59.464 0.0000000000
39301  -25.629  -18.689  58.535 0.0000000000
39312  -24.408  -19.489  57.799 0.0000000000
38394  -23.384  -20.363  57.733 0.0000000000
38402  -22.378  -20.450  56.558 0.0000000000
38422  -20.986  -20.395  55.325 0.0000000000
37502  -19.149  -21.006  54.143 0.0000000000
42113  -22.691  -16.878  52.183 0.0000000000
40265  -21.978  -17.857  52.653 0.0000000000
40263  -21.099  -18.791  52.250 0.0000000000
38448  -19.898  -20.311  52.289 0.0000000000
37526  -19.141  -21.580  52.454 0.0000000000
36672  -18.573  -22.684  52.842 0.0000000000
49225  -40.362  -9.072  61.107 0.0000000000
50053  -40.501  -8.267  61.254 0.0000000000
48384  -40.170  -9.320  61.269 0.0000000000
48383  -39.808  -9.722  60.935 0.0000000000
52738  -48.611  -5.084  51.977 0.0000000000
38329  -28.339  -20.261  63.811 0.0000000000
50150  -36.072  -7.018  49.395 0.0000000000
117107  -41.446  -2.300  56.165 0.0000000000
54563  -41.431  -2.236  55.449 0.0000000000
43890  -33.861  -14.022  63.066 0.0000000000
116875  -34.128  -12.232  52.637 0.0000000000
126192  -34.082  -11.240  52.577 0.0000000000
49314  -36.011  -8.031  50.724 0.0000000000
50143  -35.663  -8.209  49.979 0.0000000000
59733  -52.230  3.750  50.775 0.0000000000
113255  -50.512  2.956  49.558 0.0000000000
123576  -51.399  3.083  49.235 0.0000000000
107888  -20.069  -24.077  65.913 0.0000000000
105766  -19.095  -24.007  65.844 0.0000000000
37501  -18.659  -21.503  54.866 0.0000000000
36637  -17.993  -22.134  55.275 0.0000000000
35712  -17.904  -23.520  53.535 0.0000000000
118805  -18.165  -22.941  53.332 0.0000000000
43037  -26.848  -15.299  54.815 0.0000000000
43036  -26.107  -15.440  54.423 0.0000000000
50095  -37.582  -7.743  55.754 0.0000000000
51788  -39.174  -4.896  58.063 0.0000000000
112425  -39.445  -3.985  57.965 0.0000000000
48372  -35.429  -9.332  62.435 0.0000000000
47568  -37.903  -11.592  57.866 0.0000000000
48427  -37.050  -10.197  57.725 0.0000000000
47580  -37.422  -11.209  57.370 0.0000000000
47600  -37.137  -11.402  56.674 0.0000000000
46673  -37.678  -12.254  56.611 0.0000000000
45805  -37.650  -12.442  56.168 0.0000000000
46674  -38.045  -12.360  56.774 0.0000000000
49269  -37.551  -8.746  55.517 0.0000000000
49283  -37.289  -8.910  54.632 0.0000000000
35547  -24.632  -23.279  65.225 0.0000000000
35563  -23.869  -23.199  64.248 0.0000000000
112373  -24.365  -23.165  64.561 0.0000000000
105332  -23.951  -21.344  59.824 0.0000000000
37443  -23.577  -21.768  60.351 0.0000000000
37460  -22.558  -21.424  58.663 0.0000000000
37461  -23.216  -21.137  58.756 0.0000000000
52716  -37.985  -4.952  53.517 0.0000000000
52723  -37.832  -4.911  52.794 0.0000000000
112464  -38.383  -4.441  53.218 0.0000000000
54610  -40.537  -2.534  51.598 0.0000000000
56426  -44.517  -0.868  51.919 0.0000000000
56413  -45.064  -0.604  52.482 0.0000000000
41023  -31.279  -17.405  62.854 0.0000000000
42980  -30.664  -14.829  59.120 0.0000000000
42970  -30.448  -15.384  59.569 0.0000000000
42995  -29.760  -14.902  58.082 0.0000000000
43930  -30.326  -14.609  58.423 0.0000000000
46648  -33.060  -10.934  58.603 0.0000000000
46698  -30.757  -11.470  54.058 0.0000000000
46684  -30.800  -11.697  55.052 0.0000000000
111626  -29.696  -12.391  54.022 0.0000000000
45842  -29.383  -12.140  53.250 0.0000000000
46745  -35.884  -11.956  51.619 0.0000000000
46764  -34.898  -11.828  50.578 0.0000000000
56306  -45.802  0.654  60.117 0.0000000000
107484  -45.783  0.297  59.618 0.0000000000
56321  -45.276  -0.138  59.369 0.0000000000
56322  -45.989  0.106  59.073 0.0000000000
56338  -46.069  -0.101  58.384 0.0000000000
56374  -49.874  -0.175  56.341 0.0000000000
111075  -49.903  -0.636  55.683 0.0000000000
56389  -49.659  -0.776  54.792 0.0000000000
56390  -50.516  -0.819  54.893 0.0000000000
61288  -50.274  5.333  54.301 0.0000000000
60521  -49.950  4.410  55.641 0.0000000000
57245  -49.387  -0.091  50.978 0.0000000000
55542  -50.591  -1.782  51.533 0.0000000000
54631  -49.360  -2.349  50.374 0.0000000000
56468  -47.095  0.104  47.776 0.0000000000
56467  -46.484  -0.496  47.522 0.0000000000
56484  -46.136  -0.109  46.699 0.0000000000
59799  -51.611  3.339  45.734 0.0000000000
59798  -50.629  3.194  45.648 0.0000000000
34540  -16.429  -23.646  67.307 0.0000000000
114069  -15.812  -23.177  62.899 0.0000000000
36573  -15.516  -22.880  61.599 0.0000000000
36584  -15.085  -22.798  60.823 0.0000000000
35631  -19.633  -23.263  60.855 0.0000000000
107211  -18.975  -23.538  61.373 0.0000000000
33079  -15.958  -26.461  56.169 0.0000000000
40177  -27.796  -17.647  60.238 0.0000000000
40176  -27.136  -18.079  59.933 0.0000000000
40199  -26.851  -17.843  59.259 0.0000000000
40243  -22.651  -18.544  54.446 0.0000000000
40233  -23.430  -18.691  55.570 0.0000000000
39341  -22.229  -19.199  54.715 0.0000000000
49243  -39.059  -8.636  58.507 0.0000000000
50912  -39.684  -7.191  59.601 0.0000000000
107537  -39.735  -6.361  59.738 0.0000000000
49195  -37.234  -8.428  62.128 0.0000000000
49208  -38.179  -8.752  61.460 0.0000000000
48406  -39.165  -10.677  59.784 0.0000000000
48394  -38.739  -10.079  60.222 0.0000000000
47551  -39.059  -11.160  59.326 0.0000000000
47558  -38.811  -11.292  58.952 0.0000000000
47559  -39.051  -11.428  58.875 0.0000000000
47569  -38.724  -11.652  58.181 0.0000000000
49244  -39.419  -9.685  59.136 0.0000000000
49259  -38.380  -9.525  57.065 0.0000000000
52737  -47.555  -5.225  51.785 0.0000000000
36529  -25.709  -22.554  63.988 0.0000000000
36544  -26.130  -22.182  63.743 0.0000000000
37424  -26.160  -21.324  62.628 0.0000000000
37433  -25.837  -21.064  61.865 0.0000000000
37432  -25.182  -21.495  61.530 0.0000000000
38351  -25.550  -20.777  61.082 0.0000000000
50158  -36.321  -6.662  48.591 0.0000000000
53648  -39.549  -3.588  55.134 0.0000000000
53657  -39.482  -3.509  54.221 0.0000000000
53658  -40.080  -3.041  54.662 0.0000000000
108299  -40.676  -2.550  54.022 0.0000000000
54585  -40.921  -2.301  53.050 0.0000000000
55511  -41.745  -1.768  52.735 0.0000000000
119427  -42.634  -1.337  53.697 0.0000000000
109212  -43.325  -1.060  54.057 0.0000000000
56384  -44.006  -0.806  54.464 0.0000000000
41995  -32.854  -15.904  63.125 0.0000000000
41994  -32.121  -16.396  62.525 0.0000000000
43904  -32.597  -14.668  61.367 0.0000000000
42951  -32.566  -15.254  61.853 0.0000000000
43913  -32.237  -14.554  60.671 0.0000000000
48435  -34.265  -9.531  55.764 0.0000000000
47598  -33.475  -9.841  55.360 0.0000000000
47646  -33.105  -10.495  52.384 0.0000000000
47615  -32.707  -10.256  53.936 0.0000000000
47631  -32.416  -10.396  52.904 0.0000000000
46712  -31.475  -10.813  53.414 0.0000000000
47644  -31.612  -10.729  51.560 0.0000000000
46743  -32.096  -11.009  51.159 0.0000000000
48514  -35.427  -9.503  50.479 0.0000000000
57949  -47.096  1.682  59.384 0.0000000000
57168  -47.486  0.790  58.715 0.0000000000
57977  -48.809  1.832  57.883 0.0000000000
57183  -48.527  1.186  58.030 0.0000000000
57184  -49.091  1.260  57.585 0.0000000000
60546  -53.031  6.315  52.520 0.0000000000
61306  -53.083  6.996  53.042 0.0000000000
60545  -52.001  5.974  52.988 0.0000000000
59712  -51.046  4.336  53.125 0.0000000000
124703  -49.494  2.498  51.055 0.0000000000
108167  -49.123  1.798  51.120 0.0000000000
58041  -48.769  1.385  50.430 0.0000000000
57244  -48.694  0.518  50.423 0.0000000000
58905  -48.859  2.090  48.831 0.0000000000
58053  -48.426  1.463  49.157 0.0000000000
58063  -48.307  1.572  48.478 0.0000000000
58062  -47.785  1.098  48.281 0.0000000000
105161  -50.965  3.577  43.000 0.0000000000
59824  -50.619  3.425  43.691 0.0000000000
105254  -17.694  -23.978  67.111 0.0000000000
34573  -18.218  -23.699  64.750 0.0000000000
34572  -17.379  -23.615  64.697 0.0000000000
35575  -17.180  -23.515  63.215 0.0000000000
125788  -17.732  -23.569  63.420 0.0000000000
35667  -18.488  -22.684  58.220 0.0000000000
123711  -18.561  -22.412  57.425 0.0000000000
35688  -17.215  -23.362  55.135 0.0000000000
36623  -17.397  -22.726  56.408 0.0000000000
34659  -16.777  -24.103  55.363 0.0000000000
34677  -16.917  -24.912  54.837 0.0000000000
117645  -17.431  -24.922  54.242 0.0000000000
33854  -18.651  -25.140  53.397 0.0000000000
117888  -18.249  -25.552  53.805 0.0000000000
42053  -27.308  -16.605  57.511 0.0000000000
42052  -26.722  -16.992  57.437 0.0000000000
42092  -24.862  -16.328  54.353 0.0000000000
42081  -25.047  -16.779  55.163 0.0000000000
41129  -24.353  -17.092  54.727 0.0000000000
104905  -23.929  -17.698  55.016 0.0000000000
50129  -36.650  -7.582  52.683 0.0000000000
50965  -37.436  -6.512  54.583 0.0000000000
51817  -37.588  -5.793  54.277 0.0000000000
51804  -38.364  -5.497  56.502 0.0000000000
52704  -38.551  -4.757  56.002 0.0000000000
52705  -39.015  -4.162  55.577 0.0000000000
52698  -39.066  -4.217  56.459 0.0000000000
125108  -40.150  -3.165  57.314 0.0000000000
120261  -34.382  -12.217  63.252 0.0000000000
112800  -34.514  -10.093  61.121 0.0000000000
47535  -34.269  -10.718  61.835 0.0000000000
47542  -34.306  -10.148  60.434 0.0000000000
49221  -36.998  -8.737  60.411 0.0000000000
49206  -36.109  -8.776  61.011 0.0000000000
49220  -36.147  -8.826  60.145 0.0000000000
116410  -35.478  -8.962  58.000 0.0000000000
48425  -35.015  -9.052  57.207 0.0000000000
48437  -35.891  -9.330  56.575 0.0000000000
46687  -36.481  -12.328  55.412 0.0000000000
111397  -35.811  -11.099  54.924 0.0000000000
46713  -35.082  -12.322  53.937 0.0000000000
45844  -35.465  -13.291  54.122 0.0000000000
45830  -36.141  -13.109  54.681 0.0000000000
45845  -36.668  -13.114  54.242 0.0000000000
47582  -38.399  -11.823  57.326 0.0000000000
46690  -38.091  -12.338  56.191 0.0000000000
47602  -38.302  -11.814  56.397 0.0000000000
121612  -37.539  -11.064  54.594 0.0000000000
46714  -36.830  -11.619  53.049 0.0000000000
47636  -36.810  -10.626  53.195 0.0000000000
49295  -36.910  -8.651  53.811 0.0000000000
49301  -36.650  -8.441  53.001 0.0000000000
113583  -36.391  -8.306  52.106 0.0000000000
59783  -54.084  3.876  46.996 0.0000000000
107487  -53.146  3.591  46.607 0.0000000000
59801  -53.866  3.696  46.015 0.0000000000
110361  -54.187  3.820  44.988 0.0000000000
59826  -54.096  3.850  44.122 0.0000000000
59840  -53.401  3.884  43.338 0.0000000000
35528  -22.712  -23.744  66.326 0.0000000000
34576  -21.096  -23.807  64.839 0.0000000000
35561  -22.029  -23.593  64.524 0.0000000000
35581  -22.724  -23.131  63.488 0.0000000000
111657  -22.096  -23.167  63.134 0.0000000000
35600  -21.826  -23.102  62.593 0.0000000000
35616  -20.569  -23.201  61.680 0.0000000000
35617  -21.523  -23.001  61.915 0.0000000000
36558  -24.435  -22.467  62.528 0.0000000000
35603  -24.072  -22.793  63.043 0.0000000000
36587  -22.342  -22.256  60.377 0.0000000000
36586  -21.509  -22.570  60.600 0.0000000000
36595  -20.463  -22.454  59.471 0.0000000000
104656  -21.112  -22.163  59.197 0.0000000000
37470  -21.454  -21.433  57.641 0.0000000000
37469  -20.601  -21.713  57.706 0.0000000000
37492  -19.951  -21.284  56.097 0.0000000000
50993  -36.838  -6.169  51.945 0.0000000000
52733  -37.716  -4.876  51.876 0.0000000000
53667  -39.512  -3.385  53.276 0.0000000000
53666  -38.845  -3.862  52.816 0.0000000000
53702  -39.476  -3.377  50.593 0.0000000000
55523  -42.452  -1.483  52.141 0.0000000000
55524  -43.151  -1.317  51.666 0.0000000000
55551  -45.565  -1.676  50.626 0.0000000000
55539  -46.843  -1.447  51.291 0.0000000000
55552  -46.310  -1.729  50.826 0.0000000000
55540  -47.889  -2.093  51.539 0.0000000000
39231  -30.331  -19.027  64.310 0.0000000000
39244  -30.019  -18.621  63.508 0.0000000000
40146  -30.101  -17.727  62.301 0.0000000000
40158  -28.938  -17.567  61.321 0.0000000000
41040  -29.408  -17.049  60.867 0.0000000000
42002  -31.395  -16.459  61.790 0.0000000000
109887  -30.980  -16.226  61.108 0.0000000000
42034  -29.781  -15.635  59.257 0.0000000000
42021  -29.438  -16.167  59.707 0.0000000000
41056  -28.993  -16.702  60.152 0.0000000000
42032  -28.396  -16.285  58.555 0.0000000000
43014  -28.995  -15.185  56.790 0.0000000000
42993  -28.727  -15.614  57.390 0.0000000000
43028  -28.402  -15.271  56.013 0.0000000000
45757  -33.558  -12.322  61.532 0.0000000000
45766  -33.176  -12.471  60.701 0.0000000000
45773  -32.434  -12.628  59.393 0.0000000000
45765  -32.676  -13.013  60.167 0.0000000000
44878  -31.956  -13.123  59.043 0.0000000000
44868  -31.805  -13.777  59.382 0.0000000000
46672  -32.284  -11.111  56.569 0.0000000000
46657  -32.407  -11.312  57.354 0.0000000000
46671  -31.659  -11.491  56.318 0.0000000000
45802  -30.586  -12.660  56.427 0.0000000000
45803  -31.252  -12.164  56.962 0.0000000000
44897  -30.764  -13.010  57.245 0.0000000000
44896  -30.221  -13.419  56.726 0.0000000000
43951  -29.840  -14.085  57.017 0.0000000000
44924  -28.558  -13.695  54.408 0.0000000000
44923  -27.688  -14.017  54.164 0.0000000000
44961  -35.131  -14.122  52.185 0.0000000000
44008  -34.487  -14.381  51.922 0.0000000000
44973  -34.851  -14.002  51.375 0.0000000000
105256  -17.843  -24.101  68.833 0.0000000000
35513  -23.294  -23.463  67.647 0.0000000000
35533  -27.128  -22.872  65.866 0.0000000000
38315  -30.304  -19.881  65.626 0.0000000000
38316  -30.728  -19.539  65.610 0.0000000000
40115  -31.963  -18.263  65.149 0.0000000000
41957  -33.257  -16.613  66.593 0.0000000000
40991  -32.918  -17.231  66.136 0.0000000000
41003  -32.878  -17.167  65.341 0.0000000000
41988  -32.951  -16.432  64.003 0.0000000000
41977  -33.256  -16.547  64.939 0.0000000000
42917  -34.077  -15.353  64.970 0.0000000000
43846  -34.439  -14.821  65.421 0.0000000000
43859  -34.316  -14.688  64.615 0.0000000000
43860  -34.698  -14.211  65.162 0.0000000000
44825  -34.962  -13.507  64.969 0.0000000000
45727  -35.247  -12.869  65.609 0.0000000000
118740  -35.303  -12.093  65.362 0.0000000000
47503  -35.504  -10.602  65.559 0.0000000000
48355  -35.579  -9.836  65.040 0.0000000000
49198  -40.004  -8.293  62.816 0.0000000000
50882  -40.543  -6.364  63.115 0.0000000000
50894  -40.620  -6.651  62.428 0.0000000000
109743  -40.560  -5.747  62.812 0.0000000000
52642  -40.518  -4.469  62.992 0.0000000000
51754  -40.448  -5.448  62.167 0.0000000000
52654  -40.351  -4.608  62.359 0.0000000000
52661  -39.956  -4.733  61.291 0.0000000000
108805  -40.098  -3.834  61.801 0.0000000000
54492  -40.913  -2.467  61.783 0.0000000000
53598  -40.283  -3.000  61.195 0.0000000000
54518  -40.599  -2.596  60.420 0.0000000000
54527  -41.337  -2.161  59.073 0.0000000000
54528  -41.994  -1.905  58.336 0.0000000000
57139  -44.769  0.898  61.244 0.0000000000
55418  -43.635  -0.477  60.999 0.0000000000
55451  -44.460  -0.707  58.660 0.0000000000
124719  -43.860  -0.810  59.368 0.0000000000
55463  -43.543  -1.281  57.793 0.0000000000
113969  -42.782  -1.617  58.023 0.0000000000
55480  -43.493  -1.255  56.780 0.0000000000
56370  -44.822  -0.635  55.818 0.0000000000
56385  -44.787  -0.583  54.831 0.0000000000
56371  -45.456  -0.487  55.365 0.0000000000
104977  -47.558  0.046  57.882 0.0000000000
56355  -47.858  -0.309  57.206 0.0000000000
121583  -47.734  -0.403  55.056 0.0000000000
56387  -46.995  -0.322  54.377 0.0000000000
56401  -46.966  -0.410  53.251 0.0000000000
121286  -48.003  -0.566  53.178 0.0000000000
56417  -49.807  -1.569  53.512 0.0000000000
56416  -48.613  -1.028  52.845 0.0000000000
55526  -49.312  -1.858  52.705 0.0000000000
54598  -49.871  -2.998  52.690 0.0000000000
111410  -50.144  2.580  56.354 0.0000000000
58805  -49.876  2.977  56.669 0.0000000000
57996  -50.303  1.764  56.150 0.0000000000
57194  -50.135  1.271  56.541 0.0000000000
58840  -50.222  2.635  53.935 0.0000000000
58014  -50.054  1.786  53.781 0.0000000000
106408  -50.991  -0.482  53.480 0.0000000000
56404  -51.208  -1.337  54.022 0.0000000000
56405  -51.406  -2.010  53.490 0.0000000000
54616  -51.162  -3.495  52.559 0.0000000000
108049  -51.467  -3.028  52.996 0.0000000000
53691  -50.744  -3.968  52.223 0.0000000000
53678  -50.715  -3.970  52.686 0.0000000000
52739  -50.359  -4.508  52.228 0.0000000000
52754  -49.881  -4.912  51.696 0.0000000000
53708  -50.262  -4.073  51.439 0.0000000000
54643  -48.700  -2.661  49.882 0.0000000000
53726  -48.771  -3.622  50.026 0.0000000000
53725  -48.071  -3.845  49.511 0.0000000000
112632  -48.252  0.176  49.764 0.0000000000
54664  -46.255  -2.038  48.073 0.0000000000
112238  -46.990  -2.030  48.671 0.0000000000
54650  -46.619  -2.690  48.482 0.0000000000
53741  -46.677  -3.515  48.576 0.0000000000
122962  -51.926  3.241  48.077 0.0000000000
59752  -51.297  3.073  48.399 0.0000000000
59764  -51.197  3.138  47.654 0.0000000000
124123  -49.216  2.620  46.096 0.0000000000
58929  -49.552  2.684  46.632 0.0000000000
58088  -48.168  1.936  46.754 0.0000000000
58939  -48.141  2.101  45.985 0.0000000000
59809  -49.250  3.004  44.332 0.0000000000
124499  -47.985  2.499  44.389 0.0000000000
123126  -47.055  1.893  45.131 0.0000000000
120224  -46.715  1.370  45.729 0.0000000000
34550  -16.280  -23.601  65.955 0.0000000000
35543  -16.070  -23.582  65.312 0.0000000000
35593  -15.025  -22.931  63.246 0.0000000000
111120  -14.634  -22.994  64.012 0.0000000000
126396  -13.469  -22.549  62.098 0.0000000000
109863  -13.784  -23.034  60.141 0.0000000000
35626  -13.079  -23.292  60.401 0.0000000000
35640  -13.433  -23.615  59.705 0.0000000000
34623  -13.695  -24.638  58.937 0.0000000000
34583  -20.168  -23.713  63.800 0.0000000000
34582  -19.406  -23.693  63.832 0.0000000000
35578  -19.767  -23.609  63.215 0.0000000000
123861  -18.413  -23.546  61.152 0.0000000000
122210  -18.372  -23.597  61.851 0.0000000000
120526  -17.687  -23.578  61.925 0.0000000000
35630  -17.407  -23.530  60.762 0.0000000000
118609  -17.740  -23.089  58.694 0.0000000000
35643  -16.170  -23.344  59.334 0.0000000000
35642  -15.042  -23.257  59.340 0.0000000000
33098  -17.775  -26.728  54.904 0.0000000000
122871  -17.418  -27.127  55.368 0.0000000000
39242  -28.465  -19.208  62.770 0.0000000000
39241  -27.795  -19.489  62.451 0.0000000000
39255  -27.318  -19.434  61.766 0.0000000000
106531  -26.131  -19.355  59.981 0.0000000000
39271  -26.504  -19.360  60.624 0.0000000000
124944  -25.690  -19.883  60.097 0.0000000000
38366  -25.269  -20.466  60.223 0.0000000000
41095  -25.782  -17.813  57.436 0.0000000000
40211  -25.412  -18.460  57.802 0.0000000000
39321  -23.513  -19.520  56.645 0.0000000000
39311  -23.761  -19.800  57.387 0.0000000000
38395  -24.017  -20.141  58.129 0.0000000000
38403  -23.165  -20.116  56.989 0.0000000000
38393  -22.837  -20.581  57.396 0.0000000000
113919  -20.838  -19.895  54.454 0.0000000000
122317  -20.330  -20.370  54.699 0.0000000000
38420  -19.733  -20.614  54.445 0.0000000000
38433  -19.602  -20.577  53.645 0.0000000000
41149  -22.128  -17.408  51.856 0.0000000000
106850  -22.510  -17.388  52.811 0.0000000000
41148  -21.576  -17.849  51.143 0.0000000000
39381  -20.600  -19.602  50.846 0.0000000000
40276  -20.710  -19.184  51.499 0.0000000000
39365  -20.256  -19.958  51.498 0.0000000000
39353  -20.480  -19.532  52.512 0.0000000000
36689  -19.847  -22.305  51.600 0.0000000000
37538  -19.548  -21.616  51.800 0.0000000000
36673  -19.142  -22.322  52.218 0.0000000000
49236  -39.857  -9.343  59.892 0.0000000000
49209  -39.292  -9.034  61.682 0.0000000000
47543  -39.540  -10.337  60.092 0.0000000000
48407  -39.536  -10.292  59.785 0.0000000000
53688  -46.968  -3.436  51.078 0.0000000000
116639  -47.758  -5.776  51.486 0.0000000000
51855  -48.849  -5.420  51.429 0.0000000000
37415  -27.512  -21.462  64.335 0.0000000000
36545  -26.815  -21.793  64.116 0.0000000000
37420  -27.197  -21.211  63.694 0.0000000000
37425  -26.816  -20.865  62.995 0.0000000000
54573  -41.405  -2.146  54.557 0.0000000000
55503  -42.032  -1.683  54.145 0.0000000000
43874  -33.498  -15.217  63.340 0.0000000000
42940  -33.048  -15.243  62.577 0.0000000000
43889  -33.543  -14.600  62.832 0.0000000000
43905  -33.015  -14.014  61.531 0.0000000000
47633  -34.182  -10.077  53.531 0.0000000000
47616  -33.632  -9.863  54.237 0.0000000000
47647  -33.946  -10.571  52.795 0.0000000000
47657  -33.632  -11.128  52.267 0.0000000000
47656  -32.912  -10.990  51.737 0.0000000000
108798  -32.756  -11.911  51.404 0.0000000000
45870  -33.203  -13.384  52.021 0.0000000000
59723  -51.967  4.054  51.656 0.0000000000
59722  -50.985  3.825  52.107 0.0000000000
59732  -50.952  3.481  51.070 0.0000000000
59741  -49.998  2.989  50.394 0.0000000000
58884  -48.785  1.834  49.653 0.0000000000
58906  -49.551  2.584  48.402 0.0000000000
126168  -19.075  -24.193  67.220 0.0000000000
121113  -18.813  -23.819  65.162 0.0000000000
34581  -18.657  -23.659  63.917 0.0000000000
36625  -18.588  -22.164  56.791 0.0000000000
36624  -17.931  -22.300  56.193 0.0000000000
35698  -17.524  -23.455  54.297 0.0000000000
34697  -18.363  -24.297  53.223 0.0000000000
43012  -27.112  -16.079  56.192 0.0000000000
42083  -26.518  -16.257  55.888 0.0000000000
43025  -26.338  -15.896  55.120 0.0000000000
42093  -25.607  -16.099  54.743 0.0000000000
108873  -37.161  -7.933  54.302 0.0000000000
50107  -37.379  -7.312  54.851 0.0000000000
50956  -37.575  -6.728  55.462 0.0000000000
115849  -38.518  -5.906  57.242 0.0000000000
53635  -40.028  -3.259  58.045 0.0000000000
47519  -34.947  -10.507  63.668 0.0000000000
47527  -34.978  -9.941  62.811 0.0000000000
48371  -34.843  -9.902  61.930 0.0000000000
48381  -34.969  -9.568  61.141 0.0000000000
48404  -37.461  -9.599  59.389 0.0000000000
49233  -36.427  -8.948  59.239 0.0000000000
123527  -37.146  -9.638  58.853 0.0000000000
48453  -36.361  -10.106  56.322 0.0000000000
45818  -37.032  -12.690  55.601 0.0000000000
45832  -37.248  -12.730  54.926 0.0000000000
48454  -38.128  -10.825  55.832 0.0000000000
48471  -37.418  -9.987  54.565 0.0000000000
115709  -37.096  -9.444  54.033 0.0000000000
35562  -23.035  -23.348  64.309 0.0000000000
35602  -23.301  -22.834  62.928 0.0000000000
37431  -24.544  -21.814  61.273 0.0000000000
36589  -23.926  -22.072  61.053 0.0000000000
36597  -22.942  -21.911  60.155 0.0000000000
37451  -22.440  -21.852  59.563 0.0000000000
36605  -21.827  -21.804  58.973 0.0000000000
37459  -21.895  -21.525  58.238 0.0000000000
51830  -37.365  -5.539  52.351 0.0000000000
54583  -39.856  -3.054  52.677 0.0000000000
54609  -39.889  -2.988  51.978 0.0000000000
56425  -43.685  -1.047  52.185 0.0000000000
55537  -44.973  -1.141  51.168 0.0000000000
56428  -46.647  -0.769  51.815 0.0000000000
41031  -30.407  -17.243  61.867 0.0000000000
124434  -30.929  -15.669  60.430 0.0000000000
42055  -28.834  -15.757  58.082 0.0000000000
42978  -29.454  -15.428  58.454 0.0000000000
115613  -33.300  -11.594  60.191 0.0000000000
46639  -32.683  -11.780  59.018 0.0000000000
46685  -31.453  -11.274  55.426 0.0000000000
45815  -30.399  -12.427  55.550 0.0000000000
45814  -29.836  -12.896  55.168 0.0000000000
45827  -29.108  -12.956  53.981 0.0000000000
39213  -31.043  -19.392  65.788 0.0000000000
41978  -33.714  -15.991  65.408 0.0000000000
41968  -33.696  -16.028  66.228 0.0000000000
115689  -40.458  -5.096  63.689 0.0000000000
52631  -40.524  -4.800  63.385 0.0000000000
117637  -40.505  -4.126  63.323 0.0000000000
54508  -41.409  -1.855  61.291 0.0000000000
55431  -42.099  -1.362  60.768 0.0000000000
55432  -42.973  -0.983  60.414 0.0000000000
57140  -45.382  1.052  60.751 0.0000000000
56292  -45.043  0.518  60.675 0.0000000000
56337  -45.233  -0.494  57.920 0.0000000000
105495  -48.577  -0.343  57.017 0.0000000000
55514  -50.868  -2.051  53.935 0.0000000000
59669  -50.010  3.763  56.200 0.0000000000
106028  -50.158  3.298  56.184 0.0000000000
58826  -50.358  2.650  55.650 0.0000000000
58023  -49.716  1.631  52.807 0.0000000000
57228  -50.129  0.520  52.652 0.0000000000
57237  -50.686  -0.597  52.499 0.0000000000
56431  -51.135  -1.553  52.319 0.0000000000
55528  -51.518  -2.218  52.938 0.0000000000
54615  -50.755  -2.747  51.603 0.0000000000
54632  -50.232  -3.027  50.965 0.0000000000
56456  -47.116  -0.446  48.320 0.0000000000
55568  -46.636  -1.223  48.201 0.0000000000
59781  -51.846  3.308  46.854 0.0000000000
59780  -51.192  3.212  46.975 0.0000000000
58941  -49.741  2.872  45.828 0.0000000000
58961  -47.510  2.563  43.588 0.0000000000
58948  -47.235  2.234  44.423 0.0000000000
35526  -15.491  -23.557  66.606 0.0000000000
110520  -16.518  -23.498  63.844 0.0000000000
35557  -15.793  -23.483  64.513 0.0000000000
35574  -15.815  -23.333  63.616 0.0000000000
36555  -14.181  -22.568  62.357 0.0000000000
36571  -13.619  -22.609  61.493 0.0000000000
36572  -14.638  -22.649  61.535 0.0000000000
36583  -14.172  -22.702  60.755 0.0000000000
35641  -14.179  -23.377  59.482 0.0000000000
111465  -20.115  -23.433  62.233 0.0000000000
35598  -19.468  -23.564  62.524 0.0000000000
107210  -18.026  -23.488  60.496 0.0000000000
35678  -16.459  -23.542  56.846 0.0000000000
105625  -16.740  -23.293  57.596 0.0000000000
35665  -16.038  -23.724  57.455 0.0000000000
34625  -14.974  -24.115  58.123 0.0000000000
33065  -15.438  -26.399  56.894 0.0000000000
32374  -15.864  -27.197  56.533 0.0000000000
32375  -16.546  -27.714  56.324 0.0000000000
31658  -17.117  -28.233  56.517 0.0000000000
40143  -27.711  -18.619  61.360 0.0000000000
40175  -26.751  -18.750  60.305 0.0000000000
39290  -25.837  -18.962  59.257 0.0000000000
104696  -24.321  -18.155  56.082 0.0000000000
40222  -24.492  -18.459  56.721 0.0000000000
40221  -23.820  -18.756  56.241 0.0000000000
39332  -23.205  -19.280  55.934 0.0000000000
39331  -22.492  -19.719  55.616 0.0000000000
39339  -20.643  -19.611  53.599 0.0000000000
37553  -21.090  -21.322  50.501 0.0000000000
38478  -20.546  -21.092  50.736 0.0000000000
50083  -38.040  -8.066  56.702 0.0000000000
50922  -38.886  -6.797  58.279 0.0000000000
50070  -39.278  -7.612  58.855 0.0000000000
51778  -39.448  -5.472  59.080 0.0000000000
52674  -39.692  -4.564  59.960 0.0000000000
122925  -36.611  -8.558  62.763 0.0000000000
49207  -37.041  -8.559  61.256 0.0000000000
49235  -37.786  -9.440  59.982 0.0000000000
48417  -38.023  -10.548  58.983 0.0000000000
110168  -38.328  -11.207  58.497 0.0000000000
46659  -38.302  -11.883  57.417 0.0000000000
48429  -38.831  -10.932  57.784 0.0000000000
51002  -47.598  -6.121  51.103 0.0000000000
35565  -25.746  -22.816  64.598 0.0000000000
35584  -25.194  -22.777  64.165 0.0000000000
36559  -25.127  -22.313  62.882 0.0000000000
36560  -25.816  -21.866  63.043 0.0000000000
36577  -24.812  -22.051  62.042 0.0000000000
38377  -24.549  -21.010  60.056 0.0000000000
54611  -41.280  -2.128  51.193 0.0000000000
55512  -42.519  -1.386  52.930 0.0000000000
41024  -31.864  -17.082  63.093 0.0000000000
42003  -32.029  -15.847  61.772 0.0000000000
123827  -31.474  -15.450  60.743 0.0000000000
42960  -31.550  -14.979  60.297 0.0000000000
108160  -31.337  -14.425  59.422 0.0000000000
110794  -33.427  -10.160  57.169 0.0000000000
46658  -32.990  -10.720  57.728 0.0000000000
108361  -32.752  -10.439  56.018 0.0000000000
47597  -32.019  -10.677  54.741 0.0000000000
46711  -30.801  -11.165  52.998 0.0000000000
46710  -30.068  -11.416  52.650 0.0000000000
46726  -30.836  -10.824  51.788 0.0000000000
46763  -31.535  -11.542  50.606 0.0000000000
45885  -32.207  -11.876  50.849 0.0000000000
47658  -35.892  -11.134  51.507 0.0000000000
126464  -35.264  -10.689  50.645 0.0000000000
47671  -34.430  -10.346  49.833 0.0000000000
126744  -35.123  -9.508  50.069 0.0000000000
48520  -34.744  -9.581  49.717 0.0000000000
57152  -46.395  0.931  59.799 0.0000000000
56323  -46.657  0.264  58.759 0.0000000000
119976  -47.045  0.569  58.972 0.0000000000
56340  -47.824  0.472  58.214 0.0000000000
57964  -48.202  1.741  58.384 0.0000000000
119974  -48.287  0.637  58.033 0.0000000000
56356  -49.086  -0.058  57.089 0.0000000000
108535  -50.680  5.475  54.035 0.0000000000
104859  -50.617  4.675  54.495 0.0000000000
59698  -50.429  3.418  53.600 0.0000000000
58033  -49.446  1.297  51.856 0.0000000000
56439  -48.841  -0.433  50.406 0.0000000000
58073  -47.466  0.874  47.609 0.0000000000
59811  -51.257  3.432  44.405 0.0000000000
59822  -48.947  3.091  43.638 0.0000000000
34552  -17.012  -23.710  66.820 0.0000000000
109742  -16.926  -23.649  66.081 0.0000000000
34563  -16.781  -23.604  65.374 0.0000000000
34564  -17.525  -23.694  65.482 0.0000000000
36594  -19.787  -22.604  59.341 0.0000000000
35657  -19.001  -22.842  59.197 0.0000000000
35666  -17.069  -22.966  56.985 0.0000000000
33824  -16.753  -25.791  55.075 0.0000000000
33114  -17.418  -26.095  54.619 0.0000000000
33115  -18.213  -26.195  54.259 0.0000000000
41075  -27.277  -17.260  58.815 0.0000000000
41074  -26.610  -17.671  58.518 0.0000000000
41096  -26.391  -17.498  57.775 0.0000000000
41109  -25.552  -17.495  56.693 0.0000000000
42069  -26.012  -16.863  56.324 0.0000000000
41119  -25.299  -17.172  55.935 0.0000000000
41108  -24.864  -17.794  56.362 0.0000000000
40244  -23.345  -18.218  54.900 0.0000000000
41127  -22.959  -17.933  54.190 0.0000000000
108035  -36.340  -7.239  51.000 0.0000000000
50138  -36.474  -7.418  51.871 0.0000000000
50982  -36.716  -6.816  52.381 0.0000000000
51824  -37.884  -5.257  54.016 0.0000000000
50957  -37.851  -6.121  55.993 0.0000000000
54554  -41.771  -2.140  56.734 0.0000000000
114821  -34.372  -12.940  63.439 0.0000000000
44846  -33.984  -13.376  62.887 0.0000000000
45750  -34.087  -12.589  62.748 0.0000000000
45758  -33.827  -12.204  62.177 0.0000000000
46624  -33.833  -11.495  61.680 0.0000000000
47550  -33.752  -10.704  60.080 0.0000000000
47557  -33.713  -10.305  59.033 0.0000000000
48403  -35.368  -9.120  59.837 0.0000000000
47567  -34.014  -9.721  57.528 0.0000000000
48424  -34.169  -9.570  56.702 0.0000000000
48451  -35.028  -9.446  55.330 0.0000000000
48452  -35.690  -9.654  55.836 0.0000000000
47618  -35.506  -9.937  55.089 0.0000000000
48470  -34.969  -9.654  54.736 0.0000000000
47634  -34.662  -10.834  53.447 0.0000000000
45858  -34.367  -13.606  53.024 0.0000000000
44947  -34.570  -14.085  52.898 0.0000000000
44934  -34.947  -13.855  53.532 0.0000000000
44948  -35.227  -14.025  53.003 0.0000000000
44962  -35.696  -13.676  52.435 0.0000000000
44926  -36.130  -13.269  54.267 0.0000000000
44949  -35.959  -13.656  53.203 0.0000000000
45872  -36.247  -13.120  52.612 0.0000000000
117317  -36.239  -12.432  52.194 0.0000000000
45806  -37.930  -12.447  56.280 0.0000000000
46689  -37.713  -12.374  55.697 0.0000000000
46701  -37.543  -12.129  54.750 0.0000000000
46746  -36.348  -11.559  52.198 0.0000000000
48507  -36.126  -10.371  51.833 0.0000000000
110031  -36.213  -9.279  51.930 0.0000000000
49308  -36.089  -8.624  51.306 0.0000000000
59744  -53.361  3.900  49.442 0.0000000000
111463  -52.608  3.389  48.119 0.0000000000
59766  -53.101  3.549  47.725 0.0000000000
59782  -52.630  3.465  47.069 0.0000000000
105385  -52.168  3.381  46.403 0.0000000000
105163  -51.947  3.427  45.047 0.0000000000
59802  -54.704  4.284  45.862 0.0000000000
59812  -52.995  3.576  45.017 0.0000000000
105162  -52.208  3.553  44.243 0.0000000000
59838  -51.743  3.666  42.702 0.0000000000
59839  -52.568  3.813  42.794 0.0000000000
121206  -20.855  -23.945  65.567 0.0000000000
34566  -20.313  -23.911  65.031 0.0000000000
35579  -20.545  -23.557  63.215 0.0000000000
105607  -21.959  -23.385  63.695 0.0000000000
35580  -21.381  -23.389  63.162 0.0000000000
35632  -20.574  -22.943  60.833 0.0000000000
35583  -24.511  -22.898  63.842 0.0000000000
35619  -23.010  -22.713  62.367 0.0000000000
112246  -23.618  -22.372  61.550 0.0000000000
36575  -23.026  -22.569  61.761 0.0000000000
35618  -22.391  -22.833  62.112 0.0000000000
35646  -20.098  -22.793  60.110 0.0000000000
36613  -19.915  -22.039  57.942 0.0000000000
37468  -19.875  -21.803  57.330 0.0000000000
37479  -19.371  -21.680  56.579 0.0000000000
43973  -25.912  -15.002  53.733 0.0000000000
51850  -36.776  -5.980  50.306 0.0000000000
51858  -37.085  -5.719  49.474 0.0000000000
52734  -38.296  -4.349  51.476 0.0000000000
53686  -38.833  -3.814  51.063 0.0000000000
52748  -38.368  -4.324  50.566 0.0000000000
55549  -43.280  -1.539  50.760 0.0000000000
54630  -46.226  -2.544  50.568 0.0000000000
38330  -29.067  -19.925  64.307 0.0000000000
40132  -28.876  -18.540  62.430 0.0000000000
40133  -29.703  -18.255  62.743 0.0000000000
40144  -28.503  -18.241  61.700 0.0000000000
40157  -28.108  -17.908  60.978 0.0000000000
41055  -28.235  -17.062  59.802 0.0000000000
41032  -30.989  -17.058  62.175 0.0000000000
41041  -30.130  -16.906  61.147 0.0000000000
111190  -30.472  -16.352  60.759 0.0000000000
41076  -27.951  -16.843  59.067 0.0000000000
42031  -27.675  -16.683  58.296 0.0000000000
42071  -27.553  -16.140  56.841 0.0000000000
44860  -32.872  -13.459  60.894 0.0000000000
44859  -32.471  -13.836  60.383 0.0000000000
45791  -31.875  -12.065  57.748 0.0000000000
45781  -31.622  -12.894  58.326 0.0000000000
44885  -31.017  -13.518  58.024 0.0000000000
43939  -30.507  -14.098  58.083 0.0000000000
43938  -30.063  -14.380  57.736 0.0000000000
43950  -29.413  -14.525  56.514 0.0000000000
44912  -29.547  -13.637  55.479 0.0000000000
43965  -29.259  -14.307  55.786 0.0000000000
43964  -28.627  -14.751  55.434 0.0000000000
43963  -28.163  -14.452  54.762 0.0000000000
43975  -27.300  -14.664  54.513 0.0000000000
50041  -40.632  -7.727  62.103 0.0000000000
115710  -40.412  -6.840  63.412 0.0000000000
50875  -40.377  -6.213  63.644 0.0000000000
34542  -18.438  -24.180  67.510 0.0000000000
34531  -19.472  -24.136  68.735 0.0000000000
34543  -19.198  -24.209  67.893 0.0000000000
106918  -19.728  -24.194  67.432 0.0000000000
34555  -20.294  -24.126  66.913 0.0000000000
34556  -21.081  -24.013  67.311 0.0000000000
35529  -23.443  -23.574  66.451 0.0000000000
35530  -24.099  -23.433  66.043 0.0000000000
120428  -24.929  -23.355  65.943 0.0000000000
35548  -25.552  -23.143  65.386 0.0000000000
35531  -25.556  -23.259  66.388 0.0000000000
35549  -26.398  -22.867  65.246 0.0000000000
35550  -27.014  -22.577  65.234 0.0000000000
37416  -28.229  -21.359  64.905 0.0000000000
38314  -29.333  -20.329  64.923 0.0000000000
39221  -31.053  -19.100  65.283 0.0000000000
39232  -30.904  -18.780  64.596 0.0000000000
40123  -31.236  -18.258  64.071 0.0000000000
41002  -32.362  -17.618  64.814 0.0000000000
41013  -32.262  -17.253  63.928 0.0000000000
45737  -34.676  -13.233  64.193 0.0000000000
46609  -34.968  -11.434  64.260 0.0000000000
46601  -35.293  -11.375  65.069 0.0000000000
110968  -35.381  -9.933  64.217 0.0000000000
48364  -35.973  -9.198  64.222 0.0000000000
48356  -36.206  -9.128  65.354 0.0000000000
49167  -36.787  -8.557  64.725 0.0000000000
49179  -36.673  -8.573  63.646 0.0000000000
49197  -39.372  -8.426  62.559 0.0000000000
108316  -40.573  -7.182  61.482 0.0000000000
121816  -40.511  -6.240  61.772 0.0000000000
53573  -40.603  -3.461  62.974 0.0000000000
54485  -40.922  -2.529  62.576 0.0000000000
53607  -39.726  -3.698  59.557 0.0000000000
53622  -40.082  -3.117  59.079 0.0000000000
54540  -40.618  -2.651  58.578 0.0000000000
54541  -41.497  -2.270  57.483 0.0000000000
55405  -43.355  -0.342  61.667 0.0000000000
55449  -43.175  -1.175  59.510 0.0000000000
122914  -42.723  -1.540  58.797 0.0000000000
54555  -42.319  -1.812  56.693 0.0000000000
55479  -42.791  -1.537  56.289 0.0000000000
56351  -44.168  -0.927  56.315 0.0000000000
125314  -44.593  -0.606  54.046 0.0000000000
109300  -45.386  -0.461  54.069 0.0000000000
56339  -46.837  0.002  58.120 0.0000000000
121365  -46.415  -0.351  56.682 0.0000000000
105199  -47.101  -0.322  56.456 0.0000000000
106379  -46.259  -0.395  55.809 0.0000000000
56386  -46.085  -0.395  54.765 0.0000000000
56400  -45.820  -0.414  53.063 0.0000000000
56414  -46.560  -0.511  52.534 0.0000000000
55525  -48.194  -1.419  52.155 0.0000000000
54614  -48.967  -3.216  51.973 0.0000000000
57193  -49.692  1.272  57.080 0.0000000000
57204  -50.077  0.545  56.520 0.0000000000
56375  -50.513  -0.045  55.800 0.0000000000
59699  -50.468  3.477  54.692 0.0000000000
58015  -50.622  0.923  54.639 0.0000000000
57214  -50.774  0.238  55.272 0.0000000000
55506  -50.947  -1.425  54.291 0.0000000000
54586  -51.053  -2.859  53.532 0.0000000000
122810  -51.291  -2.738  53.402 0.0000000000
54599  -50.768  -3.520  53.138 0.0000000000
53677  -50.677  -3.896  52.776 0.0000000000
52725  -49.571  -4.858  52.227 0.0000000000
51856  -49.461  -5.177  51.781 0.0000000000
109409  -49.501  -4.406  50.786 0.0000000000
52767  -47.985  -4.810  49.696 0.0000000000
52780  -47.309  -5.011  49.287 0.0000000000
55562  -48.553  -1.732  49.835 0.0000000000
112114  -47.828  -2.109  49.311 0.0000000000
58916  -50.389  2.929  47.165 0.0000000000
58915  -49.548  2.621  47.530 0.0000000000
106858  -47.685  1.452  47.059 0.0000000000
105824  -47.185  1.004  46.826 0.0000000000
58950  -49.471  2.905  45.097 0.0000000000
58940  -48.852  2.556  45.611 0.0000000000
105276  -47.952  2.256  45.149 0.0000000000
123779  -46.972  1.185  46.357 0.0000000000
57291  -46.519  0.675  46.357 0.0000000000
126119  -15.946  -23.586  66.413 0.0000000000
35542  -15.694  -23.576  65.952 0.0000000000
35625  -12.550  -23.585  60.750 0.0000000000
34575  -19.826  -23.810  64.434 0.0000000000
35597  -18.690  -23.601  62.573 0.0000000000
35576  -18.334  -23.595  63.284 0.0000000000
35612  -16.112  -23.121  61.108 0.0000000000
35644  -18.563  -23.233  59.857 0.0000000000
35655  -17.047  -23.343  58.995 0.0000000000
116679  -16.661  -23.366  60.457 0.0000000000
34624  -14.292  -24.491  58.490 0.0000000000
32392  -16.851  -27.190  55.643 0.0000000000
38342  -27.968  -19.805  63.122 0.0000000000
38341  -27.245  -20.132  62.520 0.0000000000
39254  -26.611  -19.686  61.231 0.0000000000
38352  -26.222  -20.389  61.459 0.0000000000
125701  -24.224  -20.903  59.460 0.0000000000
40198  -26.247  -18.308  58.898 0.0000000000
125945  -25.324  -19.271  58.835 0.0000000000
40210  -24.745  -18.787  57.464 0.0000000000
122055  -25.037  -19.093  58.188 0.0000000000
124420  -24.708  -19.814  58.691 0.0000000000
38385  -24.183  -20.550  58.862 0.0000000000
104994  -23.577  -20.677  58.448 0.0000000000
37471  -22.959  -20.867  58.104 0.0000000000
38401  -21.593  -21.029  56.867 0.0000000000
125008  -21.848  -20.234  55.696 0.0000000000
38412  -21.530  -20.641  56.128 0.0000000000
38411  -20.772  -21.021  56.227 0.0000000000
38410  -20.020  -20.807  55.311 0.0000000000
110424  -19.328  -20.977  54.864 0.0000000000
37512  -18.616  -21.634  53.832 0.0000000000
42105  -24.646  -15.872  53.468 0.0000000000
42104  -23.891  -16.384  53.168 0.0000000000
108871  -23.573  -16.177  52.533 0.0000000000
41139  -23.566  -16.953  53.583 0.0000000000
41138  -23.005  -17.431  53.576 0.0000000000
40254  -22.309  -18.122  53.548 0.0000000000
117582  -21.160  -18.511  51.362 0.0000000000
40253  -21.750  -18.728  53.558 0.0000000000
40252  -21.143  -19.029  53.184 0.0000000000
38434  -20.010  -20.097  53.172 0.0000000000
38463  -19.961  -20.855  51.412 0.0000000000
38447  -19.471  -20.967  52.320 0.0000000000
122998  -19.587  -20.596  52.916 0.0000000000
37513  -19.142  -21.130  53.178 0.0000000000
37525  -18.686  -21.904  52.937 0.0000000000
36658  -18.299  -22.333  53.536 0.0000000000
34719  -19.036  -23.922  52.628 0.0000000000
33838  -17.729  -25.563  54.153 0.0000000000
34574  -19.050  -23.748  64.497 0.0000000000
34696  -17.654  -24.258  53.838 0.0000000000
35758  -20.240  -22.864  51.615 0.0000000000
36542  -24.666  -22.639  63.176 0.0000000000
36657  -17.852  -22.809  53.953 0.0000000000
36690  -20.603  -22.312  51.209 0.0000000000
36708  -20.691  -21.661  50.857 0.0000000000
40264  -21.584  -18.133  52.023 0.0000000000
42103  -23.166  -16.769  52.858 0.0000000000
43013  -27.689  -15.711  56.064 0.0000000000
44936  -36.171  -13.424  53.796 0.0000000000
45817  -36.493  -12.896  55.086 0.0000000000
45828  -29.639  -12.765  54.522 0.0000000000
47617  -35.196  -10.185  54.447 0.0000000000
48469  -34.517  -9.831  54.243 0.0000000000
51747  -40.513  -5.102  62.756 0.0000000000
52726  -50.263  -4.391  52.456 0.0000000000
107416  -23.350  -23.599  65.826 0.0000000000
114846  -21.619  -18.430  52.884 0.0000000000
120409  -17.082  -23.245  58.275 0.0000000000
121827  -34.761  -10.327  53.924 0.0000000000
122453  -39.385  -10.194  60.289 0.0000000000
123148  -39.995  -6.916  60.075 0.0000000000
124399  -20.088  -23.242  61.270 0.0000000000
124889  -33.461  -10.221  57.656 0.0000000000
125763  -46.923  -0.495  52.710 0.0000000000
