#!ascii label  , from subject sub-v1s15x0050199_ses-1 vox2ras=TkReg
1593
5808  -35.790  -65.704  4.042 0.1000000015
5818  -35.872  -65.554  3.063 0.1000000015
4751  -34.025  -67.442  2.803 0.1000000015
5278  -35.451  -66.124  1.888 0.1000000015
110920  -34.495  -66.603  0.907 0.1000000015
124612  -35.784  -65.037  0.970 0.1000000015
5300  -34.013  -66.448  0.116 0.1000000015
5852  -34.726  -65.205  -0.216 0.1000000015
6935  -34.209  -64.256  -0.030 0.1000000015
5864  -33.522  -65.239  -0.843 0.1000000015
6411  -33.648  -64.583  -0.841 0.1000000015
6934  -33.753  -63.856  0.137 0.1000000015
6940  -32.963  -63.930  -0.990 0.1000000015
6420  -32.429  -64.216  -1.209 0.1000000015
6933  -33.069  -63.625  -0.304 0.1000000015
7463  -31.590  -62.500  0.790 0.1000000015
7470  -31.499  -62.883  -0.731 0.1000000015
7471  -32.326  -63.317  -0.628 0.1000000015
6347  -37.423  -63.546  3.897 0.1000000015
5819  -36.716  -64.593  3.123 0.1000000015
117740  -35.835  -65.548  2.338 0.1000000015
6901  -36.912  -63.351  2.745 0.1000000015
6363  -37.108  -63.981  2.978 0.1000000015
5831  -35.998  -65.017  1.600 0.1000000015
6915  -36.580  -63.512  2.458 0.1000000015
5842  -35.375  -65.085  0.483 0.1000000015
6926  -35.480  -64.015  1.495 0.1000000015
6925  -34.511  -64.121  0.688 0.1000000015
6923  -33.099  -63.421  0.541 0.1000000015
9664  -32.092  -58.604  2.704 0.1000000015
9663  -31.422  -59.120  2.952 0.1000000015
9063  -31.087  -59.919  3.034 0.1000000015
8492  -31.020  -60.777  2.903 0.1000000015
126067  -30.796  -61.447  1.961 0.1000000015
7986  -31.060  -61.915  1.579 0.1000000015
7456  -31.650  -62.359  1.905 0.1000000015
7457  -32.377  -62.922  1.202 0.1000000015
7464  -32.408  -63.086  0.166 0.1000000015
119308  -38.147  -63.038  5.331 0.1000000015
7410  -37.462  -62.497  4.932 0.2000000030
7411  -37.994  -62.495  5.036 0.2000000030
6335  -37.671  -63.375  4.637 0.1000000015
7421  -37.233  -62.788  4.062 0.1000000015
117609  -37.768  -62.856  4.601 0.1000000015
7409  -36.260  -62.599  5.175 0.1000000015
6886  -37.263  -62.999  3.222 0.1000000015
12159  -36.149  -54.315  4.977 0.1000000015
12167  -35.971  -55.136  4.625 0.1000000015
7420  -35.988  -62.918  4.370 0.1000000015
6900  -36.699  -63.243  2.788 0.1000000015
6914  -35.806  -63.543  2.022 0.1000000015
10895  -36.377  -56.471  3.466 0.1000000015
10894  -35.604  -56.731  3.882 0.1000000015
109649  -34.670  -57.990  3.460 0.1000000015
9638  -34.029  -58.334  4.070 0.1000000015
9652  -33.357  -58.766  3.815 0.1000000015
6885  -35.749  -63.169  3.558 0.1000000015
6898  -34.256  -63.464  2.735 0.1000000015
6924  -33.769  -63.689  0.853 0.1000000015
10272  -35.409  -57.524  3.314 0.1000000015
9653  -34.249  -58.246  3.165 0.1000000015
9059  -32.458  -59.438  3.912 0.1000000015
8467  -32.269  -60.675  4.650 0.1000000015
7948  -31.826  -61.058  4.067 0.1000000015
6912  -34.227  -63.707  1.681 0.1000000015
6911  -33.173  -63.329  1.505 0.1000000015
106385  -32.791  -58.752  3.219 0.1000000015
9651  -32.106  -59.128  3.299 0.1000000015
113601  -31.974  -60.271  4.074 0.1000000015
7433  -31.703  -62.157  2.767 0.1000000015
9058  -31.745  -59.733  3.508 0.1000000015
8478  -31.502  -60.541  3.529 0.1000000015
7975  -31.155  -61.603  2.438 0.1000000015
7443  -32.402  -62.754  2.345 0.1000000015
7399  -37.701  -62.066  5.608 0.1000000015
7400  -38.347  -62.054  5.678 0.2000000030
7401  -38.807  -62.045  6.025 0.1000000015
7934  -39.216  -61.609  6.503 0.2000000030
7391  -39.420  -62.032  6.929 0.2000000030
7931  -36.791  -61.661  6.614 0.1000000015
7398  -36.508  -62.207  5.933 0.1000000015
12797  -36.361  -53.507  5.380 0.1000000015
12805  -36.940  -53.992  4.619 0.1000000015
7419  -34.649  -62.916  4.525 0.1000000015
11524  -35.793  -55.949  4.275 0.1000000015
10893  -34.891  -57.056  4.412 0.1000000015
10271  -34.521  -57.743  4.244 0.1000000015
6884  -34.395  -63.228  3.671 0.1000000015
10270  -33.870  -58.087  5.072 0.1000000015
9637  -33.462  -58.830  4.835 0.1000000015
9050  -32.837  -59.426  4.668 0.1000000015
9040  -32.679  -60.201  5.269 0.1000000015
7949  -32.306  -61.394  4.568 0.1000000015
124066  -32.732  -62.796  2.950 0.1000000015
7434  -32.194  -62.306  3.396 0.1000000015
9017  -37.091  -60.131  7.902 0.1000000015
9018  -38.146  -59.964  7.673 0.1000000015
8440  -37.844  -60.573  7.394 0.1000000015
8441  -38.714  -60.540  7.092 0.2000000030
8453  -39.124  -61.063  6.573 0.2000000030
8452  -38.292  -61.071  6.784 0.2000000030
8454  -39.599  -61.003  6.820 0.2000000030
7919  -39.607  -61.530  7.018 0.2000000030
7917  -35.907  -61.153  7.349 0.1000000015
7930  -35.580  -61.692  6.721 0.1000000015
7397  -35.241  -62.227  6.091 0.1000000015
12158  -35.402  -54.676  5.352 0.1000000015
12157  -34.607  -55.045  5.742 0.1000000015
11505  -33.983  -55.472  6.240 0.1000000015
7943  -34.124  -61.959  5.986 0.1000000015
12798  -37.194  -53.197  5.031 0.1000000015
13489  -36.643  -52.711  5.783 0.1000000015
116481  -35.225  -55.501  5.054 0.1000000015
10260  -34.189  -57.300  5.162 0.1000000015
10259  -33.661  -57.624  5.999 0.1000000015
9625  -33.456  -58.598  5.878 0.1000000015
111761  -33.006  -60.016  5.965 0.1000000015
8461  -32.997  -60.702  5.909 0.1000000015
7942  -33.264  -61.506  5.675 0.1000000015
7407  -33.789  -62.308  5.252 0.1000000015
13490  -37.491  -52.401  5.403 0.1000000015
7941  -32.614  -61.063  5.259 0.1000000015
7950  -32.899  -61.864  4.983 0.1000000015
7418  -33.480  -62.616  4.446 0.1000000015
13491  -38.330  -52.062  4.981 0.1000000015
14161  -38.632  -51.204  5.363 0.1000000015
14179  -39.233  -51.738  4.459 0.1000000015
14871  -39.250  -50.505  5.272 0.1000000015
9582  -36.096  -58.533  8.569 0.1000000015
113683  -35.890  -59.353  8.370 0.1000000015
9009  -38.555  -59.254  7.959 0.1000000015
126018  -39.443  -60.627  6.928 0.2000000030
112590  -35.049  -59.031  8.410 0.1000000015
9006  -35.484  -59.872  8.159 0.1000000015
8434  -36.149  -60.489  7.838 0.1000000015
8442  -39.938  -60.351  7.118 0.2000000030
126383  -34.177  -59.085  8.144 0.1000000015
9016  -34.568  -59.742  8.003 0.1000000015
14145  -37.197  -50.928  7.221 0.1000000015
14148  -36.836  -51.575  6.977 0.1000000015
13466  -36.193  -52.293  6.679 0.1000000015
12785  -35.820  -53.082  6.114 0.1000000015
12784  -35.060  -53.498  6.392 0.1000000015
12148  -34.833  -54.247  6.047 0.1000000015
9581  -34.260  -58.305  8.339 0.1000000015
9015  -33.801  -59.443  7.618 0.1000000015
7916  -34.804  -61.032  7.232 0.1000000015
124030  -33.931  -56.023  6.110 0.1000000015
11504  -33.582  -56.083  6.705 0.1000000015
8450  -33.374  -60.261  6.551 0.1000000015
8451  -33.920  -60.749  6.971 0.1000000015
7929  -34.468  -61.502  6.622 0.1000000015
14854  -37.330  -50.315  7.301 0.1000000015
120381  -34.422  -55.930  5.559 0.1000000015
10884  -33.886  -56.652  5.946 0.1000000015
115178  -33.438  -58.081  6.758 0.1000000015
9612  -33.373  -58.930  6.590 0.1000000015
115215  -33.455  -59.505  6.970 0.1000000015
7928  -33.593  -61.145  6.361 0.1000000015
14149  -37.484  -51.282  6.535 0.1000000015
14160  -37.814  -51.637  5.770 0.1000000015
14864  -37.783  -50.507  6.683 0.1000000015
14150  -38.048  -51.026  6.108 0.1000000015
14865  -38.497  -50.453  5.959 0.1000000015
14872  -40.055  -50.536  4.461 0.1000000015
9008  -37.596  -59.331  8.201 0.1000000015
108975  -35.230  -58.051  8.633 0.1000000015
125450  -35.967  -57.722  8.793 0.1000000015
9583  -37.127  -58.542  8.525 0.1000000015
108508  -34.577  -57.475  8.647 0.1000000015
124170  -34.782  -56.881  8.990 0.1000000015
9584  -38.071  -58.567  8.426 0.1000000015
9010  -39.410  -59.171  7.738 0.1000000015
10214  -33.656  -57.198  8.093 0.1000000015
10215  -33.943  -57.575  8.335 0.1000000015
9020  -40.216  -59.522  7.492 0.2000000030
14144  -36.584  -51.211  7.638 0.1000000015
13465  -35.265  -52.815  6.851 0.1000000015
113454  -34.614  -53.265  6.986 0.1000000015
9005  -33.775  -58.728  7.946 0.1000000015
9586  -39.982  -58.710  7.880 0.1000000015
121226  -40.735  -58.863  7.712 0.2000000030
13446  -36.223  -51.773  7.359 0.1000000015
12147  -34.125  -54.677  6.465 0.1000000015
10873  -33.467  -57.021  6.875 0.1000000015
10237  -33.518  -57.621  7.521 0.1000000015
9599  -33.534  -58.634  7.387 0.1000000015
15565  -37.677  -49.760  7.078 0.1000000015
15586  -38.312  -49.770  6.467 0.1000000015
15587  -38.791  -49.078  6.326 0.1000000015
15607  -39.152  -49.727  5.714 0.1000000015
15588  -39.480  -49.025  5.773 0.1000000015
15608  -40.262  -49.345  5.033 0.1000000015
10837  -34.466  -56.278  9.227 0.1000000015
10838  -35.488  -56.585  9.398 0.1000000015
10198  -36.244  -57.145  9.119 0.1000000015
11475  -34.082  -55.544  9.504 0.1000000015
10197  -35.408  -57.287  8.925 0.1000000015
10217  -37.636  -57.797  8.780 0.1000000015
10853  -34.026  -56.798  8.616 0.1000000015
10199  -37.189  -57.119  9.292 0.1000000015
9585  -39.017  -58.573  8.181 0.1000000015
124113  -33.419  -56.118  7.981 0.1000000015
10836  -33.783  -55.918  8.804 0.1000000015
10200  -38.179  -57.268  9.172 0.1000000015
14840  -36.347  -50.294  8.332 0.1000000015
14141  -36.231  -50.919  8.258 0.1000000015
14143  -35.880  -51.578  7.945 0.1000000015
13445  -35.545  -52.211  7.459 0.1000000015
12769  -34.001  -53.554  7.426 0.1000000015
12135  -33.709  -54.360  7.201 0.1000000015
12146  -33.554  -55.203  6.963 0.1000000015
11499  -33.416  -55.853  7.544 0.1000000015
10852  -33.583  -56.364  8.242 0.1000000015
10218  -38.591  -57.873  8.634 0.1000000015
14853  -36.786  -50.473  7.788 0.1000000015
12783  -34.347  -53.898  6.732 0.1000000015
10866  -33.479  -56.662  7.694 0.1000000015
10220  -41.107  -57.943  8.252 0.1000000015
15564  -37.142  -49.774  7.620 0.1000000015
16363  -37.234  -48.442  7.794 0.1000000015
15566  -38.097  -49.082  6.897 0.1000000015
16364  -37.890  -48.382  7.295 0.1000000015
17938  -38.926  -46.581  7.429 0.1000000015
17152  -39.122  -47.886  6.589 0.1000000015
17939  -40.005  -46.513  6.800 0.1000000015
11476  -34.936  -55.909  9.845 0.1000000015
10824  -35.926  -56.083  9.996 0.1000000015
10839  -36.494  -56.614  9.612 0.1000000015
12109  -33.774  -54.797  9.773 0.1000000015
116049  -37.172  -56.602  9.786 0.1000000015
11485  -33.435  -55.561  8.277 0.1000000015
11474  -33.547  -55.119  9.026 0.1000000015
10840  -37.835  -56.716  9.673 0.1000000015
15544  -36.192  -49.726  8.620 0.1000000015
13444  -34.578  -52.755  7.639 0.1000000015
12768  -33.466  -54.050  7.944 0.1000000015
12134  -33.369  -54.922  7.736 0.1000000015
12120  -33.406  -54.618  8.486 0.1000000015
117580  -39.599  -58.010  8.380 0.1000000015
124288  -36.497  -49.228  8.364 0.1000000015
14839  -35.824  -50.477  8.852 0.1000000015
14140  -35.544  -51.328  8.663 0.1000000015
13433  -35.095  -52.039  8.228 0.1000000015
10201  -39.678  -57.197  9.290 0.1000000015
16350  -36.666  -48.561  8.303 0.1000000015
123653  -37.377  -47.175  8.123 0.1000000015
17127  -36.986  -47.776  8.196 0.1000000015
17924  -37.569  -46.521  8.312 0.1000000015
17937  -38.002  -46.962  7.777 0.1000000015
17140  -39.432  -47.235  6.739 0.1000000015
12734  -33.571  -53.319  10.370 0.1000000015
12096  -33.598  -54.065  10.066 0.1000000015
12097  -34.022  -54.581  10.564 0.1000000015
11461  -35.358  -55.567  10.478 0.1000000015
12744  -33.529  -53.530  9.525 0.1000000015
11462  -36.271  -55.764  10.646 0.1000000015
13432  -34.234  -52.508  8.576 0.1000000015
13431  -33.641  -53.008  9.026 0.1000000015
12108  -33.494  -54.310  9.258 0.1000000015
10825  -36.762  -56.263  10.189 0.1000000015
16349  -36.044  -48.856  8.844 0.1000000015
109185  -35.686  -49.657  9.180 0.1000000015
12754  -33.779  -53.243  8.201 0.1000000015
114607  -38.187  -56.458  10.132 0.1000000015
17126  -36.340  -47.877  8.729 0.1000000015
10841  -38.763  -56.869  9.632 0.1000000015
10219  -40.315  -57.614  8.661 0.1000000015
17923  -36.774  -46.954  8.617 0.1000000015
17906  -37.073  -46.028  8.835 0.1000000015
18704  -37.981  -45.707  8.503 0.1000000015
109021  -38.231  -46.298  7.996 0.1000000015
18684  -38.235  -44.890  8.901 0.1000000015
19448  -38.636  -44.157  9.238 0.1000000015
17925  -38.784  -45.757  7.949 0.1000000015
11460  -34.447  -55.251  10.210 0.1000000015
11454  -35.715  -55.280  11.180 0.1000000015
15527  -35.360  -48.886  9.568 0.1000000015
14132  -35.160  -51.008  9.434 0.1000000015
14131  -34.357  -51.571  9.744 0.1000000015
13423  -33.605  -52.788  9.844 0.1000000015
17106  -35.985  -47.144  9.266 0.1000000015
16332  -35.637  -48.012  9.363 0.1000000015
14829  -35.401  -50.269  9.445 0.1000000015
14139  -34.742  -51.795  9.025 0.1000000015
113440  -37.519  -56.345  10.234 0.1000000015
17905  -36.333  -46.337  9.302 0.1000000015
18682  -36.576  -45.538  9.513 0.1000000015
18683  -37.412  -45.231  9.181 0.1000000015
19446  -36.843  -44.707  9.863 0.1000000015
19432  -37.350  -43.938  10.273 0.1000000015
19447  -37.771  -44.427  9.532 0.1000000015
20199  -38.252  -43.677  9.864 0.1000000015
12726  -33.620  -53.133  11.255 0.1000000015
12727  -33.954  -53.678  11.777 0.1000000015
12088  -34.331  -54.368  11.365 0.1000000015
12089  -35.157  -54.755  11.704 0.1000000015
12080  -34.642  -54.160  12.206 0.1000000015
13417  -33.601  -52.563  10.679 0.1000000015
13424  -33.978  -52.288  9.395 0.1000000015
18681  -35.913  -45.828  9.834 0.1000000015
17904  -35.587  -46.469  9.845 0.1000000015
19431  -36.433  -44.296  10.690 0.1000000015
20185  -37.950  -43.204  10.624 0.1000000015
20943  -38.402  -42.464  10.634 0.1000000015
12087  -33.738  -53.874  10.911 0.1000000015
12722  -34.232  -53.467  12.672 0.1000000015
14130  -33.777  -52.047  10.163 0.1000000015
17105  -35.230  -47.247  9.928 0.1000000015
16322  -34.924  -48.087  10.095 0.1000000015
15526  -35.135  -49.688  9.801 0.1000000015
14828  -34.887  -50.402  9.913 0.1000000015
14121  -33.990  -51.308  10.390 0.1000000015
18663  -35.966  -45.098  10.315 0.1000000015
20171  -36.999  -43.463  11.224 0.1000000015
20942  -37.688  -42.525  11.307 0.1000000015
21651  -37.986  -41.727  11.073 0.1000000015
13412  -33.579  -52.357  11.570 0.1000000015
14808  -33.885  -50.122  11.171 0.1000000015
14817  -33.722  -50.963  11.084 0.1000000015
14109  -33.568  -51.516  11.795 0.1000000015
17886  -34.980  -46.564  10.548 0.1000000015
17090  -34.639  -47.344  10.679 0.1000000015
15517  -34.700  -48.969  10.319 0.1000000015
109475  -34.493  -49.816  10.466 0.1000000015
109666  -35.403  -45.833  10.461 0.1000000015
20928  -37.149  -42.655  11.940 0.1000000015
21639  -37.310  -41.667  11.896 0.1000000015
16321  -34.370  -48.173  10.899 0.1000000015
15512  -34.088  -49.124  11.249 0.1000000015
18662  -35.316  -45.193  11.040 0.1000000015
19417  -36.086  -44.061  11.468 0.1000000015
21630  -37.099  -41.606  13.017 0.1000000015
22357  -36.901  -40.798  13.509 0.1000000015
18661  -34.863  -45.925  11.147 0.1000000015
19430  -35.760  -44.603  11.010 0.1000000015
20170  -36.509  -43.403  12.049 0.1000000015
20916  -37.186  -42.205  12.575 0.1000000015
22335  -37.150  -40.445  14.202 0.1000000015
21620  -37.238  -41.527  14.018 0.1000000015
19405  -35.876  -44.137  12.330 0.1000000015
20915  -36.879  -42.805  12.680 0.1000000015
20904  -37.118  -42.372  13.451 0.1000000015
5267  -35.244  -66.395  2.802 0.1000000015
4760  -34.155  -67.200  1.836 0.1000000015
6376  -35.875  -64.461  1.344 0.1000000015
5301  -34.855  -65.922  0.147 0.1000000015
5311  -33.822  -65.847  -0.538 0.1000000015
6387  -35.258  -64.485  0.794 0.1000000015
114387  -37.228  -63.542  3.187 0.1000000015
114668  -37.393  -63.144  3.479 0.1000000015
5832  -36.448  -64.687  2.415 0.1000000015
6899  -35.466  -63.440  2.777 0.1000000015
115551  -30.545  -60.159  2.414 0.1000000015
8491  -30.641  -60.964  2.200 0.1000000015
6878  -38.339  -62.379  5.620 0.1000000015
7422  -37.677  -62.785  4.475 0.1000000015
117060  -36.874  -62.879  3.374 0.1000000015
12796  -35.576  -53.851  5.689 0.1000000015
10886  -35.068  -56.288  4.717 0.1000000015
9049  -32.382  -60.020  4.551 0.1000000015
106397  -31.572  -61.447  3.419 0.1000000015
7961  -31.971  -61.611  3.975 0.1000000015
7444  -33.295  -63.205  2.473 0.1000000015
7932  -37.932  -61.568  6.314 0.1000000015
7933  -38.743  -61.626  6.223 0.2000000030
7918  -37.121  -61.020  7.271 0.1000000015
7408  -34.927  -62.621  5.351 0.1000000015
10885  -34.471  -56.641  5.167 0.1000000015
9041  -33.138  -59.416  5.569 0.1000000015
7417  -32.554  -62.152  4.234 0.1000000015
6883  -33.194  -62.879  3.480 0.1000000015
13467  -37.082  -51.974  6.206 0.1000000015
124558  -33.308  -59.115  6.080 0.1000000015
13504  -39.001  -52.595  4.177 0.1000000015
10216  -36.723  -57.767  8.816 0.1000000015
9007  -36.238  -59.874  8.172 0.1000000015
8443  -40.397  -60.061  7.427 0.2000000030
120926  -34.225  -60.281  7.494 0.1000000015
9580  -33.678  -58.038  7.985 0.1000000015
124764  -33.660  -60.072  7.169 0.1000000015
125774  -33.451  -56.409  7.236 0.1000000015
113741  -40.555  -58.233  8.082 0.1000000015
17139  -38.487  -47.593  7.205 0.1000000015
16380  -39.334  -48.465  6.204 0.1000000015
17138  -37.617  -47.702  7.700 0.1000000015
12753  -33.478  -53.780  8.720 0.1000000015
18705  -38.675  -45.228  8.429 0.1000000015
104798  -34.585  -50.981  9.989 0.1000000015
120453  -46.511  -52.502  19.094 0.5000000000
9464  -44.159  -58.208  19.852 0.5000000000
13315  -45.266  -52.303  19.111 0.5000000000
107590  -47.077  -52.902  18.770 0.5000000000
10091  -44.464  -57.279  19.848 0.5000000000
13322  -43.519  -52.272  18.425 0.5000000000
13323  -44.509  -52.521  18.416 0.5000000000
107986  -45.605  -52.773  18.272 0.5000000000
10719  -44.838  -56.340  19.782 0.5000000000
13334  -44.887  -52.768  17.583 0.4000000060
13335  -45.826  -53.024  17.261 0.4000000060
10107  -42.224  -57.398  17.446 0.5000000000
10106  -41.636  -57.868  16.845 0.5000000000
10119  -42.288  -57.156  16.570 0.5000000000
10132  -42.919  -57.217  15.605 0.5000000000
10146  -44.710  -57.902  14.058 0.5000000000
10133  -44.295  -57.395  14.894 0.5000000000
10147  -45.131  -57.648  13.657 0.4000000060
10807  -45.148  -57.268  13.218 0.4000000060
9441  -44.665  -59.022  23.435 0.1000000015
10082  -44.698  -58.354  20.626 0.5000000000
14022  -45.938  -51.801  19.830 0.5000000000
111593  -47.401  -52.260  19.512 0.5000000000
12649  -47.593  -53.353  19.432 0.4000000060
14021  -43.390  -51.613  19.137 0.5000000000
13314  -44.253  -52.043  19.094 0.5000000000
14029  -42.554  -51.799  18.432 0.5000000000
14740  -41.325  -50.808  18.453 0.5000000000
14028  -41.710  -51.516  18.048 0.5000000000
14752  -41.170  -50.984  17.591 0.4000000060
14039  -42.210  -51.951  17.635 0.3000000119
13321  -42.933  -52.351  17.655 0.5000000000
13333  -43.881  -52.602  17.682 0.4000000060
12660  -47.045  -53.528  17.093 0.6999999881
12661  -47.245  -53.802  17.483 0.5000000000
14038  -41.761  -51.564  17.224 0.3000000119
108332  -44.443  -52.669  16.818 0.4000000060
105670  -46.552  -53.318  16.697 0.5000000000
105476  -47.332  -53.854  16.453 0.6000000238
12030  -47.057  -54.561  17.399 0.6000000238
11377  -45.585  -55.338  18.610 0.6000000238
10718  -43.767  -57.273  19.282 0.5000000000
10098  -42.558  -57.880  18.288 0.3000000119
107253  -42.553  -52.056  16.786 0.3000000119
13344  -43.513  -52.454  16.812 0.3000000119
13347  -45.878  -53.095  16.273 0.4000000060
12670  -47.073  -53.572  16.021 0.5000000000
11394  -46.571  -55.056  16.928 0.6000000238
11405  -45.027  -55.646  17.021 0.6000000238
10744  -43.417  -56.318  17.473 0.5000000000
10743  -42.779  -56.708  17.049 0.5000000000
14047  -43.460  -52.165  15.860 0.4000000060
13346  -45.181  -52.767  16.007 0.4000000060
13348  -46.548  -53.299  15.658 0.5000000000
12047  -47.399  -54.278  15.202 0.5000000000
124106  -45.671  -55.823  16.187 0.5000000000
10762  -42.994  -56.792  16.290 0.5000000000
13345  -44.350  -52.493  15.898 0.4000000060
115294  -45.987  -52.978  15.305 0.5000000000
12681  -47.344  -54.037  14.836 0.5000000000
11418  -46.847  -55.310  15.118 0.4000000060
10764  -45.173  -56.221  15.982 0.5000000000
10779  -44.854  -56.911  15.277 0.5000000000
13357  -45.362  -52.549  14.941 0.4000000060
120884  -46.601  -53.505  14.604 0.5000000000
11431  -47.087  -54.861  14.860 0.5000000000
111820  -46.751  -55.088  14.716 0.4000000060
10780  -45.702  -56.624  14.700 0.4000000060
10134  -45.216  -57.371  14.317 0.5000000000
12700  -46.328  -53.552  14.293 0.5000000000
125074  -46.692  -54.712  14.538 0.4000000060
10794  -45.566  -56.492  14.178 0.4000000060
10148  -45.242  -57.240  13.550 0.4000000060
12061  -46.273  -54.634  14.343 0.3000000119
121865  -45.827  -55.322  14.340 0.4000000060
110458  -45.661  -56.242  14.185 0.3000000119
11429  -45.060  -55.545  14.272 0.3000000119
10793  -45.047  -56.501  13.679 0.3000000119
116445  -44.537  -58.337  23.402 0.1000000015
10069  -44.149  -59.032  23.093 0.1000000015
113496  -45.631  -57.730  24.255 0.1000000015
9426  -45.044  -58.523  23.914 0.1000000015
10078  -46.151  -57.503  23.066 0.4000000060
10077  -45.547  -58.300  22.768 0.4000000060
9451  -45.049  -59.050  22.461 0.4000000060
10083  -45.296  -58.087  21.433 0.5000000000
10700  -45.809  -57.321  21.868 0.4000000060
10709  -45.571  -56.920  20.865 0.5000000000
14023  -47.004  -51.750  19.916 0.5000000000
13316  -47.574  -52.716  19.293 0.4000000060
10710  -46.052  -56.348  21.163 0.5000000000
10708  -45.049  -57.260  20.457 0.5000000000
14020  -42.611  -51.086  19.215 0.5000000000
111622  -44.942  -51.671  19.715 0.5000000000
14741  -41.866  -50.459  19.225 0.5000000000
108633  -41.965  -51.193  18.695 0.5000000000
11368  -46.181  -55.252  19.732 0.6000000238
14739  -40.666  -50.294  18.074 0.4000000060
14751  -40.772  -50.303  17.103 0.2000000030
15464  -40.603  -49.602  16.758 0.2000000030
14762  -41.390  -50.936  16.671 0.3000000119
14046  -41.994  -51.453  16.434 0.3000000119
109648  -42.649  -51.609  15.783 0.4000000060
15472  -41.240  -50.048  16.142 0.3000000119
14053  -41.971  -50.862  15.679 0.3000000119
117688  -41.632  -49.245  15.594 0.3000000119
14769  -42.551  -50.602  14.699 0.3000000119
14054  -42.741  -51.207  15.007 0.4000000060
13356  -44.559  -52.132  14.808 0.4000000060
14069  -43.520  -51.199  14.048 0.3000000119
13376  -45.327  -52.417  13.761 0.3000000119
13377  -46.042  -53.048  14.402 0.4000000060
12714  -45.693  -52.998  13.728 0.3000000119
110329  -45.256  -54.493  14.282 0.4000000060
13394  -45.085  -52.418  13.108 0.2000000030
118997  -45.381  -53.508  13.862 0.3000000119
13408  -45.072  -52.295  12.612 0.1000000015
12713  -45.091  -53.060  13.336 0.2000000030
12060  -44.064  -54.928  14.445 0.4000000060
110110  -44.288  -52.146  11.349 0.1000000015
10680  -46.360  -56.679  24.731 0.1000000015
10059  -46.001  -57.409  24.526 0.1000000015
10691  -46.377  -57.206  24.120 0.2000000030
11336  -46.627  -56.585  23.249 0.5000000000
10701  -46.303  -56.597  22.140 0.4000000060
14013  -46.445  -51.040  20.437 0.5000000000
120230  -47.680  -51.697  20.100 0.4000000060
13317  -48.016  -51.981  19.927 0.4000000060
12633  -47.822  -53.252  20.200 0.4000000060
11357  -46.910  -54.709  20.850 0.5000000000
11346  -46.491  -55.695  21.465 0.5000000000
14734  -43.454  -50.690  19.822 0.5000000000
107829  -44.146  -51.362  19.696 0.5000000000
14012  -45.471  -51.039  20.298 0.4000000060
11356  -46.325  -55.426  20.547 0.4000000060
15447  -40.976  -50.037  18.938 0.4000000060
15453  -40.313  -49.575  17.518 0.4000000060
16254  -40.101  -48.849  16.922 0.3000000119
112257  -40.585  -48.279  16.347 0.2000000030
17006  -41.150  -47.561  16.105 0.1000000015
16268  -41.457  -48.388  15.828 0.3000000119
17020  -42.079  -47.643  15.658 0.1000000015
15473  -41.929  -50.029  15.244 0.3000000119
16269  -42.312  -48.514  15.297 0.2000000030
16280  -42.548  -49.091  14.616 0.2000000030
14780  -43.173  -50.618  13.743 0.2000000030
14781  -43.931  -51.101  13.350 0.2000000030
15485  -42.746  -49.588  13.958 0.2000000030
14070  -44.754  -51.611  13.058 0.2000000030
15496  -43.099  -50.178  13.406 0.2000000030
14792  -44.384  -51.215  12.675 0.1000000015
14083  -45.138  -52.130  12.939 0.2000000030
115984  -43.529  -49.856  12.412 0.1000000015
14082  -45.097  -52.094  12.444 0.1000000015
13392  -44.610  -52.688  12.750 0.1000000015
15506  -44.138  -50.716  11.668 0.1000000015
107785  -44.456  -51.609  11.255 0.1000000015
14099  -44.852  -52.150  11.993 0.1000000015
14112  -44.332  -51.772  11.135 0.1000000015
14123  -44.065  -51.710  10.234 0.1000000015
14124  -43.999  -51.755  9.469 0.1000000015
11326  -47.041  -56.291  24.428 0.3000000119
11337  -47.041  -55.707  23.202 0.3000000119
13262  -48.283  -51.850  23.558 0.3000000119
12589  -48.047  -52.478  23.352 0.3000000119
11979  -47.242  -54.721  22.785 0.3000000119
11347  -46.855  -55.118  22.019 0.3000000119
106500  -48.634  -50.459  21.864 0.3000000119
12608  -47.932  -52.783  22.447 0.3000000119
11987  -47.248  -54.211  21.654 0.5000000000
14727  -46.012  -50.033  20.556 0.4000000060
14729  -47.720  -50.230  21.052 0.5000000000
13300  -48.307  -51.587  20.796 0.4000000060
12634  -48.164  -52.446  20.445 0.4000000060
111980  -47.407  -53.868  20.763 0.5000000000
126613  -41.510  -49.647  19.454 0.4000000060
15443  -43.181  -49.645  20.167 0.4000000060
14735  -44.254  -50.631  20.129 0.5000000000
14726  -44.993  -50.049  20.412 0.5000000000
16242  -39.735  -48.071  18.612 0.4000000060
118358  -40.140  -48.667  18.776 0.4000000060
15442  -42.303  -49.642  19.813 0.5000000000
16244  -39.768  -48.774  17.988 0.4000000060
16241  -39.504  -48.044  18.059 0.4000000060
17001  -39.451  -47.381  17.782 0.3000000119
16253  -39.650  -48.148  17.387 0.3000000119
115036  -39.937  -48.100  16.749 0.3000000119
106709  -40.755  -46.728  16.403 0.3000000119
17005  -40.298  -47.534  16.516 0.2000000030
17799  -41.734  -46.862  15.942 0.1000000015
17800  -42.648  -46.933  15.631 0.1000000015
17021  -42.965  -47.633  15.324 0.1000000015
16270  -43.102  -48.241  14.852 0.2000000030
17022  -43.819  -47.442  15.011 0.1000000015
16281  -43.045  -48.845  14.108 0.2000000030
15497  -43.214  -49.582  13.263 0.1000000015
123594  -43.481  -48.762  13.566 0.1000000015
125313  -44.121  -48.834  12.190 0.1000000015
15515  -44.332  -50.046  10.722 0.1000000015
15514  -44.222  -50.664  11.049 0.1000000015
14821  -44.070  -51.691  10.001 0.1000000015
15530  -44.748  -51.194  9.049 0.1000000015
14822  -44.252  -51.638  9.397 0.1000000015
14832  -44.445  -51.470  8.731 0.1000000015
14842  -44.661  -51.153  8.040 0.1000000015
15547  -44.832  -50.838  7.481 0.1000000015
16352  -45.257  -48.989  7.721 0.1000000015
13253  -48.031  -52.070  24.232 0.3000000119
12568  -47.230  -54.193  25.207 0.2000000030
14702  -48.311  -49.789  23.040 0.3000000119
15435  -47.981  -49.450  21.480 0.4000000060
15426  -47.716  -48.559  21.660 0.3000000119
15441  -41.879  -48.805  19.902 0.3000000119
15432  -45.685  -48.901  20.591 0.4000000060
16230  -46.889  -48.363  21.414 0.3000000119
16236  -40.354  -47.848  19.404 0.3000000119
113217  -45.362  -48.074  20.742 0.4000000060
105860  -46.043  -48.047  20.942 0.4000000060
110725  -45.842  -47.665  21.216 0.3000000119
17781  -39.439  -46.696  18.515 0.3000000119
16998  -39.533  -47.547  18.415 0.3000000119
17785  -39.410  -46.593  17.808 0.3000000119
18569  -39.623  -46.237  17.448 0.3000000119
17004  -39.720  -47.515  16.999 0.3000000119
116896  -40.007  -46.984  16.732 0.3000000119
17790  -41.546  -46.096  16.233 0.1000000015
17791  -42.302  -45.660  16.149 0.1000000015
18572  -43.020  -45.293  16.062 0.1000000015
18585  -43.743  -45.573  15.744 0.1000000015
111349  -43.494  -46.950  15.401 0.1000000015
17801  -44.058  -46.390  15.412 0.1000000015
16282  -43.830  -48.064  14.289 0.2000000030
17034  -44.527  -47.307  14.587 0.2000000030
118461  -44.562  -47.681  14.020 0.2000000030
16296  -44.157  -48.285  13.323 0.1000000015
17049  -44.975  -47.621  13.410 0.1000000015
124398  -44.704  -48.089  12.722 0.1000000015
16307  -44.933  -48.260  12.008 0.1000000015
16315  -44.511  -49.046  11.345 0.1000000015
16326  -44.799  -49.540  10.488 0.1000000015
15522  -45.016  -50.235  9.614 0.1000000015
14843  -45.477  -51.040  7.310 0.1000000015
15548  -45.946  -50.669  7.765 0.1000000015
14855  -45.332  -51.010  7.252 0.1000000015
14844  -46.281  -51.174  7.001 0.1000000015
15567  -45.483  -50.785  6.930 0.1000000015
15568  -46.165  -50.180  6.485 0.1000000015
16353  -46.101  -48.684  7.280 0.1000000015
16366  -45.692  -49.786  6.876 0.1000000015
17130  -46.591  -47.768  7.674 0.1000000015
12575  -46.775  -53.334  25.141 0.2000000030
11949  -46.921  -54.419  25.239 0.2000000030
13974  -46.476  -51.853  24.635 0.2000000030
14689  -48.209  -50.586  23.691 0.3000000119
14699  -46.126  -50.373  23.543 0.2000000030
14700  -47.185  -50.063  23.468 0.3000000119
15405  -47.909  -49.131  22.757 0.3000000119
15429  -42.826  -48.695  20.270 0.3000000119
15430  -43.868  -48.481  20.403 0.3000000119
16221  -47.350  -47.908  21.917 0.3000000119
16237  -41.541  -47.838  20.019 0.3000000119
16238  -42.455  -47.913  20.300 0.3000000119
125626  -44.027  -47.584  20.611 0.3000000119
16227  -44.612  -47.723  20.716 0.3000000119
16228  -45.297  -47.637  20.984 0.3000000119
119387  -40.240  -46.891  19.745 0.3000000119
114829  -44.037  -47.215  20.846 0.3000000119
16988  -44.561  -47.369  20.858 0.3000000119
16989  -45.282  -47.444  21.365 0.2000000030
118269  -46.405  -47.445  22.071 0.2000000030
109340  -39.384  -45.882  18.842 0.2000000030
18565  -39.355  -45.723  18.034 0.3000000119
18570  -39.957  -45.633  17.190 0.3000000119
17789  -40.047  -46.353  16.876 0.3000000119
106723  -40.694  -45.809  16.604 0.2000000030
18571  -41.490  -45.277  16.492 0.2000000030
107022  -42.296  -44.855  16.441 0.1000000015
19334  -43.804  -44.353  16.299 0.1000000015
20106  -45.136  -43.429  16.612 0.1000000015
20095  -45.889  -42.713  17.384 0.1000000015
19351  -44.181  -44.958  15.886 0.1000000015
19335  -44.586  -44.256  16.178 0.1000000015
19336  -45.407  -44.226  16.051 0.1000000015
20107  -46.187  -43.506  16.521 0.1000000015
20865  -47.376  -42.227  18.305 0.1000000015
20847  -47.943  -42.053  18.166 0.1000000015
18586  -44.514  -45.638  15.547 0.1000000015
18587  -45.285  -45.623  15.394 0.1000000015
19353  -46.426  -44.844  15.557 0.1000000015
19337  -46.803  -44.146  16.037 0.1000000015
20109  -48.371  -43.389  17.028 0.1000000015
20098  -48.878  -42.805  17.762 0.1000000015
17023  -44.444  -46.871  15.067 0.1000000015
17802  -44.874  -46.275  15.219 0.1000000015
17035  -45.213  -47.229  14.139 0.2000000030
17050  -45.917  -47.173  13.396 0.1000000015
17064  -45.381  -47.665  12.641 0.1000000015
17079  -45.609  -47.815  11.937 0.1000000015
16316  -45.357  -48.424  11.168 0.1000000015
16327  -45.618  -49.051  10.089 0.1000000015
15531  -45.568  -50.163  8.860 0.1000000015
16336  -46.432  -49.043  9.368 0.1000000015
15549  -46.806  -50.550  7.411 0.1000000015
14858  -46.988  -50.661  6.607 0.1000000015
15589  -46.783  -50.407  6.312 0.1000000015
14718  -43.567  -49.911  22.821 0.2000000030
15403  -45.482  -49.675  22.981 0.2000000030
114060  -47.612  -49.118  22.814 0.3000000119
16219  -47.694  -48.199  22.162 0.3000000119
15420  -43.090  -49.121  22.520 0.2000000030
15402  -44.390  -50.155  23.102 0.2000000030
15423  -45.766  -48.518  22.576 0.2000000030
15404  -46.629  -49.075  22.789 0.3000000119
16976  -47.193  -47.790  22.071 0.3000000119
16994  -41.320  -46.995  20.194 0.3000000119
16986  -42.530  -47.094  20.608 0.3000000119
16987  -43.472  -46.979  20.933 0.3000000119
113239  -43.970  -47.073  20.849 0.3000000119
17770  -42.900  -46.770  20.998 0.3000000119
17771  -43.538  -46.936  21.174 0.3000000119
17772  -44.042  -47.062  21.266 0.3000000119
105288  -39.437  -45.499  19.372 0.2000000030
17777  -39.681  -46.240  19.577 0.3000000119
17761  -44.623  -47.258  21.534 0.2000000030
16975  -45.573  -47.296  22.013 0.2000000030
18562  -39.322  -45.152  18.814 0.2000000030
19327  -39.407  -44.649  18.245 0.3000000119
19331  -40.625  -44.975  16.895 0.2000000030
18566  -39.865  -44.822  17.541 0.3000000119
19328  -40.615  -44.154  17.317 0.2000000030
19332  -41.488  -44.431  16.801 0.2000000030
20104  -43.269  -43.758  16.688 0.1000000015
116415  -46.016  -45.552  15.294 0.1000000015
19338  -47.766  -44.108  16.243 0.1000000015
19339  -48.822  -44.064  16.460 0.1000000015
17803  -45.600  -46.145  15.077 0.1000000015
122727  -46.306  -46.009  14.928 0.1000000015
18588  -46.798  -45.458  15.199 0.1000000015
19355  -48.251  -44.756  15.739 0.1000000015
125975  -45.887  -46.401  14.700 0.1000000015
17820  -46.530  -46.362  14.443 0.1000000015
18607  -48.226  -45.959  14.553 0.1000000015
17842  -45.903  -46.767  14.240 0.1000000015
17844  -47.645  -46.615  13.481 0.1000000015
17051  -46.981  -46.932  12.908 0.1000000015
17065  -46.243  -47.401  12.374 0.1000000015
17081  -47.416  -47.332  11.814 0.1000000015
17080  -46.243  -47.720  11.498 0.1000000015
16317  -46.120  -48.190  10.803 0.1000000015
15532  -46.540  -49.779  8.398 0.1000000015
15418  -41.341  -49.867  22.549 0.3000000119
16215  -42.516  -48.143  22.383 0.3000000119
119013  -43.461  -47.929  22.371 0.3000000119
16216  -44.346  -47.788  22.350 0.2000000030
16217  -45.321  -47.690  22.281 0.2000000030
16973  -43.858  -47.291  22.184 0.3000000119
107075  -46.483  -47.744  22.242 0.2000000030
17778  -40.794  -46.485  20.416 0.3000000119
17757  -42.234  -46.641  21.168 0.3000000119
122012  -42.929  -46.999  21.710 0.3000000119
17747  -43.487  -47.040  21.724 0.3000000119
16974  -44.761  -47.327  22.124 0.2000000030
18559  -39.614  -45.392  20.158 0.2000000030
104681  -41.228  -46.339  20.926 0.3000000119
18558  -39.306  -44.738  19.704 0.2000000030
19324  -39.250  -44.329  18.933 0.2000000030
20089  -39.837  -43.946  17.875 0.3000000119
20091  -41.607  -43.525  17.291 0.2000000030
17066  -48.174  -46.899  12.628 0.1000000015
17095  -46.935  -47.792  10.920 0.1000000015
16328  -46.614  -48.364  10.225 0.1000000015
113241  -40.533  -50.532  22.789 0.1000000015
124015  -39.891  -50.212  22.510 0.2000000030
114889  -40.973  -48.810  22.454 0.3000000119
16214  -41.655  -47.915  22.386 0.3000000119
17746  -42.319  -46.853  21.586 0.3000000119
16971  -41.541  -47.101  22.036 0.3000000119
17756  -40.264  -46.081  21.299 0.3000000119
17745  -41.306  -46.563  21.503 0.3000000119
18539  -39.711  -45.525  20.960 0.2000000030
19313  -39.142  -43.992  19.547 0.1000000015
20084  -39.457  -43.906  18.461 0.2000000030
20062  -39.045  -43.295  19.946 0.1000000015
20070  -39.279  -43.526  19.044 0.2000000030
20085  -39.802  -43.110  18.478 0.2000000030
16213  -40.028  -48.702  22.475 0.3000000119
112518  -40.791  -47.800  22.420 0.3000000119
17744  -39.623  -46.032  21.904 0.3000000119
106513  -40.324  -46.440  21.785 0.3000000119
16970  -40.627  -46.941  22.135 0.3000000119
18538  -39.435  -45.484  21.466 0.2000000030
108702  -38.773  -44.819  21.726 0.1000000015
20054  -38.837  -43.619  20.695 0.1000000015
20826  -39.470  -42.692  19.415 0.1000000015
16212  -39.111  -48.479  22.463 0.3000000119
109697  -39.851  -47.685  22.482 0.3000000119
16969  -39.598  -46.786  22.295 0.3000000119
18531  -38.940  -45.542  22.105 0.2000000030
17743  -38.880  -46.267  22.356 0.2000000030
104701  -38.247  -45.100  22.246 0.1000000015
19279  -37.572  -44.651  22.371 0.1000000015
19280  -38.152  -44.346  22.078 0.1000000015
19293  -38.415  -44.128  21.637 0.1000000015
20053  -38.560  -43.529  21.328 0.1000000015
20061  -38.820  -42.971  20.838 0.1000000015
105901  -39.229  -42.446  20.406 0.1000000015
16211  -38.212  -48.159  22.487 0.2000000030
16968  -38.552  -47.140  22.491 0.2000000030
109268  -39.046  -47.642  22.498 0.2000000030
104983  -38.236  -45.820  22.412 0.1000000015
18530  -37.528  -45.451  22.453 0.1000000015
20039  -38.150  -43.454  21.951 0.1000000015
20818  -38.478  -42.770  21.591 0.1000000015
20819  -38.921  -42.232  21.287 0.1000000015
20038  -37.608  -43.855  22.280 0.1000000015
20804  -38.108  -42.538  22.067 0.1000000015
107738  -36.854  -44.163  22.424 0.1000000015
126140  -37.075  -43.502  22.334 0.1000000015
20786  -37.574  -43.062  22.223 0.1000000015
12022  -47.292  -54.100  17.911 0.4000000060
13325  -46.979  -53.448  18.029 0.5000000000
13324  -46.546  -53.199  17.944 0.5000000000
12653  -47.287  -53.483  18.568 0.4000000060
123441  -46.691  -54.773  19.149 0.5000000000
122393  -43.572  -58.066  19.339 0.5000000000
12021  -46.888  -54.601  18.368 0.6000000238
10730  -44.190  -56.223  19.056 0.5000000000
10099  -43.162  -57.501  18.732 0.3000000119
9480  -42.007  -58.414  17.777 0.5000000000
11367  -45.447  -55.614  19.626 0.5000000000
9463  -43.765  -59.016  19.775 0.5000000000
11376  -44.861  -55.683  19.147 0.5000000000
122964  -45.226  -52.861  16.797 0.4000000060
10728  -42.770  -56.891  17.929 0.4000000060
10778  -43.741  -56.890  15.699 0.5000000000
9516  -44.134  -58.311  13.747 0.4000000060
10135  -45.478  -57.214  14.015 0.4000000060
114325  -45.363  -56.861  13.654 0.4000000060
10071  -45.669  -58.036  23.886 0.2000000030
12013  -47.246  -54.136  18.991 0.4000000060
12031  -47.370  -54.167  16.901 0.6000000238
12039  -47.366  -54.249  15.910 0.6000000238
11378  -46.414  -55.007  17.967 0.6000000238
108154  -46.252  -55.112  18.903 0.6000000238
11392  -44.809  -55.533  18.254 0.5000000000
10729  -43.458  -56.593  18.438 0.5000000000
12680  -47.077  -53.569  15.037 0.5000000000
11406  -46.040  -55.516  16.470 0.6000000238
11407  -46.711  -55.207  15.883 0.5000000000
11393  -45.754  -55.336  17.539 0.5000000000
108309  -44.229  -56.010  16.960 0.5000000000
10745  -44.062  -55.873  17.889 0.5000000000
11408  -47.184  -54.759  15.371 0.5000000000
11417  -46.229  -55.857  15.456 0.4000000060
10763  -43.816  -56.448  16.399 0.5000000000
14055  -43.581  -51.657  14.881 0.3000000119
12701  -46.967  -53.855  14.490 0.5000000000
10781  -46.290  -55.794  14.730 0.4000000060
11430  -46.266  -55.480  14.535 0.4000000060
12699  -45.937  -53.839  14.147 0.4000000060
12062  -46.686  -54.119  14.347 0.4000000060
14014  -47.357  -51.041  20.543 0.5000000000
12650  -47.926  -52.688  19.774 0.4000000060
11355  -45.750  -55.937  20.392 0.5000000000
11997  -46.764  -54.705  19.845 0.5000000000
16255  -40.899  -49.100  16.226 0.2000000030
112405  -42.165  -49.384  15.067 0.3000000119
15484  -42.488  -49.957  14.376 0.3000000119
13375  -44.708  -51.770  13.773 0.3000000119
13393  -44.921  -52.603  12.872 0.2000000030
12698  -44.255  -53.976  14.146 0.2000000030
14728  -46.916  -50.135  20.772 0.4000000060
14015  -48.021  -51.120  20.700 0.5000000000
12620  -47.804  -53.213  21.292 0.4000000060
11998  -47.357  -53.999  19.970 0.5000000000
14733  -42.672  -50.349  19.676 0.5000000000
15446  -40.381  -49.441  18.485 0.4000000060
14791  -43.719  -50.430  12.426 0.1000000015
16306  -43.781  -49.713  11.918 0.1000000015
14801  -44.828  -51.874  11.713 0.1000000015
125943  -44.687  -52.012  11.478 0.1000000015
14812  -44.245  -51.629  10.650 0.1000000015
14134  -44.129  -51.603  8.766 0.1000000015
11327  -47.283  -55.512  24.962 0.3000000119
111131  -47.402  -55.248  24.023 0.3000000119
13989  -48.381  -51.199  23.711 0.3000000119
12577  -48.024  -52.841  24.081 0.3000000119
14003  -48.617  -50.989  22.754 0.3000000119
13276  -48.371  -51.909  22.533 0.3000000119
11964  -47.514  -54.420  24.591 0.3000000119
117279  -47.475  -54.317  23.539 0.3000000119
12607  -47.496  -53.747  22.512 0.3000000119
14009  -48.529  -51.275  21.693 0.3000000119
108826  -48.376  -50.889  21.232 0.3000000119
14723  -48.506  -49.595  21.942 0.3000000119
14730  -48.265  -50.206  21.427 0.3000000119
12621  -48.315  -52.183  21.455 0.3000000119
15433  -46.499  -49.082  20.855 0.4000000060
15434  -47.334  -49.264  21.231 0.4000000060
15440  -40.842  -48.985  19.347 0.4000000060
14725  -44.083  -49.731  20.289 0.4000000060
17788  -39.648  -46.849  17.255 0.3000000119
122757  -42.290  -46.332  15.899 0.1000000015
125032  -43.993  -46.947  15.235 0.1000000015
16295  -43.587  -49.162  12.772 0.1000000015
16314  -44.108  -49.605  11.470 0.1000000015
15520  -44.355  -51.261  10.231 0.1000000015
15521  -44.564  -50.801  9.886 0.1000000015
14833  -45.042  -51.191  8.160 0.1000000015
13242  -47.381  -53.215  25.054 0.2000000030
13976  -47.989  -51.469  24.215 0.2000000030
113537  -46.951  -55.262  25.266 0.2000000030
15424  -48.153  -48.744  22.151 0.3000000119
119323  -43.381  -47.559  20.550 0.3000000119
15431  -44.782  -48.802  20.515 0.4000000060
16993  -39.724  -47.258  19.045 0.3000000119
18584  -43.092  -46.154  15.699 0.1000000015
18573  -43.566  -44.960  16.071 0.1000000015
13251  -46.834  -52.513  25.135 0.2000000030
14686  -45.745  -51.349  24.241 0.2000000030
14687  -46.704  -51.008  24.087 0.2000000030
118749  -47.037  -51.372  24.382 0.3000000119
19333  -43.052  -44.532  16.386 0.1000000015
20096  -46.904  -42.747  17.500 0.1000000015
19352  -44.927  -44.922  15.704 0.1000000015
123023  -46.074  -44.313  15.900 0.1000000015
20097  -47.875  -42.750  17.656 0.1000000015
20108  -47.293  -43.399  16.757 0.1000000015
20866  -48.067  -42.252  18.012 0.1000000015
20867  -48.714  -42.495  17.763 0.1000000015
118399  -45.679  -44.906  15.608 0.1000000015
21574  -49.314  -42.512  17.542 0.1000000015
17819  -45.201  -46.705  14.741 0.1000000015
14717  -42.920  -50.220  22.975 0.2000000030
15421  -43.933  -48.957  22.547 0.2000000030
15419  -42.279  -49.486  22.557 0.3000000119
15422  -44.856  -48.785  22.582 0.2000000030
16985  -41.976  -46.698  20.791 0.3000000119
17759  -43.704  -47.036  21.520 0.3000000119
17758  -43.062  -46.892  21.407 0.3000000119
17760  -44.168  -47.148  21.633 0.3000000119
17769  -40.074  -46.021  20.604 0.3000000119
20103  -42.390  -44.025  16.746 0.1000000015
19354  -47.280  -44.772  15.592 0.1000000015
20110  -49.514  -43.431  17.374 0.1000000015
18606  -47.127  -45.926  14.726 0.1000000015
18589  -47.720  -45.423  15.178 0.1000000015
17843  -46.705  -46.683  13.792 0.1000000015
122243  -41.747  -48.849  22.459 0.3000000119
116521  -43.113  -47.239  22.040 0.3000000119
16972  -42.364  -47.231  22.039 0.3000000119
20090  -40.586  -43.322  17.782 0.2000000030
14002  -40.306  -51.047  23.388 0.1000000015
15417  -40.312  -49.700  22.445 0.3000000119
18547  -39.314  -44.819  20.876 0.2000000030
19301  -39.036  -44.124  20.311 0.1000000015
124416  -39.249  -49.646  22.397 0.3000000119
19294  -38.820  -44.201  21.125 0.1000000015
109269  -37.599  -47.440  22.496 0.2000000030
17742  -37.508  -46.131  22.496 0.1000000015
8907  -41.630  -59.887  17.311 0.3000000119
7817  -42.220  -61.820  17.513 0.3000000119
110163  -39.986  -65.040  14.393 0.2000000030
122422  -38.746  -63.532  12.755 0.2000000030
7825  -42.283  -62.887  17.285 0.4000000060
118551  -42.052  -64.011  16.358 0.3000000119
8915  -41.264  -59.542  16.590 0.4000000060
7302  -42.015  -63.278  16.477 0.3000000119
6213  -41.407  -64.578  15.818 0.3000000119
9479  -41.532  -58.915  17.170 0.4000000060
124469  -41.395  -61.000  16.238 0.4000000060
6214  -41.476  -64.626  15.415 0.3000000119
6233  -40.248  -65.610  14.048 0.2000000030
6773  -41.665  -64.309  15.182 0.4000000060
9487  -41.249  -58.522  16.285 0.4000000060
10131  -41.846  -57.514  16.056 0.4000000060
7853  -41.458  -62.836  14.978 0.4000000060
6226  -41.431  -64.873  14.857 0.3000000119
6244  -39.879  -66.189  13.421 0.3000000119
8914  -40.876  -59.189  15.931 0.4000000060
8372  -41.216  -61.253  15.694 0.4000000060
7329  -41.552  -63.623  14.708 0.3000000119
5701  -41.076  -65.446  14.475 0.4000000060
9499  -41.472  -57.961  15.640 0.4000000060
7852  -40.912  -61.681  14.812 0.4000000060
6786  -41.316  -64.499  13.775 0.3000000119
10144  -42.252  -57.668  15.141 0.4000000060
8931  -40.620  -59.336  15.237 0.4000000060
108042  -40.599  -60.344  15.023 0.4000000060
112670  -41.000  -62.567  14.194 0.4000000060
9514  -41.561  -58.168  14.734 0.4000000060
123843  -40.612  -61.557  14.080 0.4000000060
110442  -40.758  -62.725  13.442 0.3000000119
10145  -43.580  -57.753  14.580 0.4000000060
8945  -40.423  -59.401  14.336 0.4000000060
8380  -40.350  -60.534  13.999 0.4000000060
7861  -40.387  -61.461  13.383 0.4000000060
114428  -41.334  -58.462  14.062 0.4000000060
9530  -40.842  -58.763  13.724 0.4000000060
8952  -40.342  -59.360  13.356 0.4000000060
7344  -40.829  -63.576  13.058 0.3000000119
107275  -42.177  -58.344  13.923 0.4000000060
8959  -40.485  -59.447  12.421 0.4000000060
8389  -39.982  -60.138  12.964 0.4000000060
7870  -40.298  -62.086  12.542 0.3000000119
113883  -40.502  -64.070  12.017 0.2000000030
9531  -41.868  -58.634  13.239 0.4000000060
9532  -43.329  -58.613  13.311 0.4000000060
8397  -39.987  -59.995  12.062 0.4000000060
7352  -40.336  -63.066  11.980 0.2000000030
7879  -39.942  -61.936  11.642 0.2000000030
6814  -39.823  -64.395  10.595 0.3000000119
9517  -44.849  -58.167  13.342 0.3000000119
112704  -43.056  -58.943  12.579 0.3000000119
8406  -40.179  -60.088  11.149 0.3000000119
115895  -39.840  -62.272  10.922 0.2000000030
114792  -39.837  -60.941  11.814 0.2000000030
7363  -39.991  -63.354  11.102 0.2000000030
6274  -39.405  -64.950  9.926 0.2000000030
10165  -45.023  -57.807  13.000 0.3000000119
112296  -43.993  -58.874  12.456 0.3000000119
9556  -41.281  -59.244  11.805 0.4000000060
115371  -39.853  -61.083  10.921 0.1000000015
122552  -44.219  -58.844  11.991 0.3000000119
9557  -42.741  -59.307  11.079 0.2000000030
8986  -40.990  -59.597  10.419 0.2000000030
106930  -39.804  -62.503  9.936 0.1000000015
6291  -39.171  -64.316  9.025 0.2000000030
9558  -43.805  -58.594  10.532 0.2000000030
8972  -42.934  -59.097  10.310 0.2000000030
8987  -42.304  -59.133  9.742 0.1000000015
7893  -40.050  -61.331  9.942 0.1000000015
7372  -39.675  -63.054  9.498 0.1000000015
6824  -39.582  -63.869  9.615 0.1000000015
9546  -44.916  -58.052  12.292 0.3000000119
106401  -44.317  -58.508  11.497 0.3000000119
11428  -44.145  -55.706  14.220 0.2000000030
10806  -44.549  -56.931  13.071 0.1000000015
10164  -44.892  -57.593  12.549 0.3000000119
9559  -44.346  -57.918  10.908 0.2000000030
113854  -40.616  -60.460  9.164 0.1000000015
7901  -39.772  -62.202  8.775 0.1000000015
7371  -39.582  -63.001  8.922 0.1000000015
10792  -43.737  -56.193  13.837 0.2000000030
10163  -44.243  -57.238  12.303 0.2000000030
10175  -44.088  -57.451  11.318 0.2000000030
9569  -43.884  -57.928  10.224 0.1000000015
8988  -43.192  -58.669  9.973 0.1000000015
8997  -41.345  -59.648  9.307 0.1000000015
8430  -41.181  -59.697  8.382 0.1000000015
7902  -40.157  -61.377  9.029 0.1000000015
7383  -39.565  -62.523  8.170 0.1000000015
6303  -38.472  -63.825  7.441 0.1000000015
10814  -43.130  -56.995  12.278 0.1000000015
10184  -43.812  -57.658  10.425 0.2000000030
10190  -43.349  -57.801  9.901 0.1000000015
9573  -42.200  -58.247  8.852 0.1000000015
7908  -40.233  -61.191  8.109 0.1000000015
7907  -39.821  -61.746  7.749 0.1000000015
6858  -38.924  -63.006  7.208 0.1000000015
112153  -37.990  -63.901  6.619 0.1000000015
9574  -42.763  -57.926  9.475 0.1000000015
9011  -40.937  -59.352  7.742 0.1000000015
8435  -40.561  -60.233  7.787 0.1000000015
7390  -39.118  -62.305  6.654 0.1000000015
6870  -38.610  -62.839  6.351 0.1000000015
7920  -40.069  -60.850  7.308 0.1000000015
20839  -40.763  -42.498  18.392 0.2000000030
10805  -43.180  -56.597  13.250 0.1000000015
10174  -43.003  -57.240  11.252 0.1000000015
10183  -42.837  -57.434  10.248 0.1000000015
10203  -42.124  -57.787  8.902 0.1000000015
6859  -39.308  -62.684  7.552 0.1000000015
9588  -41.681  -58.109  8.403 0.1000000015
8356  -41.741  -61.961  16.551 0.3000000119
118317  -41.590  -60.722  16.849 0.4000000060
6225  -40.861  -64.934  15.269 0.3000000119
6759  -41.783  -64.316  15.894 0.3000000119
7840  -41.563  -62.463  15.677 0.3000000119
5700  -40.927  -65.323  14.769 0.3000000119
8355  -40.958  -60.159  15.959 0.4000000060
6787  -41.538  -64.348  14.447 0.3000000119
9498  -40.955  -58.561  15.421 0.4000000060
7336  -41.295  -63.628  13.928 0.3000000119
9542  -41.035  -58.942  12.815 0.4000000060
9543  -42.114  -59.016  12.214 0.3000000119
8970  -40.655  -59.564  11.459 0.2000000030
6825  -39.793  -63.581  10.331 0.2000000030
9534  -44.857  -58.266  12.755 0.3000000119
9544  -43.652  -59.060  11.714 0.3000000119
8971  -41.733  -59.389  10.686 0.2000000030
8422  -40.458  -60.295  10.123 0.1000000015
10176  -44.669  -57.741  11.755 0.3000000119
8999  -42.696  -58.426  9.527 0.1000000015
115130  -40.557  -60.592  8.460 0.1000000015
6842  -38.999  -63.599  8.060 0.1000000015
9568  -43.464  -58.129  9.867 0.1000000015
8998  -42.008  -58.953  8.917 0.1000000015
9012  -41.596  -58.783  8.307 0.1000000015
6319  -37.508  -64.116  5.792 0.1000000015
10189  -42.489  -57.620  9.549 0.1000000015
8317  -42.787  -60.991  21.231 0.3000000119
123320  -42.714  -61.331  20.691 0.2000000030
7795  -41.936  -62.045  19.948 0.3000000119
7796  -42.513  -61.836  19.937 0.2000000030
9457  -44.829  -58.943  21.529 0.4000000060
8318  -43.400  -60.498  21.495 0.2000000030
9456  -44.486  -59.417  21.202 0.4000000060
8893  -43.470  -60.636  20.603 0.3000000119
7809  -41.769  -62.493  19.236 0.2000000030
124345  -44.287  -59.034  20.425 0.4000000060
8333  -43.104  -61.222  20.247 0.2000000030
7286  -41.954  -63.040  18.639 0.2000000030
7816  -40.839  -62.478  18.118 0.1000000015
7285  -41.550  -62.866  18.495 0.2000000030
7824  -40.608  -62.733  17.239 0.1000000015
8341  -42.884  -61.243  19.224 0.3000000119
7815  -40.318  -61.640  17.389 0.1000000015
6730  -42.050  -63.429  18.234 0.2000000030
7823  -40.016  -61.909  16.510 0.1000000015
7839  -39.644  -62.221  15.636 0.1000000015
7300  -40.368  -62.979  16.353 0.1000000015
7316  -40.101  -63.330  15.606 0.1000000015
7850  -38.820  -61.604  14.146 0.1000000015
7851  -39.336  -62.102  14.804 0.1000000015
107366  -39.589  -62.827  15.076 0.1000000015
7860  -38.722  -62.306  13.493 0.1000000015
7327  -39.316  -62.849  14.300 0.1000000015
8901  -43.247  -59.504  19.320 0.3000000119
7287  -42.187  -62.965  18.516 0.2000000030
6739  -41.774  -63.746  17.245 0.2000000030
7294  -41.343  -63.253  17.749 0.2000000030
7301  -41.036  -63.684  16.994 0.2000000030
7869  -38.335  -61.794  12.793 0.1000000015
9471  -42.588  -58.969  18.582 0.2000000030
8348  -42.585  -60.739  18.460 0.3000000119
7296  -42.236  -63.297  17.856 0.2000000030
7317  -40.694  -63.991  16.234 0.2000000030
7878  -38.139  -62.141  12.048 0.1000000015
110134  -42.122  -60.760  17.774 0.3000000119
6748  -42.078  -63.694  17.107 0.3000000119
9472  -43.114  -58.463  19.020 0.2000000030
6757  -40.421  -64.213  15.485 0.2000000030
7335  -39.590  -64.133  14.314 0.1000000015
7343  -38.562  -62.693  12.761 0.1000000015
6793  -39.079  -64.278  13.059 0.1000000015
7350  -37.762  -62.575  11.318 0.1000000015
8908  -42.102  -59.656  18.039 0.2000000030
6799  -38.687  -64.226  12.341 0.1000000015
6785  -39.578  -64.950  13.730 0.1000000015
6798  -38.020  -63.452  11.292 0.1000000015
122876  -38.378  -63.712  11.755 0.1000000015
6252  -38.760  -65.443  12.186 0.1000000015
5714  -39.409  -66.310  12.630 0.1000000015
6811  -35.393  -63.664  10.486 0.1000000015
6813  -37.724  -64.231  10.931 0.1000000015
113759  -38.302  -64.336  11.565 0.1000000015
5725  -38.795  -66.492  11.972 0.1000000015
6234  -41.084  -65.369  13.780 0.3000000119
6263  -37.514  -65.399  10.796 0.1000000015
8894  -43.977  -59.916  20.787 0.3000000119
8892  -43.337  -60.514  19.703 0.2000000030
7818  -42.434  -62.537  18.060 0.3000000119
6784  -39.115  -63.500  13.472 0.1000000015
7351  -38.417  -63.120  11.978 0.1000000015
6746  -41.363  -64.190  16.464 0.2000000030
7810  -42.447  -62.204  18.918 0.2000000030
113138  -42.558  -61.620  18.336 0.3000000119
7328  -39.776  -63.692  14.977 0.1000000015
116027  -37.257  -63.170  10.716 0.1000000015
6812  -36.950  -64.266  10.554 0.1000000015
6251  -38.188  -65.395  11.393 0.1000000015
7361  -35.577  -62.686  10.502 0.1000000015
5708  -40.377  -65.923  13.590 0.2000000030
5181  -38.076  -67.383  11.042 0.1000000015
4666  -37.184  -68.316  10.042 0.1000000015
4667  -37.634  -67.752  10.486 0.2000000030
4678  -36.583  -68.454  9.261 0.1000000015
5166  -39.810  -66.939  12.612 0.2000000030
5182  -38.406  -67.094  11.276 0.2000000030
4679  -36.940  -68.635  9.523 0.2000000030
5183  -38.943  -67.148  11.171 0.1000000015
5196  -37.900  -67.935  10.165 0.2000000030
5745  -38.553  -67.058  10.373 0.1000000015
5716  -40.156  -66.645  13.053 0.2000000030
5726  -39.945  -66.626  11.910 0.1000000015
4693  -36.945  -68.690  9.150 0.1000000015
5209  -37.455  -68.126  9.331 0.1000000015
6245  -40.638  -65.825  13.048 0.2000000030
6254  -40.327  -66.189  12.254 0.2000000030
5736  -39.569  -66.473  11.377 0.1000000015
5210  -38.157  -67.125  9.515 0.1000000015
6253  -40.050  -66.037  11.541 0.1000000015
5746  -39.243  -66.201  10.536 0.1000000015
6794  -40.911  -64.676  12.948 0.2000000030
6800  -40.576  -65.048  12.153 0.2000000030
6273  -38.782  -65.731  9.535 0.1000000015
6265  -40.200  -65.184  11.394 0.1000000015
126401  -40.685  -63.888  12.537 0.2000000030
6264  -39.739  -65.345  10.773 0.1000000015
5715  -39.963  -66.790  12.993 0.1000000015
5172  -38.961  -67.026  11.894 0.1000000015
8886  -44.067  -60.045  21.821 0.2000000030
8332  -41.692  -61.510  20.325 0.1000000015
11950  -47.287  -54.843  25.140 0.2000000030
11309  -46.520  -55.821  24.874 0.1000000015
13249  -44.912  -52.393  24.722 0.1000000015
110009  -45.790  -52.768  24.791 0.1000000015
14698  -45.117  -50.829  23.772 0.1000000015
13250  -46.272  -52.573  24.871 0.1000000015
115445  -42.920  -51.147  23.935 0.2000000030
13248  -43.967  -52.153  24.781 0.1000000015
14716  -42.166  -50.535  23.051 0.2000000030
14697  -43.588  -50.779  23.627 0.1000000015
13988  -44.271  -51.460  24.289 0.1000000015
14685  -44.953  -51.626  24.480 0.1000000015
9450  -44.520  -59.563  22.132 0.2000000030
10667  -46.915  -56.093  25.104 0.1000000015
13973  -45.425  -52.157  24.738 0.1000000015
113838  -41.447  -50.699  23.131 0.2000000030
11310  -47.012  -55.839  25.226 0.1000000015
12573  -45.436  -52.941  24.705 0.1000000015
13261  -44.742  -52.589  24.666 0.1000000015
13987  -43.572  -51.721  24.718 0.1000000015
8303  -43.662  -60.067  22.104 0.1000000015
112198  -38.464  -49.017  22.422 0.1000000015
15416  -38.201  -49.762  22.380 0.1000000015
112355  -38.703  -50.419  22.530 0.1000000015
14000  -38.667  -51.143  23.137 0.1000000015
112356  -37.350  -49.876  22.359 0.1000000015
14713  -37.078  -50.664  22.606 0.1000000015
109659  -38.207  -51.404  23.893 0.1000000015
112199  -37.684  -49.049  22.420 0.1000000015
14714  -37.923  -50.563  22.583 0.1000000015
13982  -39.071  -51.473  24.351 0.1000000015
13980  -36.355  -51.509  24.076 0.1000000015
114043  -36.513  -50.013  22.380 0.1000000015
13998  -36.758  -51.267  23.215 0.1000000015
114176  -36.818  -49.165  22.376 0.1000000015
13999  -37.653  -51.208  23.133 0.1000000015
13981  -37.407  -51.512  24.183 0.1000000015
16210  -37.194  -48.315  22.442 0.1000000015
14712  -35.573  -50.327  22.587 0.1000000015
111804  -36.340  -50.755  22.692 0.1000000015
15415  -35.939  -49.299  22.381 0.1000000015
106116  -37.984  -46.594  22.508 0.1000000015
20859  -41.361  -42.807  17.812 0.1000000015
20861  -43.089  -42.493  17.662 0.1000000015
16966  -36.659  -47.594  22.454 0.1000000015
16967  -37.082  -46.770  22.487 0.1000000015
20092  -42.685  -43.251  17.166 0.1000000015
20840  -41.831  -42.053  18.433 0.1000000015
20862  -44.054  -42.202  17.941 0.1000000015
13997  -35.858  -51.206  23.180 0.1000000015
14715  -39.567  -50.729  22.774 0.1000000015
14001  -39.716  -51.277  23.771 0.1000000015
20860  -42.184  -42.697  17.657 0.1000000015
16209  -36.289  -48.441  22.405 0.1000000015
20093  -43.642  -42.977  17.181 0.1000000015
12059  -43.189  -54.491  14.417 0.1000000015
9454  -41.422  -59.243  20.454 0.1000000015
113655  -40.547  -59.397  19.937 0.1000000015
8891  -40.599  -60.166  19.934 0.1000000015
9461  -40.605  -58.642  19.880 0.1000000015
9460  -39.837  -58.720  19.498 0.1000000015
8890  -40.086  -59.541  19.517 0.1000000015
123915  -42.009  -59.929  20.937 0.1000000015
10090  -40.146  -57.895  19.594 0.1000000015
10081  -42.079  -58.423  20.669 0.1000000015
9455  -42.329  -59.530  21.169 0.1000000015
10088  -38.758  -57.527  19.219 0.1000000015
117765  -39.465  -57.068  19.436 0.1000000015
9462  -41.162  -57.917  19.987 0.1000000015
106881  -39.159  -56.030  19.399 0.1000000015
114750  -41.279  -56.906  19.768 0.1000000015
9407  -33.593  -58.385  24.492 0.1000000015
10040  -33.802  -57.609  24.391 0.1000000015
10688  -32.537  -56.665  22.247 0.1000000015
119190  -32.414  -56.493  21.586 0.1000000015
10697  -32.338  -55.968  21.202 0.1000000015
11352  -32.381  -55.319  20.115 0.1000000015
8884  -41.728  -60.311  20.727 0.1000000015
10712  -32.064  -56.031  19.497 0.1000000015
12002  -32.855  -54.525  19.901 0.1000000015
10714  -38.577  -56.718  19.302 0.1000000015
10713  -37.843  -56.411  19.117 0.1000000015
11370  -32.715  -55.282  18.472 0.1000000015
11372  -34.170  -55.147  18.155 0.1000000015
11373  -35.635  -55.390  18.426 0.1000000015
11361  -37.698  -55.413  19.223 0.1000000015
115212  -38.391  -55.818  19.338 0.1000000015
10715  -40.057  -56.113  19.452 0.1000000015
7808  -41.145  -62.172  18.919 0.1000000015
10724  -31.933  -56.382  18.459 0.1000000015
118343  -34.494  -55.485  17.472 0.1000000015
12020  -36.865  -55.244  19.032 0.1000000015
126771  -38.320  -55.144  19.324 0.1000000015
10057  -33.234  -57.250  23.841 0.1000000015
10056  -32.730  -56.922  23.087 0.1000000015
10689  -32.841  -55.961  22.747 0.1000000015
10074  -42.716  -58.905  21.464 0.1000000015
9448  -43.203  -59.824  21.990 0.1000000015
107094  -32.546  -55.915  21.916 0.1000000015
11993  -32.648  -54.853  20.741 0.1000000015
11983  -32.940  -54.665  21.502 0.1000000015
8315  -41.319  -60.743  20.368 0.1000000015
12018  -34.872  -54.768  18.719 0.1000000015
110781  -35.725  -54.701  18.980 0.1000000015
12019  -36.206  -55.138  18.861 0.1000000015
11363  -39.676  -55.355  19.394 0.1000000015
126709  -35.906  -54.203  19.248 0.1000000015
12006  -36.454  -54.420  19.195 0.1000000015
12007  -37.330  -54.474  19.259 0.1000000015
11362  -38.931  -55.017  19.351 0.1000000015
10041  -34.763  -57.282  24.521 0.1000000015
10661  -33.932  -56.787  24.169 0.1000000015
10042  -35.934  -57.384  24.609 0.1000000015
10075  -43.416  -58.769  22.133 0.1000000015
10676  -33.330  -56.397  23.529 0.1000000015
10677  -34.106  -55.900  23.757 0.1000000015
119768  -42.744  -57.755  21.051 0.1000000015
9449  -43.826  -59.559  22.688 0.1000000015
11318  -33.427  -55.642  23.228 0.1000000015
10705  -41.926  -57.302  20.263 0.1000000015
11333  -32.834  -55.248  22.132 0.1000000015
12626  -33.774  -53.806  20.231 0.1000000015
12004  -34.497  -54.113  19.359 0.1000000015
12003  -33.641  -54.174  19.604 0.1000000015
12642  -35.108  -53.486  19.785 0.1000000015
12008  -38.235  -54.446  19.327 0.1000000015
111210  -36.071  -53.641  19.525 0.1000000015
12643  -37.020  -53.680  19.451 0.1000000015
115150  -43.384  -57.629  21.668 0.1000000015
123324  -34.636  -56.482  24.218 0.1000000015
10662  -35.434  -56.601  24.359 0.1000000015
10663  -36.428  -56.677  24.398 0.1000000015
10043  -37.079  -57.447  24.600 0.1000000015
10706  -42.453  -56.575  20.425 0.1000000015
10707  -43.174  -56.754  21.015 0.1000000015
10076  -43.906  -58.050  22.541 0.1000000015
126455  -34.658  -55.305  23.532 0.1000000015
11303  -35.026  -55.900  24.000 0.1000000015
10717  -41.742  -56.292  19.846 0.1000000015
8302  -43.263  -60.329  21.852 0.1000000015
11971  -33.361  -54.674  22.280 0.1000000015
11957  -33.891  -54.971  23.089 0.1000000015
109936  -39.698  -54.553  19.383 0.1000000015
10716  -40.947  -56.110  19.552 0.1000000015
12644  -37.761  -53.782  19.412 0.1000000015
12613  -33.852  -53.739  20.899 0.1000000015
12627  -34.532  -53.429  20.506 0.1000000015
13308  -35.931  -53.038  20.002 0.1000000015
11304  -35.908  -55.949  24.104 0.1000000015
11366  -42.196  -55.590  20.027 0.1000000015
8856  -44.242  -59.421  23.024 0.1000000015
12009  -39.072  -54.034  19.360 0.1000000015
12010  -40.388  -54.113  19.498 0.1000000015
12628  -35.343  -53.154  20.389 0.1000000015
117653  -34.104  -54.203  22.383 0.1000000015
12598  -34.439  -53.620  21.555 0.1000000015
12614  -35.206  -53.171  21.088 0.1000000015
11353  -42.547  -54.968  20.259 0.1000000015
11344  -43.539  -55.872  21.173 0.1000000015
12011  -41.191  -54.409  19.656 0.1000000015
11319  -35.449  -55.250  23.626 0.1000000015
12645  -38.470  -53.530  19.517 0.1000000015
115103  -39.721  -53.843  19.462 0.1000000015
12648  -40.958  -53.598  19.827 0.1000000015
11958  -34.885  -54.516  23.022 0.1000000015
13293  -36.501  -52.820  20.273 0.1000000015
13310  -37.708  -53.122  19.739 0.1000000015
13282  -35.981  -52.870  20.748 0.1000000015
13283  -36.721  -52.698  20.778 0.1000000015
12599  -35.327  -53.444  21.897 0.1000000015
11996  -43.205  -54.761  20.727 0.1000000015
117504  -43.858  -55.079  21.348 0.1000000015
12629  -40.664  -52.996  20.188 0.1000000015
11994  -41.726  -53.831  20.067 0.1000000015
11320  -36.341  -55.290  23.729 0.1000000015
13296  -39.003  -52.600  20.629 0.1000000015
13313  -39.910  -52.889  20.068 0.1000000015
13295  -38.062  -52.658  20.413 0.1000000015
13311  -38.655  -52.858  19.891 0.1000000015
11972  -34.829  -53.854  22.347 0.1000000015
11985  -43.755  -54.165  21.339 0.1000000015
11995  -42.463  -54.154  20.352 0.1000000015
12630  -41.441  -53.127  20.390 0.1000000015
12615  -36.559  -52.934  21.404 0.1000000015
11973  -35.579  -53.906  22.609 0.1000000015
12619  -44.297  -53.792  22.020 0.1000000015
11959  -35.893  -54.545  23.225 0.1000000015
10031  -39.157  -58.104  25.372 0.1000000015
10045  -38.954  -57.497  24.969 0.1000000015
10044  -38.210  -57.459  24.668 0.1000000015
119122  -33.229  -54.196  20.700 0.1000000015
11360  -32.502  -55.205  19.268 0.1000000015
12016  -33.089  -54.702  19.009 0.1000000015
11371  -33.377  -55.094  18.264 0.1000000015
12017  -33.906  -54.626  18.827 0.1000000015
117949  -34.898  -55.319  18.088 0.1000000015
11374  -36.425  -55.750  18.584 0.1000000015
11375  -37.120  -56.088  18.868 0.1000000015
10726  -37.441  -56.840  18.440 0.1000000015
11364  -40.514  -55.120  19.448 0.1000000015
13309  -36.740  -53.097  19.805 0.1000000015
11354  -42.875  -55.759  20.546 0.1000000015
11365  -41.450  -55.341  19.656 0.1000000015
12647  -40.171  -53.415  19.737 0.1000000015
13284  -37.461  -52.704  21.142 0.1000000015
9412  -38.759  -58.130  25.073 0.1000000015
4714  -28.759  -68.159  6.816 0.1000000015
4212  -29.350  -68.095  7.655 0.1000000015
3791  -28.685  -69.321  3.353 0.1000000015
4236  -28.321  -68.604  4.206 0.1000000015
4738  -28.022  -67.967  4.869 0.1000000015
4229  -28.895  -68.972  6.130 0.1000000015
4255  -28.253  -68.826  2.494 0.1000000015
4267  -28.398  -69.255  1.419 0.1000000015
4266  -27.851  -68.459  0.905 0.1000000015
4702  -28.856  -67.507  7.434 0.1000000015
5218  -29.148  -66.909  8.209 0.1000000015
121033  -28.395  -67.465  6.586 0.1000000015
4228  -28.522  -68.727  5.099 0.1000000015
106633  -28.314  -67.953  5.814 0.1000000015
4690  -29.570  -67.693  8.481 0.1000000015
4246  -27.990  -68.335  3.412 0.1000000015
3772  -29.478  -69.806  5.724 0.1000000015
3771  -28.969  -69.385  5.220 0.1000000015
121490  -27.889  -68.406  1.816 0.1000000015
4771  -27.531  -67.669  0.399 0.1000000015
6805  -30.218  -63.105  10.431 0.1000000015
6270  -29.277  -64.143  10.102 0.1000000015
6806  -30.705  -63.304  10.266 0.1000000015
107475  -28.747  -66.185  7.860 0.1000000015
5206  -29.312  -66.375  8.832 0.1000000015
5758  -29.154  -65.893  9.199 0.1000000015
6287  -29.474  -64.308  9.494 0.1000000015
5743  -28.925  -65.026  9.528 0.1000000015
5207  -29.317  -66.494  9.127 0.1000000015
5231  -28.366  -66.697  6.998 0.1000000015
5219  -29.524  -67.098  9.016 0.1000000015
4726  -27.854  -67.305  5.325 0.1000000015
4727  -28.015  -67.021  6.019 0.1000000015
4245  -27.684  -67.897  2.603 0.1000000015
6807  -31.508  -63.243  10.360 0.1000000015
124946  -29.569  -63.827  10.238 0.1000000015
7357  -30.933  -62.912  10.502 0.1000000015
6286  -29.145  -64.965  9.056 0.1000000015
5769  -28.897  -65.572  8.355 0.1000000015
4737  -27.651  -67.179  4.606 0.1000000015
4749  -27.567  -67.247  3.578 0.1000000015
122448  -28.008  -66.270  6.140 0.1000000015
108991  -29.549  -63.340  10.306 0.1000000015
106367  -29.921  -63.902  9.898 0.1000000015
5242  -27.993  -65.705  5.717 0.1000000015
6820  -29.161  -63.895  10.273 0.1000000015
6313  -28.781  -64.669  7.516 0.1000000015
5778  -28.319  -65.550  6.807 0.1000000015
6330  -29.129  -64.399  5.782 0.1000000015
6332  -31.273  -64.427  5.439 0.1000000015
6300  -29.290  -64.124  8.069 0.1000000015
6314  -29.069  -64.198  6.873 0.1000000015
6853  -29.683  -63.708  7.337 0.1000000015
6329  -28.568  -64.823  6.182 0.1000000015
6315  -29.783  -63.964  6.290 0.1000000015
6854  -30.429  -63.413  7.677 0.1000000015
6839  -30.522  -63.494  8.814 0.1000000015
6838  -29.855  -63.725  8.493 0.1000000015
126416  -31.128  -63.403  7.098 0.1000000015
6331  -30.212  -64.278  5.280 0.1000000015
6868  -30.479  -63.593  6.722 0.1000000015
4680  -37.205  -68.405  9.828 0.2000000030
4692  -36.679  -68.555  8.900 0.1000000015
4750  -27.817  -67.898  4.149 0.1000000015
5165  -39.735  -66.870  12.363 0.1000000015
5173  -39.339  -66.944  12.056 0.1000000015
5195  -36.701  -68.274  9.815 0.1000000015
5277  -34.630  -66.937  2.408 0.1000000015
5289  -34.853  -66.612  1.599 0.1000000015
5290  -35.431  -65.792  0.950 0.1000000015
5312  -34.382  -65.788  -0.323 0.1000000015
5684  -41.230  -65.069  15.144 0.3000000119
5707  -40.697  -65.524  14.287 0.3000000119
5865  -34.152  -65.208  -0.665 0.1000000015
6224  -40.529  -65.241  14.592 0.3000000119
6235  -41.390  -64.984  14.297 0.3000000119
6243  -39.268  -65.279  12.899 0.1000000015
6377  -36.522  -63.969  2.161 0.1000000015
6399  -34.803  -64.620  0.133 0.1000000015
6412  -34.245  -64.638  -0.416 0.1000000015
6747  -41.842  -64.216  16.520 0.3000000119
6758  -40.970  -64.539  15.938 0.3000000119
6772  -40.177  -64.597  14.852 0.2000000030
6843  -39.386  -63.318  8.562 0.1000000015
6887  -37.504  -63.016  3.948 0.1000000015
6913  -35.169  -63.723  2.137 0.1000000015
6941  -33.663  -64.132  -0.462 0.1000000015
7268  -42.066  -62.532  19.274 0.2000000030
7295  -41.883  -63.455  18.088 0.2000000030
7318  -41.824  -63.667  15.636 0.3000000119
7362  -36.288  -63.422  10.501 0.1000000015
7778  -42.258  -61.468  20.577 0.1000000015
7779  -43.105  -61.114  21.019 0.3000000119
7794  -41.408  -61.848  19.686 0.1000000015
8439  -35.150  -60.474  7.732 0.1000000015
8871  -43.762  -59.892  22.436 0.1000000015
8872  -44.098  -59.822  22.521 0.1000000015
8883  -41.040  -59.980  20.316 0.1000000015
8885  -42.567  -60.494  21.347 0.1000000015
8900  -42.842  -60.108  18.879 0.3000000119
9019  -39.244  -59.897  7.342 0.2000000030
9028  -33.255  -59.542  6.299 0.1000000015
9470  -39.472  -59.174  18.905 0.1000000015
9513  -40.796  -58.667  14.585 0.4000000060
9515  -42.884  -58.137  14.220 0.4000000060
9533  -44.428  -58.569  12.988 0.3000000119
9545  -44.565  -58.508  12.240 0.3000000119
9560  -44.702  -58.133  11.690 0.3000000119
9587  -41.214  -58.521  7.983 0.1000000015
10046  -46.092  -57.086  24.687 0.1000000015
10058  -45.084  -58.339  24.012 0.1000000015
10070  -44.652  -58.850  23.563 0.1000000015
10089  -39.369  -57.934  19.376 0.1000000015
10678  -45.490  -57.699  24.158 0.1000000015
10720  -45.302  -56.392  20.263 0.5000000000
11311  -47.053  -55.547  25.224 0.1000000015
11334  -33.227  -55.258  22.725 0.1000000015
11343  -32.582  -55.330  21.400 0.1000000015
11432  -47.281  -54.494  14.893 0.5000000000
11453  -34.792  -55.015  10.950 0.1000000015
11525  -36.579  -55.671  3.860 0.1000000015
11940  -47.118  -55.115  25.241 0.1000000015
11984  -33.592  -54.117  21.568 0.1000000015
12005  -35.344  -54.133  19.271 0.1000000015
12012  -41.957  -54.686  19.921 0.1000000015
12038  -47.102  -54.652  16.364 0.6000000238
12063  -47.035  -54.426  14.597 0.5000000000
12576  -47.528  -53.723  24.892 0.2000000030
12588  -47.702  -53.404  23.665 0.3000000119
12641  -34.273  -53.704  19.859 0.1000000015
12646  -39.323  -53.271  19.675 0.1000000015
12671  -47.386  -53.888  15.488 0.5000000000
13252  -47.616  -52.366  24.642 0.2000000030
13294  -37.191  -52.716  20.274 0.1000000015
13297  -40.295  -52.675  20.645 0.1000000015
13312  -39.309  -52.753  20.060 0.1000000015
13358  -46.552  -53.236  15.079 0.5000000000
13972  -44.496  -52.067  24.766 0.1000000015
13975  -47.329  -51.766  24.541 0.2000000030
14011  -44.728  -51.039  20.126 0.4000000060
14120  -33.647  -51.780  10.938 0.1000000015
14688  -47.598  -50.879  24.032 0.3000000119
14701  -47.924  -49.895  23.361 0.3000000119
14719  -48.614  -50.094  22.539 0.3000000119
14818  -34.262  -50.589  10.476 0.1000000015
14845  -46.862  -50.849  7.078 0.1000000015
14856  -45.980  -51.145  6.809 0.1000000015
14857  -46.490  -51.093  6.782 0.1000000015
14866  -46.500  -50.883  6.565 0.1000000015
15406  -48.115  -49.095  22.585 0.3000000119
15427  -48.175  -48.939  21.817 0.4000000060
15545  -36.644  -49.784  8.109 0.1000000015
15590  -47.272  -49.935  6.163 0.1000000015
16196  -47.436  -48.207  22.310 0.3000000119
16197  -47.725  -48.511  22.425 0.3000000119
16198  -47.816  -48.512  22.384 0.3000000119
16218  -47.562  -48.100  22.163 0.3000000119
16222  -47.845  -48.207  21.985 0.3000000119
16229  -46.523  -47.757  21.580 0.3000000119
16362  -36.917  -49.152  7.920 0.1000000015
16365  -45.016  -49.981  7.377 0.1000000015
16379  -38.571  -48.401  6.742 0.1000000015
16381  -46.986  -49.775  6.019 0.1000000015
16977  -47.427  -47.986  22.116 0.3000000119
16979  -45.442  -47.334  21.838 0.2000000030
16990  -46.121  -47.453  21.704 0.2000000030
17748  -43.929  -47.095  22.015 0.3000000119
17749  -44.701  -47.258  21.837 0.2000000030
105869  -39.559  -62.112  7.450 0.1000000015
106460  -43.671  -59.970  20.024 0.5000000000
107107  -39.171  -57.432  8.963 0.1000000015
110051  -37.482  -49.103  7.440 0.1000000015
110107  -30.029  -63.569  10.227 0.1000000015
112501  -39.997  -60.833  12.540 0.4000000060
112811  -36.663  -59.318  8.335 0.1000000015
114173  -39.835  -49.999  4.997 0.1000000015
114561  -48.511  -50.489  23.216 0.3000000119
115717  -40.518  -57.003  19.570 0.1000000015
116935  -48.377  -49.462  22.423 0.3000000119
117075  -46.932  -47.674  22.061 0.3000000119
117886  -38.261  -67.510  10.742 0.1000000015
118818  -47.655  -52.845  24.641 0.3000000119
121085  -31.814  -62.796  -0.179 0.1000000015
121130  -36.208  -63.795  2.021 0.1000000015
121820  -46.568  -56.472  24.877 0.1000000015
123386  -46.660  -55.934  22.364 0.4000000060
123725  -33.363  -65.688  -0.619 0.1000000015
124075  -47.632  -53.569  24.482 0.3000000119
124423  -48.277  -49.557  21.689 0.4000000060
125848  -41.495  -57.917  16.233 0.4000000060
126330  -42.048  -63.635  17.795 0.2000000030
126632  -31.775  -61.351  3.841 0.1000000015
126687  -33.320  -54.105  20.100 0.1000000015
126693  -39.639  -64.558  10.211 0.2000000030
