#!ascii label  , from subject sub-v1s15x0050199_ses-1 vox2ras=TkReg
1749
22551  33.560  -41.544  0.011 0.6000000238
21661  33.069  -42.476  1.328 0.5000000000
24261  34.448  -38.628  0.247 0.6999999881
25087  34.998  -37.954  0.240 0.6000000238
25101  35.050  -38.518  -0.524 0.6000000238
25100  35.670  -37.829  -0.306 0.6000000238
23367  33.359  -40.823  0.679 0.6999999881
23379  33.707  -40.580  -0.086 0.6000000238
23378  34.184  -40.179  -0.671 0.5000000000
24286  34.653  -39.746  -1.208 0.5000000000
24285  35.249  -39.423  -1.628 0.5000000000
25110  35.509  -38.763  -1.268 0.6000000238
109463  36.415  -37.780  -0.759 0.6000000238
22532  32.959  -40.904  1.571 0.5000000000
22531  33.209  -41.687  0.977 0.5000000000
22550  34.029  -41.089  -0.801 0.6000000238
25857  37.058  -37.808  -1.158 0.6000000238
121159  32.825  -43.987  2.193 0.5000000000
113824  32.560  -43.848  3.064 0.5000000000
27539  37.451  -35.180  1.233 0.6000000238
114954  37.976  -35.502  0.674 0.6999999881
25078  34.049  -38.195  1.614 0.6000000238
25825  34.476  -37.638  1.489 0.6999999881
26677  36.230  -36.246  1.108 0.6000000238
26689  36.807  -36.503  0.454 0.6000000238
26705  37.411  -36.753  -0.141 0.6000000238
111466  33.657  -38.787  1.665 0.6000000238
25079  33.981  -38.725  0.997 0.6999999881
111816  37.213  -37.343  -0.639 0.6000000238
123658  32.800  -40.541  2.311 0.5000000000
24246  33.304  -39.252  2.146 0.5000000000
25846  37.950  -36.986  -0.608 0.6000000238
118226  32.715  -42.526  1.973 0.5000000000
25845  38.867  -36.943  -0.826 0.6000000238
20829  32.599  -43.065  2.635 0.5000000000
25855  38.881  -37.529  -1.467 0.6000000238
127609  40.545  -36.775  -1.541 0.6999999881
25867  39.448  -37.924  -2.055 0.6000000238
110480  41.002  -37.336  -2.174 0.6999999881
25118  40.445  -38.453  -2.936 0.6000000238
25865  41.576  -38.034  -2.973 0.6000000238
25125  42.822  -38.960  -4.599 0.6000000238
25117  41.937  -38.610  -3.742 0.6000000238
25875  38.137  -37.188  -4.133 0.5000000000
26741  37.517  -36.685  -3.482 0.6999999881
26730  36.985  -36.293  -2.886 0.8000000119
26742  36.652  -36.327  -3.865 0.6999999881
28422  37.809  -34.506  1.384 0.6000000238
28421  38.518  -34.441  0.937 0.6999999881
26667  35.219  -36.323  2.172 0.6999999881
130044  35.774  -36.070  1.648 0.6999999881
27540  36.453  -35.516  1.594 0.6000000238
26688  37.730  -36.165  0.334 0.6999999881
27550  38.755  -35.107  0.539 0.6999999881
114047  34.212  -37.243  2.959 0.6000000238
27527  34.867  -36.168  2.942 0.6000000238
27567  39.273  -35.509  0.028 0.8000000119
125375  33.760  -38.075  3.917 0.5000000000
25801  34.119  -37.336  3.652 0.5000000000
27566  39.807  -35.139  -0.241 0.8000000119
26703  39.139  -36.183  -0.329 0.6000000238
25041  33.396  -38.978  4.033 0.5000000000
24231  33.246  -39.062  3.020 0.5000000000
117956  39.887  -35.800  -0.532 0.8000000119
26702  39.847  -36.529  -0.908 0.6000000238
125960  32.558  -42.952  4.044 0.5000000000
26701  40.760  -36.113  -1.306 0.8000000119
26716  41.539  -36.772  -2.144 0.8000000119
25854  39.829  -37.254  -1.529 0.6999999881
26715  42.936  -36.761  -3.195 0.6999999881
119044  41.799  -36.173  -2.140 0.6999999881
26736  44.387  -37.779  -4.872 0.6999999881
25864  43.931  -37.799  -4.077 0.6999999881
25853  42.423  -37.542  -3.106 0.6999999881
26747  44.355  -38.011  -5.065 0.6000000238
25132  44.036  -38.484  -4.741 0.6000000238
25116  43.352  -38.399  -4.052 0.6000000238
25872  41.831  -37.711  -4.881 0.6999999881
25882  42.904  -38.601  -5.415 0.6999999881
25881  44.000  -38.235  -5.201 0.6000000238
25874  39.193  -37.390  -4.123 0.6999999881
25873  40.916  -38.212  -5.218 0.6000000238
26740  38.374  -36.864  -3.335 0.8000000119
25884  38.964  -37.715  -5.143 0.6000000238
26718  37.228  -36.032  -2.163 0.8999999762
27610  35.402  -35.761  -3.982 0.6999999881
124035  36.710  -35.951  -2.486 0.8000000119
27609  35.907  -35.876  -4.455 0.6999999881
30016  38.464  -32.907  1.295 0.6000000238
29268  38.852  -33.749  0.805 0.6999999881
115833  39.484  -32.457  0.233 0.6999999881
28410  37.363  -33.938  1.932 0.6000000238
29282  39.769  -33.086  -0.101 0.6000000238
29994  37.000  -32.246  3.538 0.4000000060
28398  36.013  -34.278  3.165 0.6000000238
29241  36.952  -33.404  2.568 0.6000000238
29267  39.515  -33.803  0.252 0.6999999881
29232  36.154  -33.629  3.812 0.6000000238
28432  39.699  -34.499  -0.032 0.8000000119
27498  35.069  -35.872  5.075 0.4000000060
27508  34.837  -35.885  4.450 0.5000000000
27516  34.737  -36.009  3.693 0.6000000238
28446  40.248  -34.722  -0.499 0.8000000119
108089  34.467  -37.077  4.939 0.5000000000
27565  40.512  -35.331  -0.825 0.8000000119
24207  33.514  -39.461  5.036 0.4000000060
28460  42.226  -35.052  -2.361 0.8000000119
23321  32.933  -41.207  4.659 0.5000000000
27594  43.891  -36.233  -3.964 0.8000000119
27607  44.130  -36.108  -4.860 0.8000000119
27579  42.648  -35.822  -2.777 0.8000000119
26738  42.808  -37.148  -4.829 0.8000000119
119369  44.254  -36.748  -4.789 0.6999999881
27595  40.863  -35.481  -3.451 0.8999999762
26726  41.554  -36.239  -4.095 0.8999999762
26737  44.317  -36.999  -4.919 0.6999999881
111841  40.742  -36.842  -3.924 0.8999999762
127563  40.264  -37.399  -4.183 0.6000000238
26729  37.787  -36.454  -2.648 0.8999999762
26728  38.731  -36.414  -2.613 0.8999999762
27585  35.153  -34.917  -2.310 0.8000000119
27599  34.618  -35.440  -2.776 0.8000000119
115271  35.804  -35.300  -2.406 0.8000000119
27598  35.301  -35.443  -3.102 0.8000000119
107766  36.543  -35.589  -1.961 0.8000000119
27597  36.146  -35.783  -3.142 0.6999999881
30030  38.942  -32.229  0.738 0.6999999881
31740  39.804  -30.659  -0.490 0.6000000238
30863  38.770  -31.334  0.931 0.5000000000
30877  40.006  -31.367  -0.586 0.6999999881
31708  37.643  -30.941  3.011 0.4000000060
30841  37.391  -31.777  2.889 0.5000000000
30017  37.757  -32.273  2.061 0.6000000238
30043  40.461  -32.992  -0.777 0.6999999881
29995  36.639  -32.804  4.064 0.5000000000
29974  38.150  -32.365  5.376 0.5000000000
28390  35.882  -34.139  4.523 0.6000000238
29195  37.841  -33.917  5.949 0.4000000060
28377  37.135  -33.981  5.780 0.4000000060
122352  43.011  -33.863  -3.626 0.8000000119
117052  41.767  -34.336  -2.050 0.8000000119
27480  37.162  -35.559  6.249 0.4000000060
28476  42.898  -34.548  -3.307 0.8000000119
28445  41.003  -34.669  -1.265 0.8000000119
24206  33.924  -39.929  5.683 0.3000000119
107318  44.111  -35.291  -5.108 0.8000000119
107601  43.865  -34.623  -4.922 0.8000000119
118155  43.545  -35.384  -3.703 0.8000000119
107317  43.587  -34.666  -5.138 0.8000000119
27606  44.099  -35.641  -4.760 0.8000000119
27608  42.891  -35.646  -4.667 0.8999999762
114249  40.359  -34.845  -2.789 0.8999999762
26727  39.892  -36.111  -2.983 0.8999999762
28461  39.517  -34.602  -1.972 0.8999999762
27581  39.693  -35.287  -2.398 0.8999999762
27596  39.030  -35.774  -2.245 0.8999999762
28464  35.163  -34.340  -1.657 0.8000000119
28465  34.371  -34.788  -2.012 0.8000000119
26717  38.150  -35.887  -1.914 0.8999999762
28463  38.103  -35.199  -1.233 0.8999999762
27584  35.968  -34.877  -1.551 0.8000000119
27583  37.358  -35.546  -1.485 0.8000000119
114609  39.174  -30.712  0.517 0.6000000238
30878  39.587  -30.941  -0.086 0.6000000238
31739  40.194  -30.628  -0.973 0.6000000238
32654  39.006  -29.629  0.727 0.6000000238
32627  38.595  -29.469  3.536 0.4000000060
32635  38.502  -29.253  2.762 0.4000000060
31718  38.078  -30.575  2.313 0.4000000060
116087  38.314  -31.117  1.631 0.5000000000
113695  40.530  -32.135  -1.086 0.6999999881
31698  37.801  -30.791  3.684 0.4000000060
30891  41.231  -32.078  -1.941 0.6999999881
31686  39.391  -30.446  4.691 0.5000000000
31688  38.029  -30.799  4.237 0.4000000060
30059  41.180  -32.904  -1.658 0.6999999881
116275  40.006  -31.152  4.979 0.5000000000
107319  42.794  -32.905  -3.974 0.8000000119
30058  42.089  -32.985  -2.804 0.8000000119
119464  43.952  -34.223  -5.299 0.8000000119
107316  43.777  -33.872  -4.600 0.8000000119
122371  42.832  -33.995  -5.101 0.8000000119
29312  40.450  -33.495  -3.067 0.8999999762
28477  41.904  -34.956  -4.147 0.8999999762
28478  40.300  -34.175  -2.695 0.8999999762
27582  38.889  -35.230  -1.717 0.8999999762
28462  38.691  -34.516  -1.288 1.0000000000
28447  37.956  -34.570  -0.698 1.0000000000
28449  35.841  -34.264  -0.821 0.8000000119
128070  37.460  -35.051  -0.918 1.0000000000
27568  36.800  -35.146  -1.074 0.8000000119
129167  36.433  -34.648  -0.743 0.8000000119
32664  39.848  -30.029  -0.656 0.6000000238
32677  40.445  -29.525  -1.778 0.6000000238
33589  39.254  -28.686  0.508 0.6000000238
31753  40.522  -30.462  -1.698 0.6999999881
33571  39.348  -28.005  2.860 0.4000000060
33579  38.839  -28.493  2.282 0.4000000060
32644  38.571  -29.318  1.811 0.4000000060
32626  39.207  -29.089  3.893 0.4000000060
30905  41.198  -31.190  -2.420 0.6999999881
32615  40.508  -29.675  4.296 0.5000000000
34398  40.960  -27.818  3.300 0.4000000060
114575  41.768  -32.176  -2.917 0.8000000119
107637  43.824  -33.535  -5.080 0.8000000119
31776  42.427  -31.328  -4.406 0.8000000119
107315  43.492  -33.627  -5.392 0.8000000119
107536  44.084  -34.073  -5.168 0.8000000119
107633  41.883  -33.141  -5.070 0.8000000119
109128  41.557  -34.196  -4.035 0.8999999762
111539  39.278  -33.869  -1.616 0.8999999762
29299  39.698  -33.192  -2.263 0.8999999762
29283  38.429  -33.722  -0.784 1.0000000000
129407  37.653  -34.044  -0.315 1.0000000000
128301  36.480  -33.595  0.314 0.8000000119
29269  37.083  -33.880  0.157 0.8000000119
33602  39.597  -28.405  -0.242 0.6000000238
32653  39.531  -29.376  -0.126 0.6000000238
32678  39.970  -29.199  -0.969 0.6000000238
31761  40.849  -30.152  -2.470 0.6999999881
32689  41.197  -29.705  -3.117 0.6999999881
35289  39.958  -26.685  1.736 0.4000000060
127517  39.023  -28.190  1.693 0.5000000000
123929  39.237  -27.878  1.114 0.5000000000
111424  41.541  -30.673  -3.313 0.8000000119
32700  41.811  -30.165  -4.143 0.8000000119
34399  40.082  -27.775  3.208 0.4000000060
107320  42.169  -31.744  -3.622 0.8000000119
35270  42.118  -26.610  2.376 0.4000000060
129773  41.006  -26.823  2.705 0.4000000060
122373  43.544  -33.199  -5.405 0.8000000119
107647  43.161  -32.521  -4.887 0.8000000119
30086  43.254  -32.931  -5.655 0.8000000119
30084  42.533  -32.766  -5.815 0.8000000119
30081  40.542  -32.415  -3.869 0.8000000119
29300  38.980  -32.928  -1.441 1.0000000000
30060  39.438  -32.131  -2.195 1.0000000000
30045  38.337  -32.731  -0.671 1.0000000000
30031  36.960  -33.027  0.566 1.0000000000
29270  36.048  -33.032  0.610 0.8999999762
29301  35.165  -33.761  -1.125 0.8000000119
29286  34.946  -33.169  -0.763 0.8999999762
30047  35.295  -32.844  0.175 1.0000000000
30865  36.584  -31.334  1.059 1.0000000000
31730  36.742  -30.540  0.958 1.0000000000
31719  36.035  -30.629  1.428 1.0000000000
31720  35.412  -30.258  1.441 1.0000000000
32656  36.490  -29.836  1.106 1.0000000000
34451  40.410  -28.057  -1.779 0.6999999881
33628  40.560  -28.762  -2.197 0.6999999881
34472  41.051  -28.090  -3.206 0.6999999881
34440  40.217  -27.282  -1.179 0.6000000238
125428  40.737  -29.381  -2.508 0.6999999881
34428  39.556  -27.597  0.318 0.6000000238
32720  42.413  -30.124  -5.257 0.8000000119
36183  41.797  -25.890  2.061 0.4000000060
31792  43.244  -31.893  -6.190 0.8000000119
30934  43.094  -32.066  -6.393 0.8000000119
30920  40.996  -32.021  -4.845 0.6999999881
30931  41.753  -32.031  -5.883 0.8000000119
130386  39.849  -31.966  -3.056 0.8999999762
30921  39.994  -31.516  -3.661 0.8000000119
30906  39.484  -31.302  -2.762 1.0000000000
30061  38.750  -31.986  -1.344 1.0000000000
30892  39.058  -31.207  -1.906 1.0000000000
31754  38.664  -30.447  -1.692 1.0000000000
30879  38.259  -31.897  -0.679 1.0000000000
31741  38.159  -30.449  -0.881 1.0000000000
30880  37.839  -31.300  -0.267 1.0000000000
31742  37.707  -30.455  -0.144 1.0000000000
113493  37.263  -30.932  0.531 1.0000000000
30033  35.526  -32.267  0.808 1.0000000000
30034  34.845  -32.090  0.353 1.0000000000
32655  37.247  -29.961  0.458 1.0000000000
30018  35.773  -31.565  1.283 1.0000000000
30853  35.271  -30.930  1.366 1.0000000000
31721  34.821  -30.329  1.313 1.0000000000
33580  36.139  -29.053  1.163 1.0000000000
32645  35.116  -29.664  1.415 1.0000000000
34461  40.706  -28.034  -2.574 0.6999999881
33639  41.366  -28.573  -3.681 0.6999999881
36234  40.732  -25.700  -1.316 0.5000000000
35333  40.604  -27.202  -2.140 0.6999999881
113806  41.747  -29.250  -4.356 0.6999999881
35311  40.305  -26.392  -0.636 0.6000000238
36209  40.656  -25.465  0.657 0.5000000000
107965  40.314  -26.027  0.213 0.5000000000
32719  43.061  -31.119  -6.335 0.8000000119
31799  43.122  -31.606  -6.934 0.6999999881
30940  42.986  -31.610  -7.056 0.8000000119
31801  41.562  -31.462  -6.239 0.8000000119
31800  42.452  -31.546  -6.939 0.8000000119
31794  40.688  -31.228  -5.264 0.6999999881
120662  39.569  -30.261  -3.847 0.8999999762
31795  39.925  -30.285  -4.646 0.8000000119
128134  39.428  -28.812  -4.313 0.8000000119
33641  39.303  -28.065  -4.139 0.8000000119
114350  39.531  -30.722  -3.352 0.8999999762
32702  39.426  -29.498  -3.936 0.8000000119
33629  39.174  -28.639  -3.612 0.8000000119
31762  39.169  -30.512  -2.511 1.0000000000
32690  39.273  -29.947  -3.152 0.8999999762
109900  39.062  -29.165  -3.047 0.8999999762
32691  38.817  -29.683  -2.306 0.8999999762
32679  38.353  -29.731  -1.414 1.0000000000
128288  37.392  -29.209  0.136 1.0000000000
120796  36.826  -29.157  0.660 1.0000000000
32646  34.505  -29.618  1.152 1.0000000000
33590  37.197  -28.538  0.255 1.0000000000
33582  34.869  -29.083  1.312 1.0000000000
33591  36.507  -28.387  0.728 1.0000000000
34430  36.136  -27.631  0.723 1.0000000000
34423  34.982  -28.412  1.192 1.0000000000
36247  40.812  -26.370  -2.196 0.6999999881
35332  41.193  -26.368  -3.040 0.6999999881
108096  41.443  -26.998  -3.806 0.6999999881
34471  41.399  -27.812  -3.766 0.6999999881
33654  41.720  -28.432  -4.462 0.6999999881
36246  41.127  -25.587  -2.327 0.6000000238
32734  42.252  -29.190  -5.324 0.6999999881
37107  41.053  -24.806  -0.627 0.5000000000
37093  41.043  -24.830  0.266 0.5000000000
32733  42.801  -30.192  -6.434 0.8000000119
120757  43.133  -31.067  -7.153 0.6999999881
31807  42.572  -31.102  -7.422 0.6999999881
31806  42.912  -30.981  -7.453 0.6999999881
31808  41.524  -30.895  -6.782 0.6999999881
32722  39.817  -29.437  -5.110 0.8000000119
34496  39.829  -27.988  -5.533 0.8000000119
33655  39.594  -28.423  -4.935 0.8000000119
34488  39.551  -27.538  -4.807 0.8000000119
34473  39.155  -27.117  -3.948 0.8000000119
111434  38.662  -28.854  -2.391 1.0000000000
33630  38.769  -28.416  -2.963 0.8999999762
33642  38.899  -27.857  -3.447 0.8000000119
113489  38.504  -28.223  -2.388 1.0000000000
112775  38.551  -27.713  -2.766 0.8000000119
125997  38.494  -29.146  -1.817 1.0000000000
32665  37.801  -29.658  -0.549 1.0000000000
33604  37.647  -28.774  -0.494 1.0000000000
34429  36.992  -27.699  0.263 1.0000000000
33593  34.357  -28.802  0.961 1.0000000000
32657  33.911  -29.449  0.576 1.0000000000
120821  36.507  -27.029  0.398 1.0000000000
35301  35.751  -26.862  0.651 1.0000000000
34431  35.257  -27.608  0.929 1.0000000000
34432  34.335  -27.817  0.750 1.0000000000
123612  41.570  -26.167  -3.972 0.6999999881
35358  41.728  -26.792  -4.538 0.6999999881
34494  42.288  -27.979  -5.673 0.6000000238
33664  42.677  -29.074  -6.668 0.6000000238
119391  43.058  -30.399  -7.627 0.6999999881
32739  42.601  -30.470  -7.949 0.6999999881
32742  42.849  -30.099  -8.113 0.6999999881
32740  41.766  -30.482  -7.501 0.6999999881
32735  40.671  -29.845  -6.476 0.6999999881
34495  40.339  -28.149  -6.458 0.8000000119
33666  40.051  -28.784  -5.872 0.8000000119
35359  39.588  -26.567  -4.721 0.8000000119
126739  38.845  -26.536  -3.501 0.8000000119
34462  38.388  -27.021  -2.528 0.8000000119
35334  38.538  -26.427  -2.953 0.8000000119
33618  37.869  -28.097  -1.081 1.0000000000
118576  38.121  -26.871  -1.899 1.0000000000
35324  38.249  -26.321  -2.265 0.6999999881
34453  37.782  -27.066  -1.110 1.0000000000
35325  37.900  -26.267  -1.496 0.8999999762
35299  37.170  -26.813  -0.130 1.0000000000
35313  37.013  -26.055  -0.114 1.0000000000
33605  33.239  -28.387  -0.316 1.0000000000
34433  33.560  -27.638  0.236 1.0000000000
33594  33.719  -28.549  0.418 1.0000000000
35302  34.741  -26.781  0.703 1.0000000000
117202  41.779  -27.614  -4.663 0.6999999881
114281  42.996  -29.444  -8.702 0.6000000238
125860  42.590  -29.705  -8.517 0.6999999881
108421  41.316  -29.783  -7.406 0.6999999881
33674  41.589  -29.409  -8.027 0.6999999881
33665  40.720  -29.055  -6.972 0.6999999881
34504  41.121  -28.547  -7.751 0.8000000119
35371  40.076  -27.154  -5.758 0.6999999881
36276  39.625  -25.604  -4.525 0.6999999881
35347  39.196  -26.165  -3.974 0.6999999881
36263  38.805  -25.862  -3.378 0.6999999881
36235  38.092  -25.575  -1.862 0.8000000119
36248  38.471  -25.675  -2.667 0.6999999881
35312  37.480  -26.194  -0.665 0.8999999762
36221  37.225  -25.502  -0.317 1.0000000000
114990  33.070  -27.498  -0.525 1.0000000000
35300  36.415  -26.234  0.335 1.0000000000
35303  33.969  -27.042  0.508 1.0000000000
36212  34.557  -25.880  0.470 1.0000000000
35369  42.149  -27.153  -5.404 0.6000000238
115422  42.649  -27.908  -6.847 0.6000000238
115027  43.119  -28.944  -7.993 0.6000000238
34503  43.170  -28.397  -8.380 0.6000000238
33677  43.149  -29.042  -9.036 0.6000000238
33678  42.924  -29.038  -9.166 0.6000000238
34510  42.158  -29.003  -8.883 0.6000000238
35370  40.560  -26.533  -6.631 0.6999999881
36282  40.175  -25.916  -5.433 0.6999999881
36275  40.039  -25.063  -4.955 0.6999999881
37156  39.696  -24.652  -4.321 0.6999999881
36262  39.255  -25.319  -3.816 0.6999999881
42994  43.506  -18.687  -7.671 0.3000000119
37134  38.411  -24.773  -2.213 0.6999999881
37145  38.811  -25.061  -3.140 0.6999999881
43978  43.817  -17.767  -7.276 0.3000000119
31764  32.598  -30.108  -2.610 0.8999999762
36236  37.706  -25.525  -0.996 1.0000000000
32680  33.179  -29.495  -2.099 1.0000000000
112155  32.875  -28.279  -1.169 1.0000000000
120259  33.085  -28.874  -1.840 1.0000000000
36210  36.109  -25.374  0.389 1.0000000000
122799  34.298  -25.236  0.284 1.0000000000
111729  35.463  -26.026  0.551 1.0000000000
123586  34.058  -26.415  0.432 1.0000000000
36213  33.852  -25.791  0.187 1.0000000000
35368  42.480  -26.741  -6.241 0.6000000238
35380  43.092  -27.398  -8.004 0.6000000238
34508  43.233  -28.251  -9.334 0.6000000238
35392  43.090  -27.788  -9.759 0.6000000238
35386  42.309  -27.588  -9.415 0.6999999881
34509  42.736  -28.438  -9.440 0.6000000238
35382  41.231  -27.048  -8.003 0.6999999881
38107  43.686  -24.554  -10.845 0.3000000119
38101  42.978  -24.673  -10.239 0.3000000119
110034  40.699  -27.563  -7.229 0.6999999881
42029  43.066  -19.130  -7.160 0.4000000060
128480  43.419  -18.462  -7.003 0.4000000060
42979  43.500  -17.937  -6.449 0.4000000060
30907  31.985  -30.682  -2.166 0.6999999881
123234  31.957  -30.211  -2.834 0.6999999881
108842  43.709  -14.913  -5.856 0.3000000119
43977  44.156  -16.798  -7.075 0.3000000119
38040  38.625  -23.882  -2.031 0.6999999881
32692  32.877  -29.537  -2.928 0.8999999762
46762  43.847  -14.364  -6.683 0.3000000119
43964  43.805  -17.233  -6.547 0.3000000119
37122  37.936  -24.833  -1.291 0.8000000119
33631  33.101  -29.023  -2.674 0.8999999762
45935  43.818  -15.689  -6.071 0.3000000119
44983  43.858  -16.496  -6.285 0.3000000119
37109  37.471  -24.849  -0.532 0.8000000119
37110  36.787  -24.866  0.063 1.0000000000
34454  32.705  -27.477  -1.479 1.0000000000
37094  35.985  -24.516  0.348 1.0000000000
35314  33.493  -26.659  0.019 1.0000000000
35326  32.926  -26.635  -0.844 1.0000000000
36211  35.150  -25.090  0.450 1.0000000000
37097  33.809  -24.981  -0.150 1.0000000000
36306  42.781  -26.912  -10.059 0.6999999881
37196  43.837  -25.496  -10.646 0.3000000119
35381  41.650  -26.505  -8.675 0.6999999881
120110  41.007  -26.190  -7.362 0.6999999881
37166  40.457  -24.962  -5.623 0.6999999881
38979  42.688  -23.444  -9.731 0.3000000119
38980  42.289  -23.604  -8.881 0.5000000000
112038  40.659  -24.272  -5.788 0.6999999881
37155  40.319  -24.240  -5.022 0.6999999881
38971  42.177  -22.607  -8.526 0.5000000000
38059  39.955  -23.812  -4.361 0.6999999881
41020  42.286  -20.733  -7.617 0.4000000060
39947  41.535  -21.796  -6.702 0.6000000238
41009  42.058  -20.549  -6.798 0.5000000000
112415  39.587  -24.065  -3.937 0.6999999881
42043  43.119  -19.482  -7.908 0.3000000119
38051  39.399  -23.810  -3.400 0.6999999881
44952  43.087  -15.871  -3.098 0.4000000060
111357  42.279  -19.861  -6.326 0.4000000060
37133  38.928  -24.249  -2.883 0.6999999881
31779  31.528  -29.961  -3.343 0.6999999881
46744  43.390  -14.533  -4.327 0.4000000060
123891  43.068  -18.705  -6.458 0.4000000060
42966  42.599  -19.058  -5.757 0.4000000060
121994  31.147  -30.445  -2.652 0.6000000238
110978  43.597  -14.172  -5.985 0.3000000119
123675  43.612  -15.727  -4.967 0.3000000119
114815  43.495  -15.508  -4.391 0.4000000060
42965  43.193  -18.155  -5.653 0.4000000060
38919  39.468  -22.655  -2.277 0.6999999881
31778  32.347  -29.791  -3.303 0.6999999881
44965  43.520  -16.248  -4.583 0.4000000060
43957  43.579  -17.216  -5.718 0.4000000060
42957  42.815  -18.413  -4.787 0.4000000060
38023  38.356  -23.537  -1.166 0.8000000119
45924  43.674  -15.537  -5.465 0.3000000119
44974  43.670  -16.245  -5.415 0.3000000119
42956  43.292  -17.568  -4.865 0.4000000060
37108  37.764  -24.072  -0.729 0.8000000119
38005  37.256  -23.573  -0.208 0.8999999762
36223  33.364  -25.741  -0.519 1.0000000000
37111  34.063  -24.115  -0.327 1.0000000000
37096  34.455  -24.542  0.181 1.0000000000
37095  35.192  -24.154  0.312 1.0000000000
127693  33.470  -25.087  -0.668 1.0000000000
36237  33.139  -25.162  -1.331 1.0000000000
37112  33.552  -24.515  -0.824 1.0000000000
37123  33.251  -24.276  -1.729 1.0000000000
114097  43.368  -26.972  -10.134 0.6000000238
111717  42.735  -26.097  -10.084 0.6000000238
36299  41.980  -25.831  -9.037 0.6999999881
37191  43.136  -25.688  -10.388 0.5000000000
36290  41.276  -25.520  -7.482 0.6999999881
38102  42.420  -24.536  -9.331 0.4000000060
36291  40.676  -25.611  -6.419 0.6999999881
38094  41.793  -23.848  -8.187 0.6000000238
37175  40.920  -24.773  -6.472 0.6999999881
38972  41.775  -22.928  -7.932 0.6000000238
39957  41.797  -22.026  -7.646 0.6000000238
38072  40.698  -23.577  -5.608 0.6999999881
38058  40.406  -23.329  -4.851 0.6999999881
41021  41.861  -21.246  -7.179 0.5000000000
41010  41.614  -21.092  -6.377 0.6000000238
39940  41.335  -21.617  -6.000 0.6000000238
43924  42.189  -16.878  -1.834 0.4000000060
42030  42.682  -19.336  -6.608 0.4000000060
40992  41.784  -20.457  -5.968 0.4000000060
117422  41.400  -21.086  -5.593 0.5000000000
39928  40.975  -21.862  -5.280 0.6000000238
130265  39.731  -23.554  -3.862 0.6999999881
42015  42.065  -19.816  -5.481 0.5000000000
38929  39.708  -23.003  -3.327 0.6999999881
44958  43.374  -16.122  -3.816 0.4000000060
43930  42.575  -17.267  -2.638 0.5000000000
109704  42.382  -19.185  -4.859 0.4000000060
38039  39.191  -23.467  -2.627 0.6999999881
32704  32.709  -29.293  -3.836 0.8999999762
32705  32.043  -29.545  -4.001 0.6999999881
112696  43.505  -16.855  -4.916 0.4000000060
127297  43.027  -17.779  -4.184 0.4000000060
38903  38.565  -22.711  -0.893 0.6999999881
38022  38.910  -23.107  -1.693 0.6999999881
122814  43.327  -16.991  -4.108 0.4000000060
33632  32.925  -28.472  -3.140 0.8999999762
38006  36.635  -24.010  0.100 0.8999999762
34463  32.670  -27.574  -2.669 0.8999999762
35327  32.624  -26.647  -1.847 1.0000000000
37990  35.906  -23.670  0.244 1.0000000000
37992  34.623  -23.868  0.053 1.0000000000
111159  32.881  -25.961  -1.265 1.0000000000
36238  32.684  -25.793  -2.123 1.0000000000
38007  34.478  -23.318  -0.396 1.0000000000
39904  33.906  -21.894  -2.992 0.8999999762
38920  33.790  -22.352  -2.445 1.0000000000
38905  33.745  -22.930  -1.751 1.0000000000
37135  33.100  -24.062  -2.964 1.0000000000
36249  32.859  -24.932  -2.459 1.0000000000
38041  33.439  -23.127  -2.740 1.0000000000
38930  33.617  -22.559  -3.574 1.0000000000
38052  33.400  -23.502  -3.901 0.8999999762
37184  42.219  -25.069  -9.144 0.6000000238
37174  41.486  -24.590  -7.606 0.6999999881
38084  41.063  -23.933  -6.395 0.6999999881
110729  41.581  -23.192  -7.506 0.6000000238
38083  41.430  -23.514  -7.088 0.6000000238
38071  41.127  -23.097  -6.219 0.6999999881
38952  40.783  -22.756  -5.451 0.6000000238
38937  40.524  -22.509  -4.642 0.6000000238
45900  42.287  -15.225  -1.956 0.3000000119
38962  41.494  -22.665  -6.989 0.6000000238
38951  41.194  -22.285  -6.086 0.6000000238
38050  40.090  -23.093  -4.154 0.6000000238
44946  42.262  -15.963  -1.819 0.4000000060
44947  41.631  -16.354  -1.157 0.4000000060
39927  41.173  -21.102  -4.778 0.6000000238
110574  40.698  -21.722  -4.327 0.6000000238
38928  40.258  -22.347  -3.812 0.6000000238
40978  41.442  -20.394  -4.300 0.4000000060
38918  40.005  -22.138  -2.882 0.6000000238
43931  41.986  -17.882  -2.022 0.5000000000
41993  41.762  -19.713  -3.815 0.4000000060
42004  42.249  -19.164  -4.124 0.4000000060
121563  42.595  -18.396  -3.849 0.4000000060
38902  39.211  -22.318  -1.304 0.6000000238
42934  42.442  -18.137  -2.906 0.4000000060
41992  42.126  -19.000  -3.216 0.4000000060
32703  33.027  -29.055  -3.590 0.8999999762
38887  37.335  -22.707  -0.247 0.8999999762
38004  37.894  -23.145  -0.573 0.8000000119
34475  32.957  -28.534  -4.122 0.8999999762
111413  32.844  -27.712  -3.892 0.8999999762
129850  32.630  -26.242  -3.664 0.8999999762
35335  32.573  -26.615  -3.064 0.8999999762
37991  35.140  -23.398  0.110 1.0000000000
38024  34.255  -22.842  -0.993 1.0000000000
38939  33.893  -22.469  -4.687 1.0000000000
114516  33.658  -23.133  -4.663 1.0000000000
38938  34.301  -22.492  -5.616 1.0000000000
114310  42.326  -13.871  -2.455 0.3000000119
45901  41.726  -15.321  -1.365 0.3000000119
44942  40.974  -16.274  -0.630 0.3000000119
43925  41.571  -17.334  -1.231 0.5000000000
43917  40.896  -17.716  -0.719 0.4000000060
39917  41.000  -20.987  -3.872 0.5000000000
40967  41.371  -20.269  -3.363 0.5000000000
42928  41.358  -18.228  -1.255 0.5000000000
109492  41.669  -19.638  -3.036 0.5000000000
40968  40.890  -20.797  -2.871 0.5000000000
42929  41.115  -19.023  -1.265 0.5000000000
40947  41.285  -19.968  -2.387 0.5000000000
39902  39.771  -21.855  -1.860 0.6000000238
107913  41.611  -18.716  -1.869 0.5000000000
41980  41.692  -19.209  -2.471 0.5000000000
41970  40.482  -19.394  -0.863 0.5000000000
40928  40.884  -19.769  -1.481 0.5000000000
38886  38.071  -22.248  -0.460 0.6000000238
38871  35.814  -22.871  0.060 0.8999999762
114783  36.598  -23.166  0.046 0.8999999762
107770  35.599  -22.145  -0.304 0.8999999762
39903  34.293  -21.592  -2.189 0.8999999762
38904  34.217  -22.243  -1.543 0.8999999762
38889  34.782  -22.224  -0.742 0.8999999762
38888  35.044  -22.758  -0.234 1.0000000000
37147  32.841  -25.009  -3.673 0.8999999762
36250  32.627  -25.700  -3.137 0.8999999762
37146  33.295  -24.450  -4.466 0.8999999762
39920  33.963  -21.792  -3.783 0.8000000119
39929  34.244  -21.747  -4.728 0.6999999881
37158  33.298  -25.475  -5.155 0.8999999762
38060  33.666  -23.978  -5.396 0.8999999762
46726  42.025  -14.556  -1.852 0.3000000119
46727  41.382  -14.454  -1.310 0.3000000119
123068  40.799  -14.373  -0.950 0.4000000060
117238  40.379  -14.782  -0.703 0.3000000119
45885  40.651  -15.542  -0.615 0.3000000119
120881  40.175  -16.151  -0.510 0.4000000060
111364  40.543  -16.923  -0.547 0.4000000060
39918  40.520  -21.567  -3.395 0.6000000238
124683  40.082  -18.930  -0.549 0.5000000000
115698  39.656  -18.334  -0.441 0.4000000060
40948  40.673  -20.570  -1.869 0.5000000000
39901  40.366  -21.360  -2.365 0.5000000000
40912  39.755  -19.660  -0.545 0.5000000000
124753  41.365  -19.348  -1.854 0.5000000000
40929  40.199  -20.283  -0.948 0.5000000000
39879  39.461  -21.538  -0.987 0.5000000000
40913  39.364  -20.375  -0.543 0.5000000000
40930  39.628  -20.874  -0.803 0.5000000000
39858  38.230  -21.355  -0.402 0.6000000238
39859  37.012  -21.247  -0.333 0.6999999881
115137  36.593  -22.219  -0.165 0.6999999881
39860  36.129  -21.530  -0.362 0.6999999881
36264  32.758  -25.918  -4.246 0.8999999762
123779  34.672  -21.659  -1.284 0.8999999762
39919  34.222  -21.384  -3.042 0.6999999881
37157  33.721  -25.022  -6.129 0.8999999762
39941  34.545  -21.913  -5.968 1.0000000000
46710  39.632  -14.582  -0.776 0.3000000119
116897  39.305  -15.993  -0.584 0.4000000060
126618  39.005  -14.480  -1.006 0.3000000119
114416  39.671  -16.823  -0.475 0.4000000060
45887  39.083  -15.149  -0.764 0.3000000119
115351  38.709  -16.774  -0.639 0.4000000060
41956  38.991  -19.811  -0.370 0.4000000060
114668  38.857  -18.410  -0.405 0.4000000060
43920  38.447  -17.690  -0.590 0.4000000060
117997  39.327  -19.079  -0.406 0.4000000060
117996  38.558  -19.199  -0.401 0.4000000060
41957  38.242  -19.933  -0.365 0.5000000000
40914  38.616  -20.543  -0.405 0.5000000000
40917  36.150  -20.725  -0.609 0.6000000238
39861  35.345  -21.388  -0.759 0.8000000119
118247  34.400  -20.998  -3.759 0.6999999881
38954  34.220  -23.409  -6.121 0.8999999762
38074  34.306  -24.589  -7.211 0.8999999762
39949  35.311  -22.430  -7.636 0.8999999762
38963  35.152  -23.358  -8.205 0.8000000119
38073  34.663  -23.824  -7.784 0.8000000119
39948  35.828  -22.132  -8.680 0.6999999881
41022  36.155  -21.619  -9.164 0.8000000119
119259  38.583  -14.039  -1.374 0.3000000119
46729  38.431  -14.834  -1.275 0.3000000119
44943  38.008  -16.573  -1.147 0.3000000119
44948  37.787  -16.057  -1.559 0.4000000060
43921  37.800  -17.678  -0.900 0.4000000060
44949  37.524  -16.685  -1.765 0.4000000060
43926  37.380  -17.475  -1.533 0.5000000000
112907  37.997  -18.525  -0.587 0.5000000000
42930  37.266  -18.247  -1.118 0.5000000000
43927  36.806  -17.958  -1.908 0.5000000000
42923  37.253  -19.104  -0.718 0.5000000000
41971  35.887  -19.588  -1.545 0.5000000000
40931  36.522  -19.794  -0.795 0.5000000000
40932  35.814  -20.171  -1.077 0.6000000238
39881  34.890  -21.004  -1.533 0.6999999881
40949  35.041  -20.080  -2.696 0.6999999881
117703  34.746  -20.303  -3.309 0.6999999881
40969  34.742  -20.234  -4.162 0.6999999881
40980  34.544  -21.000  -4.954 0.6999999881
40979  34.905  -20.266  -5.243 0.6999999881
40995  34.868  -21.173  -6.205 0.8000000119
40994  35.286  -20.438  -6.382 0.6999999881
48487  39.419  -12.612  -1.487 0.3000000119
47558  38.170  -13.569  -1.731 0.3000000119
47575  37.713  -13.485  -2.288 0.4000000060
46730  37.932  -14.281  -1.777 0.3000000119
122534  37.740  -15.278  -1.818 0.4000000060
109169  37.533  -15.992  -2.083 0.4000000060
44954  37.322  -16.439  -2.632 0.3000000119
42935  36.271  -18.449  -2.407 0.5000000000
41981  35.929  -19.048  -2.108 0.6000000238
43933  36.597  -17.711  -2.802 0.3000000119
42936  35.746  -18.951  -2.909 0.5000000000
42945  36.159  -18.277  -3.312 0.4000000060
40933  35.301  -20.243  -1.793 0.6999999881
41982  35.493  -19.575  -2.385 0.6999999881
41994  35.203  -19.633  -3.391 0.6999999881
40950  34.622  -20.742  -2.573 0.6999999881
42006  35.234  -19.536  -4.464 0.6000000238
123155  37.587  -14.522  -2.491 0.3000000119
45908  37.433  -15.524  -2.818 0.3000000119
44955  36.935  -16.967  -3.185 0.3000000119
127745  37.394  -14.762  -3.290 0.3000000119
44960  37.202  -16.185  -3.521 0.3000000119
45914  37.071  -15.990  -4.416 0.3000000119
43936  36.516  -17.538  -3.681 0.3000000119
44961  36.813  -16.768  -4.052 0.4000000060
42946  35.655  -18.861  -3.826 0.5000000000
42958  36.139  -18.154  -4.202 0.5000000000
43947  36.484  -17.393  -4.554 0.5000000000
42959  35.706  -18.787  -4.805 0.6000000238
42016  35.395  -19.561  -5.569 0.6000000238
48509  38.079  -12.040  -2.102 0.4000000060
48529  37.567  -12.002  -2.623 0.3000000119
114734  37.431  -12.805  -2.877 0.3000000119
47584  37.352  -13.811  -3.260 0.3000000119
120672  37.144  -12.918  -3.736 0.3000000119
45913  37.262  -15.369  -3.831 0.3000000119
46745  37.202  -14.529  -4.055 0.3000000119
110584  37.075  -15.134  -4.790 0.3000000119
44966  36.714  -16.601  -4.914 0.4000000060
116627  36.880  -15.853  -5.260 0.4000000060
42967  36.185  -18.040  -5.143 0.6000000238
43958  36.495  -17.257  -5.471 0.4000000060
44975  36.672  -16.477  -5.799 0.4000000060
42980  36.279  -17.925  -6.200 0.5000000000
42968  35.791  -18.734  -5.941 0.6000000238
112773  36.239  -20.644  -9.317 0.6999999881
41023  35.694  -21.775  -9.177 0.8000000119
49499  37.905  -11.263  -2.416 0.4000000060
49519  37.382  -11.301  -2.990 0.3000000119
48536  37.246  -12.095  -3.314 0.3000000119
47593  37.044  -13.693  -4.278 0.3000000119
46746  36.976  -14.310  -4.795 0.3000000119
46752  36.760  -14.518  -5.528 0.4000000060
115117  36.676  -15.029  -6.013 0.4000000060
44984  36.613  -16.410  -6.703 0.4000000060
43965  36.545  -17.139  -6.454 0.4000000060
42981  36.091  -18.701  -7.227 0.5000000000
43979  36.586  -17.066  -7.481 0.4000000060
42031  35.644  -19.712  -7.045 0.6000000238
110323  36.420  -17.830  -7.311 0.4000000060
42046  36.228  -19.694  -8.549 0.6999999881
42045  36.390  -18.631  -8.363 0.4000000060
43995  36.421  -17.731  -9.218 0.4000000060
42055  36.373  -19.367  -9.197 0.6000000238
43020  36.094  -18.421  -9.669 0.5000000000
43009  36.125  -19.442  -9.609 0.6000000238
42047  35.696  -20.726  -9.355 0.6999999881
115347  35.675  -19.706  -9.460 0.6999999881
51352  38.076  -9.789  -2.673 0.3000000119
50408  37.319  -10.631  -3.549 0.3000000119
48537  36.948  -12.190  -4.160 0.3000000119
120775  36.797  -12.927  -4.606 0.3000000119
47594  36.712  -13.607  -5.194 0.3000000119
119195  36.481  -13.753  -5.999 0.4000000060
46763  36.453  -14.480  -6.315 0.3000000119
47610  36.068  -13.783  -6.811 0.3000000119
45936  36.537  -15.806  -6.926 0.3000000119
45942  36.141  -15.370  -7.699 0.3000000119
115389  36.518  -17.771  -8.371 0.4000000060
122969  36.476  -16.344  -7.640 0.3000000119
44988  36.209  -16.299  -8.685 0.3000000119
45000  35.775  -16.334  -9.511 0.3000000119
44006  36.113  -17.713  -9.637 0.3000000119
45015  35.885  -16.981  -9.742 0.4000000060
43021  35.628  -17.872  -9.575 0.5000000000
43010  35.496  -18.678  -9.447 0.5000000000
129915  34.972  -19.048  -9.111 0.5000000000
51368  37.558  -9.855  -3.295 0.3000000119
50426  36.990  -10.825  -4.361 0.3000000119
49528  36.797  -11.546  -4.599 0.3000000119
48546  36.648  -12.236  -4.964 0.3000000119
47601  36.480  -13.120  -5.747 0.3000000119
46775  35.799  -14.349  -7.652 0.3000000119
129177  35.671  -14.836  -8.428 0.3000000119
45943  35.737  -15.541  -8.962 0.3000000119
45959  35.300  -15.518  -9.771 0.3000000119
45016  35.126  -16.928  -9.505 0.4000000060
43996  34.864  -17.779  -9.230 0.5000000000
121666  33.992  -17.221  -8.856 0.5000000000
43011  34.186  -18.293  -8.573 0.5000000000
51393  37.170  -9.936  -4.233 0.3000000119
50427  36.748  -10.406  -4.999 0.3000000119
50439  36.491  -10.911  -5.615 0.3000000119
113945  36.250  -13.006  -6.325 0.3000000119
47611  35.809  -12.931  -6.930 0.3000000119
124016  35.468  -13.385  -7.708 0.3000000119
46781  35.340  -14.153  -8.568 0.3000000119
109752  35.362  -16.125  -9.670 0.4000000060
45001  33.820  -16.336  -9.167 0.4000000060
45017  32.779  -15.946  -8.876 0.4000000060
43997  33.161  -17.493  -8.133 0.5000000000
111316  32.973  -16.722  -8.555 0.4000000060
53239  38.010  -7.592  -3.614 0.3000000119
52374  37.652  -8.466  -3.791 0.3000000119
118867  36.503  -10.146  -5.734 0.3000000119
50451  36.256  -10.730  -6.297 0.3000000119
48560  36.031  -12.131  -6.645 0.3000000119
48578  35.494  -12.371  -7.444 0.3000000119
48595  35.005  -12.686  -8.273 0.3000000119
46788  35.324  -14.861  -9.460 0.3000000119
117937  34.861  -14.048  -9.670 0.3000000119
45960  34.980  -15.274  -10.028 0.3000000119
128787  34.267  -15.144  -9.800 0.4000000060
45961  33.554  -15.509  -9.415 0.3000000119
129128  37.405  -8.385  -4.427 0.3000000119
52391  37.263  -8.991  -4.553 0.3000000119
115352  36.867  -8.884  -5.407 0.3000000119
51394  36.837  -9.631  -5.124 0.3000000119
51418  36.230  -9.811  -6.557 0.3000000119
50452  35.851  -10.647  -6.960 0.3000000119
51419  35.698  -9.877  -7.408 0.3000000119
49566  35.635  -11.469  -7.229 0.3000000119
50459  35.400  -10.726  -7.703 0.3000000119
115116  37.244  -8.321  -4.958 0.3000000119
51412  36.572  -9.444  -5.826 0.3000000119
52406  36.901  -8.143  -5.652 0.3000000119
52410  36.509  -8.772  -6.312 0.3000000119
49588  35.070  -11.669  -8.112 0.3000000119
112013  34.605  -12.242  -8.877 0.3000000119
47627  34.625  -13.040  -9.247 0.3000000119
53264  37.032  -7.369  -5.709 0.3000000119
54148  37.177  -6.698  -5.699 0.3000000119
52417  36.327  -8.247  -7.112 0.3000000119
53274  36.626  -7.813  -6.369 0.4000000060
51429  36.102  -9.055  -7.204 0.3000000119
116547  35.284  -9.983  -8.184 0.3000000119
123134  35.914  -8.478  -7.650 0.4000000060
53280  36.450  -7.441  -7.098 0.4000000060
52418  35.546  -9.094  -7.989 0.4000000060
54164  36.763  -6.923  -6.389 0.3000000119
53289  36.256  -7.021  -7.782 0.4000000060
30046  37.730  -32.373  -0.057 1.0000000000
30864  37.155  -31.922  0.604 1.0000000000
121889  35.606  -20.689  -7.448 0.8000000119
114651  36.058  -20.693  -8.464 0.8000000119
25824  35.044  -37.365  0.949 0.6000000238
107861  35.572  -37.435  0.284 0.6000000238
26704  38.288  -36.462  -0.223 0.6000000238
23335  32.672  -40.725  3.027 0.5000000000
23322  32.679  -40.988  3.848 0.5000000000
27525  36.069  -34.969  2.419 0.6000000238
26739  39.420  -36.868  -3.382 0.8999999762
30004  37.172  -32.616  2.719 0.5000000000
26640  35.230  -36.366  5.559 0.4000000060
28379  35.700  -34.738  5.062 0.5000000000
25767  34.900  -37.776  6.018 0.4000000060
29298  41.057  -33.734  -1.362 0.6999999881
129709  37.279  -32.339  4.770 0.5000000000
113685  38.532  -32.820  5.596 0.5000000000
114448  35.656  -37.771  6.321 0.4000000060
107701  43.983  -34.410  -4.582 0.8000000119
111526  40.553  -31.304  -1.435 0.6999999881
32625  40.017  -28.965  4.083 0.4000000060
107625  41.130  -33.313  -3.944 0.8000000119
29285  35.746  -33.634  -0.091 0.8000000119
33616  40.017  -28.225  -1.069 0.6000000238
35272  40.593  -26.591  2.359 0.4000000060
33570  41.840  -28.056  3.156 0.4000000060
31793  42.671  -31.084  -5.273 0.8000000119
29284  37.688  -33.334  -0.131 1.0000000000
36184  41.074  -25.922  2.048 0.5000000000
114196  39.658  -27.015  1.010 0.5000000000
30032  36.328  -32.262  0.942 1.0000000000
35323  40.500  -26.588  -1.507 0.6999999881
30893  38.459  -31.188  -1.140 1.0000000000
33592  35.714  -28.333  1.079 1.0000000000
120467  37.495  -28.124  -0.277 1.0000000000
34452  38.250  -27.637  -1.948 1.0000000000
33603  38.124  -28.981  -1.198 1.0000000000
36222  36.703  -25.591  0.114 1.0000000000
120057  37.202  -24.283  -0.215 1.0000000000
34513  43.042  -28.530  -9.443 0.6000000238
35387  41.636  -28.093  -8.664 0.6999999881
41032  42.432  -21.137  -8.473 0.4000000060
31763  33.089  -30.076  -2.190 1.0000000000
33619  32.830  -28.266  -2.128 1.0000000000
108498  42.560  -19.894  -7.244 0.4000000060
38025  33.762  -23.619  -1.089 1.0000000000
39956  42.187  -21.835  -8.292 0.4000000060
118996  42.124  -21.393  -7.829 0.5000000000
44959  43.059  -16.711  -3.241 0.4000000060
124588  42.877  -17.542  -3.458 0.4000000060
119930  33.393  -23.570  -2.001 1.0000000000
40993  41.583  -20.435  -5.150 0.5000000000
38953  34.698  -22.967  -6.936 0.8000000119
42922  40.731  -18.616  -0.815 0.5000000000
39878  40.076  -21.105  -1.405 0.5000000000
39857  39.023  -21.086  -0.541 0.5000000000
119480  37.517  -21.834  -0.318 0.6999999881
128329  37.664  -21.277  -0.343 0.6000000238
41958  37.448  -19.890  -0.456 0.5000000000
40916  37.001  -20.470  -0.440 0.5000000000
25133  42.631  -38.911  -5.455 0.5000000000
25134  42.154  -39.251  -6.005 0.5000000000
23410  41.503  -40.380  -6.110 0.5000000000
25149  41.749  -39.963  -6.330 0.5000000000
24310  39.978  -40.337  -4.888 0.5000000000
24299  42.025  -39.682  -5.164 0.5000000000
24308  42.117  -40.042  -6.058 0.5000000000
24301  39.151  -39.696  -3.895 0.5000000000
24292  38.466  -39.147  -3.053 0.4000000060
25126  39.772  -39.097  -3.412 0.5000000000
24293  37.361  -39.267  -2.834 0.4000000060
114972  39.018  -38.537  -2.563 0.5000000000
24284  35.976  -39.068  -1.937 0.5000000000
25107  38.423  -38.077  -1.838 0.5000000000
30064  32.597  -32.831  -0.902 0.6999999881
30049  31.764  -33.151  -0.454 0.6999999881
30063  33.612  -32.801  -1.244 0.8000000119
30062  34.281  -32.893  -1.207 0.8000000119
30048  34.588  -32.495  -0.590 0.8999999762
118482  31.669  -32.512  -0.704 0.6999999881
30894  33.924  -32.111  -1.181 0.8999999762
109266  33.173  -32.037  -1.312 0.8999999762
30881  34.232  -31.748  -0.454 0.8999999762
122428  31.676  -31.389  -1.516 0.6000000238
30897  32.252  -31.936  -1.154 0.8000000119
31743  33.873  -30.917  -0.133 0.8999999762
30867  34.452  -31.315  0.538 0.8999999762
126173  34.713  -30.953  1.121 0.8999999762
36273  42.406  -25.027  -5.527 0.5000000000
36281  42.406  -25.824  -5.831 0.5000000000
36261  41.757  -25.390  -4.294 0.6000000238
36274  41.947  -26.175  -5.008 0.5000000000
116871  41.453  -25.328  -3.268 0.6000000238
30896  32.691  -31.169  -1.640 0.8999999762
30895  33.368  -31.432  -1.347 0.8999999762
30882  33.718  -31.258  -1.069 0.8999999762
31731  34.225  -30.394  0.724 0.8999999762
36289  43.264  -26.570  -8.377 0.5000000000
118734  42.748  -25.512  -6.885 0.5000000000
126776  42.708  -26.331  -6.981 0.5000000000
37173  43.004  -24.897  -7.241 0.5000000000
31756  32.797  -30.510  -2.054 0.8999999762
31755  33.279  -30.678  -1.592 0.8999999762
31744  33.574  -30.475  -0.947 0.8999999762
118248  33.445  -29.791  -0.731 0.8999999762
32658  33.425  -29.234  -0.110 0.8999999762
123351  43.556  -26.746  -9.691 0.5000000000
119324  43.369  -27.412  -9.541 0.5000000000
37183  43.436  -25.815  -8.636 0.5000000000
116191  33.350  -29.995  -1.539 0.8999999762
32666  33.178  -29.160  -1.081 0.8999999762
36298  43.666  -26.297  -10.230 0.5000000000
36305  43.415  -26.394  -10.263 0.5000000000
37182  43.787  -25.637  -9.562 0.5000000000
36304  43.770  -26.004  -10.367 0.4000000060
32725  31.610  -29.155  -4.561 0.6000000238
32724  32.431  -29.052  -4.511 0.8000000119
33656  32.133  -28.623  -5.133 0.6999999881
33668  32.387  -28.060  -5.753 0.6999999881
34499  31.756  -27.659  -5.811 0.6999999881
123408  31.096  -26.828  -5.507 0.6999999881
114186  32.667  -28.548  -4.790 0.8000000119
32723  32.869  -28.940  -4.226 0.8000000119
33667  32.632  -28.160  -5.431 0.6999999881
34498  32.628  -27.669  -6.251 0.6999999881
35374  32.092  -26.981  -6.353 0.6999999881
129281  32.914  -26.943  -6.847 0.6999999881
36294  32.611  -26.330  -6.774 0.6999999881
35361  33.301  -27.347  -6.056 0.8000000119
35372  33.811  -26.942  -6.852 0.8000000119
35348  32.829  -26.988  -4.596 0.8000000119
37177  33.724  -26.067  -7.368 0.6999999881
35383  33.872  -26.900  -7.139 0.6999999881
36283  34.030  -26.700  -7.261 0.8000000119
37176  33.969  -26.008  -7.368 0.6999999881
37167  34.197  -25.534  -7.236 0.8000000119
38087  34.043  -24.774  -7.852 0.6000000238
36277  33.952  -26.200  -6.780 0.8000000119
38086  34.545  -24.234  -7.885 0.6000000238
38965  33.917  -23.850  -7.787 0.6000000238
129036  33.707  -22.219  -7.453 0.6000000238
111704  34.152  -25.191  -7.665 0.8000000119
38964  34.705  -23.673  -8.152 0.6000000238
39950  34.552  -22.784  -8.264 0.6000000238
41013  33.679  -21.530  -7.337 0.6000000238
38085  34.879  -23.737  -8.172 0.6999999881
39958  35.520  -22.478  -8.677 0.6000000238
42048  34.677  -20.693  -8.603 0.6999999881
42032  33.609  -20.359  -7.248 0.6000000238
41024  34.659  -21.782  -8.488 0.6000000238
124351  33.858  -19.659  -7.720 0.6000000238
38973  35.163  -23.252  -8.283 0.6999999881
109888  35.464  -22.563  -8.580 0.6999999881
24295  35.627  -39.780  -2.296 0.4000000060
25120  36.874  -38.803  -2.162 0.5000000000
25108  37.432  -38.216  -1.666 0.5000000000
24300  40.620  -39.734  -4.413 0.5000000000
37190  43.933  -25.673  -10.502 0.3000000119
34489  32.956  -28.014  -5.145 0.8000000119
24309  41.379  -40.280  -5.551 0.5000000000
128965  42.133  -25.417  -5.011 0.5000000000
34497  33.035  -27.679  -6.146 0.8000000119
35360  33.335  -26.553  -5.727 0.8000000119
37168  33.206  -25.001  -7.295 0.6999999881
120879  34.082  -25.478  -7.677 0.6999999881
37081  41.852  -24.831  1.167 0.4000000060
37105  43.599  -24.094  0.286 0.4000000060
37092  41.637  -24.491  0.581 0.4000000060
37988  42.784  -23.892  0.349 0.4000000060
37121  41.516  -24.078  -0.945 0.5000000000
38001  43.282  -23.330  -0.190 0.4000000060
114041  44.135  -23.648  -0.233 0.4000000060
123057  41.337  -24.836  -2.416 0.5000000000
38021  42.076  -23.303  -1.296 0.5000000000
38901  42.848  -22.588  -1.251 0.4000000060
38003  42.019  -23.586  -0.385 0.4000000060
38899  44.781  -22.206  -1.558 0.4000000060
38883  44.073  -22.378  -1.171 0.4000000060
38002  42.691  -23.074  -0.576 0.4000000060
116675  45.430  -22.838  -1.580 0.4000000060
37143  41.736  -24.572  -3.847 0.5000000000
38038  41.909  -23.463  -2.416 0.5000000000
39900  43.722  -21.642  -2.127 0.4000000060
39876  44.802  -21.658  -1.990 0.4000000060
40973  47.021  -20.578  -4.635 0.4000000060
39913  46.248  -21.128  -3.451 0.4000000060
38917  45.518  -22.083  -2.098 0.4000000060
39923  47.488  -21.332  -4.954 0.4000000060
38935  46.891  -21.803  -3.812 0.4000000060
38049  41.913  -23.706  -3.446 0.5000000000
38037  42.378  -22.805  -2.935 0.5000000000
117479  42.842  -22.117  -2.925 0.4000000060
44995  49.198  -16.294  -8.962 0.3000000119
117101  42.986  -22.170  -2.099 0.4000000060
117847  48.703  -17.209  -7.964 0.3000000119
40946  44.914  -20.890  -2.825 0.4000000060
112919  49.269  -17.819  -7.948 0.3000000119
43973  48.608  -17.762  -7.492 0.3000000119
42991  48.529  -18.517  -6.986 0.3000000119
42026  47.508  -18.920  -5.992 0.3000000119
42011  47.148  -19.417  -5.424 0.4000000060
40974  46.251  -20.324  -4.120 0.4000000060
39914  45.458  -20.934  -3.020 0.4000000060
42990  49.173  -18.598  -7.554 0.3000000119
119493  48.323  -19.425  -6.468 0.3000000119
40988  47.495  -20.447  -5.310 0.4000000060
38057  42.090  -23.989  -4.330 0.4000000060
38048  42.298  -23.182  -3.995 0.4000000060
121140  43.126  -21.718  -3.384 0.4000000060
38927  42.640  -22.384  -3.709 0.4000000060
45011  48.608  -16.070  -9.348 0.3000000119
129330  47.192  -17.237  -7.917 0.3000000119
44996  48.454  -16.677  -8.463 0.3000000119
43975  47.391  -17.477  -7.430 0.3000000119
42976  47.100  -18.236  -6.325 0.3000000119
42963  46.278  -18.773  -5.658 0.4000000060
42012  46.442  -19.192  -5.229 0.4000000060
40975  45.366  -19.998  -3.984 0.4000000060
42975  47.784  -18.350  -6.545 0.3000000119
42962  46.830  -18.731  -5.746 0.3000000119
37154  42.092  -24.768  -4.666 0.4000000060
118190  45.279  -19.324  -7.805 0.3000000119
42042  44.760  -19.857  -7.442 0.3000000119
40990  44.318  -20.156  -5.816 0.4000000060
41008  43.724  -21.072  -6.352 0.4000000060
40991  43.799  -20.692  -5.236 0.4000000060
39926  42.943  -21.871  -4.271 0.4000000060
43992  46.735  -17.466  -8.249 0.3000000119
42993  45.717  -18.547  -7.332 0.3000000119
42041  45.273  -19.067  -6.882 0.3000000119
42014  44.996  -19.402  -5.363 0.4000000060
40976  44.582  -19.957  -4.659 0.4000000060
39925  43.520  -21.188  -3.823 0.4000000060
42992  46.316  -18.059  -6.992 0.3000000119
42978  45.840  -18.515  -6.497 0.3000000119
42013  45.784  -19.095  -5.271 0.4000000060
42003  45.301  -19.592  -4.610 0.4000000060
40966  44.107  -20.706  -3.506 0.4000000060
43963  46.892  -17.823  -6.830 0.3000000119
42977  46.471  -18.371  -6.250 0.3000000119
108934  44.684  -20.255  -3.801 0.4000000060
38082  42.908  -24.068  -6.815 0.4000000060
38961  42.894  -23.191  -6.388 0.4000000060
37165  42.615  -24.521  -6.149 0.4000000060
37153  42.385  -24.241  -5.139 0.4000000060
39955  43.878  -21.702  -7.487 0.3000000119
127964  43.277  -22.785  -6.802 0.4000000060
38950  42.699  -22.830  -5.502 0.4000000060
38056  42.420  -23.495  -4.796 0.4000000060
41007  44.257  -20.594  -7.049 0.4000000060
39946  43.458  -22.035  -6.641 0.4000000060
121234  43.355  -21.588  -5.700 0.4000000060
38936  42.596  -22.699  -4.651 0.4000000060
37169  32.212  -25.351  -6.546 0.6000000238
38075  32.924  -23.945  -7.046 0.5000000000
38955  32.729  -22.663  -6.467 0.5000000000
39942  33.038  -21.668  -6.469 0.5000000000
41014  32.923  -20.614  -6.314 0.5000000000
42996  33.590  -18.835  -7.663 0.4000000060
49602  34.384  -11.442  -10.219 0.3000000119
49611  34.138  -11.297  -10.973 0.3000000119
49612  34.043  -11.840  -11.029 0.3000000119
124266  34.841  -10.094  -8.842 0.3000000119
50476  34.534  -10.689  -9.418 0.3000000119
50502  34.328  -10.616  -10.477 0.3000000119
50512  34.099  -10.511  -11.315 0.3000000119
49623  33.620  -11.276  -11.155 0.3000000119
50514  33.402  -10.637  -11.451 0.3000000119
119157  35.607  -8.230  -8.257 0.3000000119
51443  35.092  -9.403  -8.754 0.3000000119
51455  34.555  -9.767  -9.661 0.3000000119
52438  34.503  -9.009  -10.285 0.3000000119
51465  34.295  -9.830  -10.871 0.3000000119
52447  34.311  -9.172  -11.293 0.3000000119
50513  33.966  -10.229  -11.676 0.3000000119
109971  33.401  -9.997  -11.818 0.3000000119
50515  32.219  -10.072  -11.382 0.3000000119
53281  36.067  -7.794  -7.745 0.3000000119
113242  35.234  -8.043  -9.111 0.3000000119
52437  34.862  -8.857  -9.344 0.3000000119
129223  34.720  -8.327  -9.852 0.3000000119
121182  34.478  -8.154  -10.894 0.3000000119
52451  34.139  -8.888  -12.061 0.3000000119
51471  33.897  -9.453  -12.131 0.3000000119
51472  32.656  -9.339  -11.928 0.3000000119
54180  36.092  -6.383  -8.410 0.3000000119
54181  35.646  -6.655  -8.982 0.3000000119
53298  35.317  -7.185  -9.381 0.3000000119
53308  34.864  -6.975  -10.296 0.3000000119
118355  34.224  -8.007  -12.016 0.3000000119
52455  33.959  -8.162  -12.469 0.3000000119
127086  36.183  -5.670  -8.709 0.3000000119
54189  35.432  -6.436  -9.624 0.3000000119
117965  35.245  -6.144  -10.246 0.3000000119
55061  36.063  -5.296  -9.277 0.3000000119
55062  35.616  -5.683  -9.792 0.3000000119
55070  35.375  -5.405  -10.649 0.3000000119
54196  34.808  -6.264  -10.982 0.3000000119
55970  35.852  -4.898  -9.958 0.3000000119
55980  36.246  -4.051  -10.176 0.3000000119
38916  46.223  -22.377  -2.594 0.4000000060
37090  43.032  -24.568  0.773 0.4000000060
125227  46.069  -22.868  -2.141 0.4000000060
38018  45.295  -23.615  -1.106 0.4000000060
39938  48.016  -21.394  -5.651 0.4000000060
38934  47.383  -22.016  -4.479 0.4000000060
114809  46.669  -22.921  -3.073 0.4000000060
119674  50.308  -16.893  -9.328 0.3000000119
43988  49.951  -17.948  -8.582 0.3000000119
42040  49.096  -19.561  -7.223 0.3000000119
41005  48.335  -20.375  -6.280 0.3000000119
40987  48.089  -20.701  -5.890 0.3000000119
44001  49.885  -16.955  -8.961 0.3000000119
45012  47.890  -16.530  -8.836 0.3000000119
43005  45.820  -18.782  -8.760 0.3000000119
44002  47.299  -16.899  -9.372 0.3000000119
38081  43.420  -23.703  -7.582 0.4000000060
38960  43.607  -22.745  -7.585 0.4000000060
41019  44.511  -20.734  -8.010 0.3000000119
38093  43.482  -24.827  -8.113 0.4000000060
36284  31.549  -25.951  -6.052 0.6000000238
54174  36.457  -6.300  -7.600 0.3000000119
55045  36.431  -5.664  -8.058 0.3000000119
55960  36.431  -4.959  -8.582 0.3000000119
55969  36.317  -4.527  -9.380 0.3000000119
119427  36.559  -4.221  -8.788 0.3000000119
45956  49.299  -15.783  -9.630 0.3000000119
36208  41.199  -25.023  1.002 0.4000000060
36233  41.180  -24.829  -1.585 0.5000000000
39915  43.807  -21.191  -2.916 0.4000000060
43991  47.718  -17.008  -8.149 0.3000000119
38070  42.588  -23.621  -5.672 0.4000000060
53290  35.711  -7.317  -8.504 0.3000000119
53314  34.474  -7.196  -11.446 0.3000000119
57925  36.836  -2.804  -9.633 0.3000000119
35287  42.640  -26.084  1.770 0.3000000119
36207  43.870  -25.095  0.566 0.3000000119
27611  34.659  -35.804  -3.774 0.6000000238
27612  34.120  -35.904  -3.181 0.6999999881
26731  33.446  -36.328  -2.992 0.6999999881
37104  44.422  -24.490  -0.032 0.3000000119
26627  37.567  -36.368  6.315 0.3000000119
115042  38.455  -35.025  6.171 0.3000000119
26719  32.731  -36.091  -1.437 0.6999999881
34408  42.525  -27.602  2.518 0.3000000119
27601  33.345  -35.876  -2.022 0.6999999881
26732  32.739  -36.569  -2.371 0.6999999881
35285  43.937  -27.091  1.090 0.3000000119
113609  44.365  -25.892  0.426 0.3000000119
27600  33.955  -35.565  -2.463 0.6999999881
35310  44.914  -26.290  -0.094 0.3000000119
36245  46.538  -25.282  -2.349 0.3000000119
35309  45.458  -25.827  -0.726 0.3000000119
119178  45.148  -24.867  -0.533 0.3000000119
37142  46.781  -24.584  -2.914 0.3000000119
37141  47.142  -23.792  -3.554 0.3000000119
37131  46.337  -24.414  -2.112 0.3000000119
127887  39.697  -32.712  5.460 0.3000000119
31684  41.057  -30.410  4.392 0.4000000060
27587  33.194  -35.267  -1.323 0.6999999881
34407  43.416  -27.603  1.744 0.3000000119
33554  42.028  -28.782  3.337 0.3000000119
34427  44.493  -27.595  0.502 0.3000000119
118854  45.445  -26.745  -0.692 0.3000000119
35322  46.187  -25.978  -1.628 0.3000000119
37120  45.409  -24.400  -0.937 0.3000000119
36259  47.321  -24.875  -3.683 0.3000000119
126968  40.830  -31.145  4.686 0.4000000060
28467  32.842  -34.547  -0.833 0.6999999881
32643  43.611  -29.325  1.884 0.3000000119
32634  42.464  -29.389  3.142 0.3000000119
113241  44.546  -28.340  0.527 0.3000000119
33577  43.827  -28.617  1.518 0.3000000119
28466  33.707  -34.384  -1.479 0.6999999881
34438  45.484  -27.660  -0.737 0.3000000119
27586  33.735  -35.163  -1.837 0.6999999881
38925  47.172  -22.701  -3.879 0.3000000119
38047  46.495  -23.590  -2.583 0.3000000119
37152  47.631  -24.340  -4.405 0.3000000119
29302  33.984  -33.486  -1.443 0.6999999881
33576  44.378  -28.851  0.896 0.3000000119
125447  45.614  -29.324  -0.756 0.3000000119
33601  44.986  -28.225  -0.093 0.3000000119
111078  34.472  -34.023  -1.557 0.6999999881
38069  47.960  -23.218  -5.184 0.3000000119
32652  44.594  -29.581  0.653 0.3000000119
127023  34.555  -33.461  -1.289 0.6999999881
112474  47.607  -22.759  -4.696 0.3000000119
38970  43.892  -23.774  -8.747 0.3000000119
26752  34.981  -35.829  -5.250 0.5000000000
127652  33.197  -36.675  -3.891 0.6999999881
26743  34.409  -36.049  -4.711 0.6000000238
26754  32.756  -37.109  -4.111 0.6000000238
27617  34.927  -35.695  -4.689 0.6000000238
26706  32.093  -36.248  -0.851 0.6999999881
27569  32.509  -35.442  -0.760 0.6999999881
29209  40.051  -33.523  5.463 0.3000000119
28450  32.082  -34.788  -0.336 0.6999999881
30821  41.198  -31.821  4.596 0.4000000060
29287  32.197  -33.839  -0.468 0.6999999881
119735  42.765  -31.043  3.087 0.4000000060
31695  42.304  -30.201  3.447 0.4000000060
31717  43.954  -30.079  1.562 0.3000000119
31716  44.325  -30.810  1.216 0.3000000119
30861  44.885  -31.257  0.535 0.3000000119
128098  43.196  -26.020  1.418 0.3000000119
29303  33.217  -33.608  -1.057 0.6999999881
26744  33.887  -36.279  -3.853 0.6000000238
129219  45.218  -30.199  0.048 0.3000000119
30840  43.437  -31.549  2.357 0.3000000119
25141  41.481  -39.537  -6.359 0.5000000000
25892  37.771  -37.374  -5.995 0.5000000000
25899  38.197  -37.922  -6.444 0.5000000000
21701  30.042  -42.087  -2.754 0.4000000060
109809  29.579  -43.708  -1.383 0.5000000000
25891  38.988  -38.171  -6.263 0.4000000060
25883  40.468  -38.558  -6.071 0.5000000000
25885  37.757  -37.150  -5.096 0.5000000000
19142  27.876  -45.890  -0.161 0.4000000060
20864  29.662  -43.345  -2.213 0.5000000000
26759  35.575  -36.241  -5.569 0.4000000060
19143  26.893  -46.014  0.080 0.4000000060
18294  25.538  -46.775  -0.507 0.4000000060
20002  28.606  -44.715  0.093 0.4000000060
125442  29.670  -42.996  -1.490 0.5000000000
20849  29.411  -43.912  -0.544 0.4000000060
22570  30.307  -41.235  -2.687 0.5000000000
24305  30.729  -39.836  -3.249 0.4000000060
122741  34.317  -36.347  -5.131 0.5000000000
128143  32.525  -38.069  -4.399 0.4000000060
25137  31.819  -38.444  -4.058 0.4000000060
25886  33.008  -37.412  -4.557 0.4000000060
118310  25.924  -46.175  -0.184 0.4000000060
20858  23.021  -43.539  -1.405 0.4000000060
20842  28.397  -43.998  0.453 0.4000000060
21683  24.680  -42.189  -0.308 0.4000000060
20857  29.602  -43.118  -0.676 0.5000000000
113303  29.362  -43.253  -0.005 0.4000000060
21674  25.642  -42.139  0.325 0.4000000060
21694  29.802  -42.274  -1.065 0.5000000000
112268  27.178  -40.857  0.825 0.4000000060
23395  30.497  -40.335  -2.715 0.5000000000
128490  30.647  -39.599  -2.788 0.5000000000
24265  27.589  -39.275  0.980 0.4000000060
23372  26.751  -39.955  0.758 0.4000000060
25122  30.856  -39.036  -3.159 0.6000000238
25127  31.279  -38.428  -3.521 0.6000000238
25888  31.694  -37.933  -3.776 0.5000000000
20018  23.717  -44.177  -1.247 0.4000000060
20851  23.867  -43.304  -0.990 0.4000000060
19144  25.873  -45.405  0.066 0.4000000060
119727  25.134  -42.946  0.011 0.4000000060
21682  29.587  -42.463  -0.132 0.5000000000
111012  28.811  -43.299  0.365 0.4000000060
119398  26.076  -43.068  0.493 0.4000000060
22563  30.116  -41.468  -1.059 0.5000000000
128088  27.128  -42.055  0.729 0.4000000060
22543  26.568  -41.574  0.627 0.4000000060
22562  30.368  -40.823  -1.699 0.5000000000
121106  30.902  -39.018  -2.169 0.5000000000
25121  31.153  -38.339  -2.818 0.6000000238
122905  32.136  -37.462  -3.597 0.6000000238
118988  24.309  -44.108  -0.802 0.4000000060
20843  27.536  -43.952  0.625 0.4000000060
20845  25.570  -43.793  0.228 0.4000000060
21672  27.577  -42.492  0.706 0.4000000060
22552  30.219  -40.855  -0.558 0.5000000000
114686  28.196  -41.063  0.795 0.4000000060
23371  27.858  -40.235  0.983 0.4000000060
24296  30.601  -39.877  -1.941 0.5000000000
117267  28.824  -39.140  1.058 0.4000000060
112312  32.688  -36.889  -3.336 0.6000000238
25876  32.122  -37.215  -2.752 0.6000000238
123613  31.263  -38.302  -1.899 0.6000000238
19145  24.967  -45.765  -0.434 0.4000000060
20011  25.058  -44.597  -0.235 0.4000000060
117222  27.083  -43.186  0.692 0.4000000060
21673  26.690  -42.422  0.639 0.4000000060
22553  29.854  -41.608  -0.304 0.5000000000
22540  29.401  -41.777  0.257 0.5000000000
22541  28.601  -41.895  0.613 0.5000000000
23369  29.728  -40.790  0.298 0.5000000000
23370  28.871  -40.513  0.824 0.5000000000
24287  30.716  -39.329  -1.132 0.5000000000
23380  30.232  -40.196  -0.046 0.5000000000
124729  29.918  -40.128  0.352 0.5000000000
24264  28.567  -39.814  1.022 0.4000000060
25090  29.194  -38.350  1.080 0.4000000060
25868  31.629  -37.639  -2.122 0.6000000238
25111  31.018  -38.581  -1.174 0.6000000238
24276  30.465  -39.521  -0.252 0.5000000000
114337  29.462  -39.883  0.726 0.5000000000
25858  31.328  -37.828  -1.130 0.6000000238
25859  30.940  -38.089  -0.368 0.6000000238
25088  30.359  -38.959  0.329 0.5000000000
117332  31.668  -37.016  -1.024 0.6000000238
26720  32.140  -36.814  -1.758 0.6000000238
29271  30.777  -34.100  0.310 0.5000000000
28435  31.034  -34.846  0.330 0.6000000238
27553  30.632  -35.420  0.511 0.5000000000
125881  31.563  -35.016  0.033 0.6000000238
26690  30.956  -36.041  0.385 0.6000000238
26691  30.300  -36.079  0.704 0.5000000000
113364  30.021  -36.929  0.919 0.5000000000
25835  30.611  -37.620  0.390 0.5000000000
25089  30.101  -38.240  0.728 0.5000000000
25836  29.530  -37.599  1.039 0.5000000000
25837  28.479  -37.571  1.118 0.5000000000
29288  31.317  -33.622  -0.081 0.5000000000
30050  31.081  -32.918  -0.291 0.5000000000
26708  30.833  -36.743  0.376 0.6000000238
128809  30.116  -37.605  0.806 0.5000000000
27570  31.828  -35.569  -0.297 0.6000000238
26707  31.459  -36.367  -0.163 0.6000000238
25893  36.293  -36.844  -5.984 0.4000000060
26760  34.820  -36.474  -5.458 0.4000000060
26749  37.228  -36.704  -4.507 0.5000000000
26757  36.983  -36.685  -5.537 0.4000000060
25142  40.122  -38.991  -6.539 0.5000000000
25153  37.166  -38.442  -6.423 0.5000000000
25900  37.328  -37.525  -6.233 0.5000000000
21702  29.775  -42.540  -2.118 0.5000000000
19133  27.477  -45.312  0.312 0.4000000060
20004  27.064  -44.633  0.536 0.4000000060
22554  24.919  -41.538  -0.078 0.4000000060
20844  26.567  -43.874  0.550 0.4000000060
126520  28.404  -42.623  0.578 0.4000000060
20012  24.249  -44.886  -0.884 0.4000000060
25848  31.219  -37.301  -0.266 0.6000000238
21684  23.712  -42.237  -0.785 0.3000000119
22544  25.526  -41.183  0.255 0.3000000119
24266  26.196  -39.095  0.463 0.3000000119
123568  25.260  -40.424  0.084 0.3000000119
23381  24.565  -40.741  -0.227 0.3000000119
19132  28.161  -45.264  0.146 0.4000000060
19134  26.701  -45.214  0.354 0.4000000060
19141  28.608  -45.442  -0.553 0.4000000060
19993  32.634  -44.586  3.026 0.5000000000
20003  27.928  -44.693  0.452 0.4000000060
20005  26.100  -44.593  0.342 0.4000000060
20017  29.400  -44.528  -1.297 0.5000000000
20019  23.022  -44.353  -1.503 0.4000000060
20816  32.541  -43.332  3.625 0.5000000000
20841  29.056  -43.999  0.080 0.4000000060
20850  24.720  -43.597  -0.408 0.4000000060
21615  32.708  -42.580  4.404 0.5000000000
21633  32.547  -42.473  3.527 0.5000000000
21651  32.593  -42.110  2.567 0.5000000000
21662  32.779  -41.828  1.778 0.5000000000
21670  29.152  -42.580  0.296 0.5000000000
21671  28.012  -43.266  0.656 0.4000000060
22482  32.981  -42.020  4.864 0.5000000000
22483  32.663  -41.792  4.127 0.5000000000
22498  32.582  -41.546  3.241 0.5000000000
22517  32.671  -41.266  2.398 0.5000000000
22542  27.607  -41.733  0.756 0.4000000060
22571  30.001  -41.735  -1.960 0.5000000000
23309  33.328  -40.475  5.107 0.5000000000
23334  32.837  -40.244  3.640 0.5000000000
23351  32.930  -39.888  2.774 0.5000000000
23361  33.282  -40.236  1.166 0.6999999881
23368  30.103  -39.644  0.377 0.5000000000
23373  25.531  -39.723  0.146 0.3000000119
23386  34.974  -40.139  -1.877 0.5000000000
23388  30.464  -40.109  -0.915 0.5000000000
24218  33.132  -39.869  4.329 0.5000000000
24254  33.510  -39.462  1.235 0.6999999881
24262  33.954  -39.327  0.407 0.6000000238
24263  29.746  -39.057  0.766 0.5000000000
24274  34.902  -39.106  -1.059 0.6000000238
24275  34.418  -39.316  -0.430 0.5000000000
24315  41.914  -40.085  -6.144 0.5000000000
25019  34.416  -38.514  5.779 0.3000000119
25032  33.858  -38.474  4.943 0.5000000000
25052  33.540  -38.450  3.280 0.5000000000
25067  33.638  -38.423  2.424 0.5000000000
25109  36.413  -38.365  -1.426 0.5000000000
25119  37.899  -38.659  -2.335 0.5000000000
25140  42.129  -39.892  -6.092 0.5000000000
25151  38.982  -38.649  -6.605 0.5000000000
25782  34.829  -37.069  5.517 0.5000000000
25793  34.165  -37.563  4.499 0.5000000000
25812  34.190  -37.585  2.263 0.6000000238
25813  33.825  -37.809  3.070 0.5000000000
25833  35.868  -36.858  0.648 0.6000000238
25834  34.465  -38.063  0.902 0.6999999881
25847  36.428  -37.201  -0.074 0.6000000238
25856  37.959  -37.529  -1.182 0.6000000238
25866  40.384  -37.769  -2.275 0.6000000238
25871  44.258  -38.251  -4.620 0.6000000238
25877  31.541  -37.807  -3.193 0.6000000238
25880  44.328  -38.161  -4.863 0.6999999881
25887  32.261  -37.712  -4.136 0.5000000000
26628  36.674  -36.304  6.293 0.4000000060
26629  35.871  -36.285  6.069 0.4000000060
26641  34.719  -36.444  5.000 0.4000000060
26648  34.445  -36.687  4.226 0.5000000000
26656  34.466  -36.703  3.321 0.6000000238
26668  34.583  -36.834  2.561 0.6000000238
26678  35.453  -36.649  1.383 0.6999999881
26679  34.770  -37.043  1.783 0.6000000238
26687  38.569  -35.842  0.216 0.6000000238
26725  44.166  -37.098  -4.258 0.6999999881
26748  43.660  -38.276  -5.357 0.6999999881
26750  36.426  -36.193  -4.998 0.4000000060
26751  35.690  -35.885  -5.265 0.5000000000
26753  33.585  -36.687  -4.619 0.6000000238
26758  36.271  -36.383  -5.657 0.4000000060
27479  38.067  -35.639  6.257 0.3000000119
27481  36.334  -35.551  6.008 0.4000000060
27496  36.102  -34.922  5.573 0.4000000060
27497  35.602  -35.543  5.503 0.4000000060
27507  35.255  -35.299  4.755 0.5000000000
27515  35.132  -35.228  3.963 0.6000000238
27526  35.403  -35.630  2.687 0.6000000238
27538  38.143  -34.951  0.961 0.6999999881
27541  35.735  -35.682  2.082 0.6999999881
27549  39.371  -34.969  0.230 0.8000000119
27551  37.125  -35.852  0.894 0.6000000238
27552  31.279  -35.544  0.193 0.6000000238
27580  41.449  -35.522  -1.674 0.8000000119
27616  35.324  -35.680  -4.890 0.5000000000
28361  38.431  -34.302  6.039 0.3000000119
28362  37.684  -34.737  6.156 0.4000000060
28363  36.743  -34.779  5.934 0.4000000060
28378  36.343  -34.133  5.281 0.5000000000
28391  35.480  -34.737  4.435 0.6000000238
28399  35.598  -34.440  3.863 0.6000000238
28411  36.629  -34.151  2.495 0.6000000238
28423  36.942  -34.681  1.808 0.6000000238
28433  39.162  -34.445  0.501 0.6999999881
28434  36.464  -34.149  -0.167 0.8000000119
28448  37.118  -34.563  -0.435 0.8000000119
28451  31.504  -34.366  0.007 0.5000000000
28475  43.974  -34.983  -4.429 0.8000000119
29210  38.381  -33.458  5.791 0.4000000060
29211  37.605  -33.329  5.629 0.4000000060
29212  36.899  -33.292  5.260 0.5000000000
29223  40.735  -33.325  5.070 0.3000000119
29224  36.423  -33.418  4.599 0.6000000238
29242  36.657  -33.017  3.322 0.4000000060
29254  38.178  -33.803  1.419 0.6000000238
29255  37.633  -33.150  1.974 0.6000000238
29281  40.240  -33.929  -0.488 0.8000000119
29297  41.943  -33.702  -2.378 0.8000000119
29972  40.370  -32.662  5.229 0.3000000119
29973  38.971  -32.263  5.481 0.5000000000
29975  37.463  -32.652  5.221 0.5000000000
29983  41.134  -32.659  4.738 0.3000000119
29984  37.171  -32.102  4.256 0.5000000000
29985  36.914  -32.718  4.714 0.5000000000
30029  39.199  -33.055  0.553 0.6999999881
30044  39.914  -32.274  -0.359 0.6000000238
30075  40.148  -32.686  -2.953 0.8999999762
30811  39.803  -31.957  5.306 0.4000000060
30812  38.393  -31.785  5.204 0.5000000000
30813  37.688  -31.935  4.870 0.5000000000
30822  39.052  -31.283  5.142 0.5000000000
30823  38.198  -31.254  4.765 0.5000000000
30824  37.625  -31.350  4.233 0.4000000060
30831  41.593  -31.209  4.248 0.4000000060
30832  37.408  -31.501  3.639 0.4000000060
30851  38.363  -31.896  1.450 0.6000000238
30852  37.855  -31.394  2.219 0.4000000060
30862  39.455  -31.625  0.212 0.6000000238
30866  35.050  -31.569  1.034 1.0000000000
30930  43.294  -32.563  -5.775 0.8000000119
30935  42.754  -32.157  -6.496 0.8000000119
31685  40.251  -30.389  4.595 0.5000000000
31687  38.621  -30.595  4.559 0.4000000060
31696  41.679  -30.329  3.935 0.4000000060
31697  38.273  -30.206  3.897 0.4000000060
31705  43.442  -30.052  2.209 0.3000000119
31706  42.874  -30.121  2.796 0.3000000119
31707  38.099  -30.098  3.106 0.4000000060
31728  44.820  -30.349  0.478 0.3000000119
31729  38.545  -30.347  1.432 0.5000000000
31732  33.616  -30.065  -0.000 0.8999999762
31777  40.052  -30.964  -4.232 0.6999999881
32616  39.663  -29.657  4.357 0.4000000060
32617  38.872  -29.804  4.250 0.4000000060
32623  41.707  -29.447  3.665 0.4000000060
32624  40.861  -29.103  3.943 0.5000000000
32633  43.058  -29.313  2.548 0.3000000119
32642  44.186  -29.425  1.272 0.3000000119
32651  45.045  -29.714  0.145 0.3000000119
32662  45.484  -29.948  -0.399 0.3000000119
32663  40.215  -29.972  -1.189 0.6000000238
32701  41.381  -29.261  -3.600 0.6999999881
32721  40.559  -30.510  -5.719 0.6999999881
33555  41.312  -28.588  3.548 0.4000000060
33556  40.447  -28.413  3.639 0.4000000060
33557  39.607  -28.440  3.522 0.4000000060
33558  38.887  -28.693  3.201 0.4000000060
33568  43.220  -28.484  2.239 0.3000000119
33569  42.535  -28.590  2.841 0.3000000119
33578  39.535  -27.298  1.680 0.5000000000
33581  35.419  -29.030  1.317 1.0000000000
33587  45.232  -29.152  -0.268 0.3000000119
33588  44.773  -29.001  0.281 0.3000000119
33600  45.525  -28.583  -0.755 0.3000000119
33615  40.300  -28.766  -1.552 0.6000000238
33617  38.351  -28.490  -1.800 1.0000000000
33640  40.935  -28.813  -2.991 0.6999999881
33672  43.104  -29.680  -8.299 0.6000000238
33673  42.018  -30.085  -8.029 0.6999999881
34409  41.498  -27.199  2.821 0.4000000060
34410  40.639  -27.223  2.862 0.4000000060
34411  39.852  -27.275  2.456 0.4000000060
34421  44.122  -28.015  1.069 0.3000000119
34422  42.803  -26.879  2.022 0.3000000119
34439  44.958  -27.204  -0.106 0.3000000119
34441  37.501  -27.556  -0.458 1.0000000000
34450  45.998  -27.095  -1.400 0.3000000119
34474  38.678  -27.115  -3.206 0.8000000119
34505  33.285  -27.275  -6.728 0.6999999881
35271  41.348  -26.461  2.444 0.4000000060
35286  43.295  -26.613  1.531 0.3000000119
35288  40.483  -26.156  1.739 0.5000000000
35295  44.416  -26.687  0.491 0.3000000119
35296  43.747  -26.086  1.003 0.3000000119
35297  40.176  -26.182  1.009 0.5000000000
35298  39.903  -26.765  0.135 0.6000000238
35346  41.007  -27.317  -3.031 0.6999999881
35373  33.511  -27.069  -6.735 0.8000000119
36197  43.048  -25.392  1.228 0.4000000060
36198  42.230  -25.361  1.549 0.4000000060
36199  41.464  -25.406  1.558 0.5000000000
36200  40.785  -25.613  1.391 0.4000000060
36219  44.729  -25.396  -0.032 0.3000000119
36220  40.614  -25.484  -0.227 0.5000000000
36231  46.178  -25.040  -1.716 0.3000000119
36232  45.717  -25.097  -1.170 0.3000000119
36292  34.199  -26.666  -7.392 0.6999999881
36293  33.631  -26.852  -7.161 0.6999999881
37080  42.490  -24.855  1.138 0.4000000060
37091  42.296  -24.388  0.732 0.4000000060
37103  44.870  -24.041  -0.540 0.4000000060
37106  41.523  -24.224  -0.100 0.4000000060
37119  45.839  -24.371  -1.465 0.3000000119
37132  41.569  -24.315  -2.907 0.5000000000
37144  39.290  -24.532  -3.599 0.6999999881
37989  42.099  -23.928  0.245 0.4000000060
37999  44.596  -23.377  -0.681 0.4000000060
38000  43.997  -22.936  -0.618 0.4000000060
38017  45.967  -23.596  -1.783 0.3000000119
38019  44.696  -22.840  -1.071 0.4000000060
38020  42.433  -22.817  -1.949 0.5000000000
38055  47.583  -23.473  -4.485 0.3000000119
38884  43.399  -22.694  -0.824 0.4000000060
38885  38.777  -21.861  -0.662 0.6999999881
38900  43.563  -22.193  -1.489 0.4000000060
38926  46.546  -22.058  -3.217 0.4000000060
38949  43.058  -22.390  -6.030 0.4000000060
39877  44.205  -21.812  -1.735 0.4000000060
39880  35.460  -20.672  -1.060 0.6000000238
39897  45.889  -21.602  -2.751 0.4000000060
39898  45.166  -21.345  -2.467 0.4000000060
39899  44.429  -21.290  -2.425 0.4000000060
39916  43.307  -21.730  -2.636 0.4000000060
39924  46.946  -21.159  -4.201 0.4000000060
39939  42.928  -22.086  -5.164 0.4000000060
39965  35.979  -22.158  -9.154 0.8000000119
40915  37.776  -20.685  -0.353 0.6000000238
40963  45.632  -20.521  -3.551 0.4000000060
40964  45.074  -20.497  -3.337 0.4000000060
40965  44.526  -20.769  -3.105 0.4000000060
40977  43.971  -20.570  -4.233 0.4000000060
40989  46.694  -19.850  -4.834 0.4000000060
41006  47.854  -19.883  -5.865 0.4000000060
41011  35.846  -21.365  -8.278 0.6999999881
41012  35.456  -21.402  -7.410 0.8000000119
41033  36.133  -21.388  -9.322 0.8000000119
41979  41.999  -18.595  -2.495 0.5000000000
42002  45.957  -19.585  -4.613 0.4000000060
42005  41.871  -19.792  -4.652 0.4000000060
42027  45.437  -18.962  -5.978 0.3000000119
42028  44.779  -19.571  -6.386 0.3000000119
42039  49.540  -19.272  -7.808 0.3000000119
42056  36.210  -19.922  -9.462 0.6000000238
42057  36.143  -20.410  -9.522 0.6000000238
42065  36.221  -19.070  -9.542 0.6000000238
42964  45.964  -18.665  -5.870 0.4000000060
42995  34.628  -19.544  -8.691 0.6000000238
43003  49.678  -18.688  -8.141 0.3000000119
43004  46.152  -18.086  -7.925 0.3000000119
43008  36.439  -18.505  -9.154 0.4000000060
43019  36.228  -18.334  -9.521 0.5000000000
43918  40.083  -17.605  -0.478 0.4000000060
43919  39.230  -17.584  -0.431 0.4000000060
43932  37.122  -17.212  -2.327 0.3000000119
43974  47.909  -17.755  -7.123 0.3000000119
43976  46.800  -17.582  -7.480 0.3000000119
43989  49.239  -17.000  -8.366 0.3000000119
43990  48.083  -17.253  -7.768 0.3000000119
44007  35.938  -17.578  -9.710 0.5000000000
44953  42.657  -16.389  -2.509 0.5000000000
44999  36.231  -17.048  -9.417 0.3000000119
45884  41.259  -15.698  -0.831 0.3000000119
45886  39.857  -15.352  -0.575 0.4000000060
45902  38.387  -15.790  -1.046 0.3000000119
45925  36.693  -15.709  -6.103 0.4000000060
45969  48.948  -15.609  -9.973 0.3000000119
46709  41.083  -15.010  -0.843 0.4000000060
46728  39.324  -13.906  -1.129 0.3000000119
46774  36.183  -14.631  -6.991 0.3000000119
46789  34.975  -14.762  -10.104 0.3000000119
48488  38.139  -12.857  -1.897 0.3000000119
48559  36.431  -12.349  -5.818 0.3000000119
49527  37.151  -11.426  -3.823 0.3000000119
49535  36.536  -11.599  -5.377 0.3000000119
49546  36.331  -11.512  -6.115 0.3000000119
49547  36.032  -11.303  -6.643 0.3000000119
49622  33.950  -10.974  -11.269 0.3000000119
51470  34.119  -9.766  -11.766 0.3000000119
52427  35.299  -8.717  -8.676 0.3000000119
53246  37.517  -7.733  -4.382 0.3000000119
53299  34.857  -7.698  -9.861 0.3000000119
55053  35.821  -6.006  -9.126 0.3000000119
55981  35.739  -4.581  -10.626 0.3000000119
107729  43.794  -33.626  -5.316 0.8000000119
107742  37.504  -9.264  -3.780 0.3000000119
107854  37.998  -32.882  5.592 0.5000000000
108176  35.791  -38.236  -0.881 0.6000000238
108684  34.601  -15.848  -9.661 0.4000000060
109025  26.145  -40.616  0.490 0.4000000060
110350  43.593  -36.268  -5.004 0.6999999881
111388  33.052  -40.017  1.842 0.5000000000
111922  38.322  -29.862  2.331 0.4000000060
112944  41.174  -16.928  -0.774 0.4000000060
113023  43.585  -15.099  -5.039 0.4000000060
113193  40.588  -31.893  4.959 0.4000000060
113277  30.692  -38.808  -0.375 0.5000000000
113821  36.181  -37.030  6.335 0.4000000060
114530  41.360  -39.172  -4.051 0.5000000000
114790  33.575  -40.031  0.529 0.6000000238
115458  35.420  -37.046  6.030 0.4000000060
116324  34.408  -37.739  5.324 0.5000000000
116604  24.436  -42.849  -0.544 0.4000000060
117006  33.909  -41.854  -0.638 0.6000000238
117142  41.188  -29.774  4.094 0.4000000060
117467  36.901  -36.837  -6.006 0.4000000060
117518  39.190  -33.192  5.646 0.3000000119
118122  29.031  -41.225  0.604 0.5000000000
118318  37.901  -19.345  -0.471 0.5000000000
118345  36.522  -17.043  -8.536 0.4000000060
118652  41.502  -24.071  -1.907 0.5000000000
118955  43.377  -21.318  -4.747 0.4000000060
119188  39.509  -30.247  -0.027 0.6000000238
119190  34.999  -13.462  -8.638 0.3000000119
119418  44.394  -30.055  1.028 0.3000000119
119511  35.784  -29.731  1.396 1.0000000000
119662  38.217  -24.221  -1.456 0.6999999881
119696  39.826  -27.530  -0.461 0.6000000238
119736  36.508  -18.850  -1.447 0.5000000000
119856  47.286  -17.012  -8.543 0.3000000119
119885  36.587  -12.854  -5.283 0.3000000119
120140  43.266  -30.714  2.474 0.3000000119
120143  36.600  -3.656  -9.356 0.3000000119
120282  43.686  -30.778  1.879 0.3000000119
120425  36.681  -11.047  -4.982 0.3000000119
120466  33.997  -39.143  5.553 0.3000000119
120569  45.944  -29.028  -1.262 0.3000000119
120617  36.445  -15.178  -6.641 0.3000000119
120874  33.786  -22.930  -7.658 0.6000000238
121008  38.134  -17.151  -0.873 0.4000000060
122449  36.836  -15.260  -5.525 0.4000000060
123211  39.066  -33.937  5.844 0.3000000119
123220  43.994  -15.140  -6.526 0.3000000119
123593  42.130  -28.406  -5.280 0.6000000238
123689  30.578  -38.350  0.212 0.5000000000
123982  33.932  -39.874  -0.067 0.6000000238
124240  37.261  -7.707  -5.152 0.3000000119
124468  43.086  -31.948  -5.379 0.8000000119
124502  33.077  -39.589  3.547 0.5000000000
125163  35.519  -35.010  3.237 0.6000000238
125587  39.245  -27.811  2.037 0.4000000060
125624  42.555  -23.157  -5.129 0.4000000060
125996  37.764  -17.102  -1.228 0.4000000060
126225  32.924  -40.541  4.348 0.5000000000
126348  38.870  -28.651  1.329 0.4000000060
126507  42.140  -30.890  3.726 0.4000000060
126683  47.343  -17.835  -6.824 0.3000000119
126772  33.887  -8.725  -12.349 0.3000000119
127095  45.625  -18.781  -8.087 0.3000000119
127254  40.877  -26.807  -2.628 0.6999999881
127264  44.240  -21.194  -7.748 0.3000000119
127270  39.389  -28.141  0.405 0.6000000238
127395  32.869  -28.071  -3.478 0.8999999762
127970  34.634  -22.774  -0.572 1.0000000000
128047  31.303  -26.381  -5.776 0.6000000238
128063  40.033  -26.981  -0.547 0.6000000238
128426  39.510  -33.722  5.648 0.3000000119
128534  36.309  -19.991  -9.275 0.6999999881
128904  44.972  -19.821  -4.175 0.4000000060
128910  45.756  -26.411  -1.133 0.3000000119
129190  28.049  -42.187  0.699 0.4000000060
129340  46.393  -22.929  -2.578 0.3000000119
129352  42.513  -18.784  -4.403 0.4000000060
129360  42.902  -33.439  -3.747 0.8000000119
129456  36.434  -33.668  3.068 0.6000000238
129731  42.556  -23.502  -0.061 0.4000000060
129759  40.324  -18.273  -0.582 0.5000000000
130227  35.116  -35.610  3.305 0.6000000238
