#!ascii label  , from subject sub-v1s15x0050193_ses-1 vox2ras=TkReg
287
128853  -27.228  1.895  8.032 0.0000000000
121270  -25.596  -2.121  9.304 0.0000000000
138178  -29.549  -0.524  10.738 0.0000000000
67314  -28.319  -5.323  10.223 0.0000000000
84031  -26.197  13.218  10.179 0.0000000000
130699  -27.207  9.908  11.367 0.0000000000
117142  -24.098  5.167  8.307 0.0000000000
64548  -27.601  -8.909  12.205 0.0000000000
68230  -26.629  -4.291  9.455 0.0000000000
67311  -25.668  -5.683  10.493 0.0000000000
134886  -27.264  11.642  11.344 0.0000000000
121612  -24.774  8.922  8.863 0.0000000000
73851  -23.857  1.226  9.275 0.0000000000
74755  -22.505  2.496  10.166 0.0000000000
75696  -25.781  3.797  7.741 0.0000000000
78489  -26.754  6.042  9.819 0.0000000000
75664  -27.922  3.917  10.003 0.0000000000
75666  -29.287  3.074  11.014 0.0000000000
70988  -23.506  -1.025  10.466 0.0000000000
72015  -26.134  0.050  7.921 0.0000000000
72946  -28.425  0.553  9.361 0.0000000000
71015  -27.890  -1.778  8.767 0.0000000000
69145  -29.110  -2.992  10.214 0.0000000000
68210  -30.301  -4.183  11.838 0.0000000000
117450  -23.086  7.216  8.056 0.0000000000
79459  -25.896  7.363  9.357 0.0000000000
80377  -28.044  8.299  11.921 0.0000000000
65467  -25.284  -7.468  11.384 0.0000000000
65484  -27.736  -6.936  10.824 0.0000000000
67310  -24.824  -5.194  10.957 0.0000000000
67296  -24.342  -5.707  11.584 0.0000000000
81337  -23.992  9.800  8.752 0.0000000000
80414  -23.100  8.957  8.473 0.0000000000
73869  -26.129  1.631  7.605 0.0000000000
74763  -25.281  2.438  7.942 0.0000000000
75697  -26.216  3.360  7.740 0.0000000000
76621  -26.855  4.049  8.594 0.0000000000
75688  -27.133  3.293  8.489 0.0000000000
75665  -28.596  3.471  10.531 0.0000000000
74758  -28.155  2.544  9.679 0.0000000000
70998  -24.371  -1.305  9.877 0.0000000000
71994  -24.936  -0.826  9.249 0.0000000000
71012  -25.729  -1.301  8.834 0.0000000000
71013  -26.857  -1.105  8.141 0.0000000000
70070  -26.747  -2.473  8.670 0.0000000000
67322  -27.038  -5.017  9.608 0.0000000000
69144  -27.951  -3.659  9.273 0.0000000000
68221  -28.759  -4.673  10.196 0.0000000000
69118  -29.833  -3.680  11.202 0.0000000000
67315  -29.071  -5.184  10.769 0.0000000000
83169  -24.509  12.015  9.588 0.0000000000
84029  -24.254  12.959  9.336 0.0000000000
124944  -24.916  13.377  9.357 0.0000000000
85732  -26.119  15.005  9.825 0.0000000000
85723  -28.056  14.376  11.066 0.0000000000
139644  -26.929  10.388  11.241 0.0000000000
76617  -23.854  4.330  8.585 0.0000000000
117225  -22.746  4.896  9.389 0.0000000000
117194  -23.285  6.507  8.171 0.0000000000
135799  -24.592  7.467  8.266 0.0000000000
78487  -25.323  6.851  8.544 0.0000000000
77515  -27.806  5.956  11.050 0.0000000000
79448  -27.026  7.353  10.572 0.0000000000
130534  -28.125  7.315  11.751 0.0000000000
71980  -29.115  -0.112  10.322 0.0000000000
73853  -28.998  1.149  10.409 0.0000000000
63615  -25.990  -9.398  11.624 0.0000000000
64560  -26.350  -8.686  11.295 0.0000000000
65482  -26.485  -7.350  10.645 0.0000000000
65469  -27.374  -7.743  11.066 0.0000000000
69130  -25.209  -3.653  10.147 0.0000000000
70061  -26.255  -2.835  9.074 0.0000000000
68220  -25.760  -4.391  9.885 0.0000000000
67312  -26.338  -5.200  9.898 0.0000000000
66397  -27.030  -5.810  9.868 0.0000000000
83170  -25.288  11.699  9.952 0.0000000000
84020  -26.672  12.430  10.720 0.0000000000
82254  -25.785  10.981  10.395 0.0000000000
81321  -25.382  10.415  9.975 0.0000000000
121929  -25.858  9.521  10.148 0.0000000000
72944  -23.303  0.653  10.018 0.0000000000
73858  -23.729  1.986  9.146 0.0000000000
75685  -24.478  3.617  8.356 0.0000000000
76627  -25.604  4.523  7.943 0.0000000000
77552  -25.330  5.183  8.100 0.0000000000
77559  -25.779  4.647  7.953 0.0000000000
77542  -27.021  5.203  9.583 0.0000000000
77531  -28.118  5.074  10.864 0.0000000000
76580  -28.795  4.513  11.486 0.0000000000
63605  -28.164  -9.387  12.917 0.0000000000
64549  -28.405  -8.524  12.510 0.0000000000
72945  -24.002  0.353  9.452 0.0000000000
72953  -25.400  0.493  8.317 0.0000000000
73870  -26.759  1.245  7.630 0.0000000000
73861  -27.703  1.154  8.472 0.0000000000
72954  -27.601  0.464  8.166 0.0000000000
138555  -28.346  -0.243  8.974 0.0000000000
71001  -28.780  -1.471  9.852 0.0000000000
69158  -27.421  -3.125  8.894 0.0000000000
70062  -28.395  -2.069  9.348 0.0000000000
70049  -29.280  -1.707  10.461 0.0000000000
70038  -30.153  -2.778  11.392 0.0000000000
69119  -30.454  -3.351  11.850 0.0000000000
84857  -28.137  13.474  11.389 0.0000000000
120654  -23.573  8.357  8.237 0.0000000000
80405  -25.702  8.281  9.454 0.0000000000
80394  -26.243  8.655  10.120 0.0000000000
78488  -26.134  6.479  9.201 0.0000000000
80395  -26.892  8.199  10.655 0.0000000000
81307  -27.646  9.178  11.613 0.0000000000
119807  -28.924  1.805  10.418 0.0000000000
74747  -29.451  2.277  10.944 0.0000000000
66359  -24.245  -6.927  12.096 0.0000000000
66375  -25.246  -6.811  11.234 0.0000000000
66386  -26.771  -6.644  10.271 0.0000000000
66388  -28.178  -6.115  10.623 0.0000000000
65455  -28.627  -7.735  12.168 0.0000000000
66377  -29.284  -6.477  11.825 0.0000000000
67298  -28.891  -5.946  11.115 0.0000000000
80403  -22.713  8.785  8.753 0.0000000000
74773  -26.434  2.321  7.686 0.0000000000
75698  -26.804  2.888  7.963 0.0000000000
74764  -27.365  2.582  8.484 0.0000000000
74757  -27.674  2.858  9.166 0.0000000000
70059  -24.728  -2.154  9.967 0.0000000000
70999  -25.082  -1.532  9.461 0.0000000000
70069  -26.288  -2.015  8.759 0.0000000000
67323  -27.594  -5.166  9.754 0.0000000000
68232  -28.189  -4.564  9.696 0.0000000000
84030  -25.370  12.489  9.791 0.0000000000
84866  -25.784  14.121  9.689 0.0000000000
84867  -27.104  13.828  10.604 0.0000000000
82244  -27.478  10.688  11.593 0.0000000000
134627  -28.015  11.305  11.825 0.0000000000
82245  -28.354  10.764  12.168 0.0000000000
76605  -23.149  4.258  9.247 0.0000000000
76616  -23.376  5.087  8.776 0.0000000000
141478  -23.518  5.797  8.353 0.0000000000
117231  -24.078  6.013  8.122 0.0000000000
120022  -24.634  6.025  8.094 0.0000000000
78462  -28.286  6.376  11.718 0.0000000000
78461  -27.616  6.881  11.108 0.0000000000
125755  -29.712  0.073  10.892 0.0000000000
63617  -27.018  -9.266  11.858 0.0000000000
63616  -26.606  -9.168  11.582 0.0000000000
64561  -27.069  -8.651  11.345 0.0000000000
64570  -26.756  -8.004  10.869 0.0000000000
69129  -24.376  -3.687  10.825 0.0000000000
68219  -24.987  -4.391  10.553 0.0000000000
126003  -25.520  -4.974  10.346 0.0000000000
118811  -26.385  -5.997  10.216 0.0000000000
82253  -24.858  11.221  9.707 0.0000000000
82266  -24.523  10.717  9.482 0.0000000000
81338  -24.833  9.913  9.311 0.0000000000
80393  -25.532  9.061  9.559 0.0000000000
73859  -24.472  1.913  8.528 0.0000000000
75686  -25.310  3.333  7.896 0.0000000000
74762  -24.703  2.788  8.268 0.0000000000
75695  -25.258  4.203  7.962 0.0000000000
76628  -26.002  4.137  7.751 0.0000000000
76607  -27.277  4.392  9.388 0.0000000000
76590  -27.671  4.723  10.173 0.0000000000
77530  -27.434  5.585  10.333 0.0000000000
76591  -28.398  4.250  10.678 0.0000000000
76592  -29.089  3.787  11.186 0.0000000000
63587  -28.831  -9.514  13.414 0.0000000000
71992  -23.441  -0.143  10.196 0.0000000000
71993  -24.136  -0.497  9.671 0.0000000000
72004  -25.527  -0.391  8.576 0.0000000000
72003  -24.742  0.006  8.982 0.0000000000
72960  -26.062  0.881  7.699 0.0000000000
72961  -26.599  0.458  7.667 0.0000000000
72962  -27.145  0.450  7.745 0.0000000000
71024  -26.871  -0.294  7.793 0.0000000000
71014  -27.346  -1.464  8.379 0.0000000000
124946  -27.828  -0.819  8.484 0.0000000000
71000  -28.377  -1.187  9.090 0.0000000000
69142  -26.615  -3.507  9.147 0.0000000000
69157  -26.914  -3.068  8.737 0.0000000000
69143  -27.171  -3.693  9.087 0.0000000000
69131  -28.795  -3.859  9.927 0.0000000000
127883  -28.510  -2.942  9.610 0.0000000000
70063  -28.883  -2.260  10.026 0.0000000000
141470  -29.355  -2.378  10.513 0.0000000000
70050  -29.847  -2.033  11.012 0.0000000000
70037  -29.631  -2.903  10.798 0.0000000000
69107  -30.850  -3.831  12.394 0.0000000000
83162  -26.168  11.664  10.577 0.0000000000
123673  -27.716  12.582  11.411 0.0000000000
117143  -22.791  6.788  8.533 0.0000000000
117144  -22.794  7.486  8.419 0.0000000000
79470  -23.042  7.987  8.230 0.0000000000
78517  -23.389  7.401  8.013 0.0000000000
123158  -25.136  7.870  8.737 0.0000000000
79447  -26.426  7.806  10.027 0.0000000000
77541  -26.356  5.637  8.985 0.0000000000
78504  -25.725  6.003  8.528 0.0000000000
79432  -27.489  7.762  11.173 0.0000000000
80376  -27.368  8.508  11.204 0.0000000000
81308  -28.469  9.239  12.353 0.0000000000
73862  -28.124  1.094  9.063 0.0000000000
73852  -28.492  1.322  9.769 0.0000000000
73842  -29.620  1.381  10.904 0.0000000000
132289  -25.232  -8.066  11.571 0.0000000000
65466  -24.678  -7.604  11.856 0.0000000000
118160  -24.792  -7.055  11.628 0.0000000000
66374  -24.589  -6.453  11.620 0.0000000000
65483  -27.046  -7.282  10.476 0.0000000000
66387  -27.362  -6.447  10.305 0.0000000000
135661  -24.085  -5.042  11.580 0.0000000000
67297  -25.090  -6.071  11.089 0.0000000000
136401  -23.495  10.100  8.894 0.0000000000
80404  -23.837  9.053  8.442 0.0000000000
73860  -25.399  1.493  8.021 0.0000000000
128378  -25.850  2.172  7.624 0.0000000000
74772  -25.864  2.927  7.644 0.0000000000
75687  -26.470  3.710  8.000 0.0000000000
75680  -27.498  3.613  9.259 0.0000000000
75681  -28.105  3.173  9.846 0.0000000000
74746  -28.693  2.629  10.367 0.0000000000
70989  -23.891  -1.821  10.474 0.0000000000
72005  -26.269  -0.752  8.230 0.0000000000
140333  -26.416  -1.412  8.450 0.0000000000
118351  -26.832  -1.833  8.450 0.0000000000
70071  -27.289  -2.386  8.628 0.0000000000
68231  -27.458  -4.431  9.411 0.0000000000
69132  -29.346  -3.568  10.532 0.0000000000
68222  -29.274  -4.294  10.624 0.0000000000
68209  -29.704  -4.637  11.339 0.0000000000
83168  -23.721  11.577  9.827 0.0000000000
82243  -26.654  10.900  11.057 0.0000000000
83163  -28.290  11.985  11.800 0.0000000000
117220  -21.646  4.303  10.463 0.0000000000
117140  -21.987  5.040  9.964 0.0000000000
117178  -22.889  5.887  8.831 0.0000000000
78502  -23.778  6.853  7.955 0.0000000000
117567  -24.478  6.785  8.096 0.0000000000
78475  -27.213  6.478  10.466 0.0000000000
140086  -28.667  0.029  9.687 0.0000000000
72947  -28.783  0.593  10.080 0.0000000000
72933  -29.367  0.633  10.620 0.0000000000
63614  -25.568  -8.723  11.557 0.0000000000
65468  -25.978  -7.977  11.121 0.0000000000
70048  -24.611  -2.970  10.368 0.0000000000
70060  -25.403  -2.902  9.699 0.0000000000
69141  -25.961  -3.627  9.486 0.0000000000
67313  -27.679  -5.767  10.148 0.0000000000
82252  -23.655  11.021  9.661 0.0000000000
83174  -24.089  11.342  9.476 0.0000000000
129659  -26.410  10.152  10.725 0.0000000000
74756  -23.296  2.593  9.436 0.0000000000
74761  -24.006  2.695  8.727 0.0000000000
75679  -23.574  3.455  8.952 0.0000000000
76618  -24.585  4.510  8.238 0.0000000000
76619  -24.924  5.150  8.053 0.0000000000
77553  -25.823  5.198  8.187 0.0000000000
76620  -26.189  4.431  8.024 0.0000000000
76606  -26.586  4.823  8.741 0.0000000000
77516  -28.503  5.392  11.693 0.0000000000
77517  -29.293  4.875  12.220 0.0000000000
70991  -29.687  -1.157  10.878 0.0000000000
72952  -24.607  0.904  8.719 0.0000000000
73871  -27.311  1.033  7.887 0.0000000000
72955  -28.047  0.484  8.712 0.0000000000
72006  -27.449  -0.188  8.036 0.0000000000
72007  -27.892  -0.076  8.412 0.0000000000
126203  -28.715  -0.649  9.714 0.0000000000
70990  -29.176  -0.931  10.351 0.0000000000
69159  -27.888  -2.680  9.057 0.0000000000
124283  -27.207  13.108  10.889 0.0000000000
79471  -23.815  7.583  8.007 0.0000000000
79472  -24.295  8.231  8.308 0.0000000000
81322  -26.817  9.136  10.831 0.0000000000
78503  -25.172  5.968  8.146 0.0000000000
78474  -26.576  6.921  9.948 0.0000000000
127432  -27.941  9.986  12.072 0.0000000000
74765  -27.887  1.943  9.079 0.0000000000
73841  -28.419  2.059  9.878 0.0000000000
66373  -23.972  -6.145  12.160 0.0000000000
65481  -25.797  -7.252  10.983 0.0000000000
66385  -25.921  -6.581  10.634 0.0000000000
64562  -27.816  -8.104  11.876 0.0000000000
65470  -28.138  -7.354  11.532 0.0000000000
65471  -28.814  -7.101  11.830 0.0000000000
66376  -28.526  -6.665  11.270 0.0000000000
138699  -28.630  -5.649  10.663 0.0000000000
136323  -27.279  -0.779  8.103 0.0000000000
