#!ascii label  , from subject sub-v1s15x0050193_ses-1 vox2ras=TkReg
1184
12041  -34.605  -61.925  -0.523 0.5000000000
12040  -33.706  -61.910  -0.861 0.6000000238
8548  -40.920  -64.883  1.391 0.3000000119
11108  -33.098  -61.935  -1.400 0.5000000000
10216  -39.976  -63.697  0.333 0.4000000060
10217  -40.848  -63.622  0.625 0.4000000060
9379  -41.489  -63.947  0.786 0.4000000060
9363  -41.044  -64.486  0.903 0.3000000119
11095  -40.495  -63.117  0.748 0.4000000060
12012  -34.709  -61.608  1.816 0.5000000000
125215  -34.377  -61.667  0.892 0.5000000000
12011  -33.869  -61.839  1.727 0.6000000238
11091  -33.642  -61.827  0.865 0.5000000000
12027  -33.918  -61.777  -0.105 0.6000000238
8538  -40.716  -65.212  2.070 0.3000000119
131510  -32.496  -61.871  -0.715 0.5000000000
122792  -38.873  -62.649  0.216 0.5000000000
11114  -38.903  -63.004  -0.227 0.5000000000
8539  -41.633  -65.029  1.992 0.3000000119
11090  -32.948  -61.907  0.266 0.6000000238
12026  -33.125  -61.800  -0.896 0.5000000000
11078  -39.626  -62.669  0.935 0.5000000000
11094  -39.476  -63.082  0.204 0.4000000060
11096  -41.431  -63.288  0.920 0.4000000060
130551  -42.133  -64.019  1.130 0.3000000119
9364  -41.608  -64.510  1.277 0.3000000119
138330  -39.911  -62.577  1.666 0.4000000060
125577  -41.324  -62.879  1.143 0.4000000060
141559  -41.969  -63.052  1.256 0.4000000060
124051  -41.121  -62.614  1.838 0.4000000060
11966  -35.431  -61.578  4.793 0.6999999881
126746  -35.229  -61.628  4.109 0.6999999881
11986  -35.527  -61.557  3.528 0.6999999881
12042  -35.444  -61.764  -0.186 0.5000000000
11946  -34.627  -61.667  5.238 0.6999999881
11964  -33.968  -61.909  4.830 0.6999999881
11985  -34.694  -61.746  3.595 0.8000000119
139090  -34.160  -61.828  2.760 0.5000000000
11057  -33.286  -62.153  2.474 0.6999999881
12044  -36.750  -62.021  -0.087 0.5000000000
11020  -33.375  -62.202  4.433 0.6999999881
12031  -37.279  -61.962  0.419 0.4000000060
11093  -38.072  -62.280  0.347 0.5000000000
8519  -41.930  -65.223  2.908 0.3000000119
11035  -32.620  -62.521  3.160 0.6000000238
11077  -38.635  -62.287  1.080 0.5000000000
8540  -42.484  -64.829  2.372 0.3000000119
11056  -32.515  -62.488  2.182 0.5000000000
11058  -39.265  -62.361  2.073 0.5000000000
11038  -39.601  -62.361  3.159 0.4000000060
11080  -41.949  -62.765  1.548 0.4000000060
11081  -42.709  -62.895  1.486 0.4000000060
9380  -42.217  -63.422  1.234 0.4000000060
11039  -40.398  -62.441  3.264 0.3000000119
135953  -40.931  -62.511  2.633 0.4000000060
119442  -33.880  -61.318  7.706 0.5000000000
11901  -33.587  -61.449  7.265 0.6000000238
11902  -34.347  -61.422  7.062 0.6000000238
11947  -35.317  -61.531  5.665 0.6000000238
11853  -32.506  -61.422  9.335 0.5000000000
11874  -32.614  -61.496  8.553 0.5000000000
124193  -33.127  -61.404  7.882 0.6000000238
11925  -33.589  -61.602  6.523 0.6000000238
11926  -34.492  -61.561  6.105 0.6999999881
12000  -35.592  -61.470  1.833 0.6000000238
132286  -41.415  -65.435  5.185 0.3000000119
10949  -31.146  -62.165  10.142 0.6999999881
11852  -31.981  -61.778  8.797 0.6000000238
11873  -32.180  -61.787  7.878 0.6000000238
11900  -32.638  -61.692  7.284 0.6000000238
138273  -32.717  -61.841  6.538 0.6999999881
11006  -33.263  -62.056  5.232 0.6999999881
125412  -35.974  -61.487  2.775 0.6000000238
12001  -36.459  -61.517  1.897 0.6000000238
123488  -36.634  -61.720  0.442 0.5000000000
11834  -30.872  -62.077  11.149 0.6999999881
10962  -31.345  -62.237  9.189 0.6000000238
10972  -31.446  -62.213  8.277 0.6000000238
140461  -32.083  -62.229  6.316 0.6999999881
130769  -32.760  -62.336  4.863 0.6999999881
12016  -37.744  -61.946  1.129 0.5000000000
123361  -41.273  -65.399  3.566 0.3000000119
10934  -30.103  -62.418  11.497 0.6999999881
10948  -30.452  -62.610  10.592 0.6000000238
10961  -30.643  -62.672  9.611 0.6999999881
10983  -31.492  -62.275  7.438 0.6000000238
10992  -31.432  -62.464  6.603 0.6000000238
12002  -37.308  -61.733  2.001 0.5000000000
12003  -38.198  -62.060  2.087 0.5000000000
129516  -30.774  -62.697  8.669 0.6000000238
10153  -30.311  -63.048  7.141 0.6000000238
11004  -31.976  -62.634  4.841 0.6000000238
11018  -31.928  -62.828  3.814 0.6000000238
11034  -31.824  -62.928  2.812 0.6000000238
11988  -37.652  -61.800  2.974 0.5000000000
9351  -42.315  -64.460  1.630 0.3000000119
10960  -29.976  -63.131  10.062 0.6999999881
10134  -30.066  -63.195  9.091 0.6000000238
10971  -30.856  -62.638  7.778 0.6000000238
10991  -30.784  -62.795  6.626 0.6000000238
11003  -30.957  -62.846  5.999 0.5000000000
10168  -31.108  -62.927  5.209 0.5000000000
10186  -31.226  -63.247  3.488 0.5000000000
11055  -31.939  -62.842  1.897 0.5000000000
11037  -38.613  -62.085  3.252 0.5000000000
11023  -41.305  -62.326  4.509 0.3000000119
11040  -41.265  -62.440  3.357 0.3000000119
11061  -42.545  -62.525  1.865 0.4000000060
125117  -31.176  -63.353  2.799 0.5000000000
11008  -40.452  -62.223  4.953 0.3000000119
11022  -40.513  -62.336  4.098 0.3000000119
11060  -41.670  -62.543  2.336 0.4000000060
11854  -33.730  -60.828  9.635 0.5000000000
12822  -33.989  -60.887  9.032 0.5000000000
12823  -34.707  -60.925  8.773 0.5000000000
12768  -32.292  -60.461  11.831 0.5000000000
12784  -32.741  -60.804  10.849 0.5000000000
11837  -33.036  -61.060  9.892 0.5000000000
124281  -33.901  -61.133  8.374 0.5000000000
11876  -34.545  -61.231  7.911 0.5000000000
11927  -35.232  -61.469  6.530 0.6000000238
118145  -36.108  -61.484  6.084 0.6000000238
11825  -31.929  -61.064  11.228 0.5000000000
133110  -35.982  -61.508  5.316 0.6000000238
11987  -36.369  -61.528  3.695 0.8000000119
8456  -41.674  -65.486  6.634 0.3000000119
11816  -30.663  -60.996  12.202 0.6000000238
11824  -31.189  -61.435  11.613 0.6000000238
11836  -32.279  -61.288  10.258 0.6000000238
11948  -36.673  -61.536  5.442 0.4000000060
8476  -42.125  -65.461  5.770 0.3000000119
10912  -29.623  -61.952  12.058 0.6999999881
125413  -36.999  -61.584  4.187 0.5000000000
8498  -41.918  -65.412  4.486 0.3000000119
125134  -42.157  -65.324  3.683 0.3000000119
10911  -28.845  -62.103  12.000 0.6999999881
11969  -38.170  -61.722  4.880 0.4000000060
8520  -42.663  -65.102  3.257 0.3000000119
10933  -29.187  -62.684  11.626 0.6000000238
10947  -29.742  -63.002  10.973 0.6999999881
125547  -37.787  -61.728  4.030 0.4000000060
9365  -42.716  -63.807  1.433 0.3000000119
10932  -28.316  -62.665  11.758 0.6000000238
136032  -29.077  -63.253  11.133 0.6999999881
10145  -30.143  -63.154  8.111 0.6000000238
10159  -29.636  -63.532  6.629 0.5000000000
10166  -29.731  -63.555  5.851 0.5000000000
10185  -30.579  -63.550  3.929 0.6000000238
133639  -38.561  -61.946  4.275 0.4000000060
11970  -39.250  -62.182  4.035 0.4000000060
10994  -41.209  -62.040  6.234 0.3000000119
139818  -41.017  -62.229  5.424 0.3000000119
11010  -42.711  -62.093  5.275 0.3000000119
125067  -42.281  -62.271  4.481 0.3000000119
11041  -42.200  -62.427  2.814 0.4000000060
9366  -43.356  -63.484  1.603 0.3000000119
10144  -29.242  -63.689  8.502 0.6000000238
10158  -28.883  -63.930  6.891 0.5000000000
9307  -29.062  -63.905  6.126 0.5000000000
10176  -29.784  -63.655  5.103 0.5000000000
9339  -30.040  -64.074  3.470 0.6000000238
131097  -30.277  -64.214  2.479 0.5000000000
11007  -39.821  -62.194  4.552 0.3000000119
9291  -28.633  -64.046  7.658 0.5000000000
138888  -29.243  -63.904  5.467 0.5000000000
122614  -29.315  -64.337  3.877 0.5000000000
9329  -28.799  -64.680  4.148 0.5000000000
12769  -33.318  -60.266  11.482 0.5000000000
12803  -34.418  -60.689  9.551 0.5000000000
12804  -35.229  -60.640  9.554 0.5000000000
12824  -35.675  -60.877  8.867 0.5000000000
135135  -35.335  -61.152  8.135 0.5000000000
12755  -30.903  -60.300  12.353 0.5000000000
12785  -33.523  -60.664  10.443 0.5000000000
11904  -36.503  -61.347  7.509 0.4000000060
12767  -31.436  -60.745  12.049 0.5000000000
11928  -36.732  -61.479  6.723 0.4000000060
8455  -40.779  -65.408  6.632 0.3000000119
8438  -42.133  -65.533  7.398 0.3000000119
12754  -30.187  -60.434  12.320 0.6000000238
133145  -36.884  -61.533  6.060 0.4000000060
12752  -28.933  -60.908  12.026 0.6000000238
11814  -29.232  -61.427  12.138 0.6000000238
133864  -42.058  -65.424  5.134 0.3000000119
127468  -42.642  -65.413  5.097 0.3000000119
11813  -28.575  -61.679  11.983 0.6000000238
133354  -37.854  -61.599  5.386 0.4000000060
124439  -27.899  -61.879  11.836 0.6000000238
11950  -38.446  -61.691  5.599 0.4000000060
9341  -43.158  -64.695  2.697 0.3000000119
10910  -28.240  -62.200  11.896 0.6999999881
11951  -39.789  -62.034  5.304 0.3000000119
10993  -40.347  -62.034  5.795 0.3000000119
126263  -34.115  -60.391  10.840 0.5000000000
133280  -34.117  -60.581  10.123 0.5000000000
12786  -34.806  -60.413  10.318 0.5000000000
12805  -36.140  -60.677  9.609 0.4000000060
12825  -36.569  -60.944  8.930 0.4000000060
11877  -36.141  -61.128  8.219 0.4000000060
127683  -31.694  -60.012  12.367 0.6000000238
11905  -37.427  -61.413  7.368 0.4000000060
8477  -43.110  -65.509  5.811 0.3000000119
8457  -42.694  -65.551  6.566 0.3000000119
11822  -28.311  -61.337  11.807 0.6000000238
11929  -37.542  -61.524  6.413 0.4000000060
135864  -37.920  -61.570  5.874 0.4000000060
11930  -38.360  -61.586  6.310 0.4000000060
134480  -39.337  -61.778  6.093 0.4000000060
11931  -40.295  -61.797  6.608 0.3000000119
10930  -26.606  -62.730  11.619 0.6000000238
124463  -34.123  -60.095  11.583 0.5000000000
12771  -35.361  -60.231  10.906 0.5000000000
12787  -35.709  -60.437  10.305 0.4000000060
12756  -32.668  -59.747  12.345 0.5000000000
13722  -33.751  -59.661  12.356 0.5000000000
124162  -37.094  -60.748  9.682 0.4000000060
139637  -30.599  -60.017  12.389 0.6000000238
13699  -31.081  -59.590  12.439 0.6000000238
13700  -32.039  -59.239  12.602 0.6000000238
12826  -37.417  -61.039  8.933 0.4000000060
12753  -29.606  -60.168  12.113 0.6000000238
13698  -30.340  -59.736  12.295 0.6000000238
11879  -37.833  -61.273  8.244 0.4000000060
11906  -38.322  -61.449  7.593 0.4000000060
12766  -28.978  -60.322  11.715 0.6000000238
133450  -38.092  -61.503  6.924 0.4000000060
11907  -39.126  -61.505  7.711 0.4000000060
125900  -39.623  -61.635  7.082 0.4000000060
11908  -39.909  -61.517  7.813 0.4000000060
8499  -42.831  -65.301  4.253 0.3000000119
120447  -43.369  -65.350  5.099 0.3000000119
12783  -27.839  -60.629  10.932 0.6000000238
137265  -40.291  -61.637  7.290 0.4000000060
9342  -43.826  -64.410  2.829 0.3000000119
8500  -43.514  -65.149  4.410 0.3000000119
11833  -27.088  -61.137  10.906 0.6000000238
11832  -26.210  -61.666  10.839 0.6000000238
11851  -26.185  -60.961  9.333 0.6999999881
12821  -27.343  -60.297  8.497 0.6999999881
121195  -25.937  -61.336  10.013 0.6000000238
12820  -26.542  -60.675  8.533 0.6999999881
12837  -26.935  -60.444  7.764 0.6999999881
11872  -25.710  -61.068  8.630 0.6000000238
13764  -28.081  -59.633  7.571 0.6999999881
13771  -27.724  -59.697  6.093 0.6000000238
12819  -26.032  -60.824  7.760 0.6999999881
12852  -27.152  -60.149  5.907 0.6999999881
12770  -34.747  -60.149  11.193 0.5000000000
13724  -35.403  -59.976  11.654 0.5000000000
13701  -33.076  -58.966  12.834 0.5000000000
13702  -34.560  -59.357  12.743 0.5000000000
13723  -34.658  -59.847  12.025 0.5000000000
12772  -36.168  -60.211  11.194 0.5000000000
119862  -37.083  -60.344  11.048 0.4000000060
135499  -37.282  -60.550  10.392 0.4000000060
14627  -30.769  -59.028  12.326 0.6000000238
14629  -32.324  -58.388  12.749 0.6000000238
14630  -33.179  -58.293  12.992 0.6000000238
13681  -33.815  -58.552  13.111 0.6000000238
137656  -37.824  -60.864  9.487 0.4000000060
13720  -29.359  -59.726  11.565 0.6000000238
14628  -31.372  -58.192  12.362 0.6000000238
14607  -33.007  -57.726  12.835 0.6000000238
11855  -38.214  -61.095  8.984 0.4000000060
13719  -28.593  -60.073  10.993 0.6000000238
13736  -29.166  -59.402  10.624 0.6000000238
124692  -30.254  -58.290  10.972 0.6000000238
127321  -30.769  -57.663  10.510 0.6000000238
15530  -31.721  -57.421  11.913 0.6000000238
11881  -39.467  -61.393  8.449 0.4000000060
11858  -40.714  -61.319  9.360 0.4000000060
13746  -28.549  -59.735  9.942 0.6000000238
14668  -29.669  -58.744  10.304 0.6000000238
14669  -30.214  -58.133  9.933 0.6000000238
137361  -30.732  -57.562  9.528 0.6000000238
16523  -31.799  -56.867  9.393 0.6000000238
11882  -40.285  -61.443  8.529 0.4000000060
11883  -41.151  -61.505  8.540 0.4000000060
12802  -28.060  -60.223  10.238 0.6000000238
13756  -28.542  -59.531  9.014 0.5000000000
14681  -29.658  -58.569  9.348 0.6000000238
14682  -30.203  -57.975  9.053 0.6000000238
15572  -31.228  -57.137  9.022 0.6000000238
16550  -31.860  -56.782  8.472 0.6999999881
12801  -27.393  -60.564  10.136 0.6999999881
13745  -27.858  -60.114  9.323 0.6000000238
13757  -29.119  -58.978  8.770 0.6000000238
14687  -29.662  -58.378  8.533 0.6000000238
15588  -30.977  -57.215  8.095 0.6000000238
16577  -32.357  -56.658  7.662 0.6000000238
129633  -32.841  -56.584  6.976 0.6000000238
14704  -29.653  -58.103  6.905 0.6000000238
15601  -30.981  -57.190  7.143 0.6000000238
136077  -31.513  -56.978  6.825 0.6000000238
16601  -32.537  -56.729  6.173 0.6000000238
13765  -28.664  -59.045  7.453 0.6000000238
14696  -29.180  -58.551  7.404 0.6000000238
15637  -29.964  -57.925  6.012 0.5000000000
15615  -31.130  -57.223  6.322 0.6000000238
15640  -32.292  -56.974  5.265 0.6000000238
14713  -29.302  -58.382  6.167 0.5000000000
12851  -26.549  -60.545  6.371 0.6999999881
13777  -27.632  -59.761  5.375 0.6999999881
13778  -28.314  -59.246  5.510 0.5000000000
14712  -29.062  -58.610  5.460 0.6000000238
14714  -30.219  -57.919  5.064 0.5000000000
15657  -31.058  -57.659  4.584 0.5000000000
123082  -29.756  -58.723  3.575 0.6000000238
14710  -22.930  -58.224  5.400 0.6000000238
129023  -22.979  -58.985  4.018 0.6000000238
13703  -35.351  -59.583  12.507 0.5000000000
123241  -36.133  -59.806  12.197 0.5000000000
12789  -37.817  -60.491  10.849 0.5000000000
119615  -37.826  -60.673  10.098 0.4000000060
15510  -32.286  -57.598  12.461 0.5000000000
14608  -33.736  -57.849  13.159 0.5000000000
15497  -34.367  -57.312  13.135 0.5000000000
12806  -38.540  -60.875  9.787 0.4000000060
12807  -39.436  -61.000  9.825 0.4000000060
15496  -33.653  -57.265  12.845 0.5000000000
16461  -34.467  -56.664  12.461 0.5000000000
11856  -39.020  -61.191  9.099 0.4000000060
12808  -40.120  -61.098  9.796 0.4000000060
16498  -32.162  -56.843  10.322 0.5000000000
122421  -33.753  -56.525  10.999 0.5000000000
16474  -33.301  -56.685  11.806 0.5000000000
11857  -39.833  -61.269  9.178 0.4000000060
16524  -32.463  -56.630  9.270 0.6000000238
117453  -33.156  -56.530  10.050 0.6000000238
16551  -32.745  -56.561  8.394 0.6000000238
122703  -33.155  -56.484  9.050 0.5000000000
16602  -33.338  -56.536  6.218 0.4000000060
127193  -33.790  -56.509  7.146 0.4000000060
125405  -34.818  -56.493  6.874 0.4000000060
15658  -32.806  -56.724  4.284 0.6000000238
16616  -33.000  -56.601  5.339 0.6000000238
16629  -33.542  -56.423  4.524 0.5000000000
16617  -33.806  -56.471  5.391 0.4000000060
16603  -34.240  -56.485  6.165 0.4000000060
16618  -34.619  -56.407  5.293 0.4000000060
11924  -25.119  -61.164  6.640 0.6999999881
132455  -32.079  -57.329  4.003 0.6000000238
16644  -33.302  -56.260  3.546 0.5000000000
16631  -34.840  -56.058  4.417 0.4000000060
13784  -28.346  -59.378  4.482 0.6000000238
14728  -30.619  -58.203  3.711 0.5000000000
133688  -31.518  -57.821  3.338 0.5000000000
16657  -32.606  -56.572  2.732 0.5000000000
16658  -33.183  -55.878  3.238 0.5000000000
129277  -34.278  -55.599  3.796 0.4000000060
17539  -34.974  -55.017  3.677 0.4000000060
14726  -28.958  -58.844  4.571 0.6000000238
15686  -32.271  -57.200  2.219 0.5000000000
15609  -22.643  -56.708  7.213 0.6999999881
15610  -23.424  -57.332  6.950 0.6000000238
16572  -23.219  -56.862  7.702 0.6999999881
15633  -23.740  -57.889  6.053 0.6000000238
15597  -24.615  -57.415  7.904 0.6000000238
14725  -24.203  -58.442  4.274 0.6000000238
118984  -24.625  -57.646  6.134 0.6000000238
15612  -24.870  -57.501  6.971 0.6000000238
120336  -25.649  -57.476  7.687 0.6000000238
124234  -26.495  -57.371  7.914 0.6000000238
14738  -23.752  -58.904  3.591 0.5000000000
15655  -24.542  -58.045  4.706 0.6000000238
15634  -24.550  -57.855  5.364 0.6000000238
130115  -25.286  -57.414  6.156 0.6000000238
15613  -25.893  -57.263  6.599 0.6000000238
12773  -37.730  -60.197  11.654 0.5000000000
14752  -24.447  -58.927  2.708 0.5000000000
14739  -24.610  -58.419  3.451 0.5000000000
15635  -25.180  -57.387  5.437 0.5000000000
125533  -35.253  -58.987  13.201 0.4000000060
123686  -36.077  -58.821  13.350 0.5000000000
12774  -38.603  -60.385  11.381 0.5000000000
12790  -38.379  -60.627  10.522 0.4000000060
118230  -25.042  -58.403  2.805 0.5000000000
15670  -24.804  -57.875  4.018 0.5000000000
16627  -25.646  -56.794  4.731 0.5000000000
16598  -26.465  -56.622  5.880 0.5000000000
14610  -35.645  -58.141  13.465 0.5000000000
12791  -39.103  -60.687  10.572 0.4000000060
124104  -40.049  -60.766  10.543 0.4000000060
122832  -40.956  -60.763  10.727 0.4000000060
13802  -24.881  -59.210  1.881 0.5000000000
14740  -25.316  -57.784  3.266 0.5000000000
15671  -25.287  -57.281  3.891 0.6000000238
16628  -26.073  -56.184  4.238 0.6000000238
11838  -40.627  -61.055  10.099 0.4000000060
14757  -26.794  -58.913  1.444 0.6000000238
15681  -26.148  -57.537  2.852 0.6000000238
15672  -25.774  -57.014  3.583 0.6999999881
125091  -34.459  -56.478  11.305 0.4000000060
123893  -33.992  -56.466  10.134 0.5000000000
11996  -25.794  -61.794  2.282 0.6000000238
16525  -33.848  -56.468  9.301 0.5000000000
125410  -35.247  -56.477  8.299 0.4000000060
11982  -25.607  -61.494  3.324 0.6000000238
16578  -34.585  -56.472  7.789 0.4000000060
11963  -25.418  -61.312  4.227 0.6000000238
129170  -26.565  -60.557  4.720 0.6000000238
119253  -35.153  -56.481  5.945 0.4000000060
120365  -28.332  -59.692  3.531 0.6000000238
12864  -27.092  -60.190  5.063 0.6999999881
118124  -30.717  -58.761  2.277 0.6000000238
14756  -31.147  -58.422  1.648 0.6000000238
14743  -31.574  -58.316  2.180 0.5000000000
139605  -23.138  -56.790  8.212 0.6999999881
15596  -23.753  -57.123  8.099 0.6999999881
15568  -24.027  -57.483  9.317 0.6000000238
15585  -25.203  -57.555  8.572 0.6000000238
15569  -24.784  -57.592  9.188 0.6000000238
15586  -26.231  -57.544  8.613 0.6999999881
15599  -27.087  -57.074  7.557 0.6000000238
15598  -26.372  -57.283  7.285 0.6000000238
13683  -36.892  -58.965  13.285 0.5000000000
13704  -36.853  -59.564  12.691 0.5000000000
13725  -36.925  -60.020  11.881 0.5000000000
12757  -38.358  -59.954  12.253 0.5000000000
16574  -27.669  -56.425  7.155 0.5000000000
119901  -38.184  -59.445  12.917 0.5000000000
12775  -39.607  -60.416  11.436 0.5000000000
12776  -40.522  -60.397  11.461 0.4000000060
17524  -26.450  -55.636  3.985 0.6000000238
16614  -26.174  -56.325  4.981 0.6000000238
16599  -27.350  -56.190  6.190 0.5000000000
15498  -35.239  -57.304  13.294 0.5000000000
12010  -26.929  -61.814  0.626 0.6000000238
12910  -27.690  -60.786  0.473 0.4000000060
124973  -26.506  -59.619  0.823 0.6000000238
122787  -26.913  -57.402  2.613 0.6000000238
16640  -26.096  -56.301  3.831 0.6000000238
17519  -26.904  -55.077  4.748 0.6000000238
16476  -34.828  -56.464  11.887 0.4000000060
16463  -36.140  -56.567  12.556 0.4000000060
11998  -27.579  -61.293  0.619 0.5000000000
13820  -28.025  -60.246  0.504 0.5000000000
13814  -27.588  -59.668  0.677 0.6000000238
14754  -26.940  -58.150  2.097 0.6999999881
125800  -27.937  -57.826  2.012 0.6000000238
16653  -27.308  -56.868  2.865 0.6000000238
125046  -26.720  -56.094  3.566 0.6000000238
16501  -35.400  -56.444  10.304 0.5000000000
11997  -26.793  -61.547  1.719 0.6000000238
13815  -28.530  -59.867  0.648 0.6000000238
14758  -28.059  -58.936  1.177 0.6000000238
16654  -28.384  -57.055  2.421 0.6000000238
16641  -27.726  -56.181  3.227 0.6000000238
18457  -27.123  -54.418  4.504 0.6000000238
133106  -35.123  -56.467  8.975 0.4000000060
12890  -27.709  -61.138  1.371 0.5000000000
12901  -28.711  -60.322  0.795 0.6000000238
15691  -28.884  -58.569  1.335 0.6000000238
17533  -28.196  -55.482  3.469 0.6000000238
12882  -26.939  -60.943  2.628 0.6000000238
117251  -27.112  -60.538  3.367 0.6000000238
12884  -28.423  -60.121  2.424 0.6000000238
14760  -29.756  -59.127  1.384 0.6000000238
15682  -29.107  -57.871  1.620 0.6000000238
14755  -30.369  -58.956  1.585 0.6000000238
14741  -29.004  -59.200  3.545 0.6000000238
15684  -31.590  -57.930  1.537 0.5000000000
130909  -31.930  -57.356  1.794 0.5000000000
15582  -22.789  -56.916  8.630 0.6999999881
15583  -23.492  -57.159  8.690 0.6999999881
14680  -21.119  -58.029  9.758 0.6999999881
15544  -21.988  -57.848  10.047 0.6999999881
15545  -22.912  -57.735  10.006 0.6999999881
15546  -23.750  -57.735  10.003 0.6999999881
15547  -24.764  -57.789  9.959 0.6000000238
15548  -25.802  -57.823  10.236 0.6000000238
132179  -26.492  -57.634  9.706 0.5000000000
141428  -26.352  -57.602  9.212 0.6999999881
15570  -26.966  -57.499  9.117 0.5000000000
15587  -27.136  -57.278  8.378 0.5000000000
16548  -27.830  -56.634  8.064 0.5000000000
13684  -37.946  -58.740  13.327 0.4000000060
13706  -38.849  -59.561  12.713 0.5000000000
13686  -39.638  -59.314  12.800 0.5000000000
12759  -40.089  -59.954  12.221 0.5000000000
12760  -40.940  -59.827  12.151 0.4000000060
15499  -36.169  -57.276  13.340 0.4000000060
13685  -38.842  -58.981  13.167 0.4000000060
17514  -27.569  -55.034  5.637 0.6000000238
17525  -26.869  -55.001  4.366 0.6000000238
18468  -27.654  -54.709  3.923 0.6000000238
18448  -26.949  -53.985  4.938 0.6000000238
126620  -29.492  -57.257  1.940 0.6000000238
17534  -29.411  -55.801  3.139 0.6000000238
131434  -27.826  -54.056  4.382 0.6000000238
14761  -30.427  -58.746  1.494 0.6000000238
18469  -28.769  -54.797  3.772 0.5000000000
15683  -30.565  -57.583  1.573 0.6000000238
16643  -30.016  -56.681  2.238 0.5000000000
16655  -31.157  -57.069  1.812 0.5000000000
14663  -20.865  -58.535  10.388 0.6999999881
14644  -21.713  -58.607  10.896 0.6999999881
14664  -22.644  -58.252  10.720 0.6999999881
14665  -23.466  -58.128  10.682 0.6999999881
14647  -23.945  -58.315  11.362 0.6000000238
14666  -24.279  -58.067  10.694 0.6999999881
14667  -25.140  -58.076  10.830 0.4000000060
14643  -20.748  -59.068  11.119 0.6999999881
13717  -21.401  -59.231  11.703 0.6999999881
14645  -22.495  -58.597  11.354 0.6000000238
14646  -23.176  -58.431  11.394 0.6000000238
15525  -26.042  -57.945  11.062 0.5000000000
131213  -18.750  -59.474  11.763 0.6999999881
13716  -19.950  -59.422  11.417 0.6999999881
15550  -27.571  -57.316  10.613 0.5000000000
13694  -18.131  -59.505  12.180 0.6999999881
121468  -27.341  -57.361  9.811 0.5000000000
13693  -17.377  -59.434  12.694 0.6000000238
13675  -17.405  -59.600  13.590 0.6000000238
14591  -17.059  -59.039  14.746 0.6000000238
15471  -16.386  -57.532  15.121 0.5000000000
15472  -17.039  -57.611  15.263 0.5000000000
14614  -39.524  -58.534  13.056 0.4000000060
13707  -40.456  -59.361  12.579 0.4000000060
129962  -24.448  -58.408  11.969 0.5000000000
125426  -24.623  -58.257  11.316 0.5000000000
126608  -20.643  -59.612  11.900 0.6000000238
13696  -21.968  -59.310  12.330 0.6000000238
14623  -22.769  -58.803  12.120 0.6000000238
127679  -23.661  -58.545  12.103 0.6000000238
14648  -25.312  -58.218  11.734 0.5000000000
15526  -26.942  -57.684  11.244 0.5000000000
12749  -18.908  -59.868  12.474 0.6999999881
134799  -20.596  -60.017  12.596 0.6000000238
135936  -21.233  -59.729  12.453 0.6000000238
133657  -22.542  -59.315  13.008 0.6000000238
13680  -23.026  -59.309  13.759 0.6000000238
15527  -27.767  -57.245  11.445 0.5000000000
12741  -18.775  -60.185  13.424 0.6999999881
12750  -19.432  -60.241  13.014 0.6000000238
129502  -20.020  -60.479  14.031 0.6000000238
12727  -20.969  -60.366  14.796 0.6000000238
13664  -22.616  -59.671  14.491 0.6000000238
13676  -18.098  -59.998  13.956 0.6000000238
12742  -19.453  -60.390  13.753 0.6000000238
12725  -19.757  -60.305  15.332 0.6000000238
12726  -20.434  -60.313  15.362 0.6000000238
13661  -17.543  -59.574  14.414 0.6000000238
13646  -18.580  -59.639  15.493 0.6000000238
13647  -19.362  -59.868  15.794 0.6000000238
13648  -20.153  -60.036  15.969 0.6000000238
13645  -17.785  -59.345  15.156 0.5000000000
14574  -17.423  -58.508  15.343 0.5000000000
14575  -18.227  -58.806  15.707 0.5000000000
13634  -18.992  -59.187  16.129 0.6000000238
13635  -19.817  -59.405  16.317 0.6000000238
13687  -40.342  -58.753  12.842 0.4000000060
16434  -16.222  -55.790  14.560 0.5000000000
15473  -17.928  -57.846  15.589 0.5000000000
14561  -18.847  -58.145  16.110 0.6000000238
14562  -19.521  -58.709  16.416 0.6000000238
16435  -17.322  -55.827  14.233 0.5000000000
16436  -18.152  -56.378  14.652 0.5000000000
16421  -18.593  -57.080  15.427 0.4000000060
15474  -19.325  -57.316  15.937 0.5000000000
15459  -19.707  -57.916  16.448 0.6000000238
14625  -24.940  -58.395  12.490 0.6000000238
14626  -25.677  -58.154  12.608 0.5000000000
14649  -26.273  -57.917  11.911 0.5000000000
140765  -23.857  -58.718  13.147 0.6000000238
14605  -25.036  -58.435  13.360 0.5000000000
124769  -27.173  -57.575  12.104 0.5000000000
13665  -23.301  -59.323  14.633 0.6999999881
14592  -24.061  -58.971  14.892 0.6999999881
133196  -21.935  -59.926  15.892 0.6000000238
13650  -22.604  -59.688  15.370 0.6999999881
13637  -21.574  -59.619  16.564 0.6000000238
13638  -22.574  -59.496  16.467 0.6999999881
13636  -20.672  -59.552  16.496 0.6000000238
13625  -22.071  -59.149  17.202 0.6999999881
14563  -20.344  -58.694  16.738 0.6000000238
14550  -21.816  -58.498  17.426 0.6999999881
17446  -17.726  -54.693  12.735 0.5000000000
17436  -18.294  -55.759  13.794 0.5000000000
16422  -19.556  -56.587  15.291 0.4000000060
15475  -20.002  -56.996  16.085 0.6000000238
15460  -20.480  -57.635  16.736 0.6000000238
17447  -18.342  -55.171  12.909 0.5000000000
16437  -19.013  -56.244  14.469 0.4000000060
16423  -20.319  -56.222  15.470 0.5000000000
15507  -26.547  -57.794  12.783 0.5000000000
14606  -25.992  -58.016  13.436 0.5000000000
14593  -24.804  -58.579  14.385 0.6000000238
117471  -25.389  -58.324  14.932 0.5000000000
135509  -25.962  -57.995  14.669 0.5000000000
14576  -24.057  -58.968  15.782 0.6999999881
13639  -23.598  -59.058  16.674 0.6999999881
13626  -22.932  -59.029  17.263 0.6000000238
14549  -21.110  -58.224  17.202 0.6999999881
14551  -22.529  -58.546  17.604 0.6000000238
16413  -20.702  -56.657  16.346 0.6000000238
15461  -21.171  -57.252  17.100 0.6000000238
17449  -19.838  -54.795  12.816 0.5000000000
16438  -19.866  -55.817  14.511 0.4000000060
18368  -20.266  -54.747  13.514 0.4000000060
17438  -19.855  -55.232  13.536 0.4000000060
17423  -20.396  -55.184  14.410 0.5000000000
130633  -20.525  -55.614  15.091 0.5000000000
14578  -25.227  -58.331  15.806 0.6000000238
15487  -25.901  -57.965  15.358 0.5000000000
14565  -24.470  -58.665  16.286 0.6000000238
14554  -25.025  -58.275  16.750 0.5000000000
14552  -23.579  -58.700  17.379 0.6000000238
140474  -23.404  -58.112  18.089 0.6000000238
136654  -24.596  -57.496  18.275 0.5000000000
134063  -22.925  -57.990  18.107 0.6000000238
16402  -21.859  -56.845  17.446 0.6999999881
16403  -22.596  -56.479  17.865 0.5000000000
16414  -21.359  -56.313  16.734 0.6000000238
16424  -20.946  -55.874  15.819 0.5000000000
18354  -20.649  -54.557  14.551 0.4000000060
134297  -20.989  -55.117  15.347 0.5000000000
24904  -18.570  -46.892  14.443 0.4000000060
25848  -19.193  -46.125  14.364 0.3000000119
25859  -19.151  -46.292  13.582 0.4000000060
15462  -25.528  -57.725  17.144 0.5000000000
24929  -19.310  -46.961  12.387 0.3000000119
25869  -19.592  -46.261  12.768 0.4000000060
15441  -23.638  -57.689  18.255 0.5000000000
15450  -25.330  -57.517  17.873 0.5000000000
23971  -20.117  -48.875  11.598 0.3000000119
24930  -20.032  -46.772  12.292 0.4000000060
127897  -23.998  -56.955  18.534 0.5000000000
23025  -20.219  -49.752  11.626 0.3000000119
17417  -21.460  -55.469  16.342 0.6999999881
17412  -22.772  -55.399  17.724 0.6000000238
18355  -21.105  -54.318  15.447 0.5000000000
18338  -21.499  -54.699  16.165 0.5000000000
120497  -21.436  -53.983  16.174 0.4000000060
18339  -21.999  -54.094  16.895 0.4000000060
127493  -18.954  -46.650  16.217 0.3000000119
136193  -19.151  -46.255  15.275 0.3000000119
25849  -19.775  -45.234  14.511 0.3000000119
25860  -19.842  -45.429  13.496 0.3000000119
25870  -20.307  -46.080  12.776 0.4000000060
133736  -25.513  -56.927  18.302 0.5000000000
122371  -20.292  -47.765  12.060 0.4000000060
16392  -24.881  -56.625  18.570 0.5000000000
23013  -20.389  -49.056  12.281 0.4000000060
22998  -20.530  -48.543  13.387 0.4000000060
16404  -23.478  -56.158  18.350 0.5000000000
17400  -24.178  -55.545  18.544 0.5000000000
132443  -20.409  -50.201  12.600 0.4000000060
17418  -22.061  -55.019  16.945 0.5000000000
18323  -22.542  -54.573  17.427 0.5000000000
20188  -20.662  -53.210  14.171 0.3000000119
20180  -20.791  -52.891  15.241 0.4000000060
19256  -21.561  -53.286  16.603 0.4000000060
19257  -22.677  -53.868  17.624 0.4000000060
25824  -19.635  -46.232  17.108 0.3000000119
25838  -19.742  -45.793  15.656 0.3000000119
26721  -20.910  -44.896  14.890 0.4000000060
26732  -20.901  -45.155  14.299 0.4000000060
16406  -27.245  -55.790  17.056 0.4000000060
25861  -20.674  -45.509  13.587 0.4000000060
17413  -27.173  -55.605  17.810 0.4000000060
23948  -20.801  -47.303  13.027 0.4000000060
24917  -20.924  -46.352  13.070 0.4000000060
17402  -25.732  -56.099  18.539 0.4000000060
24905  -21.167  -47.015  14.027 0.4000000060
18307  -24.037  -54.615  18.436 0.5000000000
22063  -20.435  -50.382  14.854 0.3000000119
18324  -23.164  -54.539  17.966 0.5000000000
20172  -21.033  -52.462  16.298 0.3000000119
26696  -20.795  -45.560  17.314 0.3000000119
25825  -20.552  -45.309  15.802 0.3000000119
26706  -21.455  -44.820  15.716 0.4000000060
124717  -21.655  -44.892  15.184 0.4000000060
25851  -22.090  -45.236  15.339 0.3000000119
26722  -21.422  -45.179  14.754 0.4000000060
18340  -27.613  -55.021  17.391 0.4000000060
19271  -27.885  -53.604  15.971 0.4000000060
25850  -21.648  -45.740  14.691 0.4000000060
16394  -26.654  -55.733  18.261 0.4000000060
120826  -25.417  -55.276  18.672 0.4000000060
23937  -20.687  -48.195  14.544 0.3000000119
18308  -24.991  -54.401  18.678 0.4000000060
129339  -20.364  -49.718  13.726 0.3000000119
22985  -20.425  -49.288  14.821 0.3000000119
21119  -20.618  -51.015  15.672 0.3000000119
139180  -22.224  -53.222  17.316 0.4000000060
26682  -20.410  -45.572  18.472 0.3000000119
26697  -22.047  -44.809  16.667 0.4000000060
26707  -22.188  -44.857  15.690 0.4000000060
20183  -27.584  -52.516  15.515 0.4000000060
19264  -28.121  -54.114  17.148 0.4000000060
17403  -27.306  -55.011  18.145 0.4000000060
24906  -21.528  -46.651  14.911 0.4000000060
18310  -26.703  -54.889  18.493 0.4000000060
117495  -27.318  -54.268  18.405 0.4000000060
23938  -20.955  -47.827  15.464 0.3000000119
18309  -25.940  -54.667  18.686 0.4000000060
22971  -20.633  -48.907  15.743 0.3000000119
19244  -24.272  -53.815  18.471 0.5000000000
22044  -20.553  -49.980  15.791 0.3000000119
22972  -21.059  -49.703  16.673 0.3000000119
124496  -24.015  -53.001  18.429 0.5000000000
21105  -21.361  -51.462  17.012 0.3000000119
136989  -22.784  -53.180  17.869 0.4000000060
26683  -21.401  -45.330  18.101 0.3000000119
27627  -22.757  -44.715  16.349 0.3000000119
26708  -22.888  -44.990  16.035 0.3000000119
20173  -28.292  -52.838  16.277 0.4000000060
25839  -22.162  -46.140  15.447 0.3000000119
19265  -28.463  -53.225  16.947 0.4000000060
117723  -26.569  -54.101  18.679 0.4000000060
19260  -28.218  -53.449  17.709 0.4000000060
23927  -21.130  -48.575  16.476 0.3000000119
22957  -21.466  -49.137  17.149 0.3000000119
19245  -24.871  -53.425  18.665 0.4000000060
22045  -20.912  -50.733  16.475 0.3000000119
22034  -21.838  -50.780  17.655 0.3000000119
21106  -22.136  -51.676  17.694 0.3000000119
20147  -23.712  -52.099  18.422 0.3000000119
25840  -22.749  -45.708  15.982 0.3000000119
26709  -23.517  -44.990  16.437 0.3000000119
20164  -28.524  -52.601  17.524 0.3000000119
19248  -27.809  -53.560  18.260 0.4000000060
24884  -22.148  -47.906  17.289 0.3000000119
19246  -26.306  -53.271  18.781 0.4000000060
20151  -27.660  -52.827  18.556 0.4000000060
130234  -21.630  -49.892  17.477 0.3000000119
133320  -21.351  -50.526  17.113 0.3000000119
20148  -24.759  -52.428  18.755 0.3000000119
20146  -22.864  -51.862  18.167 0.3000000119
125875  -22.863  -47.295  17.403 0.3000000119
22958  -22.039  -49.025  17.750 0.3000000119
20150  -26.908  -52.695  18.853 0.3000000119
21093  -28.106  -52.031  18.516 0.3000000119
22035  -22.260  -50.093  18.054 0.3000000119
20149  -25.900  -52.348  18.922 0.3000000119
21087  -22.541  -51.005  18.146 0.3000000119
24885  -23.519  -47.476  17.992 0.3000000119
25813  -24.748  -46.951  18.227 0.3000000119
128787  -23.421  -48.978  18.531 0.3000000119
21091  -26.745  -51.858  19.060 0.3000000119
23900  -23.775  -48.262  18.493 0.3000000119
24864  -24.272  -47.531  18.368 0.3000000119
20161  -21.760  -52.440  17.159 0.4000000060
21120  -20.842  -51.548  16.258 0.3000000119
11999  -35.103  -61.578  2.734 0.6000000238
12013  -35.201  -61.510  0.968 0.5000000000
12028  -34.865  -61.631  0.167 0.5000000000
12029  -35.544  -61.577  0.349 0.5000000000
11113  -38.290  -62.721  -0.208 0.5000000000
11984  -34.051  -61.998  4.045 0.6999999881
11967  -36.367  -61.534  4.646 0.6999999881
11036  -33.475  -62.194  3.497 0.6999999881
11092  -37.507  -62.385  -0.165 0.4000000060
11019  -32.692  -62.484  4.111 0.6999999881
140524  -43.457  -64.333  2.353 0.3000000119
11021  -39.910  -62.320  3.850 0.3000000119
128149  -35.932  -61.438  6.963 0.6000000238
141054  -35.817  -61.303  7.631 0.5000000000
124409  -31.804  -61.716  9.702 0.6000000238
11944  -33.158  -61.859  5.918 0.6999999881
10984  -32.095  -62.052  7.004 0.6000000238
11005  -32.509  -62.219  5.651 0.6999999881
127911  -36.812  -61.601  2.848 0.5000000000
12014  -36.083  -61.497  0.902 0.5000000000
123480  -31.674  -62.551  5.774 0.6000000238
10152  -29.485  -63.573  7.488 0.5000000000
10178  -31.233  -63.109  4.360 0.5000000000
10194  -43.729  -63.820  1.985 0.3000000119
118704  -28.835  -63.763  10.032 0.6000000238
10177  -30.483  -63.374  4.747 0.5000000000
120273  -41.937  -62.388  3.732 0.3000000119
120003  -29.139  -64.162  4.749 0.5000000000
11878  -36.976  -61.180  8.205 0.4000000060
8478  -43.841  -65.504  5.803 0.3000000119
14650  -29.780  -58.994  11.345 0.6000000238
117513  -27.001  -60.587  9.296 0.6999999881
13755  -28.009  -59.839  8.384 0.6000000238
125328  -28.723  -58.818  6.149 0.6000000238
14651  -30.484  -58.604  11.921 0.6000000238
14609  -34.623  -58.163  13.340 0.5000000000
15552  -31.452  -57.286  10.971 0.6000000238
15553  -32.121  -57.015  11.326 0.5000000000
14688  -30.237  -57.775  8.282 0.6000000238
12862  -25.926  -60.911  4.883 0.6000000238
13783  -27.693  -59.837  4.490 0.6999999881
14711  -23.911  -58.311  5.119 0.6000000238
124362  -36.090  -59.343  13.016 0.4000000060
16462  -35.282  -56.584  12.524 0.4000000060
16579  -35.441  -56.493  7.503 0.4000000060
15674  -32.568  -56.933  3.029 0.4000000060
11943  -25.159  -61.249  5.113 0.6000000238
15611  -24.121  -57.551  6.714 0.6000000238
15656  -25.113  -57.420  4.582 0.6000000238
12758  -39.207  -60.021  12.230 0.5000000000
14753  -25.856  -58.344  2.369 0.5000000000
16615  -26.794  -55.841  5.252 0.6000000238
13803  -25.760  -59.054  1.674 0.4000000060
13805  -29.624  -59.385  1.495 0.5000000000
16477  -35.646  -56.433  11.845 0.5000000000
13816  -28.969  -59.993  0.799 0.5000000000
13674  -16.673  -59.233  13.237 0.6000000238
16420  -17.307  -56.897  15.111 0.5000000000
13697  -23.429  -58.829  12.947 0.5000000000
13677  -20.991  -60.168  13.197 0.6000000238
13679  -22.230  -59.795  13.855 0.6000000238
14604  -23.958  -58.809  13.725 0.6000000238
12724  -18.992  -60.233  15.139 0.6000000238
17435  -17.527  -55.127  13.259 0.5000000000
123738  -25.599  -58.228  14.146 0.5000000000
130183  -22.432  -57.418  17.877 0.6000000238
17437  -19.174  -55.614  13.573 0.5000000000
17411  -21.997  -55.892  17.214 0.6000000238
24916  -18.687  -47.005  13.139 0.3000000119
14553  -24.790  -58.039  17.595 0.5000000000
19268  -20.816  -53.799  14.822 0.3000000119
16405  -26.723  -56.308  17.561 0.4000000060
16393  -26.178  -56.471  18.175 0.4000000060
19269  -21.098  -53.472  15.784 0.4000000060
20171  -20.690  -51.956  15.528 0.3000000119
19258  -23.424  -53.658  18.172 0.5000000000
119834  -25.700  -53.833  18.742 0.4000000060
20162  -22.484  -52.506  17.768 0.3000000119
24883  -21.595  -47.504  16.266 0.3000000119
27614  -21.744  -44.860  18.724 0.3000000119
120739  -25.497  -53.066  18.775 0.4000000060
23916  -22.844  -48.308  18.103 0.3000000119
6380  -27.549  -68.790  5.477 0.5000000000
139658  -27.815  -67.266  5.202 0.5000000000
7721  -27.950  -66.756  4.638 0.5000000000
8488  -28.458  -65.336  4.422 0.4000000060
140470  -27.326  -69.261  6.243 0.5000000000
6368  -27.522  -68.760  6.242 0.5000000000
7043  -27.725  -67.929  5.657 0.5000000000
7713  -27.886  -66.575  5.770 0.5000000000
8465  -28.162  -65.896  5.013 0.5000000000
127573  -28.663  -64.675  4.817 0.4000000060
5761  -27.120  -69.219  7.694 0.4000000060
6357  -27.488  -68.542  7.240 0.5000000000
7706  -27.867  -66.503  7.089 0.5000000000
8447  -28.228  -64.910  6.041 0.4000000060
7028  -27.576  -68.020  7.893 0.5000000000
7701  -27.744  -67.226  8.039 0.5000000000
117514  -27.766  -67.374  6.449 0.5000000000
7695  -27.595  -67.028  8.975 0.5000000000
120912  -27.734  -66.010  8.268 0.5000000000
8431  -27.865  -65.337  7.421 0.5000000000
128752  -28.366  -64.368  7.103 0.4000000060
7021  -27.448  -67.895  8.691 0.5000000000
119043  -27.433  -66.104  9.319 0.5000000000
122028  -27.703  -65.099  8.111 0.5000000000
9269  -28.378  -64.298  8.421 0.5000000000
8401  -23.886  -65.313  9.815 0.5000000000
7011  -26.356  -67.812  9.865 0.5000000000
6999  -26.038  -67.134  10.268 0.5000000000
7683  -26.296  -66.405  10.349 0.5000000000
8403  -25.889  -65.467  10.743 0.5000000000
8409  -27.213  -65.451  9.818 0.5000000000
9229  -26.495  -64.899  10.763 0.5000000000
9249  -27.539  -64.872  9.575 0.5000000000
9250  -28.130  -64.535  9.117 0.5000000000
130656  -24.547  -65.253  10.742 0.5000000000
9248  -23.309  -64.325  9.647 0.5000000000
119512  -22.601  -62.676  8.256 0.5000000000
8393  -24.915  -64.798  11.263 0.5000000000
10945  -23.954  -63.073  10.546 0.5000000000
137431  -23.368  -62.540  9.347 0.5000000000
9214  -26.012  -64.638  11.218 0.5000000000
10087  -25.508  -63.587  11.557 0.5000000000
10928  -24.799  -63.135  11.256 0.5000000000
138167  -26.624  -64.352  11.211 0.5000000000
126106  -26.250  -63.901  11.520 0.5000000000
119674  -26.985  -65.020  10.262 0.5000000000
9231  -28.169  -64.248  10.107 0.5000000000
10132  -28.697  -64.018  9.262 0.5000000000
11942  -24.328  -61.443  5.324 0.5000000000
11923  -24.299  -61.423  6.627 0.6000000238
11870  -23.843  -61.757  8.322 0.5000000000
11830  -24.635  -62.456  10.519 0.5000000000
11871  -24.800  -61.561  8.710 0.5000000000
10946  -25.472  -62.377  11.066 0.5000000000
11831  -25.373  -61.854  10.296 0.5000000000
10089  -27.714  -63.244  11.588 0.5000000000
10088  -26.897  -63.261  11.616 0.5000000000
10113  -27.907  -63.816  11.088 0.5000000000
11053  -24.337  -62.162  3.013 0.5000000000
11981  -24.862  -61.712  3.683 0.5000000000
127642  -25.284  -61.148  7.382 0.6000000238
15653  -21.297  -57.734  4.754 0.5000000000
130566  -22.229  -57.687  5.682 0.6000000238
130366  -20.462  -56.473  5.770 0.5000000000
118155  -21.268  -56.609  6.067 0.5000000000
15632  -22.707  -57.460  6.328 0.6000000238
16571  -21.888  -56.272  7.351 0.6000000238
16597  -21.290  -56.102  6.828 0.5000000000
16546  -21.722  -56.289  7.889 0.6000000238
16545  -20.589  -56.355  8.185 0.5000000000
16547  -22.512  -56.508  7.952 0.6000000238
15581  -22.086  -56.727  8.494 0.6000000238
15579  -20.096  -57.076  8.676 0.5000000000
15565  -21.525  -57.302  9.069 0.6000000238
15566  -22.430  -57.289  9.243 0.6000000238
15563  -19.720  -57.777  9.237 0.5000000000
14679  -20.278  -58.271  9.784 0.5000000000
14642  -18.391  -58.783  10.676 0.5000000000
14641  -17.535  -58.756  10.993 0.6000000238
14622  -15.927  -58.766  12.891 0.6000000238
125573  -15.805  -58.376  11.970 0.5000000000
14662  -19.097  -58.728  10.423 0.6000000238
13735  -19.930  -58.856  10.538 0.5000000000
13713  -17.416  -59.145  11.812 0.5000000000
14590  -16.343  -58.694  14.414 0.6000000238
14603  -16.106  -58.841  13.704 0.6000000238
14573  -16.663  -58.297  15.057 0.6000000238
10205  -43.989  -63.048  1.566 0.3000000119
126518  -44.887  -61.770  1.816 0.3000000119
11042  -43.084  -62.242  2.249 0.3000000119
11973  -46.404  -60.799  3.032 0.3000000119
11025  -43.568  -61.990  2.956 0.3000000119
11062  -43.374  -62.538  1.681 0.3000000119
11082  -43.458  -62.901  1.516 0.3000000119
9306  -28.491  -64.359  6.423 0.4000000060
133806  -26.201  -63.288  11.605 0.5000000000
11850  -25.431  -61.421  9.437 0.5000000000
14723  -22.556  -58.579  4.548 0.5000000000
8446  -28.022  -65.566  6.493 0.4000000060
141098  -27.220  -66.913  9.627 0.5000000000
7687  -24.187  -66.218  9.476 0.5000000000
7681  -25.022  -66.089  10.454 0.5000000000
9267  -22.780  -64.133  8.799 0.5000000000
10131  -22.969  -63.469  9.391 0.5000000000
10112  -24.139  -63.782  11.013 0.5000000000
11849  -24.641  -61.926  9.679 0.5000000000
126692  -43.948  -62.593  1.651 0.3000000119
11012  -44.115  -61.800  3.814 0.3000000119
131843  -45.031  -61.378  2.553 0.3000000119
11063  -44.058  -62.143  1.841 0.3000000119
11043  -44.333  -61.747  2.426 0.3000000119
126688  -28.567  -51.991  18.006 0.3000000119
5774  -27.275  -69.235  6.802 0.5000000000
5783  -27.037  -69.738  6.239 0.5000000000
6344  -27.273  -68.605  8.244 0.5000000000
6393  -27.628  -68.555  4.786 0.5000000000
7000  -26.667  -67.112  10.017 0.5000000000
7012  -27.094  -67.616  9.480 0.5000000000
7033  -27.721  -67.656  7.212 0.5000000000
7050  -27.778  -67.720  4.702 0.5000000000
7682  -25.647  -66.276  10.460 0.5000000000
7684  -26.945  -66.318  10.043 0.5000000000
7688  -24.752  -66.655  10.017 0.5000000000
8394  -25.436  -64.948  11.151 0.5000000000
8402  -25.212  -65.465  10.859 0.5000000000
8404  -26.604  -65.603  10.395 0.5000000000
8408  -24.508  -65.913  10.171 0.5000000000
8415  -27.588  -65.243  8.880 0.5000000000
8466  -28.372  -65.093  5.254 0.5000000000
8487  -28.220  -66.059  4.321 0.4000000060
9212  -24.765  -64.057  11.444 0.5000000000
9213  -25.437  -64.360  11.429 0.5000000000
9215  -27.089  -63.827  11.376 0.5000000000
9227  -23.894  -64.467  10.523 0.5000000000
9228  -24.425  -64.477  11.118 0.5000000000
9230  -27.245  -64.502  10.682 0.5000000000
9268  -27.811  -64.853  8.523 0.5000000000
9290  -28.042  -64.698  7.704 0.5000000000
9305  -28.139  -64.832  6.880 0.4000000060
9319  -28.675  -64.376  5.553 0.4000000060
9330  -29.876  -63.849  4.321 0.5000000000
9343  -44.435  -64.273  3.282 0.3000000119
9352  -43.081  -64.256  1.920 0.3000000119
10090  -28.484  -63.250  11.408 0.6999999881
10111  -23.538  -63.630  10.211 0.5000000000
10114  -29.286  -63.406  10.454 0.6000000238
10133  -29.363  -63.543  9.561 0.5000000000
10160  -30.298  -63.150  6.290 0.5000000000
10167  -30.390  -63.242  5.530 0.5000000000
10192  -30.869  -63.680  2.432 0.5000000000
10204  -42.933  -63.238  1.466 0.3000000119
10929  -25.767  -62.869  11.510 0.5000000000
10931  -27.539  -62.577  11.743 0.6999999881
10957  -22.863  -62.877  9.080 0.5000000000
10958  -23.320  -62.998  9.791 0.5000000000
10959  -23.872  -62.479  9.896 0.5000000000
10970  -23.208  -62.259  8.711 0.5000000000
10982  -30.959  -62.602  7.109 0.6000000238
11009  -41.791  -62.198  5.392 0.3000000119
11059  -40.242  -62.520  2.297 0.4000000060
11073  -25.695  -62.335  1.400 0.6000000238
11079  -40.504  -62.722  1.334 0.4000000060
11107  -32.487  -61.884  -1.543 0.5000000000
11120  -32.404  -62.082  -1.888 0.5000000000
11815  -29.920  -61.217  12.254 0.6000000238
11820  -26.201  -62.300  11.365 0.6000000238
11821  -27.011  -61.925  11.520 0.6000000238
11823  -30.423  -61.734  11.917 0.6999999881
11835  -31.572  -61.634  10.677 0.6999999881
11848  -23.886  -62.012  9.148 0.5000000000
11875  -33.278  -61.173  8.943 0.5000000000
11880  -38.660  -61.346  8.352 0.4000000060
11898  -24.634  -61.453  7.837 0.6000000238
11899  -25.304  -61.205  8.049 0.6000000238
11903  -35.195  -61.354  7.368 0.6000000238
11945  -33.845  -61.748  5.643 0.6999999881
11949  -37.369  -61.562  5.676 0.4000000060
11961  -23.677  -61.628  4.836 0.5000000000
11962  -24.609  -61.543  4.520 0.5000000000
11965  -34.674  -61.747  4.434 0.6999999881
11968  -37.322  -61.598  4.899 0.4000000060
11983  -26.245  -61.324  2.800 0.6000000238
11995  -25.123  -61.884  2.946 0.5000000000
12004  -45.418  -61.588  2.049 0.3000000119
12009  -26.336  -62.043  1.308 0.6000000238
12015  -36.934  -61.650  1.106 0.5000000000
12025  -26.967  -61.466  0.226 0.4000000060
12030  -36.108  -61.682  0.095 0.5000000000
12043  -36.092  -62.045  -0.394 0.5000000000
12732  -18.812  -60.286  14.313 0.6000000238
12733  -19.536  -60.423  14.569 0.6000000238
12734  -20.238  -60.459  14.693 0.6000000238
12743  -20.653  -60.396  13.974 0.6000000238
12751  -20.159  -60.338  13.238 0.6000000238
12764  -27.728  -61.273  11.488 0.6000000238
12765  -28.385  -60.733  11.543 0.6000000238
12788  -36.580  -60.498  10.360 0.4000000060
12800  -26.600  -60.975  10.110 0.6000000238
12838  -27.366  -60.068  6.916 0.6999999881
12850  -25.705  -60.927  5.888 0.6999999881
12863  -26.508  -60.551  5.491 0.6999999881
12873  -26.314  -60.907  3.799 0.6000000238
12874  -27.059  -60.342  4.200 0.6000000238
12883  -27.732  -60.574  2.469 0.6000000238
12900  -28.229  -60.747  0.740 0.6000000238
12911  -28.468  -60.324  0.682 0.6000000238
13649  -21.088  -60.115  15.787 0.6000000238
13651  -23.395  -59.335  15.665 0.6999999881
13660  -16.797  -59.275  14.061 0.6000000238
13662  -18.262  -59.927  14.794 0.6000000238
13663  -21.862  -60.099  14.909 0.6000000238
13678  -21.433  -60.196  13.963 0.6000000238
13682  -34.434  -58.870  13.135 0.6000000238
13692  -16.627  -59.001  12.329 0.5000000000
13695  -19.872  -59.930  12.315 0.6000000238
13705  -37.589  -59.777  12.422 0.5000000000
13714  -18.224  -59.188  11.389 0.6000000238
13715  -19.333  -59.581  11.791 0.6999999881
13718  -22.082  -58.916  11.663 0.6000000238
13721  -30.049  -59.371  12.052 0.6000000238
13734  -19.110  -59.177  11.110 0.6999999881
13747  -29.125  -59.178  9.628 0.6000000238
13790  -27.702  -60.163  3.474 0.6000000238
13791  -29.082  -59.619  2.420 0.5000000000
13804  -29.097  -60.015  1.192 0.5000000000
13817  -29.309  -59.605  1.063 0.5000000000
13819  -27.194  -60.343  0.388 0.4000000060
14542  -23.925  -58.238  17.913 0.6000000238
14564  -21.225  -59.025  17.069 0.6000000238
14577  -24.679  -58.641  15.331 0.6000000238
14589  -15.540  -58.322  14.159 0.6000000238
14621  -15.190  -58.190  12.719 0.6000000238
14624  -24.182  -58.576  12.816 0.6000000238
14686  -29.118  -58.740  8.025 0.6000000238
14697  -29.675  -58.188  7.774 0.6000000238
14703  -28.914  -58.675  6.806 0.6000000238
14724  -23.417  -58.643  4.518 0.6000000238
14727  -29.667  -58.374  4.688 0.6000000238
14742  -29.872  -59.202  2.360 0.6000000238
14744  -31.852  -58.054  1.702 0.5000000000
14759  -29.162  -59.409  1.029 0.5000000000
15448  -21.764  -57.745  17.517 0.6000000238
15449  -22.291  -58.065  17.752 0.6000000238
15451  -26.037  -57.077  17.603 0.4000000060
15476  -25.728  -57.888  16.246 0.5000000000
15488  -26.571  -57.534  14.842 0.5000000000
15511  -33.036  -57.201  12.467 0.5000000000
15529  -30.923  -57.839  11.567 0.6000000238
15531  -32.571  -56.992  11.989 0.5000000000
15549  -26.720  -57.675  10.442 0.5000000000
15564  -20.604  -57.619  9.178 0.5000000000
15567  -23.202  -57.357  9.317 0.6999999881
15571  -30.686  -57.505  8.784 0.6000000238
15580  -20.855  -56.974  8.674 0.5000000000
15584  -24.297  -57.393  8.632 0.6000000238
15600  -30.312  -57.628  7.469 0.6000000238
15614  -30.436  -57.560  6.601 0.6000000238
15616  -31.832  -57.006  6.173 0.6000000238
15630  -20.875  -57.084  5.243 0.5000000000
15631  -21.579  -57.371  5.478 0.6000000238
15636  -25.766  -56.969  5.615 0.5000000000
15638  -30.682  -57.552  5.689 0.5000000000
15639  -31.501  -57.310  5.383 0.6000000238
15654  -22.034  -58.085  5.076 0.6000000238
15673  -32.090  -57.677  2.310 0.5000000000
15685  -32.083  -57.646  1.823 0.5000000000
15692  -29.810  -58.659  1.351 0.6000000238
15693  -30.698  -58.316  1.478 0.6000000238
16391  -23.161  -57.172  18.270 0.6000000238
16448  -34.190  -56.921  12.830 0.5000000000
16449  -34.877  -56.856  12.970 0.5000000000
16450  -35.735  -56.803  13.069 0.5000000000
16451  -36.611  -56.825  13.024 0.4000000060
16460  -33.659  -56.818  12.404 0.5000000000
16475  -34.056  -56.547  11.848 0.4000000060
16499  -32.821  -56.695  11.124 0.5000000000
16500  -34.564  -56.449  10.599 0.5000000000
16526  -34.685  -56.440  9.646 0.4000000060
16552  -33.665  -56.482  8.282 0.5000000000
16553  -34.522  -56.465  8.698 0.5000000000
16570  -21.222  -56.043  7.398 0.6000000238
16573  -26.812  -56.882  6.759 0.6000000238
16576  -31.617  -56.883  7.519 0.6000000238
16600  -32.091  -56.760  6.901 0.6000000238
16613  -21.935  -57.138  6.071 0.6000000238
16630  -34.213  -56.322  4.729 0.4000000060
16639  -25.629  -56.712  4.092 0.6000000238
16642  -28.858  -56.396  2.806 0.6000000238
16652  -26.442  -56.831  3.263 0.6000000238
17401  -24.914  -55.865  18.693 0.5000000000
17448  -19.226  -55.060  12.763 0.5000000000
17518  -26.511  -55.643  4.475 0.6000000238
17532  -27.062  -55.231  3.839 0.6000000238
19247  -27.163  -53.494  18.642 0.4000000060
19249  -28.223  -52.772  18.115 0.3000000119
19259  -27.831  -54.283  17.944 0.4000000060
20163  -23.170  -52.704  18.178 0.4000000060
21088  -23.349  -51.231  18.440 0.3000000119
23957  -18.579  -47.919  12.371 0.3000000119
23970  -19.719  -48.512  11.444 0.3000000119
24918  -21.284  -46.080  13.951 0.4000000060
24931  -20.562  -46.720  12.419 0.4000000060
25862  -21.237  -45.527  14.203 0.4000000060
26720  -20.214  -44.943  14.841 0.3000000119
26731  -20.293  -45.001  14.251 0.3000000119
117356  -39.035  -62.000  4.998 0.3000000119
117475  -23.992  -57.375  7.441 0.6000000238
119404  -23.290  -65.062  8.888 0.5000000000
119444  -24.801  -61.259  5.915 0.6000000238
119556  -26.128  -55.369  18.565 0.4000000060
120159  -25.171  -58.759  2.297 0.5000000000
120509  -25.886  -60.869  6.861 0.6999999881
120791  -21.966  -56.566  6.673 0.6000000238
121365  -33.917  -59.086  12.948 0.6000000238
121434  -30.660  -63.646  3.106 0.6000000238
122295  -28.134  -65.582  5.717 0.5000000000
122450  -23.533  -55.239  18.260 0.5000000000
122479  -24.323  -56.247  18.592 0.5000000000
123165  -21.745  -59.791  13.118 0.6000000238
123174  -27.563  -60.069  7.817 0.6999999881
123933  -31.345  -57.193  9.947 0.6000000238
125411  -35.129  -56.437  11.165 0.4000000060
125414  -35.787  -61.529  4.162 0.6999999881
125415  -38.807  -61.589  6.958 0.4000000060
126682  -28.586  -59.313  8.195 0.6000000238
127297  -31.497  -58.840  12.532 0.6000000238
127514  -27.432  -52.213  18.834 0.3000000119
127595  -27.671  -68.087  6.561 0.5000000000
129494  -27.964  -59.537  5.002 0.6999999881
129957  -18.092  -59.822  13.046 0.6000000238
131384  -28.260  -59.341  6.659 0.6000000238
131732  -23.215  -58.470  17.769 0.6000000238
131982  -24.706  -55.139  18.635 0.4000000060
132119  -28.627  -63.638  10.787 0.6000000238
132650  -24.233  -58.558  17.175 0.6000000238
132751  -30.001  -57.971  1.428 0.6000000238
132829  -24.036  -61.450  6.022 0.6000000238
133038  -21.370  -56.543  8.325 0.6000000238
133455  -22.608  -44.610  16.856 0.4000000060
133490  -37.128  -61.630  3.574 0.5000000000
133595  -33.066  -56.531  7.692 0.4000000060
133827  -25.664  -57.672  9.368 0.6000000238
134474  -26.570  -60.567  7.132 0.6999999881
135240  -28.436  -60.548  1.333 0.6000000238
135579  -20.749  -56.113  6.405 0.5000000000
135899  -33.106  -61.554  7.104 0.6000000238
136215  -29.629  -58.228  5.510 0.5000000000
136258  -21.626  -48.433  17.059 0.3000000119
136487  -33.118  -56.884  12.200 0.5000000000
136572  -24.649  -61.370  7.181 0.6000000238
136641  -29.542  -60.790  12.213 0.6000000238
138634  -21.428  -58.264  10.275 0.6999999881
139283  -37.494  -59.337  13.036 0.4000000060
140195  -21.147  -56.167  7.857 0.6000000238
140454  -34.086  -61.936  3.474 0.8000000119
140662  -34.084  -56.088  4.146 0.4000000060
141396  -27.381  -61.564  0.980 0.5000000000
