#!ascii label  , from subject sub-v1s15x0050193_ses-1 vox2ras=TkReg
381
136088  25.183  -62.063  21.474 0.0000000000
15764  38.767  -61.784  19.220 0.0000000000
8572  29.377  -68.239  21.228 0.0000000000
13556  31.672  -62.667  18.672 0.0000000000
10551  34.039  -66.027  15.031 0.0000000000
8606  31.539  -68.446  18.129 0.0000000000
6302  32.024  -70.466  17.564 0.0000000000
11465  36.094  -64.372  20.687 0.0000000000
13475  32.612  -63.059  23.203 0.0000000000
10504  27.293  -65.866  20.270 0.0000000000
10537  28.832  -64.989  16.731 0.0000000000
12531  31.999  -63.824  15.732 0.0000000000
13599  36.459  -62.435  16.675 0.0000000000
10566  36.239  -65.667  13.990 0.0000000000
15683  24.040  -60.531  24.824 0.0000000000
10459  26.048  -65.162  23.808 0.0000000000
7713  27.141  -68.507  22.994 0.0000000000
14607  29.823  -61.543  22.128 0.0000000000
6289  31.861  -70.561  18.979 0.0000000000
12444  37.339  -63.559  20.628 0.0000000000
13511  35.362  -62.916  21.512 0.0000000000
9524  28.108  -67.071  20.756 0.0000000000
8608  29.345  -67.679  19.047 0.0000000000
8643  31.993  -66.997  15.706 0.0000000000
127865  31.026  -65.522  15.496 0.0000000000
11514  33.216  -64.334  14.963 0.0000000000
13600  34.047  -62.523  16.986 0.0000000000
12529  34.411  -63.538  15.331 0.0000000000
12546  37.679  -63.543  14.337 0.0000000000
9474  25.609  -66.239  24.765 0.0000000000
9481  26.773  -66.424  23.589 0.0000000000
7692  25.111  -67.950  24.260 0.0000000000
13558  29.994  -62.327  18.376 0.0000000000
13532  30.727  -62.372  20.110 0.0000000000
15721  31.641  -60.583  22.252 0.0000000000
15693  31.187  -61.691  24.155 0.0000000000
6250  31.088  -69.894  21.087 0.0000000000
8595  30.294  -68.285  19.342 0.0000000000
7756  31.884  -69.430  19.463 0.0000000000
7786  32.412  -68.896  17.473 0.0000000000
7072  33.378  -68.895  16.053 0.0000000000
12464  33.085  -63.601  19.987 0.0000000000
12449  32.129  -63.508  21.465 0.0000000000
11438  34.243  -64.351  22.149 0.0000000000
14604  33.689  -62.374  21.827 0.0000000000
15775  39.223  -60.525  17.444 0.0000000000
141882  26.228  -64.262  20.627 0.0000000000
12501  28.297  -63.663  17.512 0.0000000000
12499  30.577  -63.090  17.254 0.0000000000
9562  30.065  -66.932  16.825 0.0000000000
131379  30.320  -64.384  16.143 0.0000000000
12497  31.923  -62.713  17.615 0.0000000000
13553  34.370  -62.843  18.627 0.0000000000
123144  36.351  -63.551  19.329 0.0000000000
13550  37.954  -62.955  18.637 0.0000000000
10568  35.399  -65.628  14.549 0.0000000000
12548  36.135  -63.570  15.065 0.0000000000
13598  37.988  -62.337  16.440 0.0000000000
13578  38.916  -61.816  17.914 0.0000000000
15697  24.087  -59.778  23.231 0.0000000000
14578  24.482  -61.446  23.298 0.0000000000
12402  24.901  -63.234  24.001 0.0000000000
12415  25.381  -63.600  22.797 0.0000000000
138961  26.698  -65.402  22.323 0.0000000000
9497  27.678  -66.855  22.562 0.0000000000
7711  28.545  -68.157  22.429 0.0000000000
134041  27.304  -69.960  22.480 0.0000000000
7004  28.805  -69.754  22.297 0.0000000000
13477  30.946  -62.638  23.462 0.0000000000
14608  25.146  -61.321  21.261 0.0000000000
15724  25.177  -60.505  21.133 0.0000000000
123195  25.497  -61.058  20.633 0.0000000000
13508  38.253  -62.781  20.323 0.0000000000
14620  37.108  -62.838  20.970 0.0000000000
8581  28.777  -67.629  20.539 0.0000000000
8596  28.872  -67.553  19.677 0.0000000000
8580  29.598  -68.168  20.126 0.0000000000
9587  32.680  -66.731  15.510 0.0000000000
10552  32.700  -65.759  15.108 0.0000000000
10570  33.392  -65.005  14.730 0.0000000000
12530  33.505  -63.723  15.320 0.0000000000
11533  34.140  -64.339  14.775 0.0000000000
12562  38.221  -63.268  13.432 0.0000000000
8536  25.810  -67.135  24.301 0.0000000000
13557  30.844  -62.480  18.557 0.0000000000
13533  30.444  -62.234  19.141 0.0000000000
119802  31.366  -62.683  19.573 0.0000000000
16777  31.070  -59.968  22.761 0.0000000000
7025  31.563  -69.923  20.542 0.0000000000
122858  31.763  -70.072  20.275 0.0000000000
5590  31.584  -70.840  18.060 0.0000000000
129814  32.286  -70.159  18.404 0.0000000000
121235  32.501  -69.936  17.540 0.0000000000
7796  32.929  -68.898  16.645 0.0000000000
6312  32.668  -69.638  16.748 0.0000000000
12446  34.613  -64.378  20.796 0.0000000000
12447  33.776  -64.244  20.904 0.0000000000
11437  35.018  -64.287  21.647 0.0000000000
14622  34.506  -62.429  21.426 0.0000000000
122494  34.017  -61.655  20.845 0.0000000000
14624  32.511  -61.009  21.262 0.0000000000
10490  26.873  -65.319  20.596 0.0000000000
11455  26.482  -64.484  20.069 0.0000000000
10505  26.963  -65.186  19.670 0.0000000000
12500  29.169  -63.374  17.306 0.0000000000
12518  29.810  -63.767  16.759 0.0000000000
7776  31.002  -68.350  18.683 0.0000000000
8607  29.975  -67.740  18.346 0.0000000000
8621  30.701  -67.727  17.602 0.0000000000
11516  31.551  -64.555  15.472 0.0000000000
125599  30.819  -64.893  15.589 0.0000000000
11499  31.116  -64.158  15.917 0.0000000000
12498  31.360  -63.020  17.079 0.0000000000
12516  32.208  -63.061  16.725 0.0000000000
13554  33.246  -62.703  18.306 0.0000000000
13583  33.402  -62.577  17.473 0.0000000000
123764  34.912  -62.441  16.981 0.0000000000
13552  35.496  -62.773  18.495 0.0000000000
13581  35.784  -62.364  17.529 0.0000000000
12475  37.403  -63.477  19.360 0.0000000000
13580  37.043  -62.382  17.608 0.0000000000
9646  32.871  -67.358  11.264 0.0000000000
10580  36.275  -65.414  13.537 0.0000000000
9631  35.343  -66.300  13.060 0.0000000000
9605  35.867  -66.139  14.068 0.0000000000
10567  35.944  -65.797  14.189 0.0000000000
11531  35.920  -64.955  14.430 0.0000000000
11530  36.608  -64.680  14.219 0.0000000000
13615  38.918  -62.207  15.307 0.0000000000
13616  37.758  -62.696  15.560 0.0000000000
13597  38.620  -62.155  15.976 0.0000000000
123381  38.614  -61.872  16.975 0.0000000000
121923  39.204  -61.518  16.775 0.0000000000
15684  23.756  -59.628  24.673 0.0000000000
15698  23.909  -60.033  24.092 0.0000000000
122226  24.369  -60.609  22.863 0.0000000000
128545  24.194  -60.778  23.855 0.0000000000
11405  25.415  -64.648  24.647 0.0000000000
12394  24.889  -63.543  24.670 0.0000000000
12393  25.266  -64.075  24.256 0.0000000000
13459  24.964  -62.934  23.172 0.0000000000
11425  25.818  -64.321  22.614 0.0000000000
11440  26.047  -64.368  21.993 0.0000000000
11418  26.092  -64.907  23.121 0.0000000000
8543  27.323  -67.101  23.240 0.0000000000
9498  27.167  -66.419  23.058 0.0000000000
8557  27.939  -67.577  22.766 0.0000000000
8556  28.347  -67.566  22.283 0.0000000000
129033  27.943  -68.276  22.797 0.0000000000
5520  26.243  -71.302  22.580 0.0000000000
127024  27.160  -70.971  22.456 0.0000000000
6238  28.109  -70.487  22.361 0.0000000000
12414  32.806  -63.574  22.824 0.0000000000
12431  32.184  -63.483  22.505 0.0000000000
12400  32.122  -63.173  23.401 0.0000000000
15679  30.670  -61.632  24.403 0.0000000000
12445  36.579  -64.130  20.938 0.0000000000
12427  36.196  -64.149  21.305 0.0000000000
9540  27.738  -66.475  20.036 0.0000000000
122359  27.430  -65.831  19.370 0.0000000000
9551  27.903  -66.500  19.103 0.0000000000
9564  28.741  -66.296  17.460 0.0000000000
8632  31.978  -67.651  16.246 0.0000000000
8633  30.939  -67.327  16.529 0.0000000000
9588  31.636  -66.156  15.457 0.0000000000
10553  31.620  -65.231  15.270 0.0000000000
130626  32.757  -63.953  15.328 0.0000000000
13601  33.152  -62.801  16.768 0.0000000000
12515  33.761  -63.119  16.078 0.0000000000
12514  34.638  -62.874  16.186 0.0000000000
12513  35.519  -62.622  16.441 0.0000000000
11529  37.195  -64.331  14.062 0.0000000000
12563  37.661  -63.775  13.780 0.0000000000
12545  38.297  -63.183  14.118 0.0000000000
10446  25.726  -65.275  24.547 0.0000000000
10445  26.290  -65.850  24.048 0.0000000000
8535  26.281  -66.504  24.093 0.0000000000
8544  26.581  -67.106  23.775 0.0000000000
8545  25.909  -67.907  23.758 0.0000000000
119886  30.126  -61.886  19.656 0.0000000000
14606  30.331  -62.005  21.658 0.0000000000
15709  32.060  -61.537  22.961 0.0000000000
14575  31.712  -62.112  23.779 0.0000000000
15710  31.384  -61.096  23.622 0.0000000000
130068  30.761  -60.407  24.249 0.0000000000
7728  30.591  -69.432  21.169 0.0000000000
7758  30.506  -68.756  20.125 0.0000000000
7026  31.043  -69.426  20.517 0.0000000000
7757  31.259  -68.969  19.613 0.0000000000
7775  31.889  -68.962  18.842 0.0000000000
7052  32.117  -69.459  19.085 0.0000000000
7787  32.050  -68.830  18.059 0.0000000000
8619  32.483  -68.444  16.802 0.0000000000
8642  32.939  -67.636  15.853 0.0000000000
13531  32.228  -63.096  19.507 0.0000000000
12465  32.070  -63.296  20.383 0.0000000000
12448  32.842  -63.912  21.018 0.0000000000
11423  33.579  -64.135  22.441 0.0000000000
13474  33.299  -63.428  22.768 0.0000000000
13491  35.466  -63.742  21.728 0.0000000000
13492  34.522  -63.329  22.127 0.0000000000
14587  33.126  -62.781  22.826 0.0000000000
14605  32.746  -61.834  22.221 0.0000000000
15735  31.967  -60.302  21.099 0.0000000000
134714  38.711  -61.145  18.370 0.0000000000
12451  25.704  -63.339  20.953 0.0000000000
13515  25.714  -62.624  20.327 0.0000000000
12450  26.016  -63.628  20.281 0.0000000000
13586  30.363  -62.655  17.839 0.0000000000
13585  31.203  -62.644  17.856 0.0000000000
9563  29.319  -66.593  17.111 0.0000000000
9572  30.390  -66.503  16.119 0.0000000000
10535  30.110  -65.739  15.948 0.0000000000
11500  29.545  -64.630  16.413 0.0000000000
123205  30.755  -63.624  16.575 0.0000000000
12479  32.724  -63.092  19.008 0.0000000000
12478  33.608  -63.318  19.261 0.0000000000
12477  34.488  -63.584  19.524 0.0000000000
128312  33.941  -62.482  17.846 0.0000000000
12476  35.322  -63.549  19.364 0.0000000000
12462  36.032  -64.137  20.026 0.0000000000
12461  36.873  -63.983  20.212 0.0000000000
134630  38.066  -63.303  19.378 0.0000000000
13549  38.664  -62.695  19.419 0.0000000000
7800  33.863  -68.334  15.408 0.0000000000
9633  34.141  -66.889  12.043 0.0000000000
133140  35.152  -66.933  14.844 0.0000000000
10550  34.993  -66.340  14.867 0.0000000000
11532  35.034  -64.764  14.611 0.0000000000
12549  35.243  -64.024  14.761 0.0000000000
13618  36.218  -62.883  15.796 0.0000000000
12527  37.540  -63.195  14.909 0.0000000000
13617  37.085  -62.581  16.058 0.0000000000
141648  37.339  -62.341  16.826 0.0000000000
13579  38.213  -62.249  17.612 0.0000000000
133391  38.630  -62.537  18.735 0.0000000000
14654  38.874  -62.187  18.964 0.0000000000
121979  38.864  -61.570  18.181 0.0000000000
17800  24.296  -58.194  22.842 0.0000000000
16770  23.968  -58.852  23.376 0.0000000000
16779  24.325  -58.988  22.541 0.0000000000
15713  24.445  -59.823  22.300 0.0000000000
14592  24.621  -61.218  22.452 0.0000000000
14591  24.901  -61.718  21.965 0.0000000000
12385  24.535  -63.013  25.877 0.0000000000
13444  24.514  -62.017  24.618 0.0000000000
13460  24.641  -62.308  23.784 0.0000000000
13478  25.135  -62.680  22.175 0.0000000000
12432  26.015  -64.141  21.193 0.0000000000
132806  26.487  -64.788  20.977 0.0000000000
10477  26.897  -65.532  21.569 0.0000000000
10458  26.619  -65.653  23.166 0.0000000000
10471  27.127  -66.043  22.467 0.0000000000
9525  27.596  -66.453  20.913 0.0000000000
9513  28.007  -66.967  21.727 0.0000000000
8573  28.652  -67.613  21.564 0.0000000000
7729  29.055  -68.213  22.001 0.0000000000
120449  28.420  -68.918  22.480 0.0000000000
7710  29.238  -68.940  22.149 0.0000000000
138890  29.772  -69.359  21.836 0.0000000000
13512  31.431  -62.905  20.750 0.0000000000
13513  30.835  -62.512  21.214 0.0000000000
14589  30.365  -62.201  22.893 0.0000000000
13457  31.499  -62.701  23.737 0.0000000000
14576  30.451  -62.153  23.813 0.0000000000
5558  31.424  -70.973  19.503 0.0000000000
6251  30.813  -70.280  21.357 0.0000000000
6313  32.066  -70.411  16.675 0.0000000000
7003  29.632  -69.838  22.019 0.0000000000
7005  27.595  -69.107  22.648 0.0000000000
7035  32.039  -69.818  19.650 0.0000000000
7051  32.273  -69.710  18.885 0.0000000000
7064  32.517  -69.312  17.393 0.0000000000
7073  32.916  -69.169  16.601 0.0000000000
7700  26.837  -67.849  23.422 0.0000000000
7712  27.532  -67.813  23.109 0.0000000000
7739  31.684  -69.653  20.013 0.0000000000
7740  30.219  -68.827  20.873 0.0000000000
7774  32.256  -69.280  18.331 0.0000000000
7795  33.408  -68.465  15.934 0.0000000000
8620  31.791  -68.204  17.278 0.0000000000
8622  29.762  -67.237  17.541 0.0000000000
8631  32.869  -68.267  16.328 0.0000000000
8662  34.900  -67.417  14.880 0.0000000000
8694  33.489  -67.382  11.921 0.0000000000
9514  27.429  -66.297  21.730 0.0000000000
9539  28.286  -67.066  19.837 0.0000000000
9571  31.193  -66.802  15.845 0.0000000000
9573  29.662  -66.143  16.432 0.0000000000
9586  33.676  -66.724  15.383 0.0000000000
9589  30.747  -66.036  15.672 0.0000000000
9615  35.600  -66.610  14.086 0.0000000000
10438  25.318  -65.500  25.137 0.0000000000
10489  27.217  -65.900  21.016 0.0000000000
10527  28.986  -65.791  16.797 0.0000000000
10536  29.513  -65.397  16.337 0.0000000000
10554  30.524  -65.423  15.692 0.0000000000
10569  34.502  -65.288  14.678 0.0000000000
10581  35.686  -66.285  13.657 0.0000000000
10595  35.763  -65.767  13.032 0.0000000000
11424  26.314  -64.916  22.513 0.0000000000
11435  36.051  -64.390  21.134 0.0000000000
11436  35.698  -64.322  21.351 0.0000000000
11439  26.437  -64.848  21.781 0.0000000000
11452  35.382  -64.471  21.102 0.0000000000
11453  34.465  -64.412  21.467 0.0000000000
11454  33.632  -64.358  21.810 0.0000000000
11466  35.201  -64.220  20.269 0.0000000000
11515  32.404  -64.664  15.092 0.0000000000
11517  30.081  -65.064  15.895 0.0000000000
11545  37.101  -64.410  13.600 0.0000000000
11546  36.618  -65.022  13.900 0.0000000000
12401  25.225  -63.648  23.539 0.0000000000
12412  34.025  -64.145  22.505 0.0000000000
12413  33.582  -63.865  22.634 0.0000000000
12428  35.570  -64.122  21.582 0.0000000000
12429  34.642  -64.079  22.099 0.0000000000
12430  32.859  -64.019  22.123 0.0000000000
12433  25.620  -63.599  21.848 0.0000000000
12459  38.377  -63.145  19.733 0.0000000000
12460  37.804  -63.549  19.969 0.0000000000
12463  34.125  -63.927  20.162 0.0000000000
12517  31.481  -63.511  16.421 0.0000000000
12519  28.919  -64.163  16.913 0.0000000000
12528  36.951  -63.107  15.302 0.0000000000
12547  36.950  -63.813  14.597 0.0000000000
12574  37.562  -63.797  13.138 0.0000000000
13443  31.087  -62.157  24.128 0.0000000000
13458  30.919  -62.374  23.956 0.0000000000
13473  33.979  -63.822  22.629 0.0000000000
13476  31.595  -63.149  23.098 0.0000000000
13479  24.744  -62.071  22.801 0.0000000000
13490  36.161  -63.889  21.475 0.0000000000
13493  33.737  -63.255  22.601 0.0000000000
13494  31.494  -63.078  21.936 0.0000000000
13495  30.907  -62.672  22.444 0.0000000000
13496  25.422  -62.698  21.243 0.0000000000
13509  37.740  -63.104  20.761 0.0000000000
13510  36.274  -63.367  21.368 0.0000000000
13529  38.553  -62.761  19.978 0.0000000000
13530  38.118  -63.134  20.331 0.0000000000
13551  36.646  -62.787  18.433 0.0000000000
13555  32.290  -62.666  18.271 0.0000000000
13582  34.730  -62.414  17.760 0.0000000000
13584  32.691  -62.669  17.527 0.0000000000
13632  38.243  -62.780  14.920 0.0000000000
14562  30.531  -61.953  24.207 0.0000000000
14564  24.312  -61.311  24.643 0.0000000000
14574  32.057  -62.762  23.578 0.0000000000
14588  32.419  -62.408  23.252 0.0000000000
14609  24.827  -60.864  21.717 0.0000000000
14623  33.155  -61.391  21.026 0.0000000000
14637  38.538  -62.294  19.931 0.0000000000
14640  30.237  -61.890  20.520 0.0000000000
15720  32.164  -61.050  21.914 0.0000000000
16771  23.810  -59.408  23.932 0.0000000000
17801  23.955  -58.082  23.636 0.0000000000
117889  24.668  -62.808  24.624 0.0000000000
118625  25.639  -64.365  23.471 0.0000000000
119224  25.418  -61.894  20.798 0.0000000000
121405  35.336  -63.243  15.548 0.0000000000
121478  32.889  -63.373  15.967 0.0000000000
121813  36.335  -65.339  14.096 0.0000000000
123162  29.853  -68.948  21.604 0.0000000000
124182  25.665  -64.714  24.171 0.0000000000
124941  24.678  -63.298  25.277 0.0000000000
130484  29.914  -63.103  17.391 0.0000000000
131699  23.681  -58.731  24.356 0.0000000000
132639  38.708  -62.359  19.580 0.0000000000
133957  36.002  -65.873  13.738 0.0000000000
135491  24.585  -60.497  22.145 0.0000000000
135942  32.170  -63.354  23.084 0.0000000000
136202  32.365  -69.629  18.161 0.0000000000
137387  38.429  -63.040  19.181 0.0000000000
137941  24.409  -61.586  24.039 0.0000000000
138190  36.195  -64.201  14.596 0.0000000000
138855  32.539  -63.461  20.199 0.0000000000
139583  28.039  -69.637  22.450 0.0000000000
139869  32.204  -62.851  18.858 0.0000000000
140346  31.765  -62.594  18.091 0.0000000000
141675  31.802  -69.887  20.150 0.0000000000
