#!ascii label  , from subject sub-v1s15x0050189_ses-1 vox2ras=TkReg
1440
4950  15.040  -74.943  0.341 0.6999999881
129807  14.566  -74.857  0.658 0.8000000119
4951  13.974  -75.364  0.575 0.8000000119
118272  13.823  -76.754  0.149 0.6999999881
4477  15.406  -75.902  -0.756 0.6000000238
4960  14.690  -75.343  -0.506 0.6000000238
132219  15.692  -76.601  -1.280 0.6000000238
5418  14.550  -75.147  1.452 0.8000000119
118277  14.233  -76.419  1.177 0.6999999881
119422  14.923  -78.690  2.159 0.6999999881
118268  14.186  -80.332  2.639 0.6999999881
4959  15.549  -75.480  -0.031 0.6000000238
5432  15.272  -74.729  1.073 0.6999999881
119263  14.520  -78.484  0.757 0.6999999881
4013  16.364  -77.815  -2.926 0.6000000238
4023  15.879  -77.204  -3.793 0.6000000238
3610  17.119  -79.013  -6.052 0.6000000238
3596  16.520  -78.446  -5.513 0.6000000238
4920  14.857  -76.277  3.644 0.8000000119
4441  14.616  -77.929  3.754 0.8000000119
119523  14.288  -78.387  3.971 0.6999999881
119446  13.530  -78.004  4.034 0.6999999881
121689  12.595  -77.357  3.478 0.6999999881
5410  15.263  -75.452  2.834 0.8000000119
119730  14.957  -77.546  3.212 0.6999999881
137076  13.873  -79.614  3.666 0.6999999881
5417  15.547  -74.609  1.858 0.6999999881
4931  14.687  -76.353  2.094 0.8000000119
119918  14.649  -79.001  3.423 0.6999999881
4949  15.887  -74.976  0.885 0.6999999881
128950  16.244  -77.165  -1.048 0.6999999881
134760  16.804  -78.173  -2.032 0.6000000238
4483  16.083  -77.405  -1.889 0.6000000238
4039  16.791  -78.017  -5.134 0.6000000238
4022  16.461  -77.740  -3.906 0.6000000238
2106  16.837  -82.103  -6.055 0.6999999881
126469  16.389  -81.507  -6.165 0.6000000238
2085  16.562  -82.712  -4.988 0.5000000000
2096  16.207  -82.632  -5.441 0.6000000238
1774  16.289  -83.029  -4.007 0.5000000000
4901  14.254  -75.423  4.316 0.8999999762
120269  14.263  -77.099  4.223 0.8000000119
4420  13.459  -76.552  4.550 0.6999999881
5395  15.608  -75.081  3.445 0.6999999881
4421  12.482  -76.554  4.143 0.6999999881
4938  16.362  -74.812  1.693 0.8000000119
5416  16.084  -74.594  2.096 0.8000000119
4460  16.649  -75.612  1.255 0.8000000119
3992  17.232  -77.549  0.320 0.6999999881
4470  16.291  -75.995  0.425 0.6999999881
3999  16.675  -77.364  -0.441 0.8000000119
4012  17.016  -78.373  -2.771 0.6999999881
4031  16.941  -77.976  -4.545 0.6999999881
3595  17.364  -78.453  -5.602 0.6000000238
134287  17.164  -81.520  -6.340 0.6999999881
2095  17.282  -82.362  -5.746 0.6999999881
5373  15.456  -75.086  4.138 0.8999999762
4902  13.515  -75.874  4.883 0.8000000119
4410  12.660  -75.768  5.332 0.6999999881
5408  16.224  -74.791  2.885 0.8000000119
5394  16.027  -74.891  3.578 0.8000000119
4930  16.576  -74.892  2.439 0.6999999881
4459  17.264  -76.425  1.699 0.6000000238
4469  16.944  -76.653  0.847 0.8000000119
3998  17.246  -78.019  -0.497 0.8000000119
134137  17.645  -78.688  -2.259 0.8000000119
3577  17.690  -78.353  -4.241 0.6999999881
3609  18.075  -78.889  -6.063 0.8000000119
129811  17.551  -78.149  -5.048 0.6999999881
3189  18.656  -79.590  -6.459 0.8000000119
2094  18.122  -82.434  -5.583 0.6999999881
2427  17.989  -81.446  -6.436 0.6999999881
3190  17.709  -79.685  -6.373 0.6999999881
2084  17.299  -82.429  -4.766 0.6999999881
2105  17.694  -82.083  -6.204 0.6999999881
10739  7.611  -65.079  1.470 0.6000000238
11447  7.592  -64.409  2.050 0.6000000238
139975  5.935  -63.474  2.021 0.6000000238
12169  5.528  -62.996  1.544 0.6999999881
135040  14.764  -74.592  4.999 0.8999999762
4888  13.165  -75.417  5.935 0.6999999881
4929  17.144  -75.598  2.978 0.6000000238
3981  17.571  -77.343  1.248 0.6000000238
3545  17.725  -78.179  0.068 0.6999999881
3560  18.234  -78.814  -1.402 0.6999999881
3554  17.961  -78.469  -0.580 0.6999999881
6964  14.119  -71.428  5.315 0.6999999881
6404  13.226  -71.808  4.081 0.6999999881
145324  18.117  -79.030  -2.951 0.8000000119
4005  17.405  -78.355  -1.308 0.8000000119
7537  14.053  -70.530  5.091 0.6000000238
7546  13.427  -70.466  4.501 0.6000000238
7547  12.827  -70.428  4.032 0.6999999881
3567  17.549  -78.634  -3.207 0.6999999881
8149  12.296  -69.711  4.427 0.5000000000
8160  11.520  -69.821  3.990 0.6999999881
3608  19.042  -78.879  -6.204 0.8000000119
3588  18.265  -78.317  -4.982 0.8000000119
8137  13.739  -69.835  5.085 0.5000000000
8800  12.018  -68.969  5.216 0.5000000000
2104  18.476  -82.094  -6.339 0.6999999881
8786  12.650  -68.390  5.843 0.5000000000
9409  12.617  -67.410  6.079 0.6000000238
9416  11.332  -67.653  5.069 0.5000000000
9417  10.884  -67.378  4.445 0.6000000238
8819  10.619  -68.067  3.770 0.6999999881
10056  9.764  -66.758  2.737 0.6999999881
10043  10.705  -66.434  4.356 0.5000000000
9432  10.515  -67.230  3.803 0.6000000238
10724  8.878  -65.579  2.480 0.6000000238
10042  11.345  -66.752  5.015 0.6000000238
133682  9.650  -66.114  3.229 0.6000000238
10710  9.377  -65.354  3.137 0.6000000238
133227  11.370  -65.954  4.928 0.5000000000
10709  10.167  -65.633  3.821 0.5000000000
122966  8.380  -64.191  2.354 0.6000000238
12168  6.462  -63.430  2.132 0.6000000238
12151  5.966  -62.668  2.109 0.6999999881
14292  4.762  -60.693  1.910 0.6000000238
13601  3.912  -61.294  1.938 0.6999999881
129995  9.054  -63.895  2.796 0.6000000238
12150  8.030  -63.576  2.082 0.6000000238
12166  7.092  -62.898  2.079 0.6999999881
143927  5.659  -60.635  1.492 0.5000000000
4887  13.732  -75.078  5.659 0.8999999762
5407  16.732  -75.154  3.362 0.6000000238
5393  16.388  -75.035  3.974 0.6999999881
5357  13.405  -74.892  6.186 0.8000000119
5375  11.671  -75.137  4.930 0.6999999881
5832  12.954  -74.404  6.076 0.6999999881
5831  13.780  -74.255  6.220 0.8000000119
3991  17.949  -78.040  0.779 0.6999999881
6373  14.217  -72.356  5.723 0.8000000119
6391  13.640  -72.132  5.031 0.6000000238
6963  14.609  -71.642  5.881 0.6999999881
140058  14.648  -70.816  5.768 0.6000000238
3587  19.016  -78.391  -5.010 0.8000000119
3575  19.182  -78.748  -4.387 0.8000000119
3188  19.506  -79.545  -6.492 0.8000000119
8136  14.521  -69.850  5.937 0.5000000000
2773  19.261  -80.566  -6.662 0.8000000119
8138  13.027  -69.212  5.270 0.5000000000
8774  14.051  -68.179  6.630 0.5000000000
9408  13.340  -67.767  6.362 0.6000000238
139632  13.357  -68.540  6.060 0.6000000238
10031  12.862  -66.385  5.912 0.6000000238
10041  12.103  -66.019  5.410 0.6000000238
144949  4.961  -59.602  3.067 0.5000000000
128889  9.938  -64.775  3.669 0.5000000000
14278  4.604  -60.022  2.776 0.5000000000
137315  4.093  -60.788  2.485 0.6000000238
11433  9.504  -64.300  3.239 0.6000000238
127150  8.263  -62.732  1.984 0.6999999881
123614  6.084  -61.974  0.908 0.6999999881
11432  10.447  -63.782  3.725 0.6000000238
142436  6.740  -62.158  1.505 0.6000000238
12136  9.983  -62.934  3.280 0.6999999881
12888  7.946  -62.034  1.599 0.6000000238
13598  7.376  -61.347  0.905 0.5000000000
5372  15.899  -74.687  4.739 0.6999999881
5355  15.304  -74.126  5.715 0.6999999881
5356  14.221  -74.380  6.098 0.8000000119
5830  14.774  -73.708  6.308 0.6999999881
6372  14.866  -72.312  6.278 0.6999999881
121875  14.454  -73.211  6.141 0.6999999881
14258  6.330  -60.868  4.172 0.5000000000
10030  13.932  -66.374  5.850 0.5000000000
121347  13.370  -66.977  6.280 0.6000000238
14267  5.566  -60.220  3.471 0.5000000000
10680  13.699  -65.592  5.178 0.5000000000
10679  14.649  -65.686  5.253 0.5000000000
142751  12.819  -65.848  5.433 0.6000000238
10690  10.999  -65.354  4.571 0.6000000238
14291  6.230  -60.111  1.498 0.5000000000
10687  13.916  -64.519  4.561 0.5000000000
10688  12.873  -65.307  4.922 0.6000000238
11431  11.520  -63.449  4.163 0.6000000238
12121  12.626  -63.298  4.188 0.6000000238
5371  16.727  -74.816  4.977 0.6999999881
5354  16.212  -74.246  5.645 0.6999999881
5829  15.671  -73.637  6.288 0.6999999881
12861  9.950  -61.833  2.848 0.5000000000
10686  14.713  -64.934  4.556 0.5000000000
13612  8.232  -61.179  1.008 0.5000000000
12120  13.387  -63.360  4.106 0.5000000000
12134  12.274  -62.440  3.890 0.5000000000
12135  11.290  -62.460  3.830 0.5000000000
12874  8.968  -62.024  2.155 0.5000000000
14277  10.138  -60.751  1.846 0.5000000000
14289  9.518  -60.724  1.215 0.5000000000
12858  12.417  -62.080  3.385 0.5000000000
13585  10.672  -60.747  1.785 0.5000000000
138921  8.961  -60.991  1.214 0.5000000000
12133  13.102  -62.824  3.836 0.5000000000
12872  11.834  -61.255  2.995 0.5000000000
12860  11.134  -61.632  3.348 0.5000000000
11407  14.279  -64.211  4.209 0.5000000000
132875  11.031  -60.962  1.324 0.5000000000
12103  6.868  -62.987  5.875 0.6000000238
12834  5.839  -62.786  5.195 0.6000000238
13553  7.200  -61.915  5.151 0.5000000000
12095  7.437  -63.110  6.436 0.6999999881
12096  6.516  -63.404  6.547 0.6000000238
12105  5.150  -63.231  5.911 0.6000000238
11386  5.518  -64.666  7.284 0.6999999881
11368  7.955  -64.078  7.451 0.6000000238
12081  7.080  -63.835  7.208 0.6999999881
145058  5.344  -64.131  6.898 0.6999999881
138587  5.094  -64.507  6.801 0.6999999881
10657  6.436  -65.964  7.809 0.8000000119
12079  8.648  -63.587  7.226 0.5000000000
12094  8.259  -62.970  6.696 0.5000000000
11370  5.923  -64.773  7.718 0.8000000119
135641  7.346  -64.480  7.655 0.6000000238
9373  7.871  -68.057  8.169 0.6999999881
12078  9.521  -63.562  7.425 0.5000000000
12093  9.045  -62.880  6.904 0.5000000000
9992  7.804  -66.912  7.901 0.6999999881
9998  7.206  -66.811  7.718 0.6999999881
11361  7.107  -65.157  7.894 0.6999999881
11360  8.011  -64.914  7.851 0.6999999881
9365  7.785  -68.592  9.814 0.6999999881
9991  8.580  -67.845  8.689 0.6999999881
11366  9.423  -64.349  7.703 0.6000000238
10649  8.523  -65.741  8.056 0.8000000119
13521  5.939  -61.158  9.997 0.6999999881
12782  6.222  -62.657  11.592 0.8000000119
11356  12.398  -64.232  8.970 0.4000000060
9353  7.649  -68.047  11.051 0.6999999881
12071  11.583  -64.080  8.465 0.5000000000
11365  10.177  -64.174  7.845 0.6000000238
11358  9.917  -65.023  8.090 0.6000000238
10642  8.274  -66.535  8.071 0.6999999881
10648  9.447  -65.827  8.351 0.8000000119
10641  9.126  -66.602  8.503 0.8000000119
20225  4.456  -52.603  9.283 0.5000000000
19452  5.119  -52.688  9.226 0.5000000000
19451  6.251  -53.472  9.240 0.5000000000
16545  5.522  -57.347  5.374 0.5000000000
15750  6.444  -58.640  8.150 0.6000000238
16517  6.458  -57.820  7.112 0.6000000238
16546  4.832  -57.086  5.142 0.6000000238
17298  4.611  -56.218  6.151 0.6000000238
14947  5.966  -59.332  8.551 0.6999999881
15762  6.004  -58.268  7.422 0.6999999881
14932  5.654  -60.090  9.117 0.6999999881
14948  4.966  -59.697  8.485 0.6999999881
9954  7.770  -66.761  12.261 0.6999999881
11325  7.476  -65.143  12.937 0.6999999881
11341  7.026  -64.174  12.461 0.8000000119
11357  11.836  -64.921  8.887 0.5000000000
10646  11.265  -65.487  8.977 0.6000000238
9352  8.656  -68.041  10.380 0.8000000119
10640  9.909  -66.658  8.998 0.6999999881
9982  9.315  -67.339  10.569 0.8000000119
9990  9.187  -67.492  9.132 0.8000000119
21050  3.260  -51.786  8.206 0.5000000000
20242  3.872  -52.190  8.809 0.6000000238
21049  4.401  -51.892  8.612 0.5000000000
120721  6.523  -53.847  8.232 0.6000000238
19461  5.770  -53.822  6.689 0.5000000000
17297  6.090  -56.819  4.836 0.5000000000
17321  5.500  -56.281  3.996 0.5000000000
16508  7.332  -57.641  7.575 0.6000000238
18059  4.932  -55.978  3.924 0.6000000238
17312  4.469  -56.928  5.172 0.6999999881
122448  5.114  -54.936  6.263 0.6000000238
14946  6.939  -59.038  8.782 0.6000000238
14931  6.582  -59.751  9.245 0.6999999881
14958  4.722  -59.133  7.660 0.6999999881
15763  5.093  -58.468  7.050 0.6999999881
16547  4.480  -57.608  5.915 0.8000000119
18045  4.125  -56.297  5.021 0.6999999881
14190  7.185  -60.213  9.859 0.6999999881
14199  6.236  -60.503  9.626 0.6999999881
137265  7.290  -60.849  10.271 0.6999999881
13510  6.689  -61.446  10.473 0.8000000119
12781  7.678  -62.674  11.588 0.8000000119
125173  6.921  -62.902  11.754 0.8000000119
10638  11.805  -65.520  9.747 0.5000000000
11337  10.735  -65.258  12.103 0.6000000238
133421  8.394  -66.325  12.210 0.8000000119
11340  7.908  -64.405  12.440 0.8000000119
10639  11.032  -66.064  9.617 0.6000000238
140734  10.961  -66.108  10.984 0.6999999881
9967  9.144  -66.626  11.564 0.8000000119
9980  10.572  -66.484  10.585 0.6999999881
9981  9.794  -66.804  10.862 0.6999999881
135759  9.557  -67.191  9.378 0.8000000119
21891  2.997  -51.029  8.112 0.4000000060
21063  3.815  -51.159  8.185 0.5000000000
20241  5.806  -52.059  9.426 0.4000000060
130108  6.241  -53.039  9.225 0.5000000000
16528  6.581  -57.279  6.235 0.5000000000
18058  5.551  -55.597  3.916 0.6000000238
18748  5.211  -55.280  4.105 0.6000000238
18723  4.899  -54.163  5.527 0.6000000238
15748  8.058  -57.975  8.501 0.6000000238
18044  4.597  -55.717  4.500 0.6999999881
18032  4.343  -55.244  5.256 0.6999999881
15739  7.793  -58.705  9.006 0.6000000238
12791  7.251  -62.005  10.975 0.8000000119
12051  10.133  -64.222  12.252 0.6999999881
135736  10.070  -65.710  12.081 0.6999999881
11339  8.817  -64.722  12.389 0.8000000119
12052  8.451  -63.579  12.081 0.8000000119
10622  10.598  -65.978  11.492 0.6999999881
21907  3.770  -50.352  8.237 0.4000000060
22764  3.150  -50.061  8.467 0.4000000060
23680  2.624  -49.601  8.992 0.4000000060
21048  5.358  -51.194  9.075 0.5000000000
21906  4.400  -50.455  8.200 0.4000000060
23659  3.017  -48.503  9.480 0.5000000000
19450  6.705  -53.321  7.932 0.5000000000
19475  5.944  -52.962  5.266 0.5000000000
19476  5.515  -53.462  5.683 0.5000000000
20270  6.787  -52.472  5.484 0.5000000000
18735  4.778  -54.622  4.810 0.6999999881
14912  7.950  -59.773  9.927 0.6000000238
13499  8.211  -61.929  11.072 0.8000000119
123099  10.355  -63.242  12.016 0.6000000238
124483  9.421  -63.353  11.931 0.6000000238
13498  9.144  -61.816  11.271 0.6999999881
13508  8.644  -61.111  10.825 0.6999999881
143273  9.308  -64.152  12.238 0.6999999881
24632  3.178  -47.115  10.393 0.3000000119
21905  4.873  -49.884  8.168 0.4000000060
22780  4.496  -49.726  8.143 0.3000000119
22763  3.996  -49.483  8.267 0.4000000060
23679  3.499  -49.044  8.746 0.4000000060
24660  3.937  -48.034  8.898 0.4000000060
24641  3.595  -47.433  9.750 0.5000000000
21031  6.224  -51.047  9.655 0.4000000060
25528  4.194  -46.614  9.683 0.3000000119
20240  6.730  -52.605  8.880 0.4000000060
20286  6.824  -52.791  4.555 0.5000000000
20256  7.048  -52.811  7.530 0.4000000060
19505  6.799  -53.613  3.880 0.6000000238
21047  6.751  -51.771  9.483 0.4000000060
20285  7.810  -52.262  4.724 0.4000000060
139040  6.994  -52.513  6.455 0.5000000000
13509  7.708  -61.290  10.645 0.6999999881
12780  8.745  -62.617  11.580 0.6999999881
24642  2.902  -47.790  10.042 0.4000000060
24640  4.262  -47.253  9.184 0.4000000060
26477  4.717  -45.873  9.573 0.3000000119
21870  5.828  -50.339  9.445 0.3000000119
20239  7.412  -52.403  8.511 0.4000000060
20269  7.475  -52.293  5.902 0.4000000060
20255  7.724  -52.439  7.175 0.4000000060
23699  4.762  -48.949  7.873 0.3000000119
24680  4.816  -48.085  7.807 0.3000000119
24659  4.581  -47.528  8.497 0.4000000060
25527  4.831  -46.633  8.922 0.3000000119
22779  5.139  -49.182  7.770 0.3000000119
20238  8.090  -52.215  8.418 0.3000000119
21030  7.060  -50.913  9.963 0.3000000119
24658  5.122  -47.147  8.015 0.3000000119
25545  5.610  -46.231  8.418 0.3000000119
24679  5.467  -47.723  7.397 0.3000000119
21868  7.526  -50.105  10.310 0.3000000119
21029  7.972  -50.855  9.986 0.3000000119
21045  8.379  -51.613  9.300 0.3000000119
26478  4.054  -45.886  10.194 0.3000000119
127244  5.429  -48.522  7.315 0.3000000119
24695  5.926  -47.730  6.889 0.3000000119
135527  7.932  -49.442  10.057 0.3000000119
8150  11.429  -69.261  4.501 0.6000000238
8818  10.877  -68.788  4.260 0.6999999881
8162  10.444  -69.003  3.554 0.6999999881
9433  10.166  -67.588  3.058 0.6999999881
19460  6.290  -52.964  6.367 0.4000000060
19492  5.241  -53.630  5.078 0.6000000238
26500  5.219  -45.840  9.065 0.3000000119
5439  14.169  -74.937  0.019 0.6999999881
131726  12.615  -80.937  3.023 0.6999999881
3993  16.617  -76.873  0.155 0.8000000119
140271  16.712  -80.829  -6.360 0.6000000238
2775  17.421  -80.644  -6.457 0.6999999881
4937  16.960  -75.440  2.072 0.6000000238
5358  12.753  -75.050  6.159 0.6999999881
3576  18.521  -78.616  -4.310 0.8000000119
2774  18.313  -80.563  -6.534 0.6999999881
2426  18.831  -81.483  -6.611 0.8000000119
120587  4.813  -61.768  1.456 0.6999999881
8801  11.346  -68.521  4.934 0.5000000000
125187  9.292  -66.083  2.594 0.6000000238
13574  3.484  -61.492  3.218 0.6000000238
12149  8.921  -63.037  2.465 0.6999999881
5847  13.584  -73.324  5.663 0.8000000119
8785  13.905  -69.087  5.979 0.6000000238
10689  11.911  -65.167  4.995 0.6000000238
9968  8.344  -67.241  11.541 0.8000000119
1234  13.589  -85.980  1.531 0.4000000060
1224  14.491  -85.108  2.960 0.4000000060
1232  15.023  -85.147  0.102 0.3000000119
1240  13.471  -85.868  0.418 0.4000000060
1011  13.471  -86.762  1.269 0.4000000060
1229  14.566  -85.648  3.175 0.4000000060
1518  17.588  -83.326  1.190 0.4000000060
1751  16.736  -83.632  1.647 0.5000000000
1519  17.067  -84.188  0.925 0.3000000119
131678  16.287  -84.207  1.306 0.4000000060
1515  14.855  -84.442  2.518 0.4000000060
1523  17.002  -84.470  0.162 0.3000000119
1520  15.058  -84.587  1.387 0.3000000119
1233  13.961  -85.273  0.854 0.3000000119
1238  16.620  -85.062  -0.334 0.3000000119
1522  17.429  -83.782  0.257 0.4000000060
1755  18.006  -83.071  0.544 0.4000000060
2026  18.337  -82.639  1.109 0.5000000000
1760  17.973  -83.161  -0.055 0.3000000119
1527  17.387  -83.897  -0.477 0.3000000119
142150  17.544  -84.974  -1.350 0.4000000060
1530  17.401  -84.111  -0.917 0.3000000119
1770  16.746  -83.362  -2.678 0.4000000060
1535  17.084  -84.218  -2.199 0.4000000060
121755  16.269  -84.120  -3.933 0.4000000060
2035  18.711  -82.519  0.265 0.4000000060
2043  19.256  -82.308  -0.406 0.4000000060
2044  18.527  -82.629  -0.527 0.4000000060
2053  19.252  -82.290  -1.230 0.4000000060
125058  20.416  -81.927  -1.610 0.5000000000
1764  17.761  -83.173  -0.633 0.4000000060
2066  18.655  -82.377  -2.021 0.4000000060
1531  17.358  -84.201  -1.463 0.4000000060
1769  17.132  -83.336  -1.907 0.5000000000
123534  17.975  -82.414  -2.731 0.4000000060
2068  16.693  -82.846  -3.318 0.4000000060
2107  15.995  -82.139  -5.813 0.6000000238
124302  15.968  -83.692  -4.883 0.4000000060
2064  20.830  -81.925  -2.446 0.6000000238
129613  20.029  -82.021  -3.864 0.6000000238
126368  19.130  -82.128  -3.047 0.6000000238
120700  19.048  -82.141  -4.210 0.6000000238
2083  19.854  -82.375  -4.980 0.6999999881
2075  17.375  -82.443  -3.574 0.5000000000
125015  18.157  -82.312  -4.517 0.6000000238
2103  19.233  -82.116  -6.437 0.6999999881
2081  21.350  -82.325  -5.149 0.6999999881
2091  21.095  -82.164  -5.914 0.6999999881
2082  20.789  -82.284  -4.556 0.6000000238
2092  20.532  -82.367  -5.507 0.6999999881
130233  19.940  -80.239  -6.572 0.6999999881
3593  19.431  -78.496  -5.653 0.6999999881
3155  18.906  -79.214  -3.425 0.6999999881
2093  19.683  -82.436  -5.995 0.6999999881
131152  19.971  -80.895  -6.626 0.6999999881
2425  19.614  -81.499  -6.614 0.6999999881
2423  21.219  -81.287  -6.521 0.5000000000
3186  21.212  -79.830  -6.332 0.6000000238
2424  20.380  -81.422  -6.561 0.6999999881
3187  20.302  -79.595  -6.421 0.6000000238
3586  19.868  -78.461  -4.974 0.6999999881
3574  19.698  -78.996  -4.077 0.6999999881
2102  20.014  -82.027  -6.432 0.6999999881
135881  18.546  -79.162  -2.313 0.6000000238
139709  20.763  -78.677  -5.324 0.6000000238
3170  20.697  -78.940  -4.305 0.6000000238
3164  19.993  -79.385  -3.331 0.6000000238
4458  17.848  -77.212  2.163 0.5000000000
136998  13.103  -81.015  1.616 0.6000000238
136865  14.278  -80.052  1.033 0.6000000238
3559  19.103  -79.203  -1.479 0.6000000238
3553  18.818  -78.847  -0.595 0.6000000238
126043  18.823  -78.237  0.985 0.5000000000
3980  18.264  -77.831  1.611 0.5000000000
118265  11.503  -79.828  2.471 0.6000000238
119765  12.759  -79.175  3.334 0.6000000238
3153  20.460  -79.515  -2.444 0.6000000238
3136  19.713  -79.143  -0.705 0.5000000000
3544  18.448  -78.452  0.176 0.5000000000
118276  11.204  -74.831  2.631 0.6000000238
119355  11.508  -75.599  3.141 0.6000000238
140315  11.382  -75.703  2.262 0.6000000238
136940  11.282  -76.471  1.404 0.6000000238
118270  11.941  -77.177  2.467 0.6000000238
120145  11.718  -75.635  4.126 0.6000000238
136905  11.981  -76.320  3.434 0.6000000238
5392  17.126  -75.231  4.313 0.6000000238
3144  20.023  -79.389  -1.565 0.6000000238
145623  11.275  -74.110  2.790 0.6000000238
5868  12.249  -73.206  3.975 0.6000000238
5396  11.385  -74.733  3.713 0.6000000238
5849  11.774  -74.208  4.547 0.6000000238
6392  13.115  -72.781  4.437 0.5000000000
5374  12.232  -74.655  5.523 0.6000000238
5848  12.546  -73.732  5.172 0.5000000000
136904  11.215  -75.124  1.759 0.6999999881
5419  11.191  -74.127  1.906 0.6000000238
5869  11.623  -73.653  3.387 0.6000000238
6405  12.692  -72.287  3.519 0.6000000238
6980  12.693  -71.215  3.448 0.6000000238
7591  8.826  -70.622  1.500 0.6000000238
5876  11.712  -73.209  2.227 0.6000000238
6406  12.070  -72.698  2.974 0.6000000238
6412  12.154  -71.744  2.831 0.5000000000
6413  11.927  -72.191  2.118 0.6000000238
7572  10.939  -70.706  2.681 0.6000000238
7002  9.328  -70.973  1.708 0.6000000238
7574  9.198  -70.186  2.044 0.6000000238
7558  12.085  -70.347  3.640 0.6000000238
6989  11.536  -71.371  2.299 0.6000000238
6981  11.830  -70.909  2.983 0.5000000000
145536  10.462  -70.289  3.008 0.6000000238
7573  9.949  -70.436  2.529 0.5000000000
130221  9.243  -69.382  1.571 0.5000000000
8161  10.868  -69.519  3.879 0.6000000238
138664  9.729  -69.869  2.663 0.6000000238
8847  9.500  -68.367  1.540 0.6000000238
9455  9.302  -67.272  1.297 0.6999999881
10090  8.995  -66.961  0.643 0.6999999881
10091  8.409  -66.402  0.317 0.6999999881
10755  7.748  -65.204  -0.755 0.6999999881
8820  10.003  -68.368  2.445 0.6000000238
9445  9.978  -67.452  2.021 0.6999999881
10738  8.245  -65.836  1.119 0.6999999881
10081  8.915  -66.492  1.194 0.6999999881
146101  8.045  -65.891  0.346 0.6999999881
11462  6.889  -64.932  0.481 0.6000000238
10737  8.753  -66.082  1.971 0.6000000238
3970  18.752  -77.523  2.392 0.5000000000
4451  17.549  -76.354  2.616 0.5000000000
4439  19.013  -76.638  3.701 0.5000000000
4450  18.320  -76.978  3.003 0.5000000000
4440  17.955  -76.271  3.616 0.6000000238
4898  20.034  -75.478  4.553 0.6000000238
4918  19.653  -76.087  4.185 0.6000000238
4899  19.163  -75.596  4.622 0.6000000238
4900  18.076  -75.638  4.437 0.6000000238
5370  17.702  -74.962  5.101 0.6000000238
5350  20.146  -74.147  5.210 0.5000000000
5351  19.366  -74.417  5.633 0.6000000238
5353  17.259  -74.345  5.863 0.6000000238
5809  19.183  -73.364  6.370 0.6000000238
5811  17.796  -73.287  6.892 0.5000000000
5827  17.310  -73.733  6.507 0.6000000238
5828  16.538  -73.764  6.354 0.6000000238
6352  18.226  -72.666  7.009 0.5000000000
5812  16.924  -73.148  6.863 0.6000000238
6953  15.228  -71.386  6.469 0.5000000000
7522  15.863  -70.785  7.154 0.5000000000
6371  15.155  -73.009  6.607 0.6000000238
5813  16.023  -73.067  6.755 0.6000000238
2076  16.700  -82.627  -4.031 0.6000000238
123674  18.952  -82.416  -5.360 0.6999999881
7559  11.079  -70.221  3.395 0.6000000238
10067  9.452  -66.672  1.909 0.6999999881
124309  17.372  -75.623  3.790 0.6000000238
6355  15.556  -72.279  6.796 0.6000000238
1239  13.945  -85.539  -0.487 0.3000000119
1524  16.308  -84.728  0.504 0.3000000119
1237  17.163  -84.539  -0.428 0.3000000119
1765  17.523  -83.282  -1.209 0.4000000060
2054  18.209  -82.667  -1.225 0.3000000119
2065  19.743  -82.044  -2.198 0.5000000000
128498  20.180  -81.942  -2.980 0.6000000238
2055  17.717  -82.728  -1.911 0.5000000000
2074  18.307  -82.242  -3.575 0.5000000000
2067  17.169  -82.779  -2.624 0.5000000000
2772  20.678  -80.582  -6.573 0.6999999881
11476  6.439  -64.363  -0.582 0.6000000238
5368  19.755  -74.937  5.006 0.6000000238
6369  19.917  -72.927  5.452 0.5000000000
5369  18.741  -75.038  5.093 0.6000000238
5352  18.393  -74.515  5.812 0.6000000238
5826  19.671  -73.609  5.796 0.5000000000
5340  18.095  -73.921  6.424 0.6000000238
6351  18.923  -72.669  6.601 0.5000000000
6353  17.454  -72.556  7.179 0.5000000000
6354  16.497  -72.285  7.205 0.5000000000
1156  18.483  -85.004  13.110 0.4000000060
130543  19.447  -85.129  12.912 0.4000000060
920  19.014  -86.105  12.666 0.5000000000
674  17.097  -87.722  14.478 0.5000000000
671  16.741  -87.853  15.381 0.5000000000
366  14.864  -89.204  15.432 0.5000000000
678  17.465  -87.616  13.779 0.5000000000
1151  17.381  -86.011  13.776 0.5000000000
1154  21.106  -84.832  13.228 0.4000000060
1421  22.585  -84.900  13.171 0.4000000060
1153  21.771  -85.446  12.779 0.5000000000
1213  17.936  -85.373  4.338 0.3000000119
124056  18.979  -85.282  4.450 0.3000000119
1221  17.786  -85.971  3.788 0.3000000119
144323  15.883  -86.031  3.805 0.3000000119
138730  16.910  -86.025  14.482 0.4000000060
916  16.710  -86.954  14.895 0.5000000000
496  16.273  -88.244  16.162 0.5000000000
142201  17.072  -85.205  14.020 0.4000000060
1157  17.615  -85.039  13.531 0.4000000060
1422  19.979  -84.323  13.206 0.3000000119
1672  19.504  -83.302  13.574 0.3000000119
1161  22.934  -85.125  12.163 0.4000000060
120762  22.896  -84.536  14.099 0.3000000119
125186  23.122  -84.893  12.959 0.5000000000
122688  23.414  -84.662  13.892 0.3000000119
128215  18.950  -84.634  5.211 0.3000000119
1210  19.912  -85.177  4.623 0.3000000119
1214  16.845  -85.422  4.345 0.3000000119
1215  15.770  -85.451  4.110 0.3000000119
999  15.168  -85.993  3.555 0.3000000119
1152  16.702  -84.908  14.702 0.3000000119
122669  16.490  -86.022  15.268 0.4000000060
1411  17.087  -84.088  13.906 0.3000000119
1409  23.559  -84.811  15.032 0.3000000119
1433  24.797  -84.572  13.154 0.4000000060
1160  23.831  -84.765  12.582 0.4000000060
1420  24.041  -84.695  13.619 0.4000000060
1408  24.212  -84.892  14.774 0.3000000119
1726  19.217  -83.410  6.791 0.4000000060
1490  19.067  -83.958  5.887 0.4000000060
1489  20.095  -84.083  6.091 0.4000000060
123671  21.015  -84.391  6.342 0.4000000060
1488  22.045  -84.879  6.498 0.5000000000
1494  17.799  -84.067  5.867 0.3000000119
1500  17.894  -84.729  5.062 0.3000000119
1501  16.847  -84.827  4.942 0.3000000119
1223  14.909  -85.173  3.645 0.3000000119
1516  14.223  -85.217  2.074 0.3000000119
143313  16.728  -83.954  14.421 0.3000000119
135709  26.387  -84.081  13.681 0.3000000119
137344  26.295  -84.263  11.979 0.4000000060
1166  24.777  -85.080  10.911 0.4000000060
1396  24.154  -85.267  15.885 0.3000000119
139521  26.227  -84.171  14.900 0.3000000119
1407  25.699  -84.517  15.202 0.3000000119
1419  25.065  -84.647  14.387 0.3000000119
1199  25.357  -85.076  7.943 0.5000000000
1190  25.854  -85.013  8.434 0.5000000000
1972  19.705  -81.818  8.672 0.3000000119
1987  20.319  -82.538  8.145 0.3000000119
139826  19.290  -82.402  8.101 0.3000000119
1719  19.851  -83.004  7.498 0.3000000119
1725  20.428  -83.618  6.836 0.4000000060
1985  23.473  -83.228  7.844 0.5000000000
1482  23.917  -85.172  7.601 0.5000000000
1988  18.898  -82.827  7.554 0.3000000119
1724  21.438  -83.877  6.943 0.4000000060
1484  22.334  -84.226  7.186 0.5000000000
123774  23.144  -84.655  7.371 0.5000000000
1495  16.763  -84.370  5.609 0.3000000119
1502  15.943  -84.776  4.730 0.3000000119
1509  15.293  -84.365  4.024 0.3000000119
1510  14.900  -84.491  3.259 0.3000000119
1742  15.316  -83.772  2.991 0.4000000060
1670  26.865  -83.389  13.489 0.3000000119
1682  26.987  -83.828  11.854 0.4000000060
1383  24.934  -84.816  16.683 0.3000000119
1925  26.311  -83.767  14.765 0.3000000119
1924  26.601  -83.207  14.061 0.3000000119
1441  26.428  -84.470  11.087 0.4000000060
124104  25.381  -84.769  15.989 0.3000000119
1458  26.045  -84.936  9.605 0.4000000060
1179  25.549  -85.102  9.144 0.5000000000
1468  27.359  -84.222  8.503 0.4000000060
136571  26.831  -84.508  8.825 0.5000000000
2667  22.144  -80.282  8.657 0.3000000119
1479  26.556  -84.405  7.808 0.5000000000
1469  26.634  -84.604  8.300 0.5000000000
1971  20.840  -81.876  8.731 0.3000000119
1713  26.111  -83.888  7.483 0.4000000060
1712  27.212  -83.730  7.600 0.5000000000
2315  19.099  -81.188  9.135 0.3000000119
1970  21.855  -82.382  8.484 0.4000000060
1983  25.443  -82.985  7.548 0.5000000000
1480  25.700  -84.563  7.702 0.5000000000
1996  17.839  -82.932  7.333 0.3000000119
1718  20.863  -83.219  7.588 0.4000000060
1703  22.075  -83.050  8.250 0.5000000000
1716  22.739  -83.621  7.741 0.5000000000
1728  16.949  -83.443  6.733 0.3000000119
1732  16.182  -83.387  6.174 0.4000000060
2002  15.844  -83.160  5.326 0.3000000119
1738  15.693  -83.897  4.847 0.4000000060
134248  15.599  -83.316  3.703 0.4000000060
133084  14.408  -77.800  -5.250 0.5000000000
1514  15.632  -83.830  2.078 0.3000000119
1918  24.364  -83.135  16.391 0.3000000119
1917  25.640  -83.425  15.328 0.3000000119
1680  27.926  -82.740  11.404 0.3000000119
142145  25.127  -83.482  16.087 0.3000000119
1685  28.510  -83.008  10.327 0.3000000119
1691  27.939  -83.875  8.839 0.5000000000
1701  28.666  -83.452  8.032 0.4000000060
140366  28.480  -83.563  8.509 0.3000000119
3050  21.813  -79.437  8.762 0.3000000119
1711  28.076  -83.642  7.813 0.5000000000
138782  21.659  -80.795  8.882 0.3000000119
129190  26.368  -82.989  7.457 0.4000000060
1969  22.522  -82.011  8.466 0.4000000060
1984  24.997  -82.100  7.668 0.4000000060
145813  25.748  -82.315  7.570 0.4000000060
134737  18.239  -82.333  8.049 0.3000000119
1989  17.313  -82.244  7.901 0.3000000119
137649  22.640  -82.815  8.267 0.4000000060
132649  24.364  -82.849  7.706 0.5000000000
2001  16.022  -82.406  5.682 0.3000000119
2010  15.816  -82.876  4.327 0.4000000060
4040  14.860  -77.370  -5.147 0.5000000000
2020  16.253  -82.554  3.324 0.5000000000
3193  14.687  -79.908  -5.674 0.5000000000
1927  24.428  -82.468  15.328 0.3000000119
118266  10.606  -78.910  1.338 0.5000000000
1700  29.305  -82.913  7.864 0.3000000119
1689  29.149  -83.051  8.568 0.3000000119
118264  10.186  -77.682  0.154 0.6000000238
120826  22.053  -78.473  8.774 0.3000000119
3049  22.694  -79.642  8.492 0.3000000119
3051  21.046  -78.753  8.938 0.3000000119
2666  23.036  -80.589  8.311 0.3000000119
2330  23.905  -80.891  7.948 0.3000000119
2327  28.133  -82.402  7.328 0.4000000060
131738  28.752  -83.165  7.633 0.4000000060
119329  13.866  -79.004  -0.224 0.5000000000
119331  11.527  -73.436  -1.009 0.5000000000
2311  23.231  -81.493  8.221 0.3000000119
2329  24.765  -81.206  7.710 0.3000000119
144394  25.604  -81.569  7.618 0.3000000119
121058  27.179  -81.770  7.423 0.3000000119
2684  17.518  -80.249  8.236 0.3000000119
2338  16.563  -81.413  7.191 0.3000000119
4969  14.159  -75.528  -1.392 0.5000000000
2345  16.331  -81.591  6.262 0.3000000119
4992  14.574  -75.776  -3.250 0.5000000000
2711  16.913  -80.431  5.266 0.4000000060
4033  15.183  -76.882  -4.586 0.6000000238
2351  17.439  -80.634  4.156 0.4000000060
2364  16.999  -81.316  3.826 0.5000000000
2009  17.101  -81.881  3.144 0.4000000060
2019  16.904  -82.507  2.630 0.3000000119
1746  16.133  -83.058  2.553 0.4000000060
3177  15.298  -79.264  -5.731 0.6000000238
2375  20.123  -81.403  1.862 0.3000000119
142949  19.447  -81.835  1.669 0.4000000060
1744  17.943  -82.697  1.716 0.4000000060
1745  17.242  -82.960  2.009 0.3000000119
3192  15.935  -79.797  -5.946 0.6000000238
142583  15.396  -80.064  -5.863 0.5000000000
2381  20.834  -81.263  1.197 0.3000000119
2382  19.993  -81.742  1.066 0.5000000000
126920  19.144  -82.152  1.032 0.4000000060
2428  15.582  -81.441  -5.893 0.6000000238
2384  21.532  -81.490  0.547 0.3000000119
2385  20.676  -81.599  0.392 0.5000000000
2034  19.781  -82.028  0.168 0.4000000060
2388  21.346  -81.694  -0.092 0.4000000060
2042  20.758  -81.769  -0.387 0.5000000000
125894  20.079  -82.024  -0.768 0.4000000060
136976  11.097  -75.747  -0.207 0.6000000238
3460  22.796  -77.611  8.756 0.3000000119
3066  23.293  -78.902  8.439 0.3000000119
3065  24.299  -79.352  7.913 0.3000000119
2682  23.648  -79.959  8.068 0.3000000119
131788  11.176  -75.629  0.817 0.6000000238
118271  11.273  -74.553  0.468 0.6000000238
2681  24.549  -80.298  7.747 0.3000000119
121055  26.298  -80.164  7.535 0.3000000119
5893  11.407  -73.419  0.046 0.6000000238
3477  19.941  -77.821  8.288 0.3000000119
2680  25.458  -80.680  7.623 0.3000000119
2328  26.314  -81.176  7.526 0.3000000119
6441  11.311  -72.593  -0.708 0.6000000238
2337  16.864  -80.815  7.641 0.3000000119
6442  10.431  -71.986  -0.424 0.6000000238
133428  10.811  -72.148  -1.245 0.6000000238
7047  9.736  -71.865  -1.163 0.6000000238
137278  9.427  -71.322  -1.601 0.5000000000
2363  17.995  -81.192  3.374 0.4000000060
129758  18.668  -82.197  1.902 0.4000000060
2041  21.715  -81.888  -0.710 0.4000000060
2052  21.102  -81.823  -1.144 0.5000000000
140596  22.883  -76.800  8.773 0.3000000119
3923  24.526  -77.436  8.405 0.3000000119
3459  24.113  -78.233  8.292 0.3000000119
123755  24.929  -78.914  7.847 0.3000000119
3064  25.235  -79.739  7.684 0.3000000119
121056  27.397  -80.282  7.402 0.3000000119
3461  21.849  -77.466  8.798 0.3000000119
3463  20.356  -78.099  8.878 0.3000000119
138230  11.271  -73.815  1.024 0.5000000000
3925  21.497  -77.147  8.521 0.3000000119
144284  27.012  -80.914  7.411 0.3000000119
3476  20.703  -77.516  8.262 0.3000000119
6430  11.131  -72.414  0.160 0.6000000238
2350  18.529  -80.476  3.834 0.3000000119
2710  17.919  -79.970  4.675 0.3000000119
121377  9.212  -71.185  -0.702 0.6000000238
125048  8.979  -69.811  -1.404 0.6000000238
135494  11.485  -72.940  0.812 0.6000000238
6421  11.134  -72.136  0.888 0.5000000000
7001  10.388  -71.481  1.205 0.6000000238
7032  9.561  -71.523  -0.072 0.6000000238
7620  8.864  -70.989  0.353 0.6000000238
7633  9.178  -70.579  -1.564 0.6000000238
8232  9.083  -68.891  -1.767 0.6000000238
129259  8.838  -70.416  -0.572 0.6000000238
8889  9.158  -67.867  -2.004 0.5000000000
5882  11.502  -73.296  1.448 0.5000000000
7000  11.314  -71.772  1.586 0.5000000000
7015  9.358  -71.316  0.892 0.5000000000
8220  8.762  -69.420  -0.537 0.6000000238
10120  7.445  -65.860  -1.965 0.5000000000
11490  6.942  -64.712  -1.112 0.6000000238
10773  6.663  -65.275  -1.548 0.6000000238
123501  5.646  -65.397  -1.407 0.5000000000
10774  5.004  -65.177  -0.922 0.6000000238
10775  3.606  -65.858  -1.020 0.6000000238
8862  8.768  -68.657  0.015 0.5000000000
9463  9.022  -67.657  -0.560 0.5000000000
8875  9.100  -68.288  -1.078 0.6000000238
10100  8.899  -66.998  -0.171 0.6000000238
10117  9.050  -66.869  -1.253 0.5000000000
10119  8.311  -65.993  -1.864 0.5000000000
10101  8.501  -66.378  -0.782 0.6000000238
10757  4.076  -64.655  -0.494 0.5000000000
9368  4.846  -67.497  10.285 0.5000000000
6990  10.549  -71.104  2.008 0.5000000000
8204  8.695  -69.648  0.499 0.5000000000
8861  9.054  -67.856  0.530 0.6000000238
137279  3.564  -66.092  11.988 0.5000000000
10599  3.182  -65.033  13.086 0.6000000238
9972  4.785  -66.762  11.805 0.6000000238
9356  5.245  -67.090  11.050 0.6000000238
9973  3.959  -66.522  11.536 0.5000000000
8728  5.515  -68.203  10.086 0.5000000000
8738  5.815  -68.822  9.461 0.5000000000
119377  1.709  -65.012  0.541 0.5000000000
11478  1.979  -65.177  -0.132 0.5000000000
12054  6.600  -63.329  12.100 0.6000000238
12055  6.014  -63.090  12.162 0.6999999881
12039  6.342  -63.808  12.653 0.6000000238
12040  5.712  -63.430  12.990 0.6999999881
12025  5.119  -63.099  13.233 0.6000000238
12026  4.330  -63.210  13.416 0.6000000238
11314  5.926  -64.929  13.452 0.6000000238
121752  5.077  -63.933  13.370 0.6000000238
142011  6.975  -65.688  13.312 0.6000000238
10597  6.267  -65.591  13.426 0.6000000238
10598  5.405  -65.416  13.433 0.6000000238
11316  4.805  -64.777  13.476 0.5000000000
11317  3.390  -64.429  13.326 0.6000000238
9955  7.069  -66.724  12.564 0.6000000238
9940  5.817  -66.162  13.247 0.6000000238
9942  4.279  -65.717  13.076 0.5000000000
122844  3.974  -65.069  13.345 0.6000000238
9956  6.206  -66.641  12.672 0.6000000238
9957  5.287  -66.509  12.656 0.6000000238
9354  6.803  -67.767  11.216 0.6000000238
9971  5.677  -66.940  11.909 0.6000000238
9367  6.202  -67.977  10.622 0.6000000238
8727  6.327  -68.530  10.017 0.5000000000
8106  5.805  -69.375  8.166 0.5000000000
8775  6.663  -68.317  6.793 0.5000000000
8788  6.557  -68.337  6.092 0.5000000000
133329  6.043  -66.950  5.094 0.5000000000
12763  5.543  -62.639  12.503 0.6000000238
13485  4.925  -61.557  12.718 0.6999999881
9969  7.362  -67.285  11.765 0.5000000000
9366  6.930  -68.368  10.537 0.6000000238
8737  6.543  -68.826  9.313 0.6000000238
8746  6.168  -69.169  8.728 0.5000000000
128840  6.868  -68.435  7.736 0.6000000238
9400  6.672  -67.782  6.607 0.5000000000
10022  6.057  -66.027  6.498 0.6000000238
10033  6.250  -66.631  5.777 0.6000000238
14911  8.631  -59.656  10.252 0.4000000060
14201  4.335  -60.372  9.265 0.6999999881
14949  2.902  -59.723  8.146 0.5000000000
14933  3.322  -59.792  9.617 0.5000000000
14188  9.018  -60.274  10.695 0.6000000238
14189  8.072  -60.434  10.374 0.5000000000
14202  3.893  -60.287  9.486 0.6000000238
14192  3.843  -60.078  10.384 0.5000000000
13507  9.622  -60.909  11.191 0.5000000000
141167  5.276  -61.243  9.994 0.6000000238
13513  4.564  -60.813  9.907 0.8000000119
12793  5.714  -62.084  11.244 0.6999999881
13500  5.131  -61.640  11.591 0.8000000119
14170  4.737  -60.947  12.014 0.6999999881
9378  7.307  -67.979  7.858 0.6000000238
10009  6.848  -66.781  7.523 0.6000000238
130192  2.484  -59.057  8.350 0.5000000000
14929  8.278  -59.128  9.665 0.5000000000
14224  4.183  -59.649  7.997 0.6999999881
15740  2.314  -58.595  9.193 0.5000000000
130128  10.322  -60.256  11.334 0.4000000060
14187  9.726  -60.076  10.931 0.4000000060
130427  10.539  -61.090  11.681 0.4000000060
12779  10.744  -62.540  11.963 0.5000000000
12050  11.164  -64.347  12.230 0.4000000060
128663  2.642  -58.886  7.516 0.5000000000
15752  2.317  -58.152  8.156 0.5000000000
15738  8.710  -58.291  9.340 0.3000000119
14225  3.527  -59.816  7.983 0.6000000238
13496  10.887  -61.860  11.913 0.4000000060
123997  11.455  -63.441  12.245 0.4000000060
10632  11.910  -65.611  10.839 0.4000000060
14973  3.736  -58.833  6.776 0.6000000238
15764  4.219  -58.734  6.764 0.6000000238
12049  12.246  -64.304  12.213 0.4000000060
16530  3.711  -58.030  6.481 0.5000000000
16520  2.570  -57.808  7.394 0.5000000000
16498  9.943  -56.929  9.224 0.3000000119
16500  8.770  -57.595  8.784 0.3000000119
16516  8.408  -57.121  8.017 0.3000000119
17288  7.752  -56.809  6.914 0.4000000060
11347  12.938  -64.765  10.563 0.3000000119
10631  12.364  -65.246  10.358 0.4000000060
138707  13.105  -64.176  9.736 0.4000000060
17287  8.638  -56.409  7.362 0.4000000060
17291  3.880  -57.499  6.888 0.4000000060
17296  8.264  -56.204  6.428 0.4000000060
17255  10.607  -56.809  9.843 0.3000000119
17277  9.772  -56.312  8.515 0.3000000119
17299  4.362  -57.238  5.958 0.5000000000
126787  7.317  -56.428  5.464 0.4000000060
17311  6.548  -56.109  4.373 0.4000000060
18747  6.105  -54.766  3.856 0.5000000000
144533  7.217  -54.857  3.826 0.4000000060
18746  7.020  -54.339  3.696 0.4000000060
20283  10.452  -52.160  4.688 0.3000000119
126450  9.522  -52.264  5.636 0.3000000119
20284  9.098  -52.161  4.591 0.3000000119
20268  8.471  -52.215  6.020 0.3000000119
22765  2.437  -50.627  8.672 0.4000000060
20267  10.337  -52.468  6.184 0.3000000119
2679  28.979  -81.091  7.026 0.3000000119
19504  7.906  -53.390  3.519 0.3000000119
10010  6.102  -65.958  7.393 0.6000000238
23660  2.592  -48.470  10.041 0.4000000060
140855  10.161  -62.512  11.783 0.5000000000
20299  7.832  -52.749  3.812 0.3000000119
7621  8.683  -70.223  0.178 0.5000000000
1423  18.966  -84.015  13.235 0.4000000060
131317  17.709  -86.855  13.464 0.5000000000
126706  16.204  -88.382  15.296 0.5000000000
1163  21.693  -85.717  12.294 0.5000000000
1493  19.916  -84.601  5.358 0.4000000060
1424  17.990  -83.982  13.481 0.4000000060
1167  23.802  -85.021  11.646 0.4000000060
1492  20.860  -84.890  5.617 0.4000000060
130492  16.241  -86.043  16.149 0.3000000119
146144  22.899  -84.515  15.061 0.3000000119
136585  25.631  -84.396  13.696 0.3000000119
1432  25.740  -84.379  12.677 0.4000000060
1443  24.692  -84.634  12.031 0.4000000060
1727  18.163  -83.578  6.544 0.3000000119
1431  26.690  -83.928  12.813 0.4000000060
1451  25.803  -84.900  10.443 0.4000000060
144538  24.242  -83.733  7.617 0.5000000000
4511  14.403  -76.133  -4.908 0.5000000000
1733  16.061  -83.952  5.713 0.4000000060
127649  25.996  -82.908  14.444 0.3000000119
1440  27.160  -84.078  10.690 0.4000000060
1449  27.091  -84.347  9.776 0.4000000060
1457  26.660  -84.600  9.358 0.5000000000
1478  27.381  -84.179  7.972 0.5000000000
2312  22.402  -81.153  8.574 0.3000000119
2316  18.240  -80.813  9.027 0.3000000119
1997  16.611  -82.460  7.374 0.3000000119
3597  15.427  -78.304  -5.430 0.6000000238
1690  28.573  -83.420  9.241 0.3000000119
1686  27.782  -83.783  9.832 0.4000000060
122130  26.400  -82.082  7.518 0.3000000119
4980  14.637  -75.878  -2.200 0.5000000000
2005  16.240  -82.115  4.419 0.4000000060
1954  30.499  -81.961  8.568 0.3000000119
132792  19.338  -81.608  2.342 0.4000000060
2376  18.430  -81.781  2.683 0.4000000060
2018  17.786  -82.360  2.337 0.4000000060
2380  21.740  -81.245  1.394 0.3000000119
121052  25.878  -79.008  7.761 0.3000000119
6422  10.329  -71.758  0.410 0.6000000238
2362  19.216  -81.125  3.106 0.3000000119
121053  26.917  -79.413  7.566 0.3000000119
121054  28.026  -79.537  7.412 0.3000000119
135287  20.893  -77.318  7.501 0.3000000119
9484  9.126  -66.953  -2.041 0.5000000000
10772  7.603  -65.266  -1.333 0.6000000238
12784  5.471  -62.090  11.630 0.6999999881
138527  4.302  -60.611  10.284 0.6999999881
134682  5.002  -61.320  10.253 0.6999999881
14212  3.614  -60.028  8.676 0.6000000238
16499  9.416  -57.603  9.289 0.3000000119
16507  9.260  -57.040  8.642 0.3000000119
4014  15.668  -77.060  -2.799 0.5000000000
4484  15.354  -76.607  -2.050 0.5000000000
2406  21.884  -82.054  -5.635 0.6000000238
8203  8.950  -69.008  0.885 0.4000000060
11463  6.106  -64.438  0.761 0.5000000000
11464  5.671  -63.718  0.032 0.5000000000
11465  4.917  -63.702  0.084 0.5000000000
11477  2.893  -64.705  -0.184 0.5000000000
12193  3.600  -63.960  0.150 0.5000000000
120768  6.566  -64.314  1.682 0.5000000000
142623  1.726  -64.082  0.736 0.4000000060
12181  5.139  -63.197  0.662 0.5000000000
12182  4.223  -63.263  0.599 0.5000000000
12892  2.028  -63.441  1.018 0.5000000000
119294  1.905  -64.623  1.431 0.5000000000
12902  4.716  -62.573  0.949 0.6000000238
12903  3.562  -62.717  0.976 0.5000000000
12153  2.101  -63.216  1.743 0.5000000000
10035  5.024  -65.864  4.926 0.5000000000
12891  2.953  -62.324  1.477 0.6000000238
10692  3.668  -65.402  3.623 0.5000000000
10691  4.126  -65.421  4.426 0.5000000000
137337  2.414  -62.731  1.587 0.6000000238
12152  2.511  -63.462  2.557 0.6000000238
118302  2.493  -64.397  2.318 0.5000000000
12890  3.875  -62.093  1.498 0.6000000238
13590  2.693  -61.794  2.281 0.6000000238
12138  2.349  -62.661  2.314 0.6000000238
11413  3.557  -64.640  3.999 0.6000000238
12863  3.161  -62.171  3.351 0.6000000238
10682  4.466  -65.036  5.441 0.5000000000
10681  5.164  -65.747  6.017 0.5000000000
12137  3.191  -63.096  3.457 0.6000000238
127607  3.152  -63.998  3.387 0.6000000238
12745  3.925  -62.309  13.410 0.5000000000
14150  4.359  -60.823  13.103 0.5000000000
13465  4.398  -61.677  13.221 0.5000000000
10671  5.418  -65.294  6.911 0.6000000238
12848  3.590  -62.742  4.310 0.6000000238
10672  4.723  -64.746  6.347 0.6000000238
12123  3.521  -63.675  4.286 0.6000000238
11412  3.901  -64.337  4.934 0.6000000238
12122  3.927  -63.418  5.074 0.6000000238
18031  8.146  -55.930  5.530 0.3000000119
21871  2.472  -51.441  8.435 0.3000000119
123945  21.521  -81.975  -1.874 0.4000000060
2073  21.116  -82.083  -3.428 0.5000000000
2776  15.962  -80.605  -6.107 0.5000000000
130699  21.679  -82.225  -4.225 0.4000000060
3191  16.715  -79.892  -6.283 0.4000000060
2414  21.592  -81.697  -6.243 0.4000000060
138378  15.139  -76.374  -2.761 0.4000000060
4032  16.142  -77.634  -4.587 0.4000000060
130155  15.833  -77.747  -5.091 0.4000000060
3611  16.219  -79.129  -5.793 0.4000000060
3185  23.135  -80.111  -6.469 0.4000000060
125455  22.229  -80.038  -6.315 0.4000000060
3176  21.720  -79.207  -5.776 0.4000000060
4968  14.966  -75.893  -1.372 0.4000000060
2770  22.672  -80.698  -6.554 0.4000000060
2771  21.702  -80.652  -6.529 0.4000000060
122480  21.038  -79.403  -3.270 0.4000000060
12862  3.769  -62.068  4.003 0.5000000000
13573  4.310  -61.365  3.557 0.5000000000
122632  4.034  -62.722  4.866 0.5000000000
13564  5.391  -61.326  3.951 0.5000000000
12835  4.967  -62.835  5.042 0.5000000000
12845  6.358  -61.857  4.672 0.5000000000
14171  4.276  -60.118  12.413 0.4000000060
14913  3.410  -59.526  10.434 0.4000000060
12846  5.611  -62.285  4.645 0.5000000000
11395  4.308  -64.072  5.743 0.5000000000
2422  22.134  -81.186  -6.458 0.4000000060
3585  21.671  -78.882  -4.864 0.4000000060
501  15.669  -88.995  14.709 0.4000000060
375  15.396  -89.422  13.694 0.4000000060
388  12.427  -88.404  11.860 0.4000000060
500  16.619  -88.455  14.503 0.4000000060
369  16.204  -89.149  13.886 0.4000000060
518  12.903  -87.395  12.414 0.4000000060
934  14.706  -85.912  12.041 0.4000000060
684  14.045  -86.290  12.710 0.4000000060
510  13.566  -87.107  12.952 0.4000000060
677  17.942  -87.619  13.114 0.5000000000
499  17.194  -88.296  13.883 0.5000000000
504  17.269  -88.905  13.100 0.4000000060
374  16.319  -89.400  13.023 0.4000000060
517  14.293  -87.010  12.922 0.4000000060
128489  18.413  -86.947  12.866 0.5000000000
926  19.173  -87.175  12.490 0.5000000000
373  16.979  -89.260  12.495 0.4000000060
144551  15.931  -89.389  12.594 0.4000000060
507  18.514  -88.764  12.018 0.4000000060
508  17.648  -88.995  12.291 0.4000000060
696  17.853  -87.338  10.346 0.4000000060
697  16.644  -86.645  10.923 0.4000000060
688  15.559  -86.519  11.683 0.4000000060
516  15.318  -87.975  12.033 0.4000000060
387  15.649  -89.081  12.333 0.4000000060
933  15.806  -85.629  11.028 0.4000000060
689  14.650  -86.512  12.476 0.4000000060
520  18.803  -88.612  11.219 0.5000000000
514  17.894  -88.886  11.452 0.4000000060
385  17.059  -89.138  11.860 0.4000000060
386  16.322  -88.834  11.734 0.4000000060
694  19.217  -87.679  10.897 0.5000000000
141805  18.022  -88.512  10.774 0.4000000060
521  17.363  -88.221  10.850 0.4000000060
515  16.402  -87.950  11.329 0.4000000060
703  19.705  -86.482  9.882 0.3000000119
702  20.335  -86.584  9.598 0.3000000119
132963  21.393  -86.146  10.193 0.4000000060
127165  19.572  -86.865  10.599 0.3000000119
1182  22.671  -85.804  10.290 0.4000000060
950  20.613  -86.277  10.391 0.4000000060
713  21.173  -87.113  8.113 0.3000000119
141258  20.638  -87.027  8.727 0.4000000060
949  21.167  -86.640  9.195 0.4000000060
141588  22.143  -86.091  10.018 0.4000000060
963  21.898  -86.743  8.362 0.4000000060
948  22.051  -86.418  9.270 0.4000000060
1181  23.753  -85.777  9.654 0.4000000060
1172  25.274  -85.243  9.918 0.3000000119
695  18.552  -87.763  10.561 0.3000000119
1174  23.303  -85.499  10.566 0.3000000119
1175  22.346  -85.606  11.131 0.4000000060
975  22.484  -86.542  7.718 0.4000000060
1173  24.341  -85.449  10.179 0.3000000119
961  23.583  -86.061  8.806 0.4000000060
128908  24.252  -85.612  8.990 0.4000000060
1180  24.727  -85.390  9.405 0.4000000060
123793  19.761  -87.186  11.204 0.4000000060
938  20.919  -86.103  11.207 0.4000000060
722  20.987  -87.316  7.118 0.4000000060
141927  22.864  -86.246  7.290 0.4000000060
976  21.739  -86.933  7.460 0.4000000060
1202  23.284  -85.680  7.358 0.4000000060
1201  23.863  -85.685  7.860 0.4000000060
962  22.723  -86.409  8.571 0.4000000060
513  19.383  -87.857  11.593 0.4000000060
932  20.777  -86.574  11.881 0.4000000060
1168  22.980  -85.284  11.373 0.3000000119
930  21.654  -85.839  11.616 0.4000000060
1205  22.651  -85.810  6.758 0.4000000060
1206  22.076  -85.935  6.098 0.4000000060
1483  22.750  -85.066  6.973 0.4000000060
1481  24.699  -84.658  7.673 0.4000000060
1192  24.103  -85.693  8.377 0.4000000060
925  19.898  -86.780  12.361 0.4000000060
1169  22.095  -85.590  11.909 0.3000000119
1155  19.927  -86.010  12.611 0.4000000060
682  19.581  -87.553  12.117 0.4000000060
127624  21.261  -85.992  12.335 0.4000000060
681  20.428  -86.850  12.125 0.4000000060
931  21.312  -86.047  12.020 0.4000000060
3143  20.968  -79.480  -1.626 0.4000000060
974  23.336  -86.171  7.974 0.4000000060
379  16.388  -89.304  12.256 0.4000000060
497  15.592  -88.710  15.784 0.5000000000
503  17.928  -88.410  12.738 0.4000000060
506  19.086  -88.372  11.911 0.5000000000
683  18.711  -87.944  12.488 0.4000000060
685  13.432  -86.615  12.574 0.4000000060
687  20.064  -87.144  11.823 0.4000000060
693  20.021  -86.586  10.571 0.3000000119
714  20.440  -87.368  7.985 0.3000000119
915  17.210  -86.913  14.160 0.5000000000
921  18.049  -85.975  13.155 0.5000000000
924  20.933  -86.424  12.140 0.4000000060
927  13.666  -86.161  12.341 0.4000000060
937  21.706  -85.891  10.940 0.4000000060
939  20.346  -86.654  11.323 0.4000000060
947  22.861  -86.178  9.433 0.4000000060
1008  13.872  -86.512  2.093 0.4000000060
1012  13.330  -86.734  0.593 0.4000000060
1162  22.293  -85.311  12.524 0.5000000000
1164  20.673  -86.297  12.391 0.4000000060
1178  26.271  -84.810  8.929 0.5000000000
1191  24.921  -85.255  8.600 0.4000000060
1200  24.527  -85.338  7.935 0.4000000060
1222  16.698  -86.025  3.833 0.3000000119
1230  14.139  -85.793  2.537 0.4000000060
1235  13.360  -86.337  0.862 0.4000000060
1241  13.313  -86.345  0.256 0.4000000060
1255  17.620  -85.369  -2.684 0.4000000060
1382  25.461  -84.266  16.129 0.3000000119
1395  24.697  -85.214  16.448 0.3000000119
1406  26.449  -83.818  14.306 0.3000000119
1418  26.063  -84.319  14.461 0.3000000119
1442  25.610  -84.636  11.475 0.4000000060
1450  26.557  -84.655  10.107 0.4000000060
1456  27.289  -84.269  9.146 0.5000000000
1470  26.082  -84.888  7.977 0.5000000000
1496  16.125  -84.414  5.292 0.3000000119
1536  16.702  -84.184  -3.014 0.4000000060
1662  25.890  -84.253  15.395 0.3000000119
1681  27.766  -83.355  10.994 0.4000000060
1702  28.003  -83.823  8.220 0.4000000060
1714  25.108  -83.838  7.493 0.5000000000
1715  23.696  -84.146  7.576 0.5000000000
1717  21.800  -83.444  7.695 0.4000000060
1967  29.939  -82.500  8.239 0.3000000119
1968  23.356  -82.383  8.071 0.4000000060
1980  29.327  -82.637  7.447 0.4000000060
1981  28.137  -83.217  7.481 0.4000000060
1982  27.276  -82.794  7.380 0.4000000060
1986  21.311  -82.771  8.220 0.4000000060
1990  16.810  -81.695  7.824 0.3000000119
2101  20.775  -81.849  -6.363 0.6999999881
2313  20.906  -80.916  9.252 0.3000000119
2331  18.667  -81.715  8.623 0.3000000119
2332  17.486  -81.459  8.412 0.3000000119
2352  16.511  -81.316  4.863 0.4000000060
2777  15.063  -80.699  -5.800 0.5000000000
3154  19.472  -79.402  -2.424 0.6000000238
3178  14.497  -79.158  -5.518 0.5000000000
3462  21.162  -77.805  8.759 0.3000000119
3566  18.143  -78.802  -3.596 0.6999999881
3592  20.113  -78.557  -5.713 0.6000000238
3594  18.652  -78.496  -5.594 0.8000000119
3606  20.651  -78.955  -6.082 0.6000000238
3607  19.842  -78.878  -6.201 0.6999999881
3935  21.301  -76.914  8.041 0.3000000119
4006  16.713  -77.804  -1.193 0.8000000119
4021  16.962  -78.202  -3.577 0.6999999881
4409  13.033  -75.894  5.285 0.6999999881
4498  15.293  -76.503  -3.597 0.4000000060
4499  14.782  -76.076  -4.193 0.5000000000
4523  14.452  -76.706  -5.105 0.5000000000
4878  13.023  -75.183  6.241 0.8000000119
4889  12.874  -75.432  5.931 0.6999999881
4890  12.327  -75.337  5.556 0.6999999881
4903  12.134  -75.810  4.943 0.6999999881
4919  18.737  -76.138  4.170 0.5000000000
5339  18.987  -73.982  6.311 0.6000000238
5341  13.125  -74.876  6.269 0.8000000119
5409  15.939  -74.656  2.673 0.8000000119
5431  15.869  -74.612  1.512 0.8000000119
5810  18.562  -73.359  6.660 0.6000000238
6952  15.874  -71.627  7.085 0.5000000000
6973  13.632  -71.208  4.614 0.6000000238
6974  13.212  -71.026  4.036 0.6999999881
7560  10.259  -69.843  3.218 0.6000000238
7592  8.665  -70.527  0.931 0.5000000000
7607  8.815  -71.019  1.208 0.6000000238
8105  6.413  -69.014  7.795 0.5000000000
8148  13.105  -69.914  4.566 0.5000000000
8176  10.014  -69.203  2.928 0.6000000238
8189  8.796  -69.945  1.286 0.6000000238
8726  6.960  -68.664  9.801 0.6999999881
8736  7.265  -68.619  8.937 0.6999999881
8745  6.805  -68.749  8.448 0.6000000238
8759  6.681  -68.539  7.275 0.5000000000
8787  11.916  -68.043  5.550 0.5000000000
8802  10.966  -68.090  4.519 0.6000000238
8835  9.637  -69.274  2.209 0.5000000000
9355  6.019  -67.386  11.206 0.6000000238
9389  6.880  -67.830  7.251 0.6000000238
9410  6.547  -67.435  6.117 0.5000000000
9411  6.337  -67.616  5.441 0.5000000000
9939  6.702  -66.220  13.193 0.6000000238
9941  4.955  -66.009  13.211 0.6000000238
9958  4.318  -66.235  12.497 0.5000000000
9970  6.541  -67.110  11.889 0.6000000238
9983  4.416  -66.911  10.850 0.5000000000
9989  10.001  -67.002  9.978 0.8000000119
10021  6.559  -66.872  6.776 0.6000000238
10032  11.963  -67.030  5.607 0.6000000238
10034  5.708  -66.329  5.223 0.6000000238
10044  5.393  -66.745  4.657 0.5000000000
10055  10.142  -66.634  3.513 0.6000000238
10118  8.830  -66.292  -1.806 0.5000000000
10612  8.280  -65.448  12.561 0.8000000119
10613  7.560  -66.135  12.888 0.6999999881
10614  3.519  -65.634  12.675 0.5000000000
10615  2.765  -65.143  12.522 0.6000000238
10621  11.246  -65.725  11.331 0.6000000238
10623  9.922  -66.295  11.548 0.6999999881
10624  9.214  -65.777  12.200 0.8000000119
10647  10.455  -65.827  8.742 0.6000000238
10650  7.108  -65.969  7.896 0.6999999881
10651  6.363  -65.318  7.858 0.8000000119
10658  5.859  -65.331  7.630 0.6999999881
10725  8.268  -65.493  2.074 0.6000000238
10746  8.053  -65.811  -0.346 0.6999999881
10747  7.661  -65.467  0.260 0.6999999881
10754  8.175  -65.757  -1.274 0.6000000238
10756  5.599  -64.168  -0.517 0.5000000000
11315  5.420  -64.657  13.438 0.6000000238
11326  6.604  -64.808  13.227 0.6000000238
11327  5.852  -64.252  13.252 0.6000000238
11334  13.447  -64.301  11.220 0.3000000119
11335  12.750  -64.684  11.626 0.3000000119
11336  11.871  -65.161  11.809 0.4000000060
11338  9.750  -65.042  12.362 0.6999999881
11348  12.423  -65.201  11.168 0.4000000060
11352  12.464  -64.852  9.624 0.4000000060
11359  9.017  -65.051  7.877 0.8000000119
11367  8.707  -64.310  7.599 0.6999999881
11369  6.559  -64.577  7.713 0.8000000119
11385  5.963  -64.052  7.303 0.6999999881
11387  4.811  -63.912  6.394 0.6999999881
11408  13.879  -63.770  4.183 0.5000000000
11409  12.941  -64.242  4.488 0.6000000238
11410  11.750  -64.356  4.477 0.6000000238
11411  10.698  -64.581  4.161 0.6000000238
11430  14.115  -63.826  3.991 0.5000000000
11434  3.211  -64.835  3.032 0.5000000000
11445  8.740  -64.877  2.613 0.6000000238
11446  8.097  -64.882  2.126 0.6000000238
11457  5.696  -63.842  1.345 0.5000000000
11466  2.330  -64.188  0.362 0.4000000060
11467  1.782  -64.725  0.483 0.4000000060
11468  1.629  -64.124  1.088 0.4000000060
11475  7.288  -64.823  -0.769 0.6000000238
11491  6.195  -64.638  -1.098 0.6000000238
12027  3.626  -63.733  13.453 0.6000000238
12053  7.375  -63.511  12.063 0.8000000119
12080  7.885  -63.484  7.018 0.6000000238
12097  5.564  -63.615  6.562 0.6000000238
12104  6.128  -63.091  5.849 0.6000000238
12106  4.491  -63.439  5.536 0.5000000000
12132  13.629  -63.399  4.001 0.5000000000
12167  7.180  -63.837  2.147 0.6000000238
12183  2.946  -63.331  0.641 0.5000000000
12744  4.866  -62.334  13.172 0.6000000238
12764  5.288  -62.042  12.314 0.6000000238
12783  5.772  -62.501  11.741 0.6999999881
12792  6.327  -62.095  11.009 0.8000000119
12833  6.603  -62.573  5.282 0.6000000238
12847  4.653  -62.153  4.309 0.5000000000
12859  11.936  -61.738  3.601 0.5000000000
12864  2.631  -62.128  2.573 0.6000000238
12873  10.898  -61.066  2.766 0.5000000000
12875  2.298  -62.326  2.038 0.6000000238
12887  11.172  -60.954  2.289 0.5000000000
12889  5.507  -62.222  0.979 0.6999999881
12904  2.646  -62.847  1.093 0.6000000238
13497  10.071  -61.870  11.623 0.4000000060
13501  4.781  -61.171  10.763 0.8000000119
13511  5.633  -61.608  10.568 0.6999999881
13512  5.246  -61.688  10.944 0.6999999881
13522  4.872  -60.885  9.696 0.6999999881
13575  2.938  -61.676  2.833 0.6000000238
13586  10.649  -60.840  2.268 0.5000000000
13587  9.891  -61.168  2.272 0.5000000000
13588  8.923  -61.415  1.705 0.5000000000
13589  3.384  -61.329  2.533 0.6000000238
13597  9.506  -60.983  1.732 0.5000000000
13599  6.431  -61.218  0.914 0.6000000238
13600  5.630  -61.484  1.170 0.6999999881
13602  3.089  -61.721  1.911 0.6999999881
13603  2.550  -62.089  1.842 0.6000000238
14181  4.328  -60.444  11.202 0.5000000000
14191  6.665  -60.852  10.032 0.6999999881
14200  4.835  -60.388  9.128 0.6999999881
14203  3.234  -59.946  8.872 0.5000000000
14211  4.155  -60.049  8.577 0.6999999881
14268  3.902  -60.709  2.981 0.6000000238
14899  3.790  -59.566  11.472 0.4000000060
14910  9.422  -59.523  10.560 0.4000000060
14914  2.857  -59.190  9.879 0.4000000060
14930  7.468  -59.428  9.418 0.6000000238
14934  2.723  -59.539  8.931 0.5000000000
14959  3.779  -59.285  7.329 0.6000000238
14960  3.251  -58.965  7.046 0.5000000000
14999  6.441  -59.986  3.660 0.5000000000
15731  3.185  -58.954  10.912 0.4000000060
15749  7.232  -58.345  8.320 0.6000000238
15751  5.618  -58.814  7.878 0.6999999881
15761  6.757  -58.177  7.713 0.6000000238
15765  3.115  -58.340  7.056 0.5000000000
15779  4.625  -58.211  6.190 0.8000000119
15780  3.957  -58.469  6.275 0.6000000238
15781  3.553  -58.547  6.733 0.6000000238
16491  10.136  -57.536  9.823 0.3000000119
16492  9.597  -58.223  9.885 0.3000000119
16518  5.545  -57.923  6.323 0.5000000000
16519  3.238  -57.791  7.145 0.5000000000
16529  4.976  -57.633  5.744 0.6000000238
17267  10.421  -56.279  9.209 0.3000000119
17322  4.644  -56.479  4.396 0.6000000238
18043  7.662  -55.420  4.434 0.4000000060
18057  6.430  -55.344  3.906 0.4000000060
19491  6.050  -53.360  4.639 0.5000000000
19506  5.672  -54.184  4.367 0.5000000000
21046  7.602  -51.662  9.347 0.3000000119
21869  6.643  -50.235  9.954 0.3000000119
21889  5.096  -50.451  8.539 0.4000000060
21890  4.561  -51.080  8.383 0.4000000060
23678  4.268  -48.603  8.281 0.4000000060
118303  1.944  -63.929  1.743 0.5000000000
119352  1.504  -65.403  -0.031 0.5000000000
120201  12.997  -76.519  4.569 0.6999999881
120582  24.092  -81.804  7.810 0.3000000119
121059  28.002  -81.277  7.316 0.3000000119
121382  22.086  -84.654  13.471 0.3000000119
122050  4.222  -64.174  13.456 0.6000000238
122347  28.793  -82.826  7.373 0.4000000060
122831  5.561  -67.594  10.643 0.6000000238
123568  17.104  -88.708  11.330 0.4000000060
123833  17.594  -88.196  13.377 0.4000000060
124256  11.278  -65.964  10.501 0.6999999881
125083  21.213  -86.064  11.660 0.4000000060
125152  11.651  -72.584  1.463 0.5000000000
125401  20.437  -85.457  12.848 0.4000000060
126975  21.692  -81.539  8.728 0.3000000119
127277  10.451  -66.517  9.532 0.6999999881
128622  23.839  -85.297  10.916 0.3000000119
130739  5.417  -60.788  9.586 0.6000000238
131084  8.654  -52.331  3.857 0.3000000119
131129  16.073  -76.478  -0.445 0.6999999881
131139  9.166  -67.462  -1.477 0.5000000000
131393  7.708  -65.633  7.886 0.8000000119
132878  18.774  -82.436  -6.110 0.6999999881
133224  19.552  -72.760  6.045 0.5000000000
133310  6.856  -62.480  11.365 0.8000000119
133606  4.584  -60.282  3.173 0.5000000000
134232  24.946  -84.995  15.564 0.3000000119
135064  4.674  -65.434  13.336 0.5000000000
136092  7.967  -54.336  3.842 0.3000000119
136221  9.621  -62.535  11.672 0.6999999881
136470  5.246  -56.843  4.632 0.6000000238
137044  13.753  -77.459  4.301 0.6999999881
137252  14.718  -78.570  -5.482 0.5000000000
137501  10.893  -64.796  8.387 0.6000000238
137662  16.643  -83.908  6.124 0.3000000119
137900  27.372  -83.571  11.407 0.4000000060
138658  3.095  -59.485  7.502 0.6000000238
139382  16.217  -82.790  6.611 0.3000000119
139689  21.137  -85.754  12.709 0.5000000000
140164  9.084  -63.939  7.495 0.5000000000
140535  24.436  -85.235  17.058 0.3000000119
140584  3.695  -46.686  10.212 0.3000000119
140726  2.830  -64.192  2.856 0.6000000238
140843  14.165  -85.917  12.157 0.4000000060
140909  5.626  -45.565  8.967 0.3000000119
141334  5.773  -69.435  7.349 0.5000000000
141727  18.114  -82.360  -6.105 0.6999999881
141730  7.483  -65.108  -0.398 0.6999999881
141879  20.411  -82.227  -6.128 0.6999999881
142576  17.632  -88.677  11.007 0.4000000060
142600  5.746  -48.077  7.009 0.3000000119
142712  4.408  -48.043  8.331 0.4000000060
142997  10.264  -68.461  3.140 0.6999999881
142998  5.344  -59.231  8.172 0.6999999881
144089  16.316  -82.274  3.785 0.5000000000
144677  16.478  -83.394  -3.346 0.4000000060
144801  17.995  -78.437  -5.466 0.8000000119
144916  2.739  -62.650  2.854 0.6000000238
144966  11.221  -74.599  1.254 0.6999999881
145579  16.056  -85.112  -0.139 0.3000000119
145674  6.158  -62.444  4.902 0.5000000000
145763  16.758  -88.896  13.685 0.4000000060
