#!ascii label  , from subject sub-v1s15x0050211_ses-1 vox2ras=TkReg
1001
41270  -33.647  -39.278  71.122 0.0000000000
39267  -15.215  -41.503  71.810 0.0000000000
39287  -24.431  -41.138  70.033 0.0000000000
65693  -39.405  -13.063  61.448 0.0000000000
67587  -45.141  -11.111  57.209 0.0000000000
40254  -7.117  -40.097  75.544 0.0000000000
61885  -36.718  -17.465  62.000 0.0000000000
45100  -34.819  -35.322  69.979 0.0000000000
39277  -29.703  -41.846  70.268 0.0000000000
40284  -10.911  -40.973  72.897 0.0000000000
35221  -9.850  -44.995  73.945 0.0000000000
42271  -31.088  -38.742  67.368 0.0000000000
45141  -31.520  -36.164  67.224 0.0000000000
40323  -19.923  -39.975  70.799 0.0000000000
43195  -27.134  -37.366  67.991 0.0000000000
52830  -34.320  -26.859  60.326 0.0000000000
57515  -37.259  -23.056  60.148 0.0000000000
135431  -40.225  -19.586  59.314 0.0000000000
35150  -0.968  -45.497  76.743 0.0000000000
33175  1.524  -47.959  78.759 0.0000000000
46128  -29.752  -33.367  67.191 0.0000000000
126333  -28.821  -30.257  65.446 0.0000000000
50959  -30.920  -29.236  61.771 0.0000000000
36255  -4.688  -44.467  74.882 0.0000000000
36294  -14.986  -44.197  72.654 0.0000000000
38255  -16.940  -42.685  73.026 0.0000000000
40310  -31.954  -41.030  70.796 0.0000000000
41261  -14.011  -38.905  72.300 0.0000000000
127483  -13.679  -41.603  71.973 0.0000000000
36302  -12.617  -44.193  71.674 0.0000000000
43183  -29.723  -37.527  70.121 0.0000000000
41290  -29.449  -39.342  67.339 0.0000000000
56525  -33.569  -23.327  60.970 0.0000000000
54701  -36.408  -25.216  60.099 0.0000000000
129267  -35.163  -21.790  60.631 0.0000000000
61055  -37.873  -18.312  59.745 0.0000000000
63817  -38.966  -16.250  59.901 0.0000000000
118666  -42.012  -18.074  59.862 0.0000000000
136976  -40.735  -14.850  58.695 0.0000000000
64789  -41.697  -14.386  58.382 0.0000000000
46104  -29.374  -34.042  69.360 0.0000000000
46129  -30.760  -34.624  67.422 0.0000000000
47062  -27.008  -33.711  68.935 0.0000000000
50014  -25.346  -30.604  65.892 0.0000000000
51837  -26.513  -28.089  64.667 0.0000000000
50923  -29.738  -29.350  63.654 0.0000000000
53723  -28.154  -26.638  63.196 0.0000000000
54668  -30.383  -25.769  62.720 0.0000000000
40326  -22.363  -40.708  69.864 0.0000000000
38211  -3.324  -41.990  76.710 0.0000000000
38222  -5.499  -42.316  74.848 0.0000000000
30330  0.972  -50.740  79.719 0.0000000000
29403  2.588  -51.319  81.037 0.0000000000
60156  -35.824  -19.847  62.988 0.0000000000
137716  -34.455  -33.243  69.938 0.0000000000
139975  -27.114  -41.377  69.753 0.0000000000
40273  -8.808  -40.258  73.783 0.0000000000
38235  -7.665  -42.631  74.252 0.0000000000
37303  -9.978  -43.452  72.716 0.0000000000
68501  -46.355  -10.433  55.519 0.0000000000
41292  -32.324  -38.851  69.309 0.0000000000
117154  -33.247  -37.825  68.178 0.0000000000
43209  -31.922  -37.944  67.318 0.0000000000
42224  -15.361  -38.235  71.156 0.0000000000
40303  -17.318  -40.529  71.272 0.0000000000
42246  -17.900  -37.929  69.772 0.0000000000
42249  -20.468  -38.122  69.167 0.0000000000
41303  -23.070  -39.394  68.503 0.0000000000
118958  -24.708  -36.909  69.351 0.0000000000
40354  -25.483  -40.093  67.110 0.0000000000
39335  -28.080  -41.127  67.259 0.0000000000
40339  -30.515  -40.763  67.968 0.0000000000
50088  -35.374  -29.554  61.631 0.0000000000
117161  -36.074  -19.707  60.477 0.0000000000
135308  -38.731  -21.448  59.683 0.0000000000
65724  -43.402  -13.756  57.037 0.0000000000
34144  0.452  -46.398  78.490 0.0000000000
31334  -0.057  -48.932  78.240 0.0000000000
44183  -34.150  -36.769  66.683 0.0000000000
47078  -33.079  -33.752  67.192 0.0000000000
117638  -31.934  -32.462  66.929 0.0000000000
47993  -25.807  -32.128  68.150 0.0000000000
49028  -28.067  -31.585  66.247 0.0000000000
49982  -31.408  -30.841  67.024 0.0000000000
50021  -31.736  -29.945  65.723 0.0000000000
50055  -32.560  -30.567  63.756 0.0000000000
50073  -34.253  -30.586  62.381 0.0000000000
51893  -32.577  -28.159  60.738 0.0000000000
55562  -33.097  -24.963  61.887 0.0000000000
39232  -19.162  -41.175  73.146 0.0000000000
37213  -1.846  -42.859  77.911 0.0000000000
36253  -3.025  -44.500  75.373 0.0000000000
134642  -7.446  -44.838  74.211 0.0000000000
28532  3.156  -51.945  80.629 0.0000000000
38304  -15.283  -42.205  72.093 0.0000000000
37291  -16.218  -43.276  73.091 0.0000000000
39246  -16.508  -41.775  72.049 0.0000000000
40332  -33.310  -40.085  70.980 0.0000000000
40300  -14.715  -40.271  71.477 0.0000000000
40287  -13.523  -40.477  72.467 0.0000000000
39266  -14.377  -41.545  71.814 0.0000000000
37315  -14.102  -42.961  71.787 0.0000000000
57496  -33.584  -22.537  61.452 0.0000000000
57512  -34.036  -22.417  60.536 0.0000000000
58436  -34.312  -21.600  61.289 0.0000000000
64765  -38.284  -14.294  61.723 0.0000000000
64774  -38.257  -15.331  60.734 0.0000000000
141032  -39.085  -14.773  60.248 0.0000000000
63818  -39.531  -15.583  59.588 0.0000000000
64782  -39.771  -14.111  59.396 0.0000000000
65707  -40.234  -13.411  59.271 0.0000000000
46103  -28.375  -34.101  69.604 0.0000000000
52752  -26.267  -27.356  66.281 0.0000000000
53705  -26.765  -26.626  63.651 0.0000000000
54645  -27.871  -25.572  64.314 0.0000000000
54646  -28.653  -25.357  64.118 0.0000000000
39286  -23.676  -41.312  70.004 0.0000000000
39272  -23.362  -41.061  71.424 0.0000000000
39273  -24.698  -41.114  71.514 0.0000000000
39206  -5.106  -41.036  76.087 0.0000000000
39213  -5.822  -41.482  75.149 0.0000000000
67595  -44.815  -11.891  56.834 0.0000000000
29421  1.333  -51.477  80.561 0.0000000000
44131  -35.099  -36.216  71.713 0.0000000000
46087  -34.764  -34.336  70.122 0.0000000000
38315  -28.890  -42.408  70.081 0.0000000000
38308  -29.637  -42.216  71.385 0.0000000000
40277  -12.398  -40.710  73.390 0.0000000000
41244  -10.938  -39.957  73.918 0.0000000000
41226  -10.255  -39.936  74.334 0.0000000000
39231  -10.008  -41.029  73.194 0.0000000000
138912  -9.521  -41.372  73.206 0.0000000000
39243  -10.575  -41.850  72.654 0.0000000000
35233  -13.791  -44.988  72.667 0.0000000000
35232  -12.831  -44.926  72.762 0.0000000000
116973  -31.452  -39.195  67.446 0.0000000000
136222  -32.073  -38.419  67.453 0.0000000000
135558  -31.678  -38.590  67.516 0.0000000000
43165  -16.398  -37.071  71.333 0.0000000000
42235  -16.597  -37.831  70.336 0.0000000000
44139  -17.577  -36.968  70.808 0.0000000000
44141  -20.609  -35.887  69.890 0.0000000000
120974  -21.839  -36.952  68.979 0.0000000000
42262  -22.071  -37.812  68.589 0.0000000000
43203  -23.003  -37.566  68.672 0.0000000000
42238  -27.114  -38.299  70.281 0.0000000000
43194  -26.118  -37.629  68.803 0.0000000000
42266  -25.250  -38.511  67.537 0.0000000000
42283  -26.626  -38.568  67.148 0.0000000000
40370  -26.966  -39.744  67.234 0.0000000000
41322  -27.339  -39.424  67.230 0.0000000000
42270  -30.512  -39.224  67.109 0.0000000000
41307  -30.384  -40.152  66.684 0.0000000000
41308  -31.104  -39.836  66.886 0.0000000000
40340  -31.214  -40.236  68.287 0.0000000000
51895  -35.154  -28.041  60.715 0.0000000000
51878  -36.634  -28.440  61.676 0.0000000000
52831  -35.610  -27.357  60.595 0.0000000000
56541  -36.556  -23.766  60.137 0.0000000000
54702  -37.311  -25.270  60.234 0.0000000000
135713  -36.269  -18.764  62.519 0.0000000000
60191  -35.681  -19.504  60.846 0.0000000000
136188  -35.915  -19.050  60.651 0.0000000000
60204  -38.757  -19.282  59.483 0.0000000000
116949  -37.990  -19.887  59.503 0.0000000000
58464  -40.204  -20.980  59.307 0.0000000000
57519  -40.871  -22.665  59.975 0.0000000000
64790  -42.456  -14.466  57.945 0.0000000000
66681  -42.531  -12.918  57.782 0.0000000000
66682  -43.227  -12.773  57.312 0.0000000000
36191  -1.019  -44.193  78.179 0.0000000000
35114  -0.021  -44.977  79.166 0.0000000000
35149  -0.436  -45.947  77.204 0.0000000000
32283  -1.147  -48.546  78.117 0.0000000000
136965  -0.375  -50.305  79.916 0.0000000000
44182  -32.547  -37.144  66.693 0.0000000000
43221  -33.912  -37.476  66.807 0.0000000000
44189  -32.652  -36.503  66.547 0.0000000000
138307  -30.460  -33.968  67.042 0.0000000000
46131  -31.908  -34.144  66.580 0.0000000000
47076  -31.443  -33.471  66.610 0.0000000000
47077  -32.309  -33.494  66.759 0.0000000000
47999  -30.934  -32.517  66.672 0.0000000000
48998  -24.726  -30.743  68.448 0.0000000000
50016  -26.939  -30.622  65.118 0.0000000000
49042  -26.511  -31.166  65.699 0.0000000000
49044  -28.457  -30.873  65.880 0.0000000000
49999  -29.651  -30.938  66.538 0.0000000000
50019  -30.039  -30.371  66.116 0.0000000000
50000  -31.474  -30.228  66.562 0.0000000000
50041  -30.418  -29.975  65.314 0.0000000000
50943  -30.393  -29.143  62.323 0.0000000000
50935  -30.950  -29.991  63.331 0.0000000000
50070  -31.789  -30.211  63.078 0.0000000000
50056  -33.571  -30.967  63.735 0.0000000000
123019  -32.087  -29.983  62.169 0.0000000000
50962  -33.634  -29.526  61.439 0.0000000000
51873  -31.323  -28.446  61.285 0.0000000000
55546  -31.356  -24.688  63.675 0.0000000000
54670  -32.294  -25.544  62.146 0.0000000000
55547  -32.169  -24.291  63.508 0.0000000000
40322  -18.454  -40.125  70.928 0.0000000000
40288  -18.760  -40.936  72.427 0.0000000000
40289  -19.498  -40.702  72.489 0.0000000000
38220  -4.222  -43.093  75.379 0.0000000000
37227  -2.591  -43.688  75.867 0.0000000000
36254  -3.945  -44.500  75.189 0.0000000000
37288  -8.844  -43.954  73.880 0.0000000000
37269  -7.413  -43.652  73.956 0.0000000000
139722  -8.203  -44.966  74.317 0.0000000000
35226  -14.909  -45.214  73.828 0.0000000000
36284  -16.175  -44.339  73.844 0.0000000000
37248  -16.986  -43.853  75.092 0.0000000000
37273  -18.081  -43.069  75.000 0.0000000000
39292  -31.230  -41.445  70.319 0.0000000000
38309  -31.146  -42.216  71.780 0.0000000000
41247  -13.281  -40.105  73.860 0.0000000000
40278  -13.109  -40.515  73.209 0.0000000000
129699  -12.314  -41.637  72.570 0.0000000000
38301  -11.726  -42.840  71.790 0.0000000000
38302  -12.619  -42.896  71.646 0.0000000000
36293  -14.207  -44.383  72.137 0.0000000000
42242  -29.998  -37.953  68.246 0.0000000000
43196  -30.556  -37.387  69.041 0.0000000000
42239  -28.059  -37.968  69.951 0.0000000000
42269  -28.572  -39.334  67.487 0.0000000000
42253  -29.335  -38.451  68.255 0.0000000000
54698  -33.840  -25.034  60.444 0.0000000000
122929  -35.073  -25.673  60.018 0.0000000000
55577  -34.378  -24.395  60.252 0.0000000000
56540  -35.660  -23.685  60.185 0.0000000000
57514  -36.130  -22.841  60.220 0.0000000000
61906  -36.678  -17.903  60.856 0.0000000000
62835  -37.617  -16.294  60.787 0.0000000000
61912  -38.419  -17.657  59.637 0.0000000000
117610  -39.939  -18.088  59.637 0.0000000000
60207  -41.574  -19.541  59.931 0.0000000000
138772  -40.475  -17.453  59.799 0.0000000000
62847  -41.269  -16.946  59.597 0.0000000000
134573  -42.185  -16.664  59.282 0.0000000000
121812  -40.978  -13.895  58.522 0.0000000000
66662  -40.956  -11.961  58.830 0.0000000000
34175  -1.931  -46.573  76.311 0.0000000000
34174  -1.223  -46.698  76.577 0.0000000000
33211  -2.407  -47.106  76.709 0.0000000000
46118  -30.385  -34.731  68.527 0.0000000000
45140  -31.287  -35.175  67.047 0.0000000000
46117  -29.608  -34.115  68.544 0.0000000000
47064  -29.261  -33.576  68.096 0.0000000000
47063  -28.308  -33.409  68.397 0.0000000000
50891  -24.878  -29.796  67.086 0.0000000000
51822  -25.455  -28.751  66.880 0.0000000000
124936  -26.140  -28.944  65.143 0.0000000000
50922  -27.362  -29.240  64.422 0.0000000000
121918  -29.067  -29.473  64.164 0.0000000000
139649  -27.388  -28.642  63.917 0.0000000000
51859  -28.400  -28.124  62.865 0.0000000000
52798  -29.494  -27.618  62.333 0.0000000000
53744  -30.652  -27.080  61.921 0.0000000000
54667  -29.454  -25.968  62.757 0.0000000000
40324  -20.803  -40.165  70.579 0.0000000000
40291  -20.979  -40.987  71.941 0.0000000000
40292  -21.807  -41.210  71.719 0.0000000000
38221  -4.793  -42.356  75.319 0.0000000000
37247  -5.097  -43.319  74.663 0.0000000000
31332  1.407  -49.438  78.977 0.0000000000
32261  1.934  -48.538  80.341 0.0000000000
31325  1.403  -50.265  79.706 0.0000000000
31319  2.110  -50.064  80.494 0.0000000000
31310  3.029  -49.947  81.130 0.0000000000
47981  -33.770  -32.400  69.574 0.0000000000
39288  -26.360  -41.163  69.938 0.0000000000
141072  -25.840  -41.275  71.599 0.0000000000
41204  -8.633  -39.707  75.010 0.0000000000
41203  -7.876  -39.778  74.912 0.0000000000
39220  -7.098  -40.847  74.551 0.0000000000
39229  -8.465  -41.085  73.731 0.0000000000
38253  -9.021  -42.694  73.495 0.0000000000
36280  -10.378  -44.316  73.192 0.0000000000
36300  -10.929  -44.085  71.884 0.0000000000
36281  -11.202  -44.548  72.965 0.0000000000
34202  -11.257  -46.101  74.072 0.0000000000
68494  -45.738  -10.719  56.819 0.0000000000
41281  -33.209  -39.512  70.240 0.0000000000
41293  -33.337  -38.750  69.714 0.0000000000
41310  -32.289  -38.514  68.152 0.0000000000
43219  -32.479  -37.849  66.959 0.0000000000
44174  -31.530  -37.126  67.778 0.0000000000
44173  -31.147  -37.054  68.715 0.0000000000
44162  -31.175  -36.178  68.734 0.0000000000
140777  -30.731  -35.298  68.970 0.0000000000
46085  -29.993  -33.934  70.016 0.0000000000
124811  -15.248  -39.942  70.997 0.0000000000
40302  -16.409  -40.634  71.146 0.0000000000
41274  -16.275  -39.210  70.522 0.0000000000
42237  -17.822  -38.743  69.745 0.0000000000
41285  -19.205  -38.986  69.598 0.0000000000
44155  -19.154  -36.418  70.110 0.0000000000
42248  -19.519  -38.026  69.372 0.0000000000
41286  -20.027  -38.852  69.528 0.0000000000
41288  -21.393  -39.225  69.137 0.0000000000
137586  -22.672  -40.261  68.805 0.0000000000
40337  -23.385  -40.692  68.469 0.0000000000
44145  -23.982  -36.717  69.797 0.0000000000
43205  -24.499  -37.388  68.533 0.0000000000
42281  -23.899  -39.028  67.023 0.0000000000
40353  -24.523  -40.408  67.490 0.0000000000
39324  -26.054  -41.024  68.015 0.0000000000
39308  -27.598  -41.536  69.002 0.0000000000
39310  -29.139  -41.901  68.964 0.0000000000
41306  -29.306  -40.449  66.856 0.0000000000
40358  -29.935  -41.204  67.035 0.0000000000
39311  -30.073  -41.346  69.228 0.0000000000
40329  -30.869  -40.894  69.327 0.0000000000
41280  -32.315  -39.798  69.988 0.0000000000
42223  -14.689  -38.443  71.801 0.0000000000
53771  -36.695  -26.513  60.466 0.0000000000
59335  -35.126  -21.157  60.971 0.0000000000
58448  -35.726  -21.148  60.568 0.0000000000
58461  -37.248  -21.439  60.050 0.0000000000
60193  -37.476  -19.147  59.964 0.0000000000
59358  -37.601  -20.741  59.818 0.0000000000
57537  -38.536  -22.103  59.899 0.0000000000
56544  -39.676  -23.289  60.152 0.0000000000
65733  -44.004  -13.903  56.660 0.0000000000
66683  -44.095  -12.288  57.092 0.0000000000
67586  -44.464  -11.493  57.567 0.0000000000
34126  0.412  -45.602  79.242 0.0000000000
34143  0.940  -47.199  78.661 0.0000000000
33199  -0.445  -47.522  77.449 0.0000000000
32282  0.182  -48.150  78.053 0.0000000000
135972  0.776  -48.661  78.255 0.0000000000
30331  0.445  -50.447  79.472 0.0000000000
42273  -33.964  -37.784  68.762 0.0000000000
43212  -34.366  -37.075  68.435 0.0000000000
45131  -34.490  -35.479  68.279 0.0000000000
45153  -32.379  -35.803  66.528 0.0000000000
46132  -33.369  -34.732  67.023 0.0000000000
46120  -34.347  -34.511  68.397 0.0000000000
47066  -34.089  -33.695  68.483 0.0000000000
47055  -33.434  -32.637  68.801 0.0000000000
47987  -32.346  -31.420  67.713 0.0000000000
47986  -26.338  -33.027  68.231 0.0000000000
47995  -27.274  -32.633  67.399 0.0000000000
49025  -25.214  -31.251  66.501 0.0000000000
48006  -26.703  -32.100  66.892 0.0000000000
47997  -29.138  -32.418  67.290 0.0000000000
48009  -29.347  -31.697  66.810 0.0000000000
120187  -31.609  -31.443  67.081 0.0000000000
50924  -30.783  -29.845  64.350 0.0000000000
50043  -32.142  -30.135  64.779 0.0000000000
50087  -34.474  -29.993  61.710 0.0000000000
51876  -33.935  -28.676  60.943 0.0000000000
52829  -33.490  -27.169  60.426 0.0000000000
53745  -31.306  -26.907  61.446 0.0000000000
53746  -32.092  -26.345  61.329 0.0000000000
54697  -33.398  -25.719  60.630 0.0000000000
55563  -33.388  -24.167  61.406 0.0000000000
56515  -33.467  -23.328  61.955 0.0000000000
39247  -17.378  -41.596  72.251 0.0000000000
38282  -18.495  -41.633  73.347 0.0000000000
39234  -20.490  -41.634  73.564 0.0000000000
37212  -1.559  -43.714  77.525 0.0000000000
38201  -2.352  -42.558  77.515 0.0000000000
139517  -2.178  -43.309  77.011 0.0000000000
36230  -1.719  -45.170  76.332 0.0000000000
35176  -3.216  -45.856  75.742 0.0000000000
38234  -6.788  -42.000  74.359 0.0000000000
37268  -6.545  -43.825  73.791 0.0000000000
36268  -5.757  -43.928  74.094 0.0000000000
28534  2.291  -51.900  81.573 0.0000000000
120193  2.809  -51.761  80.953 0.0000000000
29401  3.714  -51.301  80.834 0.0000000000
42230  -34.080  -38.312  71.454 0.0000000000
38305  -15.810  -41.851  71.985 0.0000000000
125019  -33.614  -39.835  71.593 0.0000000000
141284  -14.787  -40.947  71.624 0.0000000000
38303  -14.600  -42.231  71.946 0.0000000000
57483  -34.021  -21.898  62.530 0.0000000000
58424  -33.801  -21.843  61.765 0.0000000000
58425  -34.348  -21.448  62.021 0.0000000000
65692  -39.110  -13.919  61.213 0.0000000000
64775  -38.691  -14.680  60.810 0.0000000000
65698  -39.309  -14.135  60.241 0.0000000000
65699  -39.479  -13.413  60.724 0.0000000000
65706  -39.832  -13.249  59.977 0.0000000000
53696  -27.100  -25.760  64.321 0.0000000000
117446  -24.015  -41.245  70.898 0.0000000000
136687  -24.845  -40.928  70.844 0.0000000000
40235  -6.523  -40.289  76.439 0.0000000000
40234  -5.723  -40.501  76.330 0.0000000000
40253  -6.237  -40.712  75.557 0.0000000000
66692  -45.241  -12.424  56.209 0.0000000000
67596  -45.506  -11.455  56.330 0.0000000000
46088  -35.252  -34.972  70.695 0.0000000000
45117  -34.638  -34.891  69.187 0.0000000000
139795  -29.119  -42.390  70.651 0.0000000000
40285  -11.919  -41.255  73.051 0.0000000000
40276  -11.382  -40.415  73.451 0.0000000000
40275  -10.403  -40.342  73.451 0.0000000000
44138  -16.891  -36.738  71.107 0.0000000000
44143  -22.440  -36.116  70.709 0.0000000000
44142  -21.467  -35.783  70.404 0.0000000000
44159  -22.267  -36.398  69.681 0.0000000000
43190  -22.629  -36.965  68.901 0.0000000000
141005  -22.854  -36.614  69.512 0.0000000000
43182  -27.226  -37.867  69.128 0.0000000000
43181  -26.482  -37.888  69.536 0.0000000000
140004  -26.806  -37.485  68.293 0.0000000000
43207  -26.829  -37.381  67.917 0.0000000000
43208  -26.982  -37.654  67.532 0.0000000000
42284  -27.124  -38.545  67.153 0.0000000000
40360  -31.360  -39.756  67.510 0.0000000000
140235  -34.903  -27.326  60.473 0.0000000000
128816  -35.164  -26.555  60.254 0.0000000000
135839  -37.297  -23.926  60.115 0.0000000000
55580  -37.753  -24.519  60.199 0.0000000000
56542  -38.019  -23.706  60.161 0.0000000000
61020  -36.483  -18.199  62.216 0.0000000000
61019  -35.865  -18.684  61.710 0.0000000000
61035  -36.246  -18.104  61.304 0.0000000000
60205  -39.554  -19.457  59.336 0.0000000000
59360  -39.849  -20.231  59.270 0.0000000000
66673  -42.862  -12.161  58.032 0.0000000000
35131  -0.707  -45.077  77.689 0.0000000000
44181  -32.036  -36.393  66.663 0.0000000000
47075  -30.581  -33.459  66.725 0.0000000000
50017  -27.909  -30.542  65.142 0.0000000000
50018  -29.251  -30.543  66.129 0.0000000000
135165  -29.608  -30.068  65.489 0.0000000000
50944  -31.047  -29.877  62.326 0.0000000000
50960  -31.682  -29.334  61.631 0.0000000000
131525  -19.177  -40.186  71.082 0.0000000000
40305  -19.693  -40.398  71.703 0.0000000000
37246  -4.395  -43.899  74.960 0.0000000000
37245  -3.518  -43.742  75.399 0.0000000000
35200  -4.549  -45.128  75.304 0.0000000000
136606  -5.008  -44.824  75.020 0.0000000000
36271  -8.976  -44.571  74.188 0.0000000000
33176  1.178  -47.126  79.680 0.0000000000
33162  1.689  -47.879  79.867 0.0000000000
44130  -34.744  -36.943  71.197 0.0000000000
36283  -15.341  -44.571  73.435 0.0000000000
36272  -15.695  -44.878  74.228 0.0000000000
37290  -15.730  -43.928  73.223 0.0000000000
37292  -17.035  -43.368  73.633 0.0000000000
37272  -17.493  -43.289  74.480 0.0000000000
38256  -17.608  -42.645  73.752 0.0000000000
39279  -31.516  -41.722  71.212 0.0000000000
42194  -14.235  -38.207  73.781 0.0000000000
42193  -13.658  -38.796  73.224 0.0000000000
39245  -13.421  -41.104  72.298 0.0000000000
40286  -12.835  -41.066  72.795 0.0000000000
39244  -12.972  -41.639  72.294 0.0000000000
38280  -12.384  -42.222  72.108 0.0000000000
39265  -13.178  -42.271  71.900 0.0000000000
37305  -14.734  -43.849  72.186 0.0000000000
36304  -14.217  -43.726  71.865 0.0000000000
36282  -14.558  -44.819  72.976 0.0000000000
118876  -28.878  -38.422  69.458 0.0000000000
43170  -29.597  -38.084  71.174 0.0000000000
42241  -29.143  -38.125  69.965 0.0000000000
55576  -33.727  -24.161  60.645 0.0000000000
57513  -34.685  -22.345  60.477 0.0000000000
129606  -34.443  -22.882  60.364 0.0000000000
135340  -35.177  -22.950  60.295 0.0000000000
137239  -35.421  -22.365  60.373 0.0000000000
127144  -37.299  -16.156  61.421 0.0000000000
63802  -37.423  -15.407  61.804 0.0000000000
62836  -38.215  -16.092  60.367 0.0000000000
62845  -39.149  -17.061  59.732 0.0000000000
61913  -39.187  -17.874  59.526 0.0000000000
138472  -39.765  -17.462  59.726 0.0000000000
133168  -39.920  -16.982  59.808 0.0000000000
63830  -39.895  -14.876  59.042 0.0000000000
63819  -40.138  -15.676  59.133 0.0000000000
63820  -41.215  -15.962  59.111 0.0000000000
140019  -41.585  -15.240  58.630 0.0000000000
66661  -40.441  -12.625  59.426 0.0000000000
65713  -40.805  -12.993  58.704 0.0000000000
46105  -29.862  -34.399  69.246 0.0000000000
46115  -27.845  -33.826  68.943 0.0000000000
46116  -28.796  -33.751  68.823 0.0000000000
135207  -27.422  -33.461  68.396 0.0000000000
129567  -26.576  -27.370  65.207 0.0000000000
51831  -26.137  -28.158  65.567 0.0000000000
50921  -26.619  -28.901  64.635 0.0000000000
51838  -26.787  -28.524  64.153 0.0000000000
53706  -27.379  -26.618  63.439 0.0000000000
52779  -27.993  -27.403  63.140 0.0000000000
51860  -29.043  -28.299  62.562 0.0000000000
137858  -28.516  -26.878  62.775 0.0000000000
53724  -29.077  -26.773  62.486 0.0000000000
54666  -28.698  -26.259  62.921 0.0000000000
54647  -29.320  -25.183  63.888 0.0000000000
40325  -21.598  -40.395  70.286 0.0000000000
40307  -21.352  -40.677  71.171 0.0000000000
40308  -22.394  -40.854  71.048 0.0000000000
39252  -23.629  -41.550  71.906 0.0000000000
39271  -22.782  -41.268  71.799 0.0000000000
39212  -5.245  -41.646  75.463 0.0000000000
39211  -4.724  -41.645  75.841 0.0000000000
31326  0.919  -50.050  79.102 0.0000000000
29420  2.095  -51.074  80.839 0.0000000000
30317  1.730  -50.800  80.403 0.0000000000
30303  2.625  -50.757  80.862 0.0000000000
140309  -34.833  -33.616  70.625 0.0000000000
133837  -34.170  -32.143  70.371 0.0000000000
130511  -27.050  -41.321  71.496 0.0000000000
120525  -27.092  -41.362  70.628 0.0000000000
41242  -9.187  -39.955  73.898 0.0000000000
41225  -9.354  -39.828  74.386 0.0000000000
41224  -8.599  -39.875  74.340 0.0000000000
40266  -7.930  -40.352  74.277 0.0000000000
38254  -9.584  -42.687  73.052 0.0000000000
37289  -9.435  -43.483  73.332 0.0000000000
36288  -10.066  -43.926  72.654 0.0000000000
37313  -12.115  -43.581  71.583 0.0000000000
37312  -11.198  -43.620  71.743 0.0000000000
36301  -11.673  -44.186  71.731 0.0000000000
35223  -12.440  -45.540  73.376 0.0000000000
35231  -11.936  -44.937  72.669 0.0000000000
123041  -11.639  -45.446  73.429 0.0000000000
120323  -30.128  -36.853  70.247 0.0000000000
44161  -30.471  -36.500  69.483 0.0000000000
45099  -30.406  -35.056  70.362 0.0000000000
45116  -30.391  -35.561  69.572 0.0000000000
46106  -30.214  -34.637  69.630 0.0000000000
41269  -15.466  -39.198  70.781 0.0000000000
40319  -15.863  -39.959  70.733 0.0000000000
42234  -16.030  -38.448  70.597 0.0000000000
43177  -17.244  -37.492  70.149 0.0000000000
42236  -17.144  -38.206  69.942 0.0000000000
128161  -18.481  -39.119  69.724 0.0000000000
42247  -18.582  -38.428  69.575 0.0000000000
44157  -20.603  -36.653  69.387 0.0000000000
44156  -19.941  -36.400  69.605 0.0000000000
43188  -20.150  -37.239  69.228 0.0000000000
41287  -20.759  -38.997  69.335 0.0000000000
42250  -21.336  -38.407  68.992 0.0000000000
42263  -22.997  -38.380  68.570 0.0000000000
41289  -22.147  -39.053  68.678 0.0000000000
40351  -23.314  -40.067  68.224 0.0000000000
43180  -25.534  -37.443  69.823 0.0000000000
43168  -25.380  -37.514  71.118 0.0000000000
43179  -24.674  -37.081  70.334 0.0000000000
43192  -23.928  -36.889  68.963 0.0000000000
41320  -25.629  -39.073  66.887 0.0000000000
42282  -24.519  -38.947  66.900 0.0000000000
41305  -24.513  -39.374  66.898 0.0000000000
39323  -25.267  -40.980  67.943 0.0000000000
40356  -27.432  -40.527  67.574 0.0000000000
120163  -27.065  -40.889  68.282 0.0000000000
39325  -27.838  -41.480  67.719 0.0000000000
124400  -28.409  -41.899  68.158 0.0000000000
39326  -28.532  -41.535  67.223 0.0000000000
42252  -28.761  -38.675  68.332 0.0000000000
118695  -30.544  -40.412  66.862 0.0000000000
128325  -29.977  -40.763  66.711 0.0000000000
40338  -29.739  -41.467  68.052 0.0000000000
41291  -31.688  -39.596  68.940 0.0000000000
43164  -15.754  -37.478  71.672 0.0000000000
42210  -15.040  -37.646  72.121 0.0000000000
140585  -15.009  -38.820  71.178 0.0000000000
133293  -35.815  -29.900  62.422 0.0000000000
52813  -36.986  -27.798  61.109 0.0000000000
51862  -37.090  -28.665  62.523 0.0000000000
54700  -35.579  -25.142  60.001 0.0000000000
53770  -35.932  -25.945  60.166 0.0000000000
133606  -36.794  -25.821  60.293 0.0000000000
59323  -35.406  -20.164  62.144 0.0000000000
59322  -35.047  -21.004  61.571 0.0000000000
59346  -35.665  -20.305  60.718 0.0000000000
58449  -36.254  -20.543  60.375 0.0000000000
134788  -36.465  -21.344  60.257 0.0000000000
140383  -36.909  -20.832  60.094 0.0000000000
61048  -37.176  -18.299  60.402 0.0000000000
128962  -38.397  -20.755  59.533 0.0000000000
58462  -38.024  -21.431  59.836 0.0000000000
57517  -39.125  -22.726  59.951 0.0000000000
57538  -39.400  -21.898  59.648 0.0000000000
61059  -41.397  -18.616  59.947 0.0000000000
63831  -42.207  -15.145  58.349 0.0000000000
65723  -42.748  -13.661  57.545 0.0000000000
64797  -43.090  -14.554  57.390 0.0000000000
67585  -43.708  -11.832  57.805 0.0000000000
35130  -0.089  -45.610  78.275 0.0000000000
34125  0.787  -46.322  79.422 0.0000000000
139336  -1.479  -47.583  77.016 0.0000000000
33209  -1.035  -47.333  76.875 0.0000000000
32290  -1.201  -47.959  77.366 0.0000000000
31335  -0.742  -49.185  78.698 0.0000000000
32289  -0.557  -48.218  77.845 0.0000000000
31333  0.839  -49.338  78.527 0.0000000000
31327  0.084  -49.838  78.846 0.0000000000
30304  -0.266  -50.814  80.988 0.0000000000
42254  -32.983  -38.198  68.891 0.0000000000
42255  -33.812  -38.173  69.623 0.0000000000
44175  -34.699  -37.064  67.197 0.0000000000
135420  -34.515  -36.356  68.210 0.0000000000
45143  -34.405  -36.248  67.289 0.0000000000
45152  -31.730  -35.482  66.709 0.0000000000
46130  -31.267  -34.393  66.756 0.0000000000
47084  -32.580  -34.382  66.695 0.0000000000
46133  -34.048  -35.142  67.584 0.0000000000
46119  -33.782  -34.136  67.765 0.0000000000
48000  -32.801  -32.694  67.322 0.0000000000
47988  -33.000  -31.980  68.194 0.0000000000
47985  -25.800  -32.779  68.951 0.0000000000
47072  -26.952  -33.178  67.887 0.0000000000
47994  -26.489  -32.571  67.545 0.0000000000
49981  -24.764  -30.655  67.281 0.0000000000
49998  -24.955  -30.486  66.536 0.0000000000
49027  -27.097  -31.620  66.283 0.0000000000
48007  -27.658  -32.093  66.840 0.0000000000
48008  -28.559  -31.920  66.901 0.0000000000
47998  -29.991  -32.492  66.691 0.0000000000
49030  -30.514  -30.751  66.639 0.0000000000
49015  -30.637  -31.538  66.725 0.0000000000
49016  -32.106  -30.644  67.515 0.0000000000
50020  -30.879  -30.116  65.981 0.0000000000
133370  -29.919  -29.699  64.554 0.0000000000
138032  -30.369  -29.610  63.810 0.0000000000
50054  -31.629  -30.018  64.067 0.0000000000
50072  -33.335  -30.680  62.813 0.0000000000
119851  -34.063  -30.974  63.048 0.0000000000
131838  -34.791  -30.892  62.872 0.0000000000
50074  -35.074  -30.361  62.194 0.0000000000
51875  -33.050  -28.752  61.044 0.0000000000
51894  -33.318  -28.012  60.662 0.0000000000
52828  -32.656  -27.490  60.626 0.0000000000
53726  -30.894  -26.366  62.224 0.0000000000
54681  -32.828  -25.738  61.236 0.0000000000
53767  -32.832  -26.548  60.703 0.0000000000
54682  -33.343  -24.967  60.941 0.0000000000
55554  -33.248  -24.127  62.438 0.0000000000
39269  -16.958  -41.210  71.597 0.0000000000
39248  -18.235  -41.330  72.731 0.0000000000
38257  -19.112  -41.625  73.864 0.0000000000
122742  -18.336  -42.082  73.859 0.0000000000
121204  -21.362  -41.494  72.285 0.0000000000
39250  -20.701  -41.331  72.679 0.0000000000
39235  -21.326  -42.034  72.889 0.0000000000
39254  -25.361  -41.417  72.016 0.0000000000
37198  -1.160  -43.250  78.444 0.0000000000
38202  -2.771  -41.949  77.495 0.0000000000
38210  -2.740  -42.726  76.706 0.0000000000
36206  -1.923  -44.208  76.526 0.0000000000
36231  -2.371  -44.763  75.793 0.0000000000
35175  -2.335  -45.737  75.959 0.0000000000
35198  -2.872  -45.222  75.542 0.0000000000
39221  -7.691  -41.474  74.220 0.0000000000
36278  -7.097  -44.327  73.881 0.0000000000
36269  -6.648  -44.465  73.970 0.0000000000
68500  -45.966  -10.823  56.076 0.0000000000
28533  2.578  -52.546  81.261 0.0000000000
37316  -14.870  -43.014  72.156 0.0000000000
37306  -15.382  -43.452  72.621 0.0000000000
140697  -15.969  -42.528  72.440 0.0000000000
119478  -16.903  -42.130  72.531 0.0000000000
40311  -32.827  -40.733  71.104 0.0000000000
41260  -13.517  -39.748  72.783 0.0000000000
41267  -14.000  -39.860  71.966 0.0000000000
40299  -14.052  -40.793  71.863 0.0000000000
125867  -13.897  -42.259  71.797 0.0000000000
56538  -34.013  -23.280  60.433 0.0000000000
57511  -33.741  -22.656  60.752 0.0000000000
58435  -33.807  -22.006  60.970 0.0000000000
58447  -34.352  -21.872  60.770 0.0000000000
64764  -37.890  -14.917  61.384 0.0000000000
63810  -38.886  -15.386  60.181 0.0000000000
131270  -39.661  -16.350  59.653 0.0000000000
121702  -39.407  -14.834  59.708 0.0000000000
64788  -40.380  -14.037  58.864 0.0000000000
66655  -40.217  -12.424  60.319 0.0000000000
47054  -27.418  -33.907  69.698 0.0000000000
47053  -26.594  -33.469  69.666 0.0000000000
52767  -26.514  -27.126  64.016 0.0000000000
133583  -26.758  -26.298  63.870 0.0000000000
54644  -27.020  -26.002  63.744 0.0000000000
54654  -28.143  -26.015  63.634 0.0000000000
129563  -28.978  -25.608  63.302 0.0000000000
54639  -28.331  -25.021  64.712 0.0000000000
40309  -23.142  -40.953  70.617 0.0000000000
133326  -24.045  -41.355  71.621 0.0000000000
39253  -24.453  -41.550  72.048 0.0000000000
40252  -5.613  -41.073  75.703 0.0000000000
125600  -45.048  -13.205  56.075 0.0000000000
29422  0.939  -51.730  80.649 0.0000000000
30329  1.187  -50.997  80.055 0.0000000000
28557  1.243  -51.838  81.027 0.0000000000
29404  2.114  -51.448  81.246 0.0000000000
46107  -34.437  -33.985  69.205 0.0000000000
39290  -28.391  -42.133  70.371 0.0000000000
39276  -27.813  -42.005  71.083 0.0000000000
38307  -28.686  -42.381  71.055 0.0000000000
120802  -29.004  -42.443  71.950 0.0000000000
38290  -29.741  -42.546  72.347 0.0000000000
41246  -13.047  -40.366  74.034 0.0000000000
41245  -12.016  -39.917  73.944 0.0000000000
128272  -11.772  -39.693  74.515 0.0000000000
128033  -10.988  -39.957  74.537 0.0000000000
41243  -9.888  -40.014  73.843 0.0000000000
40274  -9.534  -40.278  73.548 0.0000000000
129548  -9.198  -40.859  73.380 0.0000000000
39242  -9.835  -41.902  73.001 0.0000000000
38277  -10.221  -42.761  72.597 0.0000000000
36292  -13.238  -44.571  72.022 0.0000000000
36291  -12.221  -44.610  71.981 0.0000000000
35224  -13.323  -45.511  73.385 0.0000000000
41309  -31.776  -39.089  67.929 0.0000000000
119188  -31.303  -37.884  67.891 0.0000000000
43175  -16.068  -37.655  70.851 0.0000000000
43176  -16.706  -37.139  70.636 0.0000000000
43178  -18.259  -37.189  70.321 0.0000000000
136250  -19.886  -35.676  70.299 0.0000000000
44158  -21.328  -36.425  69.486 0.0000000000
43189  -21.083  -37.423  69.076 0.0000000000
43169  -26.262  -37.811  70.693 0.0000000000
43193  -25.328  -37.292  68.804 0.0000000000
43206  -25.839  -37.890  68.251 0.0000000000
42267  -26.196  -38.251  67.578 0.0000000000
40369  -26.202  -39.535  66.961 0.0000000000
41321  -26.597  -39.085  66.929 0.0000000000
40371  -27.812  -40.343  67.357 0.0000000000
40359  -31.094  -40.181  67.194 0.0000000000
51877  -35.293  -28.782  61.065 0.0000000000
122918  -35.899  -28.822  61.478 0.0000000000
51896  -36.018  -28.128  60.978 0.0000000000
52832  -36.459  -27.312  60.703 0.0000000000
55579  -36.047  -24.486  60.085 0.0000000000
126631  -36.889  -24.547  60.101 0.0000000000
60167  -35.795  -19.293  62.352 0.0000000000
60179  -35.571  -19.385  61.455 0.0000000000
61034  -35.755  -18.785  60.996 0.0000000000
61056  -38.594  -18.454  59.521 0.0000000000
134155  -38.107  -19.033  59.592 0.0000000000
59359  -38.972  -20.108  59.451 0.0000000000
58463  -39.325  -20.991  59.449 0.0000000000
57539  -40.370  -21.820  59.537 0.0000000000
57540  -41.208  -21.877  59.648 0.0000000000
65715  -42.163  -13.615  58.108 0.0000000000
67577  -43.398  -11.376  58.534 0.0000000000
35115  -0.555  -44.639  78.735 0.0000000000
34157  -0.099  -46.626  77.640 0.0000000000
31328  -0.741  -49.658  79.370 0.0000000000
43220  -33.121  -37.728  66.778 0.0000000000
43210  -33.302  -37.990  67.090 0.0000000000
43230  -33.343  -37.036  66.578 0.0000000000
45154  -33.251  -36.212  66.535 0.0000000000
49014  -25.220  -31.373  67.600 0.0000000000
50015  -26.050  -30.563  65.442 0.0000000000
49041  -25.678  -31.156  65.850 0.0000000000
49043  -27.525  -31.131  65.655 0.0000000000
49029  -28.908  -31.178  66.523 0.0000000000
50933  -29.554  -28.953  62.858 0.0000000000
50934  -30.350  -29.500  63.014 0.0000000000
50071  -32.514  -30.383  62.783 0.0000000000
50945  -32.972  -30.068  62.091 0.0000000000
50086  -33.723  -30.233  62.021 0.0000000000
50961  -32.610  -29.394  61.552 0.0000000000
51874  -32.167  -28.669  61.082 0.0000000000
51892  -31.963  -27.923  60.799 0.0000000000
54656  -30.821  -25.146  63.136 0.0000000000
54669  -31.287  -25.624  62.564 0.0000000000
54657  -31.751  -24.973  62.975 0.0000000000
55553  -32.733  -24.693  62.770 0.0000000000
126495  -18.044  -40.446  71.357 0.0000000000
40304  -18.809  -40.527  71.744 0.0000000000
37228  -3.348  -42.875  75.916 0.0000000000
35199  -3.596  -45.231  75.372 0.0000000000
37270  -8.228  -43.374  74.213 0.0000000000
36270  -8.064  -44.363  74.190 0.0000000000
44148  -35.023  -36.215  70.842 0.0000000000
141502  -35.079  -35.646  70.550 0.0000000000
35218  -15.285  -45.553  74.665 0.0000000000
35219  -15.950  -45.029  75.097 0.0000000000
36273  -16.490  -44.504  74.601 0.0000000000
135242  -16.462  -43.833  73.577 0.0000000000
37271  -16.943  -44.019  74.101 0.0000000000
39278  -30.693  -42.008  70.910 0.0000000000
38279  -11.493  -41.941  72.401 0.0000000000
37314  -12.990  -43.560  71.542 0.0000000000
136175  -13.406  -42.913  71.640 0.0000000000
140687  -13.655  -43.478  71.660 0.0000000000
36303  -13.524  -44.067  71.703 0.0000000000
138563  -30.769  -38.030  68.054 0.0000000000
42268  -27.787  -38.332  67.865 0.0000000000
42251  -27.951  -38.019  68.871 0.0000000000
120347  -33.966  -25.697  60.293 0.0000000000
53769  -34.447  -26.067  60.162 0.0000000000
54699  -34.443  -25.314  60.163 0.0000000000
136401  -34.917  -24.999  60.005 0.0000000000
55578  -35.208  -24.407  60.084 0.0000000000
56539  -34.774  -23.596  60.240 0.0000000000
62829  -36.970  -16.745  61.768 0.0000000000
61907  -37.258  -17.454  60.649 0.0000000000
61911  -37.755  -17.548  59.991 0.0000000000
63809  -37.713  -15.674  61.017 0.0000000000
62843  -37.743  -16.839  60.395 0.0000000000
61057  -39.363  -18.654  59.435 0.0000000000
117387  -40.116  -18.853  59.384 0.0000000000
60206  -40.798  -19.171  59.641 0.0000000000
61058  -40.673  -18.307  59.785 0.0000000000
61914  -41.279  -17.808  59.846 0.0000000000
62846  -40.432  -16.548  59.558 0.0000000000
65714  -41.610  -13.406  58.434 0.0000000000
66671  -41.557  -12.605  58.653 0.0000000000
35174  -1.469  -46.021  76.340 0.0000000000
35173  -0.856  -46.187  76.655 0.0000000000
33210  -1.652  -47.217  76.692 0.0000000000
45130  -31.152  -35.376  68.117 0.0000000000
132967  -30.029  -34.082  67.712 0.0000000000
47074  -28.829  -32.892  67.951 0.0000000000
129243  -25.105  -28.965  67.858 0.0000000000
50902  -25.276  -29.749  66.248 0.0000000000
51823  -25.873  -28.176  66.315 0.0000000000
51830  -25.720  -28.927  65.896 0.0000000000
50911  -25.736  -29.813  65.463 0.0000000000
50912  -26.549  -29.776  64.917 0.0000000000
50038  -27.391  -30.054  64.765 0.0000000000
50039  -28.310  -29.823  64.633 0.0000000000
50040  -29.165  -29.849  64.892 0.0000000000
133853  -28.246  -29.020  63.912 0.0000000000
50932  -28.982  -29.136  63.408 0.0000000000
51849  -26.897  -28.142  63.665 0.0000000000
51850  -27.745  -28.248  63.438 0.0000000000
51851  -28.629  -28.672  63.064 0.0000000000
51861  -29.900  -28.418  62.341 0.0000000000
51872  -30.545  -28.541  61.772 0.0000000000
52799  -30.214  -27.713  62.010 0.0000000000
53725  -30.071  -26.751  62.391 0.0000000000
54655  -29.873  -25.286  63.325 0.0000000000
55545  -30.555  -24.916  63.866 0.0000000000
55536  -31.084  -24.553  64.457 0.0000000000
40306  -20.481  -40.501  71.440 0.0000000000
39251  -22.036  -41.914  72.183 0.0000000000
39204  -3.890  -41.415  76.789 0.0000000000
39205  -4.499  -41.199  76.466 0.0000000000
38212  -4.086  -42.065  76.007 0.0000000000
36267  -4.998  -43.994  74.508 0.0000000000
35215  -10.468  -45.639  74.174 0.0000000000
32271  1.691  -48.671  79.221 0.0000000000
129488  1.777  -49.404  79.881 0.0000000000
137314  2.600  -49.010  80.763 0.0000000000
61009  -36.776  -18.445  63.053 0.0000000000
61872  -36.887  -17.626  62.829 0.0000000000
49000  -32.726  -31.657  69.313 0.0000000000
118391  -25.385  -40.830  70.214 0.0000000000
39274  -25.373  -40.967  71.201 0.0000000000
39275  -26.231  -41.125  71.044 0.0000000000
39255  -26.399  -41.449  72.032 0.0000000000
118417  -30.406  -42.253  71.833 0.0000000000
41186  -8.014  -39.835  75.685 0.0000000000
40265  -7.307  -40.180  74.796 0.0000000000
40264  -6.754  -40.510  74.966 0.0000000000
38236  -8.351  -42.354  73.999 0.0000000000
39230  -9.106  -41.804  73.334 0.0000000000
124686  -8.724  -43.198  73.844 0.0000000000
36279  -9.605  -44.207  73.534 0.0000000000
38278  -10.864  -42.835  72.066 0.0000000000
37304  -10.437  -43.782  72.087 0.0000000000
36290  -11.352  -44.401  72.062 0.0000000000
36289  -10.585  -44.095  72.185 0.0000000000
35222  -10.807  -45.146  73.647 0.0000000000
42229  -33.685  -38.667  70.441 0.0000000000
42272  -32.674  -38.120  67.647 0.0000000000
42286  -32.775  -38.089  67.008 0.0000000000
119049  -31.964  -37.162  66.941 0.0000000000
46063  -29.947  -33.735  70.936 0.0000000000
40301  -15.489  -40.668  71.306 0.0000000000
39268  -16.077  -41.302  71.602 0.0000000000
40320  -16.787  -39.893  70.842 0.0000000000
140030  -16.609  -38.558  70.323 0.0000000000
41275  -17.176  -39.184  70.360 0.0000000000
40321  -17.646  -39.960  70.872 0.0000000000
41276  -18.074  -39.478  70.275 0.0000000000
41277  -19.001  -39.679  70.279 0.0000000000
44112  -18.340  -36.313  72.054 0.0000000000
44124  -18.652  -36.394  71.128 0.0000000000
43186  -18.806  -37.542  69.716 0.0000000000
136528  -19.739  -39.465  70.016 0.0000000000
41278  -20.381  -39.580  69.983 0.0000000000
41279  -21.096  -39.738  69.745 0.0000000000
40336  -21.783  -39.965  69.285 0.0000000000
40327  -23.127  -41.046  69.420 0.0000000000
39305  -23.809  -41.185  69.135 0.0000000000
44144  -23.163  -36.510  70.138 0.0000000000
44160  -23.314  -36.742  69.341 0.0000000000
43191  -23.295  -37.117  68.813 0.0000000000
42264  -23.524  -38.689  67.966 0.0000000000
42265  -24.293  -38.321  67.692 0.0000000000
41304  -23.509  -39.453  67.853 0.0000000000
40352  -23.792  -39.937  67.546 0.0000000000
39322  -23.958  -40.790  68.187 0.0000000000
40328  -24.735  -40.973  68.832 0.0000000000
39306  -25.709  -41.272  68.932 0.0000000000
39307  -26.598  -41.326  68.968 0.0000000000
40355  -26.630  -40.213  67.413 0.0000000000
39309  -28.431  -41.939  69.462 0.0000000000
42285  -27.735  -39.123  67.398 0.0000000000
41323  -28.213  -40.046  67.288 0.0000000000
40372  -28.554  -40.965  66.947 0.0000000000
40357  -29.288  -41.270  66.785 0.0000000000
39327  -29.157  -41.696  67.527 0.0000000000
39291  -30.441  -41.389  70.093 0.0000000000
40330  -31.587  -40.433  69.846 0.0000000000
122962  -32.376  -40.454  70.487 0.0000000000
40331  -32.942  -40.200  70.521 0.0000000000
42209  -14.372  -37.966  72.864 0.0000000000
41268  -14.711  -39.354  71.451 0.0000000000
122265  -35.966  -26.730  60.449 0.0000000000
52833  -37.357  -27.080  60.719 0.0000000000
59336  -35.388  -20.188  61.159 0.0000000000
128097  -35.943  -21.930  60.345 0.0000000000
57535  -36.795  -22.134  60.178 0.0000000000
61047  -36.191  -18.481  60.743 0.0000000000
60192  -36.629  -19.117  60.388 0.0000000000
59347  -37.024  -20.026  60.119 0.0000000000
57536  -37.695  -22.172  60.089 0.0000000000
57516  -38.259  -22.877  60.107 0.0000000000
57518  -39.955  -22.608  59.886 0.0000000000
64806  -44.637  -14.539  56.582 0.0000000000
66690  -43.886  -13.125  56.711 0.0000000000
65734  -44.541  -13.576  56.360 0.0000000000
66691  -44.578  -12.719  56.508 0.0000000000
68486  -44.913  -10.790  58.006 0.0000000000
34173  -0.615  -46.747  76.932 0.0000000000
33187  0.327  -47.343  77.987 0.0000000000
33186  1.052  -48.008  78.202 0.0000000000
32281  1.336  -48.689  78.530 0.0000000000
29423  0.517  -51.041  80.224 0.0000000000
43211  -33.836  -37.473  67.825 0.0000000000
122924  -34.727  -35.810  69.098 0.0000000000
46140  -32.077  -34.922  66.578 0.0000000000
46141  -32.900  -35.300  66.583 0.0000000000
45142  -33.779  -35.794  66.834 0.0000000000
47056  -34.030  -33.248  69.115 0.0000000000
47065  -33.533  -33.137  67.952 0.0000000000
47044  -25.540  -32.534  69.837 0.0000000000
47061  -26.347  -33.333  68.916 0.0000000000
138844  -26.789  -33.404  68.419 0.0000000000
47073  -27.807  -33.005  67.941 0.0000000000
47996  -28.191  -32.511  67.402 0.0000000000
48005  -25.831  -31.903  67.059 0.0000000000
49026  -26.008  -31.658  66.265 0.0000000000
48010  -29.970  -31.498  66.630 0.0000000000
49006  -32.290  -30.880  69.055 0.0000000000
49983  -32.128  -30.235  67.077 0.0000000000
50042  -31.257  -29.962  65.038 0.0000000000
50963  -34.611  -29.267  61.152 0.0000000000
134448  -34.701  -28.581  60.835 0.0000000000
122211  -34.269  -27.803  60.628 0.0000000000
52811  -30.848  -27.702  61.459 0.0000000000
52812  -31.459  -27.618  61.103 0.0000000000
53766  -32.006  -27.165  60.906 0.0000000000
133422  -31.585  -26.148  61.956 0.0000000000
53768  -33.740  -26.342  60.374 0.0000000000
57482  -33.701  -22.522  62.461 0.0000000000
39270  -17.931  -40.921  71.921 0.0000000000
38281  -17.692  -41.995  73.069 0.0000000000
40290  -20.206  -40.727  72.304 0.0000000000
39249  -20.027  -40.838  73.168 0.0000000000
38259  -21.073  -42.293  73.656 0.0000000000
39222  -20.114  -41.510  74.324 0.0000000000
38239  -19.972  -41.731  74.925 0.0000000000
38285  -24.913  -42.207  72.626 0.0000000000
36205  -1.290  -44.611  77.126 0.0000000000
39219  -6.433  -41.224  74.857 0.0000000000
38223  -6.114  -42.019  74.688 0.0000000000
127985  -6.800  -43.063  73.940 0.0000000000
38233  -6.056  -43.001  74.193 0.0000000000
35214  -8.994  -45.062  74.581 0.0000000000
35211  -6.123  -44.528  74.688 0.0000000000
36256  -5.460  -44.483  74.785 0.0000000000
29402  3.117  -51.337  80.879 0.0000000000
30302  3.626  -50.690  81.176 0.0000000000
28555  3.396  -52.397  80.031 0.0000000000
29419  4.103  -51.523  80.420 0.0000000000
30301  4.225  -50.799  80.941 0.0000000000
29436  0.979  -51.339  80.166 0.0000000000
35225  -14.151  -45.487  73.452 0.0000000000
38237  -18.188  -42.591  74.497 0.0000000000
38258  -19.715  -41.500  74.398 0.0000000000
39233  -19.839  -41.192  73.857 0.0000000000
39289  -27.776  -41.641  70.116 0.0000000000
43187  -19.487  -37.100  69.534 0.0000000000
43204  -23.642  -37.707  68.421 0.0000000000
51848  -26.582  -27.837  63.895 0.0000000000
52751  -25.935  -27.739  67.057 0.0000000000
52778  -26.871  -27.429  63.489 0.0000000000
52797  -28.714  -27.532  62.592 0.0000000000
55544  -29.831  -24.908  64.045 0.0000000000
59361  -40.772  -20.184  59.403 0.0000000000
61899  -36.841  -17.381  61.262 0.0000000000
61900  -37.246  -16.779  61.009 0.0000000000
62844  -38.318  -16.885  59.895 0.0000000000
126315  -25.063  -37.899  68.188 0.0000000000
134291  -16.689  -44.606  75.455 0.0000000000
140511  -33.805  -33.209  68.601 0.0000000000
140837  -39.819  -21.431  59.443 0.0000000000
