#!ascii label  , from subject sub-v1s15x0050211_ses-1 vox2ras=TkReg
370
121872  -31.460  -60.012  4.161 0.6999999881
24329  -31.557  -59.082  4.030 0.6000000238
129000  -31.507  -58.270  3.576 0.6000000238
25243  -31.366  -57.263  2.275 0.4000000060
22413  -27.994  -60.467  8.283 0.6999999881
134271  -29.144  -59.215  8.496 0.6999999881
22435  -28.710  -60.966  7.746 0.6999999881
22436  -29.486  -60.755  7.461 0.6999999881
23335  -29.952  -59.032  8.067 0.6000000238
118468  -29.920  -60.278  7.351 0.6000000238
23350  -30.027  -59.695  7.504 0.6000000238
138870  -30.517  -61.446  6.322 0.6000000238
23351  -30.518  -59.113  7.283 0.6000000238
24314  -30.877  -58.347  6.733 0.5000000000
23362  -31.174  -59.865  6.146 0.5000000000
25216  -31.135  -57.514  6.380 0.5000000000
25221  -31.346  -57.514  5.602 0.6000000238
138941  -31.432  -58.918  4.753 0.6000000238
25227  -31.415  -57.442  4.690 0.6000000238
127872  -31.477  -58.218  4.339 0.6000000238
24293  -28.649  -58.877  9.210 0.6000000238
25192  -29.686  -57.704  8.923 0.6000000238
25193  -30.271  -57.401  8.592 0.6000000238
24295  -30.172  -58.090  8.383 0.6000000238
26911  -30.814  -55.993  7.937 0.6000000238
24306  -30.515  -58.276  7.645 0.6000000238
25215  -30.774  -57.497  7.145 0.6000000238
26917  -31.077  -56.045  7.137 0.6000000238
26109  -31.058  -56.789  6.750 0.6000000238
24315  -31.267  -58.138  6.045 0.6000000238
26110  -31.350  -56.845  5.986 0.6999999881
128505  -31.430  -56.266  5.614 0.6000000238
26116  -31.384  -56.782  5.161 0.6000000238
25235  -31.445  -57.379  3.637 0.5000000000
119956  -31.350  -57.074  2.803 0.5000000000
127621  -28.203  -58.959  9.839 0.6000000238
24281  -29.016  -58.065  9.364 0.6000000238
26073  -30.469  -56.278  9.213 0.6000000238
119325  -30.770  -55.958  8.658 0.6000000238
26092  -30.609  -56.704  8.487 0.6000000238
26912  -30.971  -55.297  7.499 0.6000000238
26101  -30.789  -56.738  7.568 0.6000000238
26918  -31.297  -55.348  6.674 0.6999999881
119283  -31.411  -56.026  4.912 0.6000000238
26121  -31.354  -56.501  4.141 0.6000000238
25159  -29.136  -56.906  10.528 0.6000000238
25173  -28.722  -57.756  10.216 0.6000000238
26072  -29.827  -56.617  9.806 0.6000000238
26880  -30.720  -55.415  9.170 0.6000000238
27656  -30.849  -54.577  8.738 0.5000000000
28434  -30.908  -53.976  7.941 0.6000000238
27679  -31.154  -54.466  7.082 0.6999999881
27682  -31.603  -54.714  6.197 0.6000000238
128057  -31.336  -56.135  6.317 0.6000000238
26924  -31.601  -55.466  5.673 0.6000000238
27687  -31.674  -54.445  5.287 0.6000000238
26928  -31.492  -55.258  4.655 0.6000000238
26927  -31.150  -55.198  3.741 0.6000000238
26936  -31.091  -55.793  3.470 0.6000000238
26945  -31.105  -55.767  2.770 0.4000000060
26128  -31.252  -56.460  3.171 0.5000000000
25158  -28.296  -57.409  10.714 0.5000000000
122602  -29.602  -56.176  10.405 0.6000000238
26859  -30.403  -55.018  9.862 0.6000000238
139818  -30.683  -54.807  9.345 0.5000000000
27641  -30.578  -54.189  9.603 0.5000000000
28428  -31.001  -53.121  8.105 0.6000000238
28435  -31.240  -53.384  7.121 0.6999999881
121068  -31.447  -53.052  6.104 0.6000000238
28440  -31.545  -53.926  6.198 0.6000000238
28446  -31.483  -53.535  5.366 0.6000000238
28450  -31.450  -53.864  4.650 0.6000000238
27689  -31.377  -54.488  4.242 0.6000000238
26935  -30.925  -55.122  3.065 0.4000000060
26857  -29.079  -56.055  11.031 0.6000000238
26858  -29.710  -55.336  10.561 0.6000000238
28417  -30.581  -53.266  9.589 0.5000000000
29303  -30.872  -52.693  8.973 0.6000000238
28427  -30.869  -53.638  8.843 0.6000000238
29304  -31.226  -52.369  8.238 0.5000000000
30209  -31.486  -52.004  7.536 0.5000000000
29312  -31.314  -52.679  7.577 0.6000000238
31207  -31.461  -50.711  7.182 0.5000000000
30215  -31.515  -51.527  6.689 0.5000000000
29319  -31.429  -52.474  6.792 0.6000000238
31214  -31.387  -50.726  6.258 0.4000000060
29325  -31.384  -52.160  5.785 0.5000000000
130973  -31.188  -52.858  5.336 0.6000000238
30219  -30.936  -51.600  5.132 0.5000000000
29324  -30.844  -52.381  4.887 0.5000000000
28454  -30.701  -53.706  3.047 0.5000000000
28449  -31.064  -53.787  3.875 0.6000000238
27693  -30.968  -54.455  3.365 0.6000000238
26841  -29.109  -55.248  11.156 0.5000000000
27640  -30.134  -54.415  10.451 0.5000000000
128483  -30.334  -53.595  10.299 0.5000000000
29297  -30.573  -52.594  9.708 0.4000000060
30200  -30.986  -51.981  8.771 0.4000000060
30201  -31.338  -51.627  8.253 0.5000000000
31202  -31.304  -50.746  8.202 0.5000000000
32131  -31.071  -49.492  6.651 0.4000000060
139490  -31.312  -50.137  6.722 0.4000000060
31213  -30.815  -50.090  5.971 0.5000000000
30220  -31.402  -51.332  5.797 0.5000000000
31216  -30.930  -50.723  5.321 0.5000000000
123930  -30.582  -53.133  3.581 0.5000000000
28445  -30.922  -53.147  4.547 0.6000000238
130017  -31.292  -49.921  7.571 0.5000000000
33029  -31.415  -48.950  7.114 0.5000000000
32130  -30.312  -49.337  5.736 0.4000000060
119747  -30.516  -51.808  3.679 0.5000000000
29330  -30.491  -52.468  3.169 0.3000000119
32134  -30.291  -49.878  5.102 0.5000000000
120551  -30.516  -50.266  4.522 0.5000000000
29327  -30.515  -52.507  4.064 0.5000000000
32126  -31.150  -49.197  7.935 0.4000000060
134014  -31.180  -48.417  7.372 0.4000000060
33036  -29.740  -47.916  6.270 0.4000000060
132865  -30.588  -48.637  6.514 0.4000000060
32133  -29.619  -48.531  5.551 0.4000000060
33043  -28.725  -48.396  4.954 0.5000000000
30223  -30.673  -50.981  3.301 0.4000000060
128560  -30.700  -51.042  4.328 0.5000000000
138306  -29.017  -47.201  6.093 0.4000000060
33035  -28.318  -47.842  5.234 0.4000000060
31218  -30.582  -50.135  3.694 0.4000000060
122655  -29.504  -49.105  4.965 0.5000000000
32137  -29.894  -49.345  4.221 0.5000000000
33976  -27.614  -47.147  5.293 0.4000000060
32142  -29.505  -48.434  4.020 0.4000000060
32143  -30.276  -49.155  3.122 0.3000000119
32136  -28.961  -48.386  4.567 0.5000000000
33057  -29.057  -47.949  4.160 0.3000000119
33989  -27.440  -47.345  4.574 0.4000000060
33056  -28.101  -47.985  4.023 0.5000000000
34987  -27.435  -47.064  4.177 0.4000000060
33048  -27.909  -47.888  4.464 0.5000000000
36043  -27.453  -45.811  5.171 0.4000000060
34007  -29.647  -47.817  3.760 0.3000000119
34972  -27.312  -46.584  4.961 0.4000000060
34988  -27.682  -46.749  4.220 0.4000000060
33996  -27.491  -47.491  3.986 0.4000000060
137909  -27.816  -45.447  5.509 0.5000000000
33997  -28.793  -47.366  4.150 0.3000000119
34989  -29.421  -46.750  4.518 0.4000000060
34975  -30.398  -46.306  5.194 0.4000000060
33998  -30.068  -47.329  3.985 0.4000000060
34974  -28.760  -46.095  4.800 0.4000000060
34973  -27.434  -46.383  4.856 0.5000000000
36044  -28.392  -45.518  5.293 0.5000000000
36045  -29.738  -45.429  5.316 0.4000000060
34990  -30.889  -47.079  4.987 0.3000000119
37055  -27.730  -45.282  5.512 0.5000000000
38011  -28.033  -44.489  5.550 0.5000000000
37041  -29.909  -44.235  5.948 0.4000000060
37042  -30.924  -43.877  6.336 0.3000000119
37997  -27.179  -44.189  5.345 0.5000000000
122230  -29.472  -44.846  5.503 0.4000000060
37057  -30.740  -44.807  6.054 0.4000000060
130421  -31.882  -44.242  6.361 0.3000000119
37039  -26.977  -44.963  5.163 0.5000000000
37056  -28.756  -44.683  5.552 0.5000000000
37999  -30.138  -43.485  6.298 0.4000000060
38000  -30.890  -42.969  5.993 0.4000000060
38937  -26.614  -43.503  5.614 0.5000000000
38012  -31.743  -43.245  5.974 0.3000000119
120426  -28.420  -43.708  5.804 0.5000000000
37998  -29.183  -43.880  6.031 0.5000000000
38954  -30.599  -42.048  5.571 0.4000000060
39963  -26.740  -42.159  6.301 0.5000000000
125575  -29.012  -42.053  6.471 0.5000000000
128782  -27.901  -42.168  6.369 0.5000000000
38938  -27.981  -43.169  5.779 0.5000000000
121300  -31.434  -57.900  2.773 0.5000000000
129531  -30.912  -59.229  6.661 0.6000000238
27671  -30.881  -54.713  7.893 0.6999999881
121750  -31.237  -55.788  4.153 0.6000000238
140944  -31.472  -51.311  7.581 0.5000000000
136358  -30.638  -51.889  4.443 0.5000000000
33028  -30.487  -47.969  7.011 0.4000000060
34006  -27.753  -47.673  3.950 0.4000000060
36046  -31.168  -45.663  5.787 0.3000000119
18804  -25.119  -63.927  3.458 0.5000000000
19746  -24.794  -63.678  2.112 0.5000000000
19729  -24.533  -63.767  2.737 0.5000000000
20738  -26.746  -61.770  -0.704 0.5000000000
18847  -26.368  -63.434  -0.170 0.5000000000
19764  -25.550  -63.671  1.458 0.4000000060
18786  -26.137  -64.688  4.024 0.5000000000
19747  -25.663  -63.466  2.104 0.6000000238
18805  -26.343  -64.232  3.366 0.6000000238
19765  -26.362  -63.177  0.340 0.5000000000
119217  -26.088  -63.346  1.339 0.5000000000
20759  -27.417  -60.984  -1.232 0.4000000060
16037  -27.879  -67.525  6.423 0.6999999881
17004  -27.934  -67.081  5.673 0.6999999881
18787  -27.451  -64.950  4.000 0.6999999881
19731  -26.420  -63.691  2.700 0.5000000000
18806  -27.641  -64.581  3.310 0.6999999881
20739  -27.385  -61.097  -0.534 0.5000000000
19766  -26.967  -62.638  0.609 0.5000000000
19748  -26.638  -63.279  1.926 0.5000000000
20751  -28.756  -60.859  -0.604 0.5000000000
20749  -27.153  -60.952  -1.058 0.5000000000
16015  -26.945  -68.463  7.674 0.5000000000
16016  -27.145  -68.602  7.373 0.6999999881
16017  -27.907  -67.578  7.086 0.6999999881
126806  -26.900  -68.545  6.801 0.6999999881
16981  -28.231  -67.152  6.480 0.6999999881
17900  -27.230  -65.496  4.529 0.6000000238
18821  -27.763  -64.000  2.701 0.6999999881
18807  -28.519  -64.571  3.344 0.6000000238
19767  -28.118  -62.125  0.769 0.5000000000
19749  -27.895  -63.149  1.910 0.6000000238
20740  -28.332  -60.938  -0.243 0.5000000000
21615  -29.997  -60.970  0.018 0.5000000000
16957  -27.016  -67.560  8.392 0.5000000000
16958  -27.731  -67.545  7.752 0.6999999881
17890  -28.290  -65.798  5.305 0.6999999881
17876  -28.358  -65.803  6.203 0.6999999881
18788  -28.502  -65.070  3.909 0.8000000119
19711  -29.119  -64.557  4.490 0.6999999881
19732  -28.877  -64.067  2.886 0.6000000238
19768  -29.114  -62.066  0.900 0.6999999881
19750  -29.253  -63.119  2.018 0.6000000238
20741  -29.409  -61.106  0.245 0.6000000238
21616  -30.784  -60.908  0.851 0.6000000238
17847  -25.150  -66.017  8.491 0.5000000000
17849  -26.344  -65.342  7.868 0.6000000238
17848  -26.462  -66.173  8.082 0.5000000000
17862  -27.585  -66.055  7.583 0.6000000238
17863  -28.122  -65.995  6.972 0.6999999881
18760  -28.537  -64.925  5.836 0.6999999881
19674  -28.808  -64.175  6.760 0.6000000238
18773  -28.519  -65.008  4.832 0.6999999881
19691  -28.922  -64.121  5.586 0.6999999881
18789  -29.268  -64.587  3.648 0.6999999881
20727  -30.659  -62.112  2.278 0.6999999881
20742  -30.376  -61.338  1.000 0.6999999881
20726  -29.921  -62.268  1.523 0.6999999881
18732  -25.899  -64.612  8.215 0.5000000000
18734  -27.318  -64.114  8.227 0.6000000238
18749  -27.537  -64.894  7.522 0.6000000238
135847  -28.196  -64.873  6.849 0.6000000238
19692  -29.532  -63.765  5.220 0.5000000000
123523  -29.149  -63.606  6.605 0.6000000238
135235  -30.733  -62.960  4.606 0.6999999881
21604  -31.064  -61.580  2.817 0.6999999881
20717  -30.732  -62.377  3.453 0.6999999881
22511  -31.191  -60.560  0.969 0.5000000000
21617  -31.179  -60.977  1.883 0.6999999881
118793  -31.462  -60.301  1.943 0.5000000000
18731  -24.963  -64.410  8.453 0.5000000000
19642  -26.674  -63.920  8.633 0.5000000000
19657  -27.257  -63.225  8.352 0.6000000238
127188  -27.919  -62.977  7.730 0.6000000238
19658  -27.917  -63.895  7.614 0.6000000238
21538  -28.257  -61.733  7.617 0.6000000238
19659  -28.694  -63.304  7.329 0.6000000238
20655  -28.478  -62.464  7.522 0.6000000238
20707  -30.411  -62.305  5.096 0.6000000238
20694  -30.243  -62.993  5.809 0.5000000000
21557  -29.079  -62.094  7.146 0.5000000000
21585  -31.065  -60.854  4.193 0.6000000238
21584  -30.638  -61.582  4.601 0.6000000238
21593  -31.215  -61.135  3.450 0.6000000238
21592  -30.960  -61.702  3.853 0.6000000238
23427  -31.586  -59.595  2.490 0.5000000000
20637  -26.214  -62.965  8.700 0.5000000000
20653  -26.540  -62.190  8.148 0.6000000238
21576  -30.474  -61.953  5.961 0.5000000000
121921  -30.291  -60.977  6.791 0.5000000000
22482  -30.187  -60.808  4.863 0.4000000060
22467  -30.674  -60.447  5.305 0.5000000000
22466  -30.308  -61.032  5.383 0.5000000000
22490  -31.424  -60.504  3.483 0.6000000238
20636  -25.132  -62.715  8.579 0.5000000000
21537  -27.341  -61.744  7.847 0.6000000238
22434  -27.820  -61.169  7.887 0.6000000238
23376  -31.284  -59.483  5.345 0.5000000000
24320  -31.326  -58.929  6.100 0.4000000060
20652  -25.596  -62.037  8.096 0.5000000000
121507  -25.860  -61.494  7.780 0.5000000000
22412  -27.021  -60.903  8.805 0.6000000238
21535  -25.115  -61.316  7.686 0.5000000000
21536  -26.066  -61.037  7.649 0.5000000000
22411  -26.849  -60.899  9.470 0.6000000238
22398  -27.366  -60.648  9.700 0.6000000238
22432  -25.605  -60.472  7.483 0.5000000000
141277  -25.459  -60.961  7.527 0.5000000000
22433  -26.412  -60.596  7.771 0.5000000000
21496  -27.013  -60.676  10.398 0.6000000238
22397  -27.042  -60.831  10.320 0.6000000238
23349  -25.967  -59.861  7.560 0.5000000000
23333  -26.523  -59.652  8.459 0.5000000000
23332  -25.800  -59.073  7.750 0.5000000000
23302  -27.688  -59.073  10.185 0.5000000000
24279  -26.510  -58.909  9.639 0.5000000000
119754  -26.756  -59.584  10.299 0.5000000000
24291  -25.085  -58.270  8.223 0.5000000000
24292  -26.186  -58.615  8.343 0.5000000000
24261  -26.903  -58.555  10.155 0.5000000000
24263  -27.957  -58.270  10.443 0.4000000060
25191  -26.139  -57.731  8.730 0.5000000000
139207  -26.613  -57.924  9.628 0.5000000000
25157  -27.474  -57.773  10.403 0.4000000060
137911  -26.331  -57.048  9.381 0.4000000060
26052  -27.253  -56.849  10.393 0.4000000060
26053  -27.770  -56.863  10.884 0.4000000060
140550  -31.363  -59.521  4.655 0.6000000238
24341  -31.560  -58.884  3.081 0.5000000000
24349  -31.576  -58.711  2.208 0.4000000060
20677  -29.842  -62.575  6.612 0.6000000238
26054  -28.476  -56.632  11.043 0.4000000060
140761  -28.487  -56.138  11.230 0.4000000060
17901  -28.091  -65.498  4.600 0.6999999881
19712  -29.995  -64.124  4.224 0.6999999881
20716  -30.195  -62.906  2.824 0.6999999881
19733  -29.774  -63.819  3.320 0.6999999881
20693  -29.567  -63.444  6.226 0.6000000238
122312  -30.917  -61.477  1.804 0.6999999881
117027  -30.295  -63.318  4.886 0.6999999881
19713  -30.605  -63.303  4.052 0.6999999881
21605  -31.370  -60.849  2.758 0.6000000238
16001  -26.904  -69.981  7.312 0.6999999881
16959  -28.268  -67.036  7.126 0.6999999881
16982  -28.240  -66.579  5.854 0.6999999881
17889  -28.036  -66.324  5.021 0.6999999881
18733  -26.970  -64.771  8.028 0.6000000238
19641  -25.553  -63.706  8.662 0.5000000000
19730  -25.289  -63.535  2.775 0.5000000000
19774  -26.480  -62.471  -0.827 0.5000000000
20654  -27.516  -62.319  7.900 0.6000000238
20676  -29.155  -62.880  6.958 0.6000000238
20708  -30.801  -62.492  4.313 0.6000000238
20750  -27.770  -60.570  -0.966 0.5000000000
21515  -26.758  -61.270  7.964 0.6000000238
21539  -29.293  -61.440  7.322 0.6000000238
21558  -29.997  -61.741  6.707 0.6000000238
21583  -29.998  -61.281  5.045 0.6000000238
22396  -26.924  -60.801  10.304 0.6000000238
22447  -30.847  -60.617  6.153 0.6000000238
22503  -31.532  -60.243  2.822 0.6000000238
23300  -26.892  -60.302  10.396 0.6000000238
23301  -27.161  -60.262  10.367 0.6000000238
23317  -26.632  -60.259  10.166 0.5000000000
23318  -27.865  -59.557  9.681 0.6000000238
23334  -28.325  -59.715  8.746 0.6000000238
23361  -30.574  -59.979  6.888 0.6000000238
23398  -30.912  -60.223  4.842 0.4000000060
23417  -31.568  -59.744  3.364 0.5000000000
24262  -27.120  -59.211  10.349 0.4000000060
24280  -28.396  -58.494  9.981 0.6000000238
24294  -29.409  -58.456  8.704 0.6999999881
24321  -31.388  -58.365  5.279 0.5000000000
25172  -26.924  -57.383  9.938 0.4000000060
25174  -29.439  -57.378  9.669 0.6000000238
25175  -29.981  -56.981  9.055 0.6000000238
25205  -30.540  -57.457  8.011 0.6000000238
26034  -27.928  -56.203  11.245 0.4000000060
26879  -30.191  -55.834  9.867 0.6000000238
26901  -30.833  -55.314  8.307 0.6000000238
34998  -27.421  -47.366  4.000 0.4000000060
118034  -29.247  -60.041  7.954 0.6999999881
120577  -27.025  -61.072  10.160 0.6000000238
120854  -26.715  -61.605  8.008 0.6000000238
123359  -25.453  -65.207  8.149 0.5000000000
134434  -27.400  -67.516  6.085 0.6999999881
134628  -28.324  -66.653  6.581 0.6999999881
140714  -31.318  -49.421  7.360 0.5000000000
