#!ascii label  , from subject sub-v1s15x0050211_ses-1 vox2ras=TkReg
1426
10144  -15.127  -74.523  -4.568 0.5000000000
130204  -14.264  -75.278  -0.132 0.5000000000
9230  -14.745  -75.719  0.384 0.5000000000
8411  -14.977  -77.053  1.118 0.5000000000
119497  -15.552  -73.436  -7.425 0.5000000000
10994  -15.114  -74.032  -5.531 0.5000000000
10151  -15.845  -74.156  -6.323 0.5000000000
10145  -15.843  -74.655  -5.289 0.5000000000
132625  -16.514  -74.321  -5.995 0.6000000238
10138  -16.061  -74.627  -4.349 0.5000000000
7607  -15.345  -77.634  1.265 0.5000000000
10114  -14.481  -74.332  -1.647 0.5000000000
6098  -16.103  -78.713  0.584 0.5000000000
10100  -14.264  -74.721  -0.792 0.6000000238
7608  -16.046  -77.528  1.297 0.6000000238
10115  -15.355  -74.387  -1.044 0.6000000238
8423  -15.325  -76.359  0.883 0.6000000238
6859  -16.438  -78.038  0.808 0.6999999881
9241  -16.404  -75.235  0.013 0.6999999881
129542  -16.360  -77.001  1.287 0.6999999881
9221  -16.991  -76.086  0.805 0.6999999881
8414  -16.972  -76.712  0.910 0.6999999881
122576  -17.329  -78.046  0.573 0.6999999881
132594  -16.155  -73.036  -8.194 0.5000000000
116014  -17.119  -73.700  -6.334 0.6000000238
11858  -17.050  -72.977  -7.569 0.6000000238
11002  -17.836  -72.885  -6.248 0.6000000238
10126  -15.862  -74.080  -3.352 0.5000000000
6112  -16.836  -79.228  -0.461 0.5000000000
118986  -16.622  -79.510  -1.117 0.5000000000
6131  -17.766  -79.687  -2.879 0.6999999881
5439  -17.595  -79.411  -0.873 0.6999999881
5464  -18.016  -79.750  -2.100 0.6999999881
10959  -15.530  -73.836  -1.843 0.6000000238
10969  -16.478  -73.902  -2.525 0.6999999881
5455  -18.260  -79.699  -1.363 0.6999999881
118444  -16.447  -74.713  -0.611 0.6999999881
10102  -17.129  -74.982  -0.342 0.6999999881
5440  -18.533  -79.490  -0.542 0.6999999881
8424  -17.737  -76.290  0.545 0.6999999881
7616  -17.763  -77.290  0.651 0.6999999881
6113  -19.280  -79.436  -0.483 0.6999999881
131097  -18.467  -76.734  0.478 0.6999999881
123611  -19.357  -77.798  0.283 0.6999999881
6871  -19.484  -78.279  0.111 0.6999999881
7619  -20.237  -77.729  0.551 0.6999999881
115912  -16.679  -72.202  -8.159 0.5000000000
12726  -17.237  -71.748  -7.561 0.6000000238
124202  -18.414  -70.668  -6.241 0.6000000238
11859  -17.676  -72.155  -6.790 0.6000000238
135239  -18.968  -71.948  -5.404 0.6000000238
116156  -17.186  -74.304  -5.166 0.6000000238
11846  -18.556  -72.824  -5.364 0.6000000238
10147  -17.356  -74.703  -4.183 0.6000000238
6145  -18.489  -79.644  -3.407 0.6999999881
10983  -16.904  -74.547  -3.502 0.6999999881
118228  -18.670  -79.879  -2.564 0.6999999881
6162  -18.336  -79.320  -4.281 0.6999999881
6176  -19.117  -78.986  -4.710 0.6999999881
10127  -17.731  -74.878  -3.425 0.6999999881
6932  -19.017  -78.678  -5.507 0.6999999881
138814  -17.650  -74.776  -2.050 0.6999999881
10961  -18.172  -75.127  -2.138 0.6999999881
5465  -18.748  -79.984  -1.878 0.6999999881
6132  -19.401  -80.081  -2.128 0.6999999881
123757  -19.241  -79.378  -3.886 0.6999999881
6916  -19.844  -78.686  -5.137 0.6999999881
10116  -17.675  -74.897  -1.190 0.6999999881
10103  -17.838  -75.027  -0.325 0.6999999881
5456  -19.156  -79.890  -1.248 0.6999999881
6163  -19.953  -79.035  -4.359 0.6999999881
119563  -18.397  -75.534  0.422 0.6999999881
6122  -19.736  -79.625  -1.048 0.6999999881
8426  -19.373  -76.663  0.576 0.6999999881
6101  -19.770  -78.686  -0.218 0.6999999881
126471  -20.579  -79.576  -1.858 0.6999999881
7618  -19.896  -77.191  0.609 0.6999999881
6123  -20.367  -79.404  -1.257 0.6999999881
6860  -20.918  -77.948  1.349 0.6999999881
13577  -16.479  -70.505  -7.044 0.5000000000
13578  -17.428  -70.363  -6.465 0.6000000238
13579  -18.051  -69.765  -6.039 0.6000000238
123404  -17.204  -69.764  -5.834 0.5000000000
13565  -19.067  -70.080  -5.837 0.6000000238
12702  -16.487  -70.471  -4.716 0.5000000000
13563  -16.711  -70.154  -6.033 0.5000000000
116948  -18.932  -71.100  -5.820 0.6000000238
13566  -19.407  -69.113  -5.273 0.6000000238
12703  -19.328  -71.200  -4.976 0.6000000238
129861  -19.439  -70.119  -5.040 0.6000000238
10985  -18.304  -73.739  -4.467 0.6000000238
10984  -18.016  -74.757  -3.641 0.6999999881
11840  -18.930  -72.697  -4.458 0.6999999881
10971  -18.073  -75.199  -2.794 0.6999999881
126096  -18.459  -73.831  -3.738 0.6999999881
136130  -19.640  -78.070  -6.653 0.6999999881
10962  -18.445  -74.972  -2.033 0.6999999881
10972  -18.426  -74.493  -2.944 0.6999999881
6963  -20.219  -77.813  -7.102 0.6999999881
10947  -18.458  -74.655  -0.921 0.6999999881
133867  -20.522  -78.737  -4.780 0.6999999881
6950  -20.394  -78.070  -6.377 0.6999999881
7677  -19.932  -77.676  -7.878 0.6999999881
10088  -18.755  -74.743  0.623 0.6000000238
6164  -20.862  -78.926  -3.975 0.6999999881
6933  -20.672  -78.403  -5.542 0.6999999881
6964  -20.841  -77.812  -6.865 0.6999999881
7678  -20.883  -77.670  -7.701 0.6999999881
7692  -20.404  -77.611  -8.689 0.6999999881
9234  -19.349  -75.341  0.930 0.6999999881
6146  -20.814  -79.301  -3.135 0.6999999881
6147  -21.607  -79.030  -3.204 0.6000000238
119153  -21.302  -78.625  -4.778 0.6999999881
6951  -21.212  -78.058  -6.272 0.6999999881
7611  -20.598  -77.477  1.542 0.6000000238
6102  -20.764  -78.700  -0.004 0.6999999881
6115  -20.894  -78.965  -0.665 0.6999999881
6124  -21.113  -79.102  -1.454 0.6999999881
6895  -22.115  -78.795  -2.480 0.6000000238
117000  -21.907  -78.791  -3.986 0.6000000238
6861  -21.135  -77.875  1.569 0.6000000238
120511  -21.256  -78.260  0.865 0.6000000238
6889  -22.079  -78.617  -1.652 0.6000000238
6896  -23.120  -78.469  -1.965 0.5000000000
6902  -22.716  -78.634  -3.048 0.5000000000
122339  -22.825  -78.560  -3.912 0.5000000000
6874  -21.935  -78.176  0.510 0.6000000238
6882  -22.573  -78.061  -0.262 0.5000000000
130454  -22.562  -78.322  -0.819 0.5000000000
14413  -18.495  -69.095  -5.620 0.6000000238
14412  -17.355  -69.174  -5.363 0.6000000238
15222  -19.349  -67.337  -4.903 0.5000000000
16198  -19.767  -66.769  -4.134 0.6999999881
13564  -16.786  -69.706  -5.058 0.5000000000
14406  -17.118  -68.623  -4.673 0.6000000238
15211  -16.871  -67.846  -4.116 0.6000000238
13533  -17.232  -70.223  -2.739 0.6000000238
13556  -17.296  -69.817  -3.914 0.6000000238
14407  -20.154  -68.838  -4.633 0.4000000060
14394  -17.089  -68.993  -3.030 0.6000000238
13558  -19.776  -69.829  -4.377 0.5000000000
13557  -19.454  -70.746  -4.029 0.6000000238
12691  -19.170  -71.826  -3.674 0.6000000238
11830  -18.828  -73.166  -3.301 0.6999999881
11826  -18.768  -73.683  -2.343 0.6999999881
139298  -18.510  -73.973  -0.083 0.6000000238
127869  -18.616  -73.278  -0.341 0.6000000238
6934  -21.720  -78.334  -5.532 0.6000000238
6952  -22.220  -78.043  -6.374 0.6000000238
127498  -21.521  -77.799  -7.015 0.6999999881
140669  -20.727  -77.447  -9.471 0.6999999881
9222  -19.987  -75.874  1.432 0.6000000238
6917  -22.298  -78.510  -4.712 0.6000000238
7601  -21.225  -77.578  1.867 0.6000000238
120353  -23.774  -78.291  -2.358 0.4000000060
6918  -23.574  -78.416  -4.420 0.4000000060
6935  -22.800  -78.286  -5.447 0.5000000000
7679  -21.850  -77.680  -7.803 0.6000000238
7707  -21.358  -77.394  -9.875 0.6000000238
7620  -21.967  -77.617  0.994 0.5000000000
7630  -22.345  -77.642  0.211 0.5000000000
6883  -23.174  -77.993  -0.995 0.5000000000
6890  -23.144  -78.274  -1.332 0.5000000000
6936  -23.989  -78.213  -5.332 0.4000000060
6953  -23.311  -78.031  -6.170 0.6000000238
17103  -17.886  -66.066  -3.709 0.6000000238
16197  -18.613  -66.616  -4.210 0.6000000238
16182  -20.189  -66.501  -3.124 0.6000000238
16179  -16.340  -66.608  -3.675 0.5000000000
17101  -15.820  -66.034  -3.147 0.6000000238
17100  -14.961  -66.052  -3.019 0.6000000238
15223  -20.422  -67.652  -4.602 0.6000000238
15202  -16.360  -69.279  -2.097 0.6999999881
16178  -14.938  -66.764  -3.459 0.6000000238
17077  -14.908  -65.008  -1.748 0.6000000238
14408  -20.851  -68.589  -4.130 0.5000000000
15224  -21.176  -67.902  -3.893 0.6000000238
15201  -14.676  -67.885  -2.722 0.6000000238
16139  -13.940  -66.049  -2.156 0.6999999881
13546  -19.734  -70.449  -3.506 0.5000000000
127859  -13.341  -67.079  -2.118 0.6999999881
13545  -19.332  -71.161  -3.021 0.6000000238
17955  -14.024  -65.592  -0.443 0.6000000238
12678  -19.032  -72.235  -2.654 0.6000000238
12663  -19.198  -71.385  -2.082 0.6000000238
136554  -18.766  -72.570  -0.927 0.6000000238
10931  -18.668  -73.486  0.547 0.6000000238
10077  -19.435  -73.835  1.853 0.6000000238
10063  -21.410  -74.727  2.773 0.6000000238
8403  -20.519  -76.098  2.285 0.6000000238
9213  -21.827  -75.365  2.347 0.6000000238
8416  -21.897  -76.977  1.428 0.6000000238
7666  -22.984  -77.876  -6.977 0.6000000238
7694  -22.436  -77.599  -8.533 0.6000000238
128849  -22.175  -76.943  0.596 0.5000000000
7631  -22.848  -77.393  -0.601 0.5000000000
7639  -23.457  -77.465  -1.370 0.5000000000
118517  -22.761  -77.408  -10.318 0.6000000238
6954  -24.199  -77.898  -6.045 0.4000000060
7681  -23.622  -77.734  -7.608 0.6000000238
7695  -23.263  -77.630  -8.296 0.6000000238
17091  -17.768  -65.795  -3.278 0.6000000238
16141  -17.179  -67.075  -1.268 0.5000000000
16163  -17.673  -65.980  -2.357 0.6000000238
15182  -17.788  -67.511  -0.439 0.5000000000
17102  -17.008  -65.813  -3.494 0.6000000238
16140  -16.362  -66.375  -1.248 0.6000000238
124332  -18.894  -66.297  -2.688 0.5000000000
16142  -18.555  -66.924  -1.381 0.5000000000
16164  -20.133  -66.757  -1.994 0.5000000000
16161  -15.649  -65.579  -2.612 0.5000000000
17090  -16.744  -65.576  -2.924 0.6000000238
17066  -15.304  -64.847  -1.333 0.5000000000
16199  -20.807  -67.105  -3.688 0.6000000238
17076  -14.140  -65.642  -1.270 0.6999999881
18856  -14.855  -64.121  -0.756 0.6000000238
18845  -14.572  -64.019  -0.021 0.6000000238
13534  -19.855  -70.558  -2.660 0.5000000000
17943  -13.592  -65.438  0.231 0.5000000000
18844  -13.756  -64.615  0.342 0.6999999881
12646  -18.839  -72.102  -0.210 0.5000000000
11805  -18.804  -72.504  0.490 0.6000000238
10905  -20.573  -73.192  3.113 0.6000000238
10909  -19.863  -73.569  2.522 0.5000000000
10062  -21.001  -74.087  3.152 0.6000000238
133710  -20.744  -74.579  2.895 0.6000000238
9242  -22.157  -76.053  -0.045 0.5000000000
7668  -24.849  -77.579  -6.441 0.5000000000
7682  -24.568  -77.602  -7.427 0.5000000000
7696  -24.261  -77.523  -8.452 0.6000000238
7710  -24.585  -77.417  -9.636 0.6000000238
16123  -16.635  -67.234  -0.037 0.6000000238
15165  -16.954  -67.639  -0.248 0.6000000238
118546  -16.178  -66.326  0.146 0.6000000238
130200  -19.732  -67.040  -0.889 0.5000000000
17945  -15.469  -65.080  -0.093 0.6000000238
18835  -15.379  -63.726  0.448 0.6999999881
16165  -21.435  -66.852  -1.951 0.6000000238
19773  -14.988  -63.583  0.097 0.6000000238
17944  -14.962  -64.337  -1.151 0.6000000238
15212  -21.437  -67.654  -3.070 0.6000000238
132965  -13.571  -63.236  1.457 0.6000000238
20735  -14.475  -62.886  1.350 0.6000000238
13547  -20.937  -69.968  -2.692 0.5000000000
12647  -19.081  -71.559  -1.050 0.5000000000
18815  -13.528  -64.467  1.378 0.5000000000
19759  -13.610  -63.692  1.428 0.6000000238
12614  -19.188  -71.985  1.136 0.5000000000
11765  -20.508  -72.271  2.847 0.6000000238
11782  -19.478  -72.306  1.843 0.5000000000
133825  -21.584  -73.754  2.889 0.5000000000
10070  -22.090  -74.288  2.410 0.5000000000
7697  -25.180  -77.307  -8.139 0.6000000238
128126  -25.053  -77.269  -9.042 0.6000000238
17054  -16.663  -66.619  1.203 0.6000000238
117444  -16.815  -67.495  0.973 0.5000000000
15167  -17.667  -68.052  0.407 0.5000000000
17913  -16.559  -65.185  1.612 0.6999999881
16124  -18.742  -67.628  -0.276 0.5000000000
128187  -16.176  -63.574  0.908 0.6999999881
18836  -15.882  -64.483  0.740 0.6000000238
16125  -19.995  -67.570  -0.020 0.5000000000
19761  -15.329  -63.101  0.748 0.6000000238
16143  -20.873  -67.113  -1.105 0.5000000000
16166  -22.039  -67.415  -1.556 0.6000000238
20723  -14.510  -62.106  1.803 0.6999999881
15213  -21.864  -68.242  -2.315 0.6000000238
20714  -13.268  -61.764  2.036 0.6000000238
14381  -21.609  -69.261  -2.162 0.6000000238
141622  -12.447  -62.249  2.946 0.6999999881
121835  -12.686  -62.224  2.098 0.6999999881
13535  -19.793  -70.841  -1.731 0.5000000000
13536  -20.904  -70.237  -1.698 0.5000000000
19742  -13.273  -63.482  1.800 0.6000000238
13521  -20.049  -70.898  -0.852 0.5000000000
19724  -13.300  -63.446  2.711 0.5000000000
12632  -20.297  -70.981  0.086 0.6000000238
12631  -19.344  -71.394  -0.088 0.5000000000
19725  -14.110  -64.035  3.353 0.6000000238
120557  -19.848  -71.621  1.698 0.5000000000
10906  -21.204  -73.126  3.283 0.6000000238
10911  -22.344  -73.346  2.358 0.5000000000
17914  -17.093  -65.239  2.411 0.6999999881
17044  -16.731  -66.151  2.020 0.5000000000
140052  -17.087  -67.729  1.731 0.5000000000
19763  -17.501  -62.641  1.094 0.8000000119
19762  -17.219  -63.501  1.553 0.6999999881
16109  -18.035  -67.881  2.070 0.5000000000
15151  -18.525  -68.224  1.264 0.5000000000
21611  -16.568  -61.683  0.977 0.6999999881
20736  -16.509  -62.612  0.853 0.6999999881
20724  -15.546  -62.267  1.046 0.6999999881
15168  -19.641  -68.148  0.906 0.5000000000
21599  -14.509  -61.109  2.332 0.6999999881
21600  -15.546  -61.355  1.566 0.6999999881
22495  -12.676  -60.348  3.069 0.6000000238
21590  -13.545  -60.758  2.539 0.6000000238
14382  -22.321  -68.687  -1.739 0.6000000238
21589  -12.221  -60.882  4.004 0.6999999881
21598  -12.879  -61.155  2.467 0.6999999881
13522  -21.145  -70.400  -0.707 0.6000000238
14365  -22.155  -69.519  -1.329 0.6000000238
130665  -12.398  -62.123  3.944 0.6000000238
12592  -20.694  -71.586  2.253 0.6000000238
11756  -21.119  -71.986  2.914 0.6000000238
10910  -21.710  -72.992  2.908 0.5000000000
19743  -18.126  -63.118  1.699 0.6000000238
18818  -17.502  -64.394  2.343 0.5000000000
140167  -17.724  -64.924  2.759 0.5000000000
15140  -18.728  -68.086  2.820 0.5000000000
20737  -17.553  -61.933  0.642 0.8000000119
117738  -18.846  -68.245  2.142 0.5000000000
22498  -15.486  -60.174  2.254 0.6999999881
16144  -21.970  -67.227  -1.198 0.6000000238
18744  -15.625  -64.816  7.693 0.6000000238
121391  -13.529  -58.559  2.832 0.8000000119
18745  -16.085  -64.262  7.317 0.6000000238
22487  -12.442  -59.806  3.808 0.6999999881
24339  -12.988  -57.850  2.972 0.8000000119
15203  -22.494  -68.054  -1.530 0.6000000238
18769  -16.228  -64.673  5.648 0.6000000238
21581  -11.850  -60.872  4.819 0.6000000238
139012  -22.291  -70.021  -0.627 0.6000000238
13496  -21.770  -70.667  0.777 0.6000000238
20705  -15.478  -63.020  4.784 0.6000000238
19707  -14.771  -63.517  4.108 0.6000000238
20703  -12.940  -62.677  4.355 0.6000000238
12615  -20.716  -71.184  1.057 0.6000000238
12616  -21.599  -71.098  1.534 0.6000000238
19706  -13.567  -63.220  3.749 0.5000000000
123882  -21.692  -71.964  2.603 0.5000000000
130771  -22.941  -72.715  2.103 0.5000000000
11768  -23.199  -71.967  1.983 0.5000000000
18819  -19.026  -63.745  2.412 0.5000000000
18802  -18.354  -64.627  3.024 0.5000000000
20725  -18.425  -62.255  0.692 0.6000000238
19744  -19.084  -62.752  1.447 0.5000000000
21601  -16.458  -60.624  1.423 0.8000000119
21612  -17.446  -61.020  0.687 0.6999999881
22499  -16.380  -59.537  2.012 0.8000000119
141341  -14.968  -59.457  2.826 0.8000000119
16126  -21.369  -67.485  -0.303 0.6000000238
135770  -20.243  -68.217  1.993 0.5000000000
18718  -13.971  -64.485  9.561 0.6000000238
23423  -14.259  -58.545  2.942 0.8000000119
15153  -21.116  -68.025  1.523 0.5000000000
19652  -15.774  -64.287  8.143 0.6999999881
117724  -15.230  -64.876  8.332 0.6000000238
23389  -12.618  -59.130  4.376 0.8000000119
14383  -22.961  -68.709  -1.300 0.6000000238
15183  -23.083  -68.323  -0.839 0.6000000238
127767  -21.932  -67.860  0.399 0.6000000238
19671  -16.219  -63.478  6.838 0.6000000238
13508  -22.730  -70.102  -0.064 0.6000000238
15171  -23.455  -68.760  -0.010 0.6000000238
122068  -16.013  -63.540  4.934 0.6000000238
21571  -11.906  -61.073  5.401 0.6000000238
23367  -11.931  -59.915  5.072 0.5000000000
13497  -22.613  -70.421  0.856 0.6000000238
20704  -14.256  -62.722  4.741 0.6000000238
12594  -22.571  -71.481  2.020 0.6000000238
13479  -22.531  -70.873  1.535 0.6000000238
12595  -23.710  -71.092  1.644 0.5000000000
11769  -24.215  -71.651  1.517 0.5000000000
11783  -23.767  -72.546  1.745 0.5000000000
11784  -24.683  -72.369  1.304 0.5000000000
21613  -18.393  -61.323  0.372 0.6000000238
22500  -17.216  -59.697  1.382 0.6999999881
19611  -13.221  -63.321  10.214 0.6000000238
19625  -13.472  -64.115  10.071 0.6000000238
136905  -15.696  -59.098  2.758 0.8000000119
15142  -20.586  -68.311  2.585 0.5000000000
19613  -14.784  -64.035  10.332 0.6000000238
23412  -14.846  -58.813  3.030 0.8000000119
15143  -21.596  -68.381  2.350 0.5000000000
18720  -15.383  -64.306  9.068 0.6999999881
23391  -13.691  -58.159  4.194 0.8000000119
15170  -23.146  -68.100  -0.017 0.6000000238
136955  -22.442  -68.359  1.179 0.6000000238
130882  -16.034  -62.558  7.524 0.8000000119
23368  -12.831  -59.517  4.884 0.6999999881
14355  -23.223  -69.271  -0.736 0.6000000238
15154  -23.192  -68.657  1.136 0.6000000238
20673  -15.957  -62.596  6.440 0.6999999881
21573  -14.846  -61.422  6.076 0.6999999881
22460  -12.045  -60.317  5.410 0.6000000238
13509  -23.368  -69.575  0.162 0.6000000238
15155  -23.564  -68.877  0.768 0.6000000238
20691  -15.248  -62.185  5.371 0.6000000238
14344  -23.599  -69.288  0.673 0.5000000000
13480  -23.483  -70.524  1.386 0.5000000000
22509  -18.222  -60.086  0.767 0.6000000238
21602  -19.594  -59.874  1.011 0.5000000000
21492  -12.534  -61.458  10.469 0.6000000238
134935  -18.156  -58.607  1.562 0.6999999881
20608  -12.910  -62.291  10.264 0.6000000238
23424  -16.970  -58.364  2.337 0.6999999881
130792  -18.127  -57.503  2.479 0.6000000238
19612  -14.134  -63.718  10.573 0.6000000238
21493  -13.437  -61.710  10.775 0.6000000238
122237  -16.023  -58.662  3.047 0.6000000238
19614  -15.490  -63.599  10.359 0.8000000119
23392  -14.945  -58.918  3.938 0.6999999881
23393  -16.246  -58.684  3.719 0.6000000238
19635  -15.894  -63.691  8.608 0.8000000119
23369  -13.808  -59.011  4.972 0.8000000119
23359  -15.101  -59.431  6.293 0.6999999881
21555  -15.580  -61.454  7.302 0.6999999881
21554  -14.970  -60.657  6.717 0.6999999881
22442  -15.014  -59.928  6.717 0.8000000119
22371  -11.626  -60.399  11.738 0.6000000238
21482  -13.026  -60.902  11.044 0.6000000238
20597  -14.381  -62.057  11.119 0.6999999881
129239  -16.702  -59.254  4.950 0.6000000238
20610  -14.803  -62.978  10.942 0.6999999881
20611  -15.778  -63.079  11.028 0.6999999881
23371  -15.529  -59.220  5.156 0.6999999881
22462  -16.006  -59.505  6.259 0.6000000238
19627  -15.873  -63.506  9.484 0.8000000119
20631  -16.438  -62.603  9.397 0.6000000238
130862  -15.990  -61.802  7.973 0.5000000000
22443  -15.600  -59.858  6.961 0.6999999881
22424  -16.039  -60.357  7.549 0.6999999881
22444  -16.472  -59.918  7.043 0.6000000238
19636  -16.198  -62.770  8.484 0.8000000119
21528  -15.847  -61.003  7.905 0.6000000238
21527  -15.484  -60.447  7.260 0.6000000238
23278  -11.275  -60.030  12.132 0.6000000238
22364  -11.843  -60.141  12.274 0.6000000238
22373  -13.342  -60.570  11.803 0.6999999881
22372  -12.407  -60.526  11.843 0.6000000238
21483  -13.903  -61.248  11.434 0.6999999881
21484  -14.918  -61.459  11.601 0.6999999881
20598  -15.415  -62.362  11.345 0.6999999881
132999  -16.146  -62.411  11.318 0.6000000238
22463  -17.259  -59.826  5.994 0.6000000238
20612  -16.478  -62.539  11.014 0.6000000238
21510  -16.435  -61.753  8.529 0.6000000238
22445  -17.722  -60.135  6.842 0.5000000000
22425  -16.991  -60.424  7.681 0.6000000238
22426  -17.939  -60.228  7.655 0.5000000000
22410  -18.202  -60.070  8.670 0.5000000000
22394  -17.636  -60.711  9.302 0.6000000238
24237  -11.017  -58.283  12.001 0.6000000238
23262  -11.374  -59.575  12.291 0.6000000238
22365  -12.670  -60.115  12.179 0.6999999881
23263  -12.080  -59.581  12.329 0.6999999881
127364  -13.643  -59.991  12.088 0.6999999881
22374  -14.318  -60.640  11.883 0.6999999881
23279  -14.612  -59.857  12.026 0.6000000238
22375  -15.487  -60.651  11.905 0.5000000000
123007  -16.593  -61.080  11.683 0.6999999881
22376  -16.323  -60.033  11.772 0.6000000238
20599  -16.626  -61.890  11.339 0.6000000238
21486  -17.165  -61.256  11.197 0.6000000238
22377  -17.232  -60.334  11.350 0.6000000238
21511  -17.120  -61.293  8.979 0.6000000238
133289  -17.754  -60.712  10.113 0.5000000000
22386  -18.457  -60.112  10.359 0.5000000000
23298  -19.277  -59.472  10.444 0.5000000000
26837  -9.957  -55.108  10.901 0.6999999881
26850  -10.128  -54.851  9.730 0.6999999881
27622  -9.871  -54.212  10.409 0.6999999881
25134  -11.328  -57.599  11.577 0.6000000238
26042  -10.478  -56.072  10.486 0.6999999881
27636  -9.976  -54.019  9.422 0.6999999881
28393  -10.592  -53.455  9.731 0.6000000238
123617  -11.872  -58.104  11.754 0.6999999881
26032  -11.053  -56.898  11.153 0.6999999881
26043  -11.332  -56.558  9.960 0.6999999881
26866  -10.512  -54.554  8.785 0.6999999881
24227  -12.411  -58.798  12.062 0.6999999881
25149  -12.023  -57.118  11.050 0.6999999881
26851  -11.005  -55.571  9.325 0.6999999881
24238  -13.938  -59.243  12.028 0.6999999881
24239  -14.785  -59.028  11.862 0.6000000238
24241  -16.329  -58.390  11.532 0.6000000238
132149  -16.312  -57.572  11.235 0.6000000238
124516  -16.876  -59.280  11.431 0.6000000238
138803  -16.958  -58.605  11.351 0.6000000238
23282  -17.655  -59.634  11.196 0.5000000000
25140  -17.997  -57.987  11.221 0.6000000238
26049  -17.483  -56.570  10.589 0.6000000238
23297  -17.919  -60.076  10.957 0.5000000000
24243  -18.584  -58.691  11.263 0.5000000000
25155  -18.313  -57.180  11.111 0.5000000000
27621  -9.447  -54.345  11.229 0.6999999881
28392  -10.106  -53.608  10.326 0.6999999881
29276  -10.657  -52.951  10.445 0.6000000238
29263  -10.817  -52.095  10.785 0.6000000238
29277  -11.258  -52.543  9.980 0.6000000238
29290  -11.800  -52.643  9.470 0.4000000060
27647  -11.020  -54.458  8.125 0.6000000238
27637  -10.487  -53.909  8.802 0.5000000000
28404  -11.248  -53.334  9.314 0.5000000000
28406  -12.994  -53.232  8.866 0.4000000060
29279  -13.629  -52.579  9.579 0.5000000000
23264  -12.997  -59.438  12.100 0.6999999881
25135  -12.713  -57.946  11.435 0.8000000119
26061  -11.700  -56.254  8.637 0.6999999881
26889  -11.591  -55.054  7.424 0.5000000000
27661  -12.386  -54.418  7.424 0.4000000060
138799  -14.464  -53.169  9.579 0.4000000060
25150  -13.010  -57.197  10.722 0.8000000119
26044  -12.370  -56.630  9.778 0.8000000119
26062  -12.341  -56.519  8.472 0.8000000119
26868  -11.812  -56.077  7.652 0.6000000238
26890  -12.421  -55.424  7.291 0.5000000000
28420  -13.214  -53.809  7.903 0.4000000060
28407  -13.879  -53.403  8.779 0.4000000060
128286  -13.310  -58.624  11.782 0.6999999881
131788  -14.191  -58.430  11.664 0.8000000119
25137  -14.525  -57.653  11.228 0.6999999881
25152  -14.952  -56.872  10.626 0.5000000000
27662  -13.457  -54.639  7.429 0.5000000000
28421  -14.194  -53.969  7.875 0.4000000060
28408  -14.919  -53.631  8.584 0.4000000060
141076  -14.909  -58.315  11.539 0.6000000238
25138  -15.499  -57.720  11.329 0.5000000000
25153  -15.951  -57.003  10.772 0.5000000000
26048  -16.541  -56.563  10.229 0.6000000238
131809  -16.785  -57.071  10.915 0.6000000238
28381  -9.744  -53.659  11.178 0.6000000238
29261  -9.497  -53.123  11.866 0.5000000000
30178  -11.468  -51.335  10.326 0.5000000000
29278  -11.820  -51.873  9.701 0.5000000000
138482  -12.459  -52.278  9.434 0.5000000000
30179  -13.028  -51.610  9.751 0.5000000000
30180  -14.006  -51.638  10.170 0.5000000000
30181  -14.571  -50.897  10.600 0.5000000000
117173  -15.090  -52.098  10.874 0.5000000000
138994  -12.890  -56.585  9.321 0.6999999881
26869  -12.863  -56.211  7.929 0.6000000238
26083  -13.752  -56.416  8.081 0.5000000000
26891  -13.501  -55.692  7.620 0.5000000000
29280  -14.714  -52.747  10.262 0.5000000000
29281  -15.528  -52.995  10.816 0.5000000000
25136  -13.618  -57.806  11.305 0.8000000119
25151  -13.943  -57.212  10.623 0.6999999881
26046  -14.178  -56.888  9.711 0.6000000238
26084  -14.412  -56.038  7.819 0.5000000000
27663  -14.452  -54.562  7.537 0.4000000060
27664  -15.155  -54.282  7.602 0.5000000000
28394  -15.206  -53.377  9.996 0.4000000060
128871  -14.969  -56.508  9.735 0.5000000000
26065  -15.525  -56.472  8.746 0.5000000000
26085  -15.318  -56.137  7.918 0.6000000238
26893  -15.049  -55.299  7.392 0.5000000000
27649  -15.885  -54.146  7.725 0.5000000000
26047  -15.677  -56.571  9.976 0.5000000000
26086  -16.128  -56.133  7.749 0.5000000000
138103  -15.892  -55.646  7.084 0.5000000000
127989  -16.112  -54.919  6.940 0.5000000000
133056  -17.091  -56.307  9.636 0.6000000238
26067  -17.135  -55.939  8.194 0.6000000238
139005  -9.929  -52.507  11.975 0.5000000000
30155  -10.157  -52.069  12.529 0.5000000000
122600  -10.428  -51.945  11.683 0.5000000000
30163  -10.959  -51.053  11.255 0.4000000060
140423  -11.415  -50.810  10.763 0.4000000060
30151  -10.512  -51.748  13.285 0.5000000000
30156  -10.780  -51.236  12.440 0.4000000060
130304  -12.245  -51.139  9.936 0.6000000238
31176  -12.450  -50.295  10.527 0.5000000000
117747  -13.080  -50.813  10.118 0.5000000000
31178  -14.102  -50.060  10.527 0.4000000060
31179  -14.832  -50.110  10.882 0.4000000060
30152  -11.231  -51.229  13.439 0.4000000060
31141  -11.881  -50.920  12.994 0.4000000060
31148  -11.211  -50.545  11.964 0.4000000060
31159  -11.522  -50.464  11.163 0.5000000000
31175  -11.821  -50.562  10.537 0.5000000000
32096  -12.692  -49.713  11.085 0.5000000000
31149  -12.081  -50.389  12.113 0.4000000060
32067  -12.571  -49.800  12.037 0.4000000060
32079  -12.616  -49.525  11.356 0.5000000000
32080  -13.094  -49.239  11.497 0.4000000060
32097  -13.606  -49.445  11.020 0.4000000060
32098  -14.393  -49.566  10.886 0.4000000060
32082  -14.988  -49.334  11.013 0.4000000060
30149  -12.200  -50.974  13.862 0.4000000060
31142  -12.653  -50.431  13.296 0.4000000060
32049  -12.528  -50.072  14.394 0.4000000060
32050  -13.116  -50.014  13.979 0.4000000060
32058  -13.148  -49.577  12.981 0.4000000060
32068  -12.934  -49.050  11.817 0.5000000000
32974  -13.689  -48.779  11.469 0.4000000060
32081  -14.419  -48.940  11.184 0.4000000060
32945  -13.681  -48.730  12.717 0.4000000060
33886  -13.685  -48.044  12.133 0.4000000060
33887  -14.237  -47.760  11.933 0.4000000060
32992  -14.237  -48.433  11.454 0.4000000060
32975  -14.884  -48.327  11.307 0.4000000060
32038  -11.381  -49.856  14.756 0.4000000060
130693  -11.786  -49.091  14.624 0.3000000119
32051  -13.473  -49.169  13.714 0.3000000119
33858  -11.552  -47.441  14.677 0.4000000060
32932  -12.151  -48.315  14.443 0.3000000119
32933  -13.257  -48.528  14.139 0.3000000119
34838  -13.537  -46.720  13.918 0.5000000000
33874  -14.372  -47.626  12.788 0.4000000060
33888  -14.827  -47.498  11.702 0.4000000060
33909  -15.871  -47.407  11.176 0.3000000119
35931  -14.155  -45.859  13.676 0.5000000000
34851  -14.391  -46.836  13.184 0.4000000060
34852  -14.843  -46.953  12.118 0.4000000060
34869  -15.440  -47.038  11.366 0.3000000119
32925  -11.168  -48.156  14.981 0.4000000060
34821  -11.116  -46.586  14.731 0.4000000060
134624  -11.874  -46.929  14.526 0.4000000060
34837  -12.625  -46.930  14.303 0.5000000000
120914  -11.776  -46.122  14.521 0.4000000060
129141  -12.650  -46.183  14.334 0.5000000000
35913  -13.209  -45.635  14.222 0.5000000000
127940  -14.804  -45.135  13.307 0.4000000060
35949  -15.563  -46.194  11.487 0.3000000119
121603  -12.716  -44.740  14.255 0.3000000119
36945  -13.840  -44.797  14.053 0.3000000119
33849  -10.619  -47.243  15.043 0.4000000060
35911  -11.479  -45.281  14.442 0.3000000119
128051  -11.791  -44.665  14.235 0.4000000060
34836  -10.795  -45.585  14.735 0.3000000119
123803  -10.602  -43.882  15.018 0.3000000119
15221  -18.144  -67.590  -4.622 0.6000000238
16180  -17.514  -66.472  -3.993 0.5000000000
21529  -16.543  -60.902  8.140 0.6000000238
9229  -13.933  -75.896  0.198 0.5000000000
9231  -15.784  -75.714  0.446 0.6000000238
8413  -16.285  -76.356  1.022 0.6999999881
127080  -17.768  -79.093  -0.218 0.6999999881
6099  -17.716  -78.655  0.240 0.6999999881
10086  -17.191  -75.322  0.157 0.6999999881
6100  -18.713  -79.040  0.102 0.6999999881
134707  -18.421  -78.238  0.440 0.6999999881
120652  -19.385  -79.795  -3.002 0.6999999881
10087  -18.068  -75.192  0.252 0.6999999881
6133  -20.234  -79.752  -2.516 0.6999999881
135732  -19.625  -76.098  0.873 0.6999999881
15230  -18.923  -68.240  -5.241 0.6000000238
10076  -19.283  -74.440  1.351 0.6000000238
8415  -20.796  -77.051  2.214 0.6000000238
132166  -22.101  -78.408  -0.184 0.5000000000
15210  -15.918  -67.862  -3.324 0.6999999881
133335  -19.937  -75.194  1.855 0.6000000238
7665  -22.234  -77.817  -7.173 0.6000000238
7693  -21.401  -77.595  -8.770 0.6000000238
8404  -20.949  -76.456  2.552 0.5000000000
134487  -22.677  -76.332  -0.607 0.5000000000
7667  -23.933  -77.846  -6.790 0.5000000000
14397  -21.399  -68.811  -3.259 0.6000000238
11781  -18.938  -72.774  1.230 0.5000000000
9211  -20.488  -75.046  2.577 0.5000000000
124737  -21.917  -76.284  1.992 0.6000000238
9212  -21.188  -75.691  2.694 0.5000000000
121599  -21.969  -76.051  0.869 0.5000000000
7709  -23.321  -77.475  -9.271 0.6000000238
7683  -25.378  -77.260  -7.179 0.5000000000
15169  -20.750  -67.770  0.668 0.5000000000
17857  -15.825  -65.050  7.039 0.6000000238
19726  -15.234  -64.214  3.787 0.6000000238
12593  -21.605  -71.567  2.220 0.6000000238
19688  -16.184  -63.610  5.735 0.6000000238
24328  -12.942  -57.784  3.446 0.8000000119
19687  -15.890  -62.756  5.453 0.6000000238
20690  -13.938  -61.844  5.593 0.6000000238
13498  -23.456  -70.084  0.836 0.6000000238
23370  -14.521  -59.016  5.247 0.8000000119
15144  -22.583  -68.690  1.996 0.6000000238
22461  -13.547  -60.078  5.591 0.6000000238
21572  -14.132  -60.776  5.971 0.6999999881
125587  -16.753  -62.312  10.249 0.6000000238
21502  -17.297  -61.495  9.967 0.6000000238
22395  -18.228  -60.289  9.593 0.5000000000
24240  -15.527  -58.693  11.732 0.5000000000
21495  -17.387  -61.226  10.622 0.6000000238
24259  -19.219  -58.880  11.020 0.5000000000
29262  -10.243  -52.871  11.223 0.6000000238
28405  -12.065  -53.423  8.958 0.5000000000
27648  -11.677  -54.159  7.897 0.5000000000
125923  -15.646  -53.669  9.260 0.5000000000
26063  -13.407  -56.686  8.781 0.6000000238
26064  -14.502  -56.603  8.609 0.6000000238
26894  -16.352  -55.550  7.273 0.5000000000
31177  -13.239  -50.108  10.551 0.5000000000
31160  -11.986  -49.763  11.019 0.6000000238
31138  -12.046  -50.647  14.356 0.4000000060
31139  -12.675  -50.545  14.093 0.4000000060
130134  -12.891  -49.304  14.287 0.3000000119
32957  -13.313  -48.534  11.785 0.5000000000
33906  -13.796  -48.189  11.787 0.4000000060
134939  -13.808  -48.536  13.575 0.4000000060
33873  -14.214  -48.167  13.196 0.4000000060
33907  -14.499  -47.962  11.570 0.4000000060
33908  -15.215  -47.728  11.366 0.4000000060
33859  -12.531  -47.659  14.353 0.3000000119
33860  -13.630  -47.848  13.823 0.4000000060
128783  -14.150  -47.588  13.389 0.4000000060
35932  -14.903  -46.030  12.725 0.4000000060
35912  -12.210  -45.430  14.339 0.4000000060
36921  -11.060  -44.685  14.619 0.3000000119
128255  -11.433  -43.925  14.437 0.3000000119
6232  -20.109  -78.893  -13.317 0.5000000000
6233  -21.090  -79.183  -13.406 0.5000000000
5541  -21.799  -80.462  -12.614 0.5000000000
5548  -21.718  -79.809  -13.127 0.5000000000
5532  -22.844  -80.632  -12.163 0.5000000000
5542  -22.498  -80.041  -12.748 0.5000000000
4859  -23.139  -81.087  -11.542 0.6000000238
131752  -20.287  -78.072  -13.035 0.5000000000
6989  -21.037  -78.270  -13.310 0.5000000000
6990  -21.977  -78.413  -13.513 0.5000000000
6234  -22.709  -79.318  -13.369 0.5000000000
5528  -23.866  -80.920  -11.357 0.6000000238
120828  -23.770  -79.115  -13.284 0.6000000238
5543  -23.281  -79.870  -12.680 0.6000000238
7737  -19.632  -77.801  -12.306 0.4000000060
7675  -17.048  -77.483  -7.906 0.4000000060
124741  -17.619  -77.158  -9.061 0.4000000060
7703  -16.858  -76.654  -9.619 0.5000000000
8497  -17.842  -76.549  -10.880 0.5000000000
8506  -17.508  -76.678  -11.242 0.5000000000
8498  -18.868  -76.987  -11.010 0.5000000000
8490  -18.320  -76.787  -10.650 0.5000000000
8512  -18.409  -77.242  -11.608 0.5000000000
8508  -19.528  -77.185  -11.448 0.5000000000
130410  -24.783  -80.660  -10.221 0.6000000238
5526  -25.082  -80.354  -9.403 0.6000000238
8509  -20.235  -77.168  -11.999 0.5000000000
7747  -21.049  -77.489  -13.032 0.5000000000
7726  -21.054  -77.196  -12.528 0.5000000000
5529  -24.503  -80.647  -11.135 0.6000000238
132024  -21.723  -77.755  -13.318 0.5000000000
6992  -23.771  -78.262  -13.646 0.6000000238
6226  -24.028  -79.644  -12.700 0.6000000238
5530  -25.134  -80.223  -10.859 0.6000000238
6220  -24.840  -79.333  -12.623 0.6000000238
6221  -25.521  -79.377  -11.720 0.6000000238
130635  -26.335  -79.451  -10.179 0.6999999881
6217  -26.293  -78.986  -11.210 0.6999999881
6931  -18.132  -78.619  -5.885 0.6000000238
6948  -18.065  -78.289  -6.697 0.6000000238
6949  -18.931  -78.376  -6.287 0.6000000238
6961  -18.028  -77.855  -7.489 0.5000000000
118922  -17.853  -77.467  -8.323 0.5000000000
7676  -18.931  -77.623  -7.901 0.6000000238
7704  -17.928  -77.049  -9.782 0.5000000000
7690  -18.500  -77.395  -8.913 0.5000000000
7705  -18.959  -77.175  -9.741 0.5000000000
8499  -19.811  -76.926  -11.331 0.5000000000
7715  -19.382  -76.914  -10.619 0.5000000000
5519  -25.435  -79.931  -8.384 0.6999999881
6212  -25.922  -79.939  -9.461 0.6000000238
6209  -26.411  -79.626  -8.535 0.8000000119
137467  -21.825  -77.173  -12.802 0.5000000000
7740  -22.771  -77.425  -13.191 0.5000000000
7741  -23.890  -77.663  -13.443 0.6000000238
6213  -26.650  -79.315  -9.470 0.6999999881
129289  -24.421  -78.715  -13.339 0.6000000238
6973  -26.804  -78.723  -10.594 0.6999999881
6227  -25.048  -78.222  -13.405 0.6000000238
120742  -25.544  -78.514  -12.709 0.6000000238
6980  -27.449  -77.276  -13.396 0.6999999881
6974  -27.478  -77.772  -11.342 0.6999999881
130364  -27.604  -77.888  -9.977 0.6000000238
6930  -17.328  -78.790  -5.428 0.5000000000
136480  -19.549  -77.820  -7.288 0.6000000238
7691  -19.475  -77.532  -8.773 0.6000000238
7706  -19.940  -77.232  -9.606 0.6000000238
125538  -20.476  -76.979  -10.507 0.5000000000
6202  -26.217  -79.643  -7.576 0.6999999881
7717  -21.371  -77.029  -10.898 0.5000000000
7718  -22.161  -77.169  -11.192 0.5000000000
6203  -26.943  -79.366  -7.763 0.5000000000
6194  -27.847  -79.085  -6.554 0.6000000238
7727  -21.527  -77.083  -11.988 0.6000000238
7729  -23.397  -77.359  -12.822 0.5000000000
6210  -27.066  -79.073  -8.664 0.6000000238
7742  -24.640  -77.708  -13.495 0.5000000000
7743  -25.372  -77.486  -13.146 0.5000000000
6214  -27.193  -78.575  -9.734 0.6000000238
7698  -27.960  -77.448  -9.488 0.6000000238
7731  -26.222  -77.037  -13.246 0.5000000000
7732  -27.260  -76.819  -13.663 0.6000000238
7712  -27.930  -77.088  -11.026 0.5000000000
8502  -27.955  -75.810  -12.859 0.5000000000
8485  -28.295  -75.959  -9.679 0.5000000000
6161  -17.437  -79.160  -4.693 0.6000000238
6175  -18.249  -78.917  -5.079 0.6000000238
6144  -17.370  -79.480  -3.801 0.4000000060
7708  -22.191  -77.490  -9.468 0.5000000000
131015  -27.492  -79.191  -7.218 0.6000000238
7719  -23.098  -77.413  -11.510 0.5000000000
6965  -27.530  -78.857  -7.891 0.5000000000
118414  -24.125  -77.514  -12.079 0.5000000000
137473  -28.063  -78.412  -7.888 0.5000000000
6966  -28.900  -78.518  -7.574 0.5000000000
6204  -28.262  -78.845  -7.227 0.5000000000
7721  -25.553  -76.951  -12.203 0.5000000000
6969  -27.650  -78.325  -8.792 0.5000000000
7700  -29.080  -77.306  -8.197 0.5000000000
134559  -26.673  -76.638  -13.440 0.6000000238
8500  -26.274  -76.365  -12.333 0.6000000238
7713  -28.135  -76.546  -10.364 0.5000000000
7699  -28.305  -76.876  -8.948 0.6000000238
9297  -27.694  -75.605  -12.724 0.6000000238
8503  -27.523  -75.012  -12.291 0.5000000000
5463  -17.152  -79.616  -2.299 0.4000000060
119536  -23.946  -77.461  -10.604 0.5000000000
6967  -30.001  -78.378  -7.263 0.5000000000
7720  -24.773  -77.437  -11.600 0.5000000000
122343  -24.934  -77.405  -10.729 0.5000000000
7684  -29.735  -77.255  -7.616 0.5000000000
7669  -30.826  -77.373  -6.677 0.5000000000
8474  -31.748  -77.134  -6.784 0.5000000000
8483  -32.793  -76.166  -7.466 0.5000000000
10158  -34.706  -75.016  -7.633 0.5000000000
8491  -26.105  -76.120  -10.746 0.6000000238
8501  -26.962  -75.141  -12.422 0.6000000238
8479  -29.815  -76.287  -7.398 0.5000000000
9280  -29.921  -75.342  -7.360 0.5000000000
9292  -26.815  -74.186  -11.659 0.5000000000
9293  -27.120  -74.231  -11.739 0.5000000000
8477  -25.833  -76.686  -7.949 0.5000000000
136957  -30.883  -76.751  -6.743 0.5000000000
8482  -32.297  -76.287  -7.392 0.5000000000
138140  -33.344  -75.752  -7.995 0.5000000000
130816  -33.932  -75.593  -7.909 0.5000000000
129836  -25.569  -76.804  -9.119 0.5000000000
8484  -26.222  -75.793  -9.117 0.6000000238
131242  -30.497  -76.204  -7.053 0.5000000000
8481  -31.515  -76.259  -7.142 0.5000000000
9285  -34.300  -75.356  -8.722 0.5000000000
10168  -34.913  -74.915  -8.654 0.5000000000
10169  -35.570  -74.574  -8.103 0.5000000000
9281  -31.070  -75.577  -7.410 0.5000000000
10167  -31.691  -74.912  -7.917 0.5000000000
8472  -25.976  -76.539  -6.914 0.5000000000
9291  -33.794  -75.307  -9.345 0.5000000000
10176  -35.470  -74.673  -8.992 0.5000000000
11020  -36.737  -73.628  -8.825 0.4000000060
10175  -34.558  -74.935  -9.300 0.4000000060
12714  -16.063  -70.513  -5.910 0.4000000060
18726  -13.799  -64.634  8.652 0.5000000000
20620  -12.369  -62.812  9.701 0.5000000000
19624  -12.691  -63.675  9.538 0.5000000000
21491  -11.715  -61.215  10.160 0.5000000000
20607  -12.023  -61.968  9.888 0.5000000000
18717  -13.119  -64.267  9.243 0.5000000000
26031  -9.852  -55.986  11.232 0.5000000000
26836  -9.088  -55.181  11.370 0.5000000000
28380  -9.041  -53.823  11.788 0.5000000000
5534  -24.296  -80.300  -11.984 0.6000000238
6991  -22.964  -78.509  -13.595 0.6000000238
5535  -24.827  -80.073  -11.696 0.6000000238
6983  -24.608  -78.043  -13.654 0.6000000238
6976  -27.087  -78.065  -12.170 0.6999999881
6962  -18.887  -77.990  -7.036 0.6000000238
7728  -22.390  -77.248  -12.341 0.5000000000
6979  -26.028  -77.447  -13.111 0.6000000238
136178  -27.846  -77.263  -13.304 0.6000000238
7722  -28.145  -76.720  -13.134 0.6000000238
121891  -26.896  -79.416  -6.763 0.6999999881
7730  -25.088  -77.215  -13.160 0.5000000000
8510  -27.535  -76.215  -13.480 0.6000000238
8511  -27.929  -76.285  -13.439 0.6000000238
8493  -28.050  -76.303  -11.863 0.5000000000
8486  -29.084  -76.439  -8.364 0.5000000000
6970  -28.391  -77.811  -8.294 0.5000000000
137177  -29.879  -77.907  -7.467 0.5000000000
9296  -27.283  -74.854  -12.143 0.5000000000
7711  -25.378  -77.039  -10.414 0.5000000000
8492  -26.561  -75.136  -10.881 0.5000000000
9283  -32.917  -75.718  -8.284 0.5000000000
9282  -32.117  -75.740  -7.838 0.5000000000
9290  -33.169  -75.390  -9.179 0.5000000000
10177  -36.236  -74.244  -8.540 0.5000000000
9289  -32.545  -75.261  -8.657 0.4000000060
10184  -36.001  -74.232  -9.172 0.4000000060
6923  -31.662  -78.622  -4.820 0.5000000000
6942  -31.200  -78.824  -5.697 0.6000000238
6184  -30.857  -78.939  -6.066 0.6000000238
6940  -29.498  -78.272  -5.155 0.6000000238
6939  -28.606  -78.330  -5.071 0.4000000060
6957  -32.088  -79.229  -6.657 0.4000000060
6956  -31.505  -78.614  -6.476 0.4000000060
6197  -30.813  -78.746  -6.110 0.5000000000
6183  -29.957  -79.015  -5.947 0.6000000238
6196  -29.661  -79.051  -6.471 0.5000000000
6206  -30.021  -78.839  -6.784 0.4000000060
6181  -28.273  -78.845  -5.812 0.5000000000
6195  -28.832  -79.011  -6.561 0.5000000000
6180  -27.265  -78.972  -5.584 0.6000000238
124642  -26.029  -79.557  -6.711 0.6000000238
6201  -25.439  -79.722  -7.242 0.6000000238
138516  -24.780  -79.996  -8.288 0.6000000238
5518  -24.635  -80.323  -8.820 0.6000000238
5517  -23.805  -80.747  -8.877 0.6000000238
5525  -24.378  -80.846  -9.582 0.5000000000
5524  -23.686  -81.349  -9.804 0.5000000000
4850  -23.418  -81.391  -10.688 0.4000000060
4858  -22.525  -81.156  -11.758 0.5000000000
5547  -20.567  -79.866  -13.226 0.4000000060
15129  -21.977  -68.372  3.058 0.4000000060
15130  -23.097  -68.698  2.619 0.4000000060
15145  -23.445  -68.855  1.600 0.5000000000
26050  -18.495  -56.441  10.654 0.5000000000
26852  -17.847  -56.165  9.726 0.5000000000
26853  -18.671  -56.017  9.891 0.5000000000
26870  -18.110  -56.104  8.477 0.4000000060
126544  -17.131  -55.254  7.586 0.4000000060
28413  -20.723  -53.201  9.305 0.4000000060
27666  -17.610  -54.826  7.092 0.4000000060
26908  -18.077  -54.679  6.869 0.4000000060
27665  -16.920  -54.422  7.827 0.4000000060
119556  -19.167  -53.513  6.938 0.4000000060
28410  -17.041  -53.547  8.618 0.4000000060
28422  -17.398  -53.910  7.361 0.4000000060
29307  -19.071  -52.666  6.618 0.4000000060
28409  -16.299  -53.771  9.024 0.4000000060
28395  -15.898  -53.468  10.202 0.4000000060
28396  -16.723  -53.352  9.926 0.4000000060
31161  -15.539  -51.179  11.346 0.3000000119
29264  -15.887  -52.427  11.478 0.4000000060
138020  -15.090  -48.715  11.170 0.3000000119
116834  -15.613  -50.010  11.415 0.3000000119
30164  -16.360  -51.756  11.781 0.3000000119
26872  -19.620  -54.992  9.415 0.4000000060
27668  -19.473  -54.259  8.435 0.4000000060
26896  -18.374  -55.183  7.371 0.4000000060
26871  -18.782  -55.649  8.716 0.4000000060
27667  -18.514  -54.544  7.098 0.4000000060
128749  -18.194  -54.076  6.599 0.4000000060
28424  -20.333  -52.903  7.814 0.4000000060
28431  -18.248  -53.313  6.625 0.4000000060
28430  -17.988  -54.058  6.529 0.4000000060
9253  -36.546  -75.652  -1.312 0.3000000119
116725  -36.697  -76.137  -2.086 0.3000000119
8446  -36.648  -76.892  -1.846 0.4000000060
137829  -37.075  -76.625  -2.431 0.3000000119
8452  -37.903  -76.378  -2.946 0.4000000060
6140  -37.635  -78.861  -2.446 0.3000000119
6901  -38.104  -77.948  -2.735 0.3000000119
7652  -38.448  -77.160  -3.268 0.4000000060
6139  -37.142  -79.632  -1.967 0.3000000119
6157  -37.145  -79.043  -3.341 0.3000000119
6912  -37.264  -78.096  -4.207 0.3000000119
5484  -36.709  -79.840  -2.669 0.3000000119
6156  -36.100  -79.712  -3.563 0.3000000119
6173  -36.406  -78.991  -4.061 0.3000000119
5483  -35.768  -80.434  -2.754 0.3000000119
6155  -35.130  -80.155  -3.879 0.3000000119
6172  -35.460  -79.513  -4.307 0.3000000119
5481  -34.098  -80.491  -3.206 0.3000000119
124055  -34.441  -80.257  -4.050 0.3000000119
6154  -33.838  -80.179  -4.649 0.3000000119
5470  -32.688  -80.521  -2.284 0.3000000119
5471  -33.560  -81.043  -2.390 0.3000000119
122403  -33.183  -79.762  -2.670 0.3000000119
6138  -33.324  -79.651  -3.326 0.3000000119
6911  -32.805  -78.832  -3.349 0.3000000119
5469  -31.800  -80.221  -2.190 0.4000000060
8460  -37.555  -76.380  -3.256 0.3000000119
7641  -36.974  -77.820  -1.679 0.4000000060
7658  -37.621  -77.268  -4.199 0.4000000060
6127  -37.299  -79.135  -1.592 0.3000000119
7657  -36.696  -77.682  -4.473 0.4000000060
124347  -36.059  -78.651  -4.458 0.4000000060
6926  -35.047  -79.343  -4.707 0.4000000060
5473  -35.114  -80.972  -2.151 0.3000000119
6170  -33.388  -80.224  -5.708 0.4000000060
4794  -32.886  -81.786  -1.994 0.3000000119
4795  -33.792  -81.645  -1.886 0.4000000060
6924  -32.445  -79.201  -4.810 0.4000000060
6910  -31.720  -78.473  -3.733 0.3000000119
133648  -32.134  -82.280  -2.222 0.3000000119
122848  -36.755  -75.745  -2.695 0.3000000119
9264  -36.475  -75.273  -3.075 0.3000000119
10122  -37.870  -74.837  -1.549 0.3000000119
8459  -36.284  -75.810  -3.509 0.3000000119
8438  -35.404  -76.456  -0.873 0.4000000060
8467  -37.042  -76.674  -4.109 0.3000000119
123186  -35.518  -77.051  -4.372 0.3000000119
6126  -36.673  -79.732  -1.343 0.3000000119
125120  -36.622  -79.464  -1.232 0.4000000060
7656  -35.181  -78.384  -4.614 0.4000000060
121195  -34.555  -77.412  -4.688 0.4000000060
131421  -35.731  -80.740  -1.806 0.3000000119
5449  -35.423  -80.605  -0.633 0.3000000119
6925  -34.159  -79.607  -5.332 0.4000000060
7655  -33.935  -78.398  -5.123 0.4000000060
4796  -34.548  -81.468  -1.638 0.3000000119
4779  -34.312  -81.515  -0.536 0.3000000119
6943  -33.301  -79.733  -6.249 0.4000000060
7662  -33.054  -77.975  -5.715 0.5000000000
4788  -34.584  -81.634  -0.980 0.3000000119
6169  -32.818  -80.251  -6.015 0.4000000060
6186  -32.524  -79.946  -6.413 0.4000000060
6185  -31.815  -79.372  -6.395 0.5000000000
4165  -31.765  -83.065  -2.273 0.3000000119
10132  -36.922  -74.769  -2.257 0.3000000119
6891  -34.824  -77.961  -1.109 0.4000000060
8465  -34.578  -76.444  -4.692 0.4000000060
8464  -33.805  -77.039  -5.111 0.4000000060
134811  -35.420  -79.404  -0.897 0.4000000060
8469  -32.406  -77.666  -6.515 0.4000000060
5448  -34.795  -80.831  -0.365 0.3000000119
7661  -32.511  -79.079  -6.694 0.4000000060
5447  -33.810  -81.274  -0.322 0.3000000119
7671  -32.074  -78.257  -6.728 0.4000000060
7670  -31.379  -77.948  -6.576 0.4000000060
4146  -33.787  -82.033  -0.741 0.3000000119
4166  -32.579  -82.852  -1.614 0.3000000119
3561  -31.865  -83.806  -1.475 0.3000000119
9263  -35.835  -75.158  -3.747 0.3000000119
8466  -35.458  -75.897  -4.175 0.3000000119
9267  -34.626  -75.519  -4.842 0.3000000119
6120  -34.583  -79.870  -0.471 0.4000000060
8471  -33.934  -76.063  -5.321 0.5000000000
8476  -32.762  -76.523  -6.649 0.4000000060
6119  -33.736  -80.312  -0.408 0.4000000060
133510  -32.471  -81.728  0.102 0.3000000119
5446  -33.165  -80.850  -0.229 0.3000000119
4777  -32.882  -82.365  -0.007 0.3000000119
4145  -32.813  -82.953  -0.595 0.3000000119
3028  -31.490  -84.721  -1.646 0.3000000119
3555  -31.804  -84.000  -1.212 0.3000000119
9268  -35.277  -75.049  -4.435 0.3000000119
9271  -33.347  -75.775  -6.033 0.4000000060
4776  -31.843  -82.101  0.041 0.3000000119
4143  -31.413  -83.005  -0.335 0.3000000119
4144  -32.328  -83.006  -0.330 0.3000000119
3543  -31.991  -83.750  -0.753 0.3000000119
4775  -30.432  -82.044  -0.179 0.3000000119
3540  -29.392  -83.312  -0.672 0.3000000119
4142  -30.450  -83.272  -0.526 0.3000000119
3022  -30.013  -84.963  -1.520 0.3000000119
3011  -31.009  -84.550  -1.505 0.3000000119
130559  -35.389  -74.469  -5.939 0.3000000119
10154  -34.708  -74.826  -6.297 0.4000000060
3554  -29.158  -84.210  -1.236 0.3000000119
3021  -28.456  -84.792  -1.628 0.3000000119
11004  -36.419  -73.831  -5.261 0.3000000119
10160  -36.306  -74.036  -6.200 0.3000000119
10159  -35.554  -74.530  -6.950 0.3000000119
11005  -37.286  -73.390  -5.711 0.3000000119
10170  -36.543  -74.100  -7.545 0.3000000119
29282  -16.316  -53.115  10.991 0.4000000060
26895  -17.990  -55.586  7.489 0.4000000060
6955  -30.675  -78.198  -6.653 0.4000000060
9276  -33.397  -75.965  -7.236 0.4000000060
9277  -34.020  -75.422  -6.768 0.4000000060
26051  -19.140  -56.486  10.465 0.5000000000
26854  -19.287  -55.964  9.785 0.4000000060
28412  -19.940  -53.606  8.665 0.4000000060
7642  -37.714  -78.057  -2.027 0.3000000119
5482  -34.815  -80.591  -3.104 0.3000000119
7640  -35.777  -77.306  -1.365 0.4000000060
6188  -33.514  -80.138  -5.855 0.4000000060
6892  -36.116  -78.454  -1.342 0.4000000060
6125  -35.934  -80.067  -0.874 0.3000000119
5457  -35.797  -80.538  -1.139 0.3000000119
127676  -33.235  -82.418  -0.451 0.3000000119
8470  -33.064  -76.615  -5.717 0.4000000060
3556  -32.542  -83.468  -1.004 0.3000000119
9272  -34.178  -75.307  -5.666 0.4000000060
5445  -32.483  -80.902  -0.088 0.3000000119
3012  -31.431  -84.715  -1.658 0.3000000119
10149  -34.901  -74.742  -5.213 0.3000000119
5516  -22.883  -80.720  -8.515 0.5000000000
5508  -23.441  -80.262  -7.933 0.5000000000
6191  -24.683  -79.776  -6.728 0.5000000000
6193  -26.205  -79.364  -5.709 0.4000000060
8478  -26.224  -75.714  -7.609 0.4000000060
124328  -29.933  -78.185  -4.604 0.5000000000
118968  -29.958  -78.298  -3.927 0.3000000119
6899  -31.172  -78.713  -3.041 0.3000000119
6136  -31.527  -79.368  -2.512 0.3000000119
6900  -32.280  -78.687  -2.807 0.3000000119
129378  -33.454  -79.225  -0.476 0.3000000119
6886  -34.193  -78.701  -0.709 0.3000000119
8445  -36.184  -76.446  -1.295 0.3000000119
7632  -33.234  -78.074  -0.313 0.3000000119
128459  -33.978  -77.813  -0.580 0.3000000119
7635  -34.922  -77.059  -0.894 0.3000000119
9245  -34.934  -75.770  -0.493 0.3000000119
7633  -33.548  -77.244  -0.221 0.3000000119
9244  -34.216  -75.919  -0.037 0.3000000119
8437  -34.578  -76.484  -0.478 0.3000000119
9238  -34.452  -75.277  -0.169 0.3000000119
9246  -35.999  -75.710  -0.775 0.3000000119
9247  -36.344  -74.950  -0.669 0.3000000119
9237  -33.866  -75.257  0.257 0.3000000119
10950  -35.594  -73.993  -0.454 0.3000000119
4865  -21.494  -81.000  -12.247 0.3000000119
138962  -27.846  -78.472  -5.010 0.5000000000
6192  -25.387  -79.617  -6.205 0.4000000060
6190  -24.007  -79.951  -7.298 0.5000000000
6909  -30.750  -78.388  -3.668 0.3000000119
29308  -20.863  -52.195  7.444 0.3000000119
136819  -20.136  -52.623  6.732 0.3000000119
28397  -17.615  -53.121  9.464 0.3000000119
4842  -22.919  -81.646  -9.994 0.4000000060
5515  -22.030  -80.715  -8.209 0.4000000060
4175  -23.235  -82.469  -3.519 0.4000000060
5486  -22.338  -80.790  -4.925 0.4000000060
5494  -23.355  -80.289  -5.285 0.4000000060
6177  -23.808  -79.941  -6.149 0.4000000060
6178  -24.638  -79.724  -5.638 0.4000000060
5501  -22.400  -80.381  -6.720 0.4000000060
5502  -23.195  -80.157  -6.989 0.4000000060
3578  -23.995  -83.067  -4.793 0.3000000119
127596  -23.919  -82.329  -3.657 0.4000000060
5488  -24.315  -80.559  -4.232 0.4000000060
5507  -22.623  -80.417  -7.636 0.4000000060
4818  -22.597  -81.345  -4.064 0.4000000060
5493  -22.280  -80.516  -5.830 0.4000000060
3568  -23.535  -82.840  -3.864 0.3000000119
5487  -23.551  -81.205  -3.855 0.4000000060
117142  -23.024  -80.719  -4.586 0.4000000060
117180  -22.960  -80.255  -6.074 0.4000000060
5495  -24.038  -80.040  -5.033 0.4000000060
6165  -24.792  -79.849  -4.731 0.4000000060
3579  -25.102  -82.815  -5.438 0.3000000119
4188  -24.413  -82.520  -4.188 0.3000000119
5476  -24.280  -81.199  -3.711 0.3000000119
4176  -24.750  -81.925  -3.863 0.3000000119
6148  -25.931  -79.959  -4.020 0.3000000119
136602  -26.315  -79.424  -4.260 0.3000000119
6906  -27.448  -78.562  -3.967 0.3000000119
6921  -29.028  -78.236  -4.300 0.3000000119
6938  -27.296  -78.613  -4.457 0.3000000119
6166  -25.578  -79.682  -4.495 0.3000000119
6167  -26.626  -79.061  -4.774 0.3000000119
6179  -25.371  -79.498  -5.217 0.3000000119
2529  -21.683  -84.862  1.674 0.3000000119
3531  -22.330  -83.823  1.574 0.3000000119
125244  -29.840  -80.920  -0.052 0.3000000119
4129  -23.987  -81.917  0.442 0.3000000119
4770  -24.682  -81.477  -0.055 0.3000000119
4772  -25.848  -81.340  -0.582 0.3000000119
130119  -26.618  -81.182  -0.501 0.3000000119
5442  -27.468  -81.061  -0.327 0.3000000119
5443  -28.323  -80.941  -0.094 0.3000000119
5431  -29.441  -80.339  0.516 0.3000000119
5432  -30.235  -80.286  0.398 0.3000000119
4765  -25.128  -81.077  0.656 0.3000000119
4771  -25.419  -81.063  -0.024 0.3000000119
5441  -26.067  -80.746  0.043 0.3000000119
6103  -27.793  -79.998  0.917 0.3000000119
6104  -28.498  -79.655  1.215 0.3000000119
129189  -24.775  -80.824  -3.854 0.3000000119
3535  -22.188  -83.459  0.591 0.3000000119
4783  -24.696  -81.864  -0.903 0.3000000119
4128  -23.406  -82.436  0.006 0.3000000119
3536  -22.963  -82.891  0.512 0.3000000119
4138  -23.445  -82.663  -0.859 0.3000000119
137726  -25.204  -81.477  -0.585 0.3000000119
6089  -26.824  -79.757  1.500 0.3000000119
3003  -22.048  -84.412  1.832 0.3000000119
3027  -31.109  -85.137  -1.967 0.3000000119
3541  -30.211  -84.128  -0.973 0.3000000119
3542  -31.343  -83.718  -0.712 0.3000000119
3544  -32.415  -83.511  -0.844 0.3000000119
4139  -24.047  -82.094  -0.480 0.3000000119
4153  -24.122  -82.404  -1.211 0.3000000119
4158  -33.177  -82.641  -0.947 0.3000000119
4778  -33.564  -81.956  -0.237 0.3000000119
4780  -35.133  -81.160  -0.707 0.3000000119
4793  -32.016  -81.337  -2.247 0.3000000119
4797  -35.241  -81.191  -1.302 0.3000000119
4803  -22.943  -81.954  -3.441 0.4000000060
4804  -23.926  -81.854  -3.470 0.4000000060
4805  -24.716  -81.358  -3.774 0.3000000119
4866  -22.185  -80.858  -12.210 0.3000000119
5427  -25.645  -80.589  0.599 0.3000000119
5428  -26.271  -80.229  0.805 0.3000000119
5429  -27.665  -80.481  0.283 0.3000000119
5430  -28.553  -80.328  0.550 0.3000000119
5444  -29.040  -80.790  0.074 0.3000000119
5454  -17.400  -79.583  -1.590 0.6999999881
5472  -34.304  -81.075  -2.405 0.3000000119
5474  -36.449  -80.266  -1.855 0.3000000119
5489  -25.146  -80.263  -4.194 0.3000000119
5509  -24.244  -80.124  -8.174 0.6000000238
5533  -23.579  -80.490  -12.096 0.6000000238
6114  -20.084  -79.085  -0.677 0.6999999881
6121  -35.313  -80.281  -0.529 0.4000000060
6134  -21.204  -79.201  -2.358 0.6999999881
6137  -32.469  -79.374  -2.457 0.3000000119
6152  -30.187  -78.789  -3.369 0.3000000119
6153  -33.181  -80.050  -4.938 0.3000000119
6168  -31.988  -79.826  -6.073 0.4000000060
6171  -34.274  -80.017  -4.961 0.4000000060
6182  -29.183  -78.872  -5.907 0.5000000000
6187  -33.063  -80.225  -6.093 0.4000000060
6198  -31.514  -79.079  -6.311 0.5000000000
6200  -24.773  -79.875  -7.705 0.6000000238
6205  -29.316  -78.942  -7.047 0.4000000060
6216  -25.784  -79.796  -10.519 0.6999999881
6222  -26.307  -78.191  -12.475 0.6000000238
6225  -23.155  -79.425  -13.196 0.6000000238
6235  -23.477  -78.811  -13.508 0.6000000238
6236  -24.105  -78.385  -13.602 0.6000000238
6852  -20.987  -77.615  1.962 0.6000000238
6858  -15.658  -78.175  1.107 0.5000000000
6862  -21.486  -77.866  1.280 0.6000000238
6870  -16.878  -78.405  0.350 0.6999999881
6872  -20.509  -78.243  0.380 0.6999999881
6873  -21.493  -78.669  0.092 0.6000000238
6881  -21.695  -78.679  -0.790 0.6000000238
6893  -37.280  -78.824  -1.507 0.3000000119
6894  -37.700  -78.380  -2.088 0.3000000119
6905  -26.881  -78.837  -4.006 0.3000000119
6913  -37.950  -78.074  -3.386 0.3000000119
6920  -28.045  -78.418  -4.408 0.3000000119
6922  -30.807  -78.257  -4.450 0.5000000000
6927  -38.034  -77.364  -3.886 0.4000000060
6941  -30.387  -78.372  -5.254 0.6000000238
6971  -29.402  -78.037  -7.673 0.5000000000
6984  -25.046  -77.867  -13.483 0.5000000000
6993  -24.206  -77.932  -13.685 0.6000000238
7609  -16.787  -77.421  0.874 0.6999999881
7610  -20.210  -76.705  1.445 0.6999999881
7617  -18.843  -77.360  0.417 0.6999999881
7634  -34.258  -77.168  -0.549 0.3000000119
7648  -37.640  -77.125  -2.424 0.3000000119
7649  -38.147  -77.551  -2.650 0.3000000119
7659  -38.123  -76.832  -3.770 0.4000000060
7680  -22.720  -77.730  -7.724 0.6000000238
7685  -30.266  -77.704  -7.154 0.5000000000
7716  -20.693  -76.967  -11.649 0.5000000000
7733  -28.031  -76.770  -13.906 0.6000000238
7738  -20.354  -77.479  -12.508 0.5000000000
7739  -21.840  -77.344  -13.060 0.5000000000
7746  -19.749  -78.018  -12.768 0.5000000000
7748  -22.524  -77.792  -13.438 0.6000000238
7749  -23.489  -77.859  -13.567 0.6000000238
8397  -20.847  -75.729  2.667 0.5000000000
8405  -21.361  -76.416  2.386 0.6000000238
8412  -15.755  -77.009  1.371 0.6000000238
8422  -14.471  -76.446  0.663 0.5000000000
8425  -18.822  -76.046  0.522 0.6999999881
8434  -22.454  -76.870  -0.114 0.5000000000
8436  -33.883  -76.573  -0.092 0.3000000119
8453  -38.423  -76.814  -3.004 0.4000000060
8461  -38.305  -76.707  -3.204 0.4000000060
8475  -32.230  -76.949  -6.820 0.5000000000
8480  -30.360  -76.905  -7.065 0.5000000000
8489  -17.255  -76.473  -10.430 0.5000000000
8507  -18.628  -77.087  -11.030 0.5000000000
8513  -19.248  -77.514  -11.651 0.5000000000
8514  -19.938  -77.415  -11.971 0.5000000000
9205  -20.946  -75.005  2.868 0.6000000238
9223  -22.202  -75.288  1.563 0.6000000238
9232  -16.667  -75.728  0.509 0.6999999881
9233  -17.428  -75.703  0.457 0.6999999881
9260  -36.827  -75.391  -2.227 0.3000000119
9284  -33.603  -75.554  -8.690 0.5000000000
10068  -19.854  -74.392  2.249 0.5000000000
10069  -20.427  -74.149  2.830 0.6000000238
10101  -15.281  -75.036  -0.177 0.6000000238
10104  -18.417  -74.447  0.216 0.6999999881
10109  -35.139  -74.855  -0.472 0.3000000119
10117  -18.204  -75.041  -1.458 0.6999999881
10131  -36.636  -74.783  -2.873 0.3000000119
10139  -17.043  -74.747  -4.147 0.6000000238
10146  -16.573  -74.691  -4.978 0.6000000238
10183  -35.195  -74.409  -9.477 0.4000000060
10916  -18.939  -73.587  1.294 0.6000000238
10917  -19.359  -73.114  1.899 0.5000000000
10951  -36.738  -74.193  -0.595 0.3000000119
10960  -16.519  -74.071  -1.529 0.6999999881
10970  -17.866  -75.093  -2.847 0.6999999881
10995  -17.748  -74.305  -4.453 0.6999999881
10996  -17.838  -73.648  -5.296 0.6000000238
11014  -37.059  -73.759  -8.157 0.3000000119
11764  -19.891  -72.700  2.542 0.5000000000
11766  -21.381  -72.468  3.015 0.6000000238
11767  -22.179  -72.399  2.445 0.5000000000
11817  -18.788  -73.874  -1.436 0.6999999881
12617  -24.150  -70.189  1.436 0.5000000000
12715  -17.701  -71.214  -6.682 0.6000000238
12716  -18.490  -71.836  -6.164 0.6000000238
12725  -16.608  -71.126  -7.919 0.5000000000
13507  -21.444  -70.576  0.103 0.6000000238
13585  -17.112  -70.871  -7.260 0.5000000000
14395  -17.177  -69.273  -3.557 0.6000000238
14396  -20.445  -69.686  -3.667 0.5000000000
15141  -19.600  -68.252  2.608 0.5000000000
15150  -17.266  -68.148  1.180 0.5000000000
15152  -19.501  -68.270  1.721 0.5000000000
15166  -16.941  -67.943  0.511 0.5000000000
15229  -18.002  -68.589  -5.067 0.6000000238
15231  -19.699  -68.115  -5.147 0.5000000000
16107  -16.825  -67.108  1.884 0.5000000000
16127  -22.521  -67.716  -0.600 0.6000000238
16138  -13.161  -66.560  -1.566 0.6000000238
16145  -22.504  -67.732  -1.176 0.6000000238
16160  -14.223  -66.595  -2.761 0.6999999881
16162  -16.774  -65.786  -2.038 0.6000000238
16181  -18.821  -66.331  -3.566 0.5000000000
16183  -21.128  -66.897  -2.737 0.6000000238
16184  -21.726  -67.425  -2.139 0.6000000238
17075  -13.224  -66.372  -0.805 0.6000000238
17078  -15.307  -65.108  -2.071 0.5000000000
17089  -14.873  -65.593  -2.436 0.6000000238
17929  -16.426  -65.637  0.888 0.6000000238
17956  -14.795  -64.595  -1.119 0.6000000238
18709  -14.177  -64.266  10.197 0.6000000238
18719  -14.751  -64.431  9.756 0.6000000238
18727  -14.676  -64.742  8.994 0.6000000238
18757  -16.175  -64.388  6.460 0.6000000238
18817  -16.684  -64.340  1.671 0.6999999881
18834  -13.764  -64.113  0.674 0.6999999881
18846  -15.117  -63.920  -0.402 0.6000000238
18855  -14.268  -64.743  -0.297 0.6999999881
19626  -15.294  -64.087  9.869 0.8000000119
19653  -16.117  -63.517  7.815 0.6999999881
19705  -12.645  -62.677  3.478 0.6000000238
19741  -12.694  -62.792  2.235 0.6000000238
19760  -14.341  -63.566  0.815 0.6000000238
20609  -13.814  -62.710  10.685 0.6000000238
20621  -16.184  -63.073  10.456 0.6000000238
20672  -15.464  -61.849  6.223 0.6999999881
20687  -11.844  -61.263  5.157 0.6000000238
20688  -11.958  -61.739  5.188 0.6000000238
20689  -12.734  -62.213  5.084 0.6000000238
20702  -11.982  -61.642  4.648 0.6000000238
21485  -15.976  -61.726  11.642 0.6000000238
21494  -17.041  -61.870  10.844 0.6000000238
21553  -14.470  -60.100  6.363 0.6000000238
21597  -12.495  -61.515  2.879 0.6999999881
22384  -12.155  -60.778  10.894 0.6000000238
22385  -17.640  -60.618  10.743 0.6000000238
22409  -17.398  -60.636  8.435 0.6000000238
22459  -11.853  -60.519  5.192 0.5000000000
22480  -11.978  -59.954  4.705 0.6999999881
22496  -13.204  -59.583  2.768 0.8000000119
22497  -14.229  -59.679  2.670 0.8000000119
22510  -19.025  -60.425  0.454 0.6000000238
23280  -15.479  -59.573  11.936 0.6000000238
23281  -16.116  -59.169  11.820 0.6000000238
23283  -18.555  -59.521  11.063 0.5000000000
23358  -14.514  -59.561  6.008 0.8000000119
23390  -13.031  -58.126  4.246 0.8000000119
23410  -12.880  -58.836  3.100 0.8000000119
23411  -13.790  -58.063  3.294 0.8000000119
23422  -13.126  -58.265  2.876 0.8000000119
24226  -11.542  -58.929  12.251 0.6000000238
24242  -17.655  -58.827  11.277 0.5000000000
24244  -18.933  -58.002  11.275 0.5000000000
24327  -12.935  -57.850  3.734 0.8000000119
24340  -12.960  -57.612  3.111 0.8000000119
24348  -13.098  -57.823  2.955 0.8000000119
25139  -17.058  -57.929  11.266 0.6000000238
25154  -17.509  -57.292  11.092 0.6000000238
26045  -13.331  -56.781  9.904 0.6999999881
26066  -16.367  -56.420  8.984 0.6000000238
26867  -11.270  -55.362  8.135 0.6000000238
26892  -14.211  -55.256  7.483 0.5000000000
26897  -18.926  -55.087  7.960 0.4000000060
27650  -20.207  -54.043  9.334 0.4000000060
28419  -12.458  -53.765  8.067 0.4000000060
29300  -20.898  -51.896  8.451 0.4000000060
114624  -16.358  -73.712  -7.235 0.5000000000
115881  -15.814  -71.694  -8.204 0.5000000000
116525  -15.135  -73.575  -6.487 0.5000000000
117299  -19.943  -79.929  -1.662 0.6999999881
117995  -21.969  -77.313  -10.297 0.5000000000
118449  -19.759  -78.376  -5.912 0.6999999881
118646  -23.159  -81.269  -9.286 0.5000000000
118820  -12.937  -61.220  5.518 0.6000000238
120569  -24.152  -81.109  -10.472 0.6000000238
120806  -23.305  -68.558  0.478 0.6000000238
120881  -22.156  -79.118  -13.499 0.5000000000
122984  -18.876  -72.463  -1.716 0.6000000238
123604  -31.131  -84.787  -2.145 0.3000000119
123679  -16.889  -78.818  0.004 0.6999999881
124546  -18.686  -74.094  0.839 0.6000000238
124603  -16.869  -61.953  9.373 0.6000000238
125011  -19.631  -71.446  0.784 0.5000000000
125071  -16.680  -79.556  -1.810 0.4000000060
125133  -21.072  -77.140  2.274 0.5000000000
126195  -15.701  -49.023  11.322 0.3000000119
126320  -12.338  -62.158  4.591 0.6000000238
127554  -22.720  -68.525  3.779 0.4000000060
128143  -11.125  -53.865  8.504 0.5000000000
128411  -12.600  -58.880  3.887 0.6999999881
128490  -23.836  -69.784  1.076 0.6000000238
128568  -33.108  -81.641  0.005 0.3000000119
129748  -26.812  -80.533  0.114 0.3000000119
129947  -25.369  -80.292  -10.044 0.6000000238
132857  -14.989  -63.516  10.697 0.6999999881
132989  -20.090  -79.390  -3.491 0.6999999881
133069  -20.989  -72.531  3.285 0.6000000238
133507  -23.645  -80.543  -4.552 0.4000000060
133817  -13.804  -50.663  10.316 0.4000000060
133854  -16.088  -66.094  -0.869 0.6000000238
133917  -18.904  -67.950  0.486 0.5000000000
134102  -12.893  -58.028  3.299 0.8000000119
134217  -21.530  -77.057  2.031 0.6000000238
134274  -16.180  -74.561  -5.656 0.5000000000
134328  -13.221  -62.593  1.587 0.6000000238
135338  -30.201  -78.964  -6.219 0.5000000000
135650  -24.283  -77.469  -13.235 0.5000000000
135699  -20.002  -71.935  2.361 0.6000000238
136438  -31.623  -84.210  -1.196 0.3000000119
136637  -29.575  -78.641  -7.284 0.5000000000
137328  -12.850  -63.004  1.608 0.6999999881
137919  -32.907  -78.929  -2.771 0.3000000119
138664  -12.338  -61.737  3.709 0.6000000238
138681  -13.964  -67.381  -2.339 0.6999999881
138701  -20.240  -68.169  1.350 0.5000000000
138843  -13.519  -64.567  0.734 0.5000000000
138942  -16.932  -69.159  -4.870 0.5000000000
139134  -19.041  -71.811  0.458 0.5000000000
139656  -37.232  -79.415  -2.566 0.3000000119
139684  -30.978  -84.049  -0.918 0.3000000119
140016  -15.504  -63.720  4.399 0.6000000238
140326  -20.871  -66.643  -2.501 0.6000000238
140898  -17.968  -63.808  2.360 0.5000000000
141033  -37.018  -79.291  -1.345 0.3000000119
141098  -25.978  -79.354  -4.837 0.3000000119
141538  -21.619  -77.454  1.536 0.6000000238
141576  -22.786  -80.488  -5.349 0.4000000060
141647  -20.390  -70.433  -2.212 0.5000000000
