#!ascii label  , from subject sub-v1s15x0050194_ses-1 vox2ras=TkReg
662
57011  21.695  -5.523  6.442 0.0000000000
117071  32.173  1.608  4.170 0.0000000000
73138  26.783  10.271  -1.804 0.0000000000
69219  26.511  7.636  5.809 0.0000000000
126962  22.846  -10.200  8.618 0.0000000000
55959  26.629  -6.031  8.322 0.0000000000
61102  25.092  -1.544  6.913 0.0000000000
123069  25.335  2.852  4.748 0.0000000000
68333  31.456  6.616  1.803 0.0000000000
74013  28.820  12.269  -1.300 0.0000000000
78341  23.086  16.982  -3.189 0.0000000000
55000  22.109  -7.883  7.170 0.0000000000
54002  24.781  -8.833  8.243 0.0000000000
55965  23.743  -6.316  7.202 0.0000000000
63001  21.770  0.846  3.052 0.0000000000
65764  21.532  3.444  2.193 0.0000000000
127892  28.278  9.670  3.639 0.0000000000
111135  29.754  7.691  4.289 0.0000000000
71274  28.670  8.459  -0.727 0.0000000000
71280  30.852  8.625  -2.698 0.0000000000
73143  27.181  10.502  -4.030 0.0000000000
79973  20.621  18.998  0.267 0.0000000000
113352  23.772  17.834  0.786 0.0000000000
80015  20.726  19.646  -2.908 0.0000000000
62966  29.856  0.354  7.020 0.0000000000
60148  29.602  -2.758  7.054 0.0000000000
61110  33.062  -2.325  4.800 0.0000000000
73995  26.953  12.308  1.540 0.0000000000
64871  34.489  3.326  0.582 0.0000000000
59172  20.494  -3.177  5.803 0.0000000000
58092  23.080  -3.680  6.043 0.0000000000
61113  22.903  -1.556  4.044 0.0000000000
124693  25.272  0.662  5.662 0.0000000000
65713  28.781  2.495  7.033 0.0000000000
128530  25.229  5.078  4.226 0.0000000000
67454  30.280  5.596  5.757 0.0000000000
67479  32.433  4.702  2.977 0.0000000000
67506  33.753  5.704  -1.402 0.0000000000
75713  25.650  14.835  1.082 0.0000000000
117206  24.690  13.719  -2.221 0.0000000000
128595  20.037  17.297  -6.426 0.0000000000
76654  22.873  14.434  -5.544 0.0000000000
75758  24.962  12.764  -4.827 0.0000000000
76629  26.408  14.947  -2.383 0.0000000000
59158  25.830  -3.476  7.562 0.0000000000
57013  19.815  -5.138  7.077 0.0000000000
55967  20.154  -6.110  7.273 0.0000000000
55005  21.650  -7.120  6.971 0.0000000000
55004  22.513  -7.086  6.862 0.0000000000
57010  22.530  -5.392  6.441 0.0000000000
113697  27.682  10.376  0.252 0.0000000000
71265  28.651  9.471  1.081 0.0000000000
72249  27.835  9.474  -0.723 0.0000000000
71283  27.637  9.454  -2.916 0.0000000000
72254  26.772  10.030  -3.822 0.0000000000
79999  19.304  19.555  -1.446 0.0000000000
79998  20.456  19.664  -1.254 0.0000000000
124856  19.174  20.011  -3.802 0.0000000000
63930  31.025  0.837  5.013 0.0000000000
62976  31.294  -0.481  4.830 0.0000000000
62990  32.580  0.490  4.219 0.0000000000
73102  27.321  11.826  3.462 0.0000000000
73985  26.943  12.912  2.980 0.0000000000
52967  21.270  -10.090  8.508 0.0000000000
51939  21.080  -10.712  9.206 0.0000000000
51918  23.029  -10.576  10.476 0.0000000000
52960  23.787  -10.149  10.115 0.0000000000
54993  25.879  -7.676  8.487 0.0000000000
54977  25.804  -7.778  10.245 0.0000000000
60170  21.424  -2.102  4.791 0.0000000000
62046  21.327  -0.985  4.084 0.0000000000
131847  23.600  1.744  2.909 0.0000000000
62998  23.939  0.423  3.441 0.0000000000
64843  25.221  2.021  4.913 0.0000000000
64816  26.895  1.963  6.335 0.0000000000
65715  27.025  2.592  6.227 0.0000000000
67482  23.677  5.338  2.685 0.0000000000
68294  26.014  6.279  5.391 0.0000000000
120205  30.557  7.362  3.087 0.0000000000
68292  29.281  6.710  6.046 0.0000000000
68303  31.123  6.141  4.358 0.0000000000
67464  31.433  4.934  4.587 0.0000000000
68332  32.119  5.950  1.493 0.0000000000
113925  32.717  5.189  0.980 0.0000000000
68352  32.036  6.510  -1.218 0.0000000000
72248  29.781  10.599  -1.262 0.0000000000
71276  31.490  8.684  -2.503 0.0000000000
78315  23.799  17.702  -0.984 0.0000000000
77458  24.609  16.815  0.970 0.0000000000
76625  24.468  16.086  -1.253 0.0000000000
76624  25.231  14.736  -0.716 0.0000000000
76630  24.210  14.943  -2.693 0.0000000000
76647  23.618  13.574  -5.109 0.0000000000
77492  25.050  15.565  -3.663 0.0000000000
75754  25.924  13.842  -3.659 0.0000000000
60157  24.313  -2.149  6.510 0.0000000000
59163  24.100  -3.221  6.926 0.0000000000
127489  25.093  -2.438  7.267 0.0000000000
59161  31.567  -4.070  5.966 0.0000000000
109837  28.851  -3.375  7.538 0.0000000000
54003  20.903  -8.684  7.779 0.0000000000
52976  22.400  -9.338  7.724 0.0000000000
52965  24.264  -9.575  8.774 0.0000000000
117676  23.288  -8.443  7.458 0.0000000000
54007  24.802  -7.798  7.733 0.0000000000
55963  25.662  -6.377  7.834 0.0000000000
63954  19.889  1.328  3.351 0.0000000000
64866  21.772  2.306  2.537 0.0000000000
114169  23.052  3.075  2.512 0.0000000000
71216  27.966  9.107  5.168 0.0000000000
69217  28.011  7.869  5.978 0.0000000000
70188  28.578  8.715  4.572 0.0000000000
125685  29.650  8.313  2.881 0.0000000000
70235  29.828  7.646  -0.125 0.0000000000
69280  30.429  7.153  -1.059 0.0000000000
70241  29.216  8.131  -1.594 0.0000000000
72251  29.288  10.076  -2.398 0.0000000000
114534  28.452  11.825  -2.593 0.0000000000
78272  21.868  17.282  2.042 0.0000000000
79133  22.165  18.644  0.723 0.0000000000
115088  22.588  18.844  -1.770 0.0000000000
80013  21.836  18.776  -3.151 0.0000000000
62956  27.229  0.319  7.283 0.0000000000
129005  27.241  -1.164  7.446 0.0000000000
61996  29.307  -0.524  7.243 0.0000000000
61100  31.079  -2.329  5.280 0.0000000000
70176  26.934  8.956  5.852 0.0000000000
71231  27.660  9.869  4.916 0.0000000000
116333  27.697  10.990  2.998 0.0000000000
74003  26.853  11.922  0.659 0.0000000000
53994  24.868  -8.999  10.197 0.0000000000
63961  33.644  1.874  2.349 0.0000000000
63949  33.596  1.002  2.806 0.0000000000
58095  20.731  -3.922  6.097 0.0000000000
58088  22.183  -4.716  6.170 0.0000000000
59170  22.416  -3.435  5.404 0.0000000000
60163  23.438  -2.675  4.953 0.0000000000
61106  24.147  -1.556  5.524 0.0000000000
62056  23.002  -0.095  3.429 0.0000000000
62044  24.157  -0.327  4.299 0.0000000000
62032  25.077  -0.002  6.042 0.0000000000
62967  27.382  1.086  7.119 0.0000000000
121857  29.571  1.378  7.084 0.0000000000
64827  31.252  2.812  4.968 0.0000000000
66643  23.817  4.440  2.804 0.0000000000
66628  24.898  3.931  3.928 0.0000000000
68293  27.157  6.084  6.222 0.0000000000
67445  27.585  5.281  6.351 0.0000000000
115351  26.431  3.849  5.525 0.0000000000
66600  29.864  4.155  6.253 0.0000000000
65725  31.377  3.640  4.837 0.0000000000
118202  32.704  3.170  3.030 0.0000000000
65760  33.609  3.053  1.226 0.0000000000
114637  34.477  4.434  -0.529 0.0000000000
69284  31.972  7.343  -2.941 0.0000000000
114426  26.267  13.478  1.014 0.0000000000
74865  26.196  13.068  0.087 0.0000000000
74018  25.275  12.086  -2.874 0.0000000000
79188  20.446  18.246  -5.174 0.0000000000
79187  20.839  15.959  -5.609 0.0000000000
78364  21.053  15.488  -6.283 0.0000000000
77503  21.975  14.772  -5.357 0.0000000000
76639  23.681  13.512  -4.531 0.0000000000
74888  24.010  12.794  -5.193 0.0000000000
74021  25.100  11.744  -4.261 0.0000000000
74884  26.284  12.035  -4.345 0.0000000000
74882  26.869  13.221  -3.094 0.0000000000
74877  27.777  13.744  -0.962 0.0000000000
58086  23.457  -4.218  6.553 0.0000000000
57004  24.883  -4.736  7.467 0.0000000000
115440  26.437  -4.799  7.814 0.0000000000
115274  27.834  -2.866  7.551 0.0000000000
58080  27.337  -4.463  7.868 0.0000000000
57012  20.758  -5.437  6.689 0.0000000000
55971  21.194  -6.299  6.819 0.0000000000
55970  22.104  -6.301  6.614 0.0000000000
128427  27.237  10.717  -0.448 0.0000000000
72243  27.378  10.084  -0.925 0.0000000000
71279  27.401  9.573  -2.040 0.0000000000
73141  26.445  10.476  -3.193 0.0000000000
126130  19.165  20.023  -2.620 0.0000000000
63940  31.797  1.068  4.546 0.0000000000
51938  22.097  -10.398  9.151 0.0000000000
51929  22.423  -10.675  9.958 0.0000000000
51928  23.142  -10.399  9.432 0.0000000000
54996  26.230  -6.924  8.332 0.0000000000
54992  26.321  -7.232  8.825 0.0000000000
123324  26.552  -6.587  8.627 0.0000000000
55955  26.938  -6.048  8.806 0.0000000000
61115  20.821  -1.424  4.535 0.0000000000
62047  20.370  -0.742  4.289 0.0000000000
64852  24.441  2.578  3.542 0.0000000000
123139  24.428  1.867  3.661 0.0000000000
64844  24.806  2.322  4.238 0.0000000000
64830  25.830  2.556  5.379 0.0000000000
65728  26.473  3.003  5.695 0.0000000000
68307  24.852  6.465  4.222 0.0000000000
68306  25.463  6.701  4.972 0.0000000000
69259  30.825  7.240  2.101 0.0000000000
68319  30.807  6.821  3.867 0.0000000000
68334  31.198  6.801  2.857 0.0000000000
67494  31.836  6.152  2.592 0.0000000000
68346  31.773  6.308  0.374 0.0000000000
74012  29.368  11.439  -1.093 0.0000000000
78328  23.580  17.168  -2.157 0.0000000000
78327  24.103  16.924  -1.422 0.0000000000
77484  23.955  15.991  -2.373 0.0000000000
122401  24.515  16.063  -4.355 0.0000000000
128029  24.629  15.854  -3.921 0.0000000000
130420  24.490  -1.557  6.326 0.0000000000
60146  31.820  -3.773  6.251 0.0000000000
59153  30.991  -3.947  6.598 0.0000000000
54011  21.247  -7.901  7.395 0.0000000000
55001  20.356  -7.885  7.746 0.0000000000
54010  21.776  -8.663  7.519 0.0000000000
52975  23.230  -9.128  7.705 0.0000000000
54009  22.616  -8.582  7.419 0.0000000000
55003  23.294  -7.084  7.059 0.0000000000
123482  24.025  -7.132  7.408 0.0000000000
55964  24.686  -6.593  7.544 0.0000000000
114224  25.052  -5.694  7.580 0.0000000000
65765  20.545  3.380  2.336 0.0000000000
64867  20.121  2.614  2.660 0.0000000000
129650  20.950  2.722  2.475 0.0000000000
112982  22.344  2.995  2.394 0.0000000000
123398  28.181  9.430  4.382 0.0000000000
70203  28.669  9.089  3.708 0.0000000000
71264  28.981  8.763  0.333 0.0000000000
71258  29.175  8.919  1.252 0.0000000000
70226  29.497  8.333  0.703 0.0000000000
70225  29.975  7.851  1.112 0.0000000000
70236  29.234  8.041  -0.487 0.0000000000
72255  27.942  9.750  -3.386 0.0000000000
72252  28.555  9.606  -2.870 0.0000000000
73140  28.624  10.431  -2.952 0.0000000000
73137  28.918  11.367  -2.284 0.0000000000
119344  28.249  11.024  -3.403 0.0000000000
111311  19.797  18.546  0.118 0.0000000000
79135  20.170  18.053  0.640 0.0000000000
79134  21.203  18.574  0.771 0.0000000000
79119  21.768  18.204  1.210 0.0000000000
79972  21.623  19.150  0.275 0.0000000000
79997  21.121  19.650  -2.071 0.0000000000
79996  21.765  19.495  -1.228 0.0000000000
80014  21.391  19.372  -2.715 0.0000000000
128446  22.387  18.550  -2.606 0.0000000000
80026  21.082  19.101  -3.616 0.0000000000
62955  28.244  0.604  7.429 0.0000000000
61997  28.519  -0.348  7.412 0.0000000000
62954  29.232  0.218  7.328 0.0000000000
62043  32.394  -1.119  4.574 0.0000000000
62031  30.698  -0.992  5.256 0.0000000000
128699  31.965  -2.075  4.785 0.0000000000
61105  32.081  -3.319  5.208 0.0000000000
70177  26.198  9.104  5.674 0.0000000000
116514  26.758  9.516  5.680 0.0000000000
71217  27.307  9.505  5.521 0.0000000000
72193  27.145  10.283  5.318 0.0000000000
73984  27.192  12.245  2.453 0.0000000000
73113  27.527  11.398  2.348 0.0000000000
73121  27.260  11.696  1.491 0.0000000000
53999  24.946  -9.070  9.171 0.0000000000
54953  25.789  -7.724  11.271 0.0000000000
64862  34.142  2.438  1.500 0.0000000000
59165  19.778  -3.330  6.258 0.0000000000
58094  21.833  -4.044  5.892 0.0000000000
59171  21.425  -3.378  5.567 0.0000000000
60169  22.492  -2.238  4.511 0.0000000000
60168  23.242  -2.183  4.493 0.0000000000
61107  23.722  -1.943  4.793 0.0000000000
61112  23.494  -1.361  4.239 0.0000000000
115358  21.019  0.369  3.509 0.0000000000
62057  22.021  0.080  3.371 0.0000000000
62992  24.369  0.487  4.058 0.0000000000
62054  23.910  -0.064  3.735 0.0000000000
62978  24.733  0.173  4.967 0.0000000000
62968  26.540  0.637  6.866 0.0000000000
63922  26.608  1.333  6.492 0.0000000000
64801  28.896  1.701  7.270 0.0000000000
64814  29.437  2.083  6.971 0.0000000000
64828  30.612  1.894  5.495 0.0000000000
64813  29.990  2.437  6.279 0.0000000000
67481  24.290  5.012  3.238 0.0000000000
66653  23.118  4.689  2.291 0.0000000000
66642  24.388  4.192  3.345 0.0000000000
116937  24.843  4.714  3.789 0.0000000000
69216  28.777  7.555  5.665 0.0000000000
130143  27.890  7.429  6.202 0.0000000000
69201  28.366  7.064  6.228 0.0000000000
67455  29.767  6.009  6.128 0.0000000000
68281  28.713  6.351  6.408 0.0000000000
67444  28.477  5.648  6.534 0.0000000000
66614  26.966  4.466  5.933 0.0000000000
111632  28.948  5.047  6.642 0.0000000000
66602  28.471  4.260  6.618 0.0000000000
112400  30.280  4.840  5.927 0.0000000000
66641  31.971  4.850  3.890 0.0000000000
66612  31.156  4.272  5.031 0.0000000000
110011  31.709  4.193  4.422 0.0000000000
65741  31.842  3.379  4.353 0.0000000000
113467  32.742  3.925  2.751 0.0000000000
65761  33.081  3.326  2.141 0.0000000000
66652  33.026  4.294  1.641 0.0000000000
67501  33.281  5.284  -0.437 0.0000000000
66660  33.558  4.607  0.115 0.0000000000
67505  34.311  4.931  -1.089 0.0000000000
67508  34.754  5.306  -1.250 0.0000000000
68353  33.610  6.352  -1.572 0.0000000000
69283  30.851  7.506  -2.440 0.0000000000
69282  31.363  6.904  -1.917 0.0000000000
70244  31.516  8.042  -3.017 0.0000000000
78287  23.259  17.814  1.430 0.0000000000
78286  24.100  17.432  1.340 0.0000000000
120796  25.335  15.686  1.088 0.0000000000
76606  25.321  15.663  1.947 0.0000000000
75700  25.749  14.851  2.172 0.0000000000
75699  26.187  14.187  2.465 0.0000000000
74858  26.486  13.543  1.833 0.0000000000
75712  26.123  14.179  1.543 0.0000000000
130421  24.972  14.282  -1.369 0.0000000000
74866  25.729  13.428  -0.572 0.0000000000
74878  25.315  12.882  -1.642 0.0000000000
74014  25.867  12.432  -1.298 0.0000000000
74883  24.854  12.832  -2.598 0.0000000000
80041  19.086  18.080  -6.121 0.0000000000
128613  20.346  16.438  -5.988 0.0000000000
78363  23.378  15.829  -5.909 0.0000000000
114683  22.614  16.381  -6.202 0.0000000000
77513  22.129  14.711  -6.084 0.0000000000
78360  21.302  14.962  -5.954 0.0000000000
77511  22.386  14.353  -5.489 0.0000000000
77502  22.464  14.475  -5.032 0.0000000000
76648  22.865  14.027  -5.335 0.0000000000
76646  24.343  13.811  -5.071 0.0000000000
75759  23.886  12.909  -5.185 0.0000000000
128579  24.232  12.710  -5.128 0.0000000000
74885  24.650  12.403  -4.684 0.0000000000
74022  25.164  12.144  -4.644 0.0000000000
74020  25.818  11.388  -4.422 0.0000000000
119744  25.914  12.792  -4.273 0.0000000000
131016  26.441  13.584  -3.345 0.0000000000
75746  26.736  14.182  -2.481 0.0000000000
74881  27.698  13.255  -2.065 0.0000000000
75745  27.335  14.030  -1.650 0.0000000000
58093  22.582  -3.903  5.909 0.0000000000
58087  22.857  -4.496  6.251 0.0000000000
59159  24.826  -3.346  7.376 0.0000000000
58085  24.218  -3.889  7.133 0.0000000000
58083  25.321  -3.915  7.536 0.0000000000
121469  25.759  -4.488  7.695 0.0000000000
58082  26.207  -4.068  7.686 0.0000000000
61088  28.224  -1.208  7.426 0.0000000000
61089  27.567  -1.746  7.475 0.0000000000
120158  28.454  -2.172  7.389 0.0000000000
59146  28.925  -4.098  7.874 0.0000000000
59155  28.154  -3.677  7.774 0.0000000000
58079  27.992  -4.243  8.048 0.0000000000
55966  20.743  -7.080  7.305 0.0000000000
55969  22.990  -6.133  6.753 0.0000000000
72226  28.438  9.935  2.128 0.0000000000
71247  28.596  9.511  2.917 0.0000000000
72242  28.130  9.719  0.401 0.0000000000
71275  28.384  9.087  -0.093 0.0000000000
118925  28.237  8.858  -0.993 0.0000000000
70242  28.656  8.652  -1.647 0.0000000000
71278  28.074  9.181  -1.820 0.0000000000
72256  27.183  9.694  -3.716 0.0000000000
79986  19.568  19.284  -0.559 0.0000000000
129414  19.560  19.322  -0.899 0.0000000000
79984  21.085  19.514  -0.355 0.0000000000
122311  20.243  19.821  -2.286 0.0000000000
124336  19.951  19.850  -3.291 0.0000000000
63919  30.052  0.743  6.531 0.0000000000
62965  30.109  -0.163  6.128 0.0000000000
62977  30.534  0.186  5.552 0.0000000000
62991  31.937  0.150  4.586 0.0000000000
121737  32.710  -0.493  4.392 0.0000000000
130162  27.137  12.440  3.168 0.0000000000
52974  19.794  -9.231  8.665 0.0000000000
52969  19.464  -9.650  9.243 0.0000000000
52968  20.313  -10.098  8.911 0.0000000000
51940  20.391  -10.675  9.499 0.0000000000
108919  22.918  -10.747  11.431 0.0000000000
52949  23.713  -10.138  11.195 0.0000000000
54001  25.416  -8.073  8.198 0.0000000000
53998  25.480  -8.408  8.734 0.0000000000
54988  25.949  -7.881  9.218 0.0000000000
60165  20.883  -2.671  5.343 0.0000000000
61114  21.923  -1.510  4.283 0.0000000000
63963  22.352  1.449  2.799 0.0000000000
63000  22.736  0.684  3.155 0.0000000000
63952  23.840  1.100  3.134 0.0000000000
63951  24.212  1.137  3.458 0.0000000000
63941  25.040  1.127  5.086 0.0000000000
63931  25.791  1.252  5.898 0.0000000000
117337  25.768  1.824  5.569 0.0000000000
65714  27.862  2.753  6.537 0.0000000000
128511  24.169  5.779  3.104 0.0000000000
67466  25.426  5.756  4.646 0.0000000000
68305  29.568  7.278  5.167 0.0000000000
126439  30.230  7.069  4.560 0.0000000000
68304  30.601  6.505  4.645 0.0000000000
67465  30.696  5.899  5.024 0.0000000000
67453  30.813  5.043  5.247 0.0000000000
130526  31.153  5.537  4.681 0.0000000000
67480  32.016  5.528  3.282 0.0000000000
67493  32.380  5.363  2.251 0.0000000000
68345  32.445  5.677  0.341 0.0000000000
68351  32.738  5.882  -0.940 0.0000000000
72250  29.985  9.677  -2.097 0.0000000000
71277  30.714  9.244  -2.140 0.0000000000
72247  30.453  10.062  -1.105 0.0000000000
78303  23.839  17.888  -0.008 0.0000000000
78302  24.278  17.379  0.455 0.0000000000
78314  24.286  17.187  -0.531 0.0000000000
77473  24.654  16.578  -0.026 0.0000000000
76616  25.366  15.262  0.260 0.0000000000
77472  24.991  15.643  -0.452 0.0000000000
75747  24.702  14.799  -1.610 0.0000000000
77510  23.971  15.152  -5.609 0.0000000000
76652  23.550  14.242  -5.496 0.0000000000
77501  24.196  15.220  -5.354 0.0000000000
75755  24.737  13.468  -4.748 0.0000000000
76638  25.206  14.695  -3.902 0.0000000000
77491  25.911  15.672  -2.598 0.0000000000
59169  23.354  -3.036  5.641 0.0000000000
59164  23.588  -3.434  6.431 0.0000000000
59168  23.832  -2.816  6.371 0.0000000000
60150  24.464  -2.805  7.108 0.0000000000
117366  25.906  -2.894  7.475 0.0000000000
59162  30.970  -3.889  6.479 0.0000000000
59154  29.952  -3.760  7.375 0.0000000000
54004  20.086  -8.604  8.221 0.0000000000
52973  20.613  -9.372  8.276 0.0000000000
52972  21.502  -9.408  7.916 0.0000000000
110676  22.196  -9.935  8.242 0.0000000000
52966  23.535  -9.983  8.627 0.0000000000
52971  23.058  -9.795  8.058 0.0000000000
52970  23.886  -9.468  8.056 0.0000000000
54008  23.984  -8.661  7.741 0.0000000000
54999  22.911  -7.838  7.162 0.0000000000
54998  23.702  -7.844  7.440 0.0000000000
54997  25.739  -7.308  8.047 0.0000000000
55962  26.214  -6.531  8.142 0.0000000000
63953  20.846  1.112  3.234 0.0000000000
63964  20.709  1.928  2.829 0.0000000000
128365  21.512  1.523  2.839 0.0000000000
64865  22.886  2.172  2.668 0.0000000000
64864  23.598  2.444  2.748 0.0000000000
64853  24.067  2.827  2.925 0.0000000000
110093  27.086  8.284  6.009 0.0000000000
125714  27.554  8.125  5.969 0.0000000000
70174  28.339  8.328  5.394 0.0000000000
70173  29.055  8.002  4.845 0.0000000000
71246  29.142  8.864  2.898 0.0000000000
70202  29.280  8.378  3.810 0.0000000000
69246  29.967  7.859  3.390 0.0000000000
69260  30.114  7.790  2.286 0.0000000000
112492  30.447  7.464  1.390 0.0000000000
69274  31.006  7.014  1.008 0.0000000000
69279  31.069  6.784  -0.361 0.0000000000
70240  29.820  7.614  -1.471 0.0000000000
70245  30.201  8.164  -2.473 0.0000000000
70247  28.583  9.188  -2.253 0.0000000000
70246  29.334  8.636  -2.211 0.0000000000
71281  30.100  8.919  -2.431 0.0000000000
73136  29.324  10.813  -2.080 0.0000000000
79132  23.097  18.312  0.577 0.0000000000
79983  21.943  19.341  -0.318 0.0000000000
79157  22.635  18.958  -0.813 0.0000000000
79145  23.247  18.388  -0.415 0.0000000000
79156  23.225  18.238  -1.417 0.0000000000
79170  22.949  17.952  -2.435 0.0000000000
78342  22.289  17.433  -3.817 0.0000000000
62016  26.346  -0.143  7.129 0.0000000000
62000  26.073  -1.077  7.254 0.0000000000
61999  27.007  -0.607  7.374 0.0000000000
116380  27.710  -0.801  7.448 0.0000000000
61086  29.669  -1.410  6.755 0.0000000000
62015  29.811  -0.359  6.849 0.0000000000
62014  30.140  -1.272  5.920 0.0000000000
61101  30.519  -2.760  6.055 0.0000000000
127523  31.274  -3.093  5.454 0.0000000000
69236  25.585  7.590  5.338 0.0000000000
72216  27.601  10.896  3.834 0.0000000000
71230  27.871  10.120  4.096 0.0000000000
72215  28.066  10.244  3.106 0.0000000000
72233  27.647  10.949  1.376 0.0000000000
110750  27.300  11.222  0.498 0.0000000000
73130  26.814  11.315  -0.493 0.0000000000
114844  23.857  -10.024  9.303 0.0000000000
52959  24.350  -9.587  9.706 0.0000000000
53993  25.425  -8.456  9.685 0.0000000000
112166  33.111  1.707  2.771 0.0000000000
63950  32.807  1.171  3.441 0.0000000000
115020  20.322  -4.615  6.565 0.0000000000
58089  21.278  -4.744  6.276 0.0000000000
120410  23.001  -3.366  5.345 0.0000000000
60164  22.025  -2.856  5.010 0.0000000000
112329  22.966  -2.959  4.825 0.0000000000
130246  23.223  -3.049  5.092 0.0000000000
60162  23.740  -2.382  5.552 0.0000000000
62018  24.705  -0.956  6.194 0.0000000000
117569  21.201  -0.378  3.783 0.0000000000
61118  22.288  -0.772  3.768 0.0000000000
62055  23.677  -0.101  3.596 0.0000000000
61117  23.319  -0.779  3.765 0.0000000000
61111  23.937  -1.086  4.605 0.0000000000
62033  24.474  -0.657  5.181 0.0000000000
62017  25.476  -0.568  6.788 0.0000000000
112117  25.830  0.174  6.678 0.0000000000
63905  29.208  0.966  7.327 0.0000000000
63921  27.435  1.690  6.761 0.0000000000
63906  28.205  1.402  7.294 0.0000000000
124358  30.421  1.033  5.810 0.0000000000
63929  31.453  1.828  4.755 0.0000000000
115833  20.914  4.104  1.936 0.0000000000
65763  22.467  3.930  2.119 0.0000000000
65762  23.343  3.808  2.515 0.0000000000
65755  23.993  3.621  2.870 0.0000000000
65742  25.374  3.654  4.534 0.0000000000
112366  26.712  6.817  5.964 0.0000000000
67457  26.075  5.455  5.326 0.0000000000
68282  27.985  6.248  6.458 0.0000000000
66626  25.674  4.913  4.815 0.0000000000
66615  26.262  4.674  5.400 0.0000000000
66616  25.796  4.147  4.978 0.0000000000
65729  25.844  3.359  5.192 0.0000000000
65727  27.180  3.484  6.116 0.0000000000
120471  28.661  3.389  6.773 0.0000000000
65712  29.422  3.128  6.700 0.0000000000
66613  30.529  4.195  5.619 0.0000000000
65711  30.186  3.367  5.958 0.0000000000
64842  31.969  2.508  4.278 0.0000000000
64841  32.568  2.200  3.332 0.0000000000
64863  33.251  2.459  2.267 0.0000000000
66659  33.974  3.872  0.368 0.0000000000
65770  34.838  4.105  -0.278 0.0000000000
70239  32.282  8.232  -2.825 0.0000000000
69281  33.234  6.950  -2.333 0.0000000000
77440  24.419  16.810  1.777 0.0000000000
73996  26.838  12.910  2.099 0.0000000000
75722  25.947  13.889  0.519 0.0000000000
74004  26.549  12.746  1.017 0.0000000000
73131  26.435  12.185  -0.268 0.0000000000
73139  26.237  11.378  -1.833 0.0000000000
123186  19.248  19.699  -4.593 0.0000000000
80027  20.229  19.419  -4.088 0.0000000000
79177  21.290  17.897  -4.500 0.0000000000
78361  20.500  16.259  -6.159 0.0000000000
129941  20.643  15.672  -6.106 0.0000000000
78351  21.735  15.711  -5.114 0.0000000000
78350  22.575  15.904  -4.296 0.0000000000
120869  23.327  15.666  -3.636 0.0000000000
77493  23.727  14.844  -3.614 0.0000000000
75748  24.324  13.900  -3.249 0.0000000000
75756  23.736  12.945  -4.770 0.0000000000
74886  24.346  12.854  -3.855 0.0000000000
123206  24.728  12.227  -3.763 0.0000000000
74017  25.770  11.218  -3.585 0.0000000000
73144  26.381  10.731  -4.060 0.0000000000
74019  26.713  11.306  -4.155 0.0000000000
74016  27.307  12.320  -3.449 0.0000000000
74880  28.150  12.495  -2.354 0.0000000000
74876  28.258  13.140  -1.042 0.0000000000
75736  26.990  14.987  -1.177 0.0000000000
75735  27.590  14.463  -0.492 0.0000000000
74002  28.687  12.935  0.102 0.0000000000
121239  23.209  -5.100  6.620 0.0000000000
57009  23.559  -5.561  6.997 0.0000000000
57008  23.876  -4.801  7.043 0.0000000000
57005  24.257  -5.583  7.316 0.0000000000
57003  25.741  -5.261  7.771 0.0000000000
122214  26.387  -5.703  8.027 0.0000000000
60156  25.938  -2.078  7.362 0.0000000000
60149  26.806  -2.636  7.492 0.0000000000
59157  26.475  -3.352  7.539 0.0000000000
59156  27.222  -3.709  7.610 0.0000000000
119361  26.556  -3.788  7.600 0.0000000000
58081  26.843  -4.334  7.683 0.0000000000
57002  26.996  -5.132  7.967 0.0000000000
57000  27.238  -5.463  8.426 0.0000000000
62997  33.374  0.142  3.551 0.0000000000
62989  33.361  -0.670  4.214 0.0000000000
55956  26.656  -6.629  9.281 0.0000000000
58077  27.660  -4.826  8.243 0.0000000000
59152  31.704  -4.077  5.893 0.0000000000
60155  31.449  -3.884  5.834 0.0000000000
61087  28.960  -1.307  7.289 0.0000000000
61090  26.758  -1.560  7.429 0.0000000000
61998  27.751  -0.101  7.432 0.0000000000
62045  23.717  -0.594  3.972 0.0000000000
62969  25.818  0.726  6.318 0.0000000000
62999  23.570  0.524  3.301 0.0000000000
63918  29.995  1.548  6.451 0.0000000000
63920  28.068  2.017  6.952 0.0000000000
63942  24.660  1.465  4.235 0.0000000000
63962  23.261  1.272  3.015 0.0000000000
64815  27.452  2.169  6.522 0.0000000000
64829  26.414  2.261  5.874 0.0000000000
65726  30.848  3.521  5.340 0.0000000000
65740  32.298  3.066  3.765 0.0000000000
65743  24.879  3.136  4.098 0.0000000000
65754  24.444  3.391  3.446 0.0000000000
66601  29.233  4.198  6.648 0.0000000000
66603  27.725  4.334  6.372 0.0000000000
66625  32.333  3.953  3.675 0.0000000000
66627  25.324  4.411  4.352 0.0000000000
67442  29.692  5.137  6.352 0.0000000000
67443  29.215  5.865  6.451 0.0000000000
67456  26.743  5.298  5.846 0.0000000000
67507  35.152  4.934  -1.218 0.0000000000
68291  30.107  6.480  5.389 0.0000000000
68295  26.054  7.022  5.516 0.0000000000
68318  31.485  6.217  3.561 0.0000000000
68355  32.325  6.862  -2.483 0.0000000000
68356  33.153  6.856  -2.338 0.0000000000
69218  27.346  7.615  6.158 0.0000000000
69234  30.298  7.400  3.864 0.0000000000
69235  26.273  8.355  5.705 0.0000000000
69275  30.409  7.296  0.368 0.0000000000
70175  27.606  8.620  5.716 0.0000000000
70213  29.536  8.497  1.907 0.0000000000
70243  32.348  7.610  -3.022 0.0000000000
71259  28.991  9.265  2.054 0.0000000000
71282  29.302  9.323  -2.419 0.0000000000
72232  28.131  10.229  1.270 0.0000000000
72253  26.925  9.650  -3.197 0.0000000000
73142  27.811  10.218  -3.665 0.0000000000
73974  26.906  12.606  3.670 0.0000000000
74015  27.729  11.563  -3.555 0.0000000000
74887  24.475  12.549  -5.001 0.0000000000
75723  25.581  14.332  -0.096 0.0000000000
75737  25.218  13.759  -1.256 0.0000000000
76637  25.744  14.628  -3.409 0.0000000000
76640  22.956  13.971  -4.799 0.0000000000
76653  22.968  14.119  -5.435 0.0000000000
76655  23.420  14.433  -5.534 0.0000000000
77439  24.940  16.260  1.452 0.0000000000
77457  25.052  16.103  0.564 0.0000000000
77500  24.257  14.601  -5.110 0.0000000000
77512  23.414  15.053  -5.679 0.0000000000
78289  21.359  17.523  1.524 0.0000000000
79120  20.812  17.857  1.122 0.0000000000
79146  22.496  18.890  0.069 0.0000000000
79985  19.883  19.064  -0.485 0.0000000000
112878  21.941  19.280  -2.234 0.0000000000
113607  23.641  3.140  2.670 0.0000000000
114486  27.986  3.627  6.499 0.0000000000
116081  27.937  10.637  2.217 0.0000000000
116405  31.592  5.574  4.111 0.0000000000
118416  24.741  16.252  2.082 0.0000000000
120833  24.749  5.605  3.766 0.0000000000
121012  24.063  1.908  3.036 0.0000000000
122200  28.249  4.929  6.538 0.0000000000
123963  27.580  6.915  6.308 0.0000000000
123964  26.536  5.964  5.755 0.0000000000
130210  25.291  -7.116  7.781 0.0000000000
130340  25.720  11.718  -2.453 0.0000000000
130556  30.548  2.804  5.574 0.0000000000
131058  25.222  -3.015  7.426 0.0000000000
131887  26.323  1.731  6.043 0.0000000000
