#!ascii label  , from subject sub-v1s15x0050210_ses-1 vox2ras=TkReg
1586
27612  -26.901  -44.952  17.402 0.5000000000
28358  -26.839  -44.286  17.919 0.4000000060
29183  -27.467  -43.844  17.763 0.6000000238
28365  -29.283  -44.392  17.287 0.6000000238
28364  -28.072  -44.440  17.369 0.5000000000
28372  -29.772  -44.829  16.511 0.6000000238
129598  -26.916  -43.603  17.990 0.6999999881
28357  -26.781  -43.762  18.547 0.6999999881
29184  -28.723  -43.809  17.734 0.6999999881
28373  -30.566  -44.373  16.510 0.5000000000
28366  -30.242  -44.200  17.197 0.6999999881
25123  -16.008  -47.248  20.280 0.5000000000
29170  -26.800  -43.074  18.317 0.6999999881
29171  -27.284  -43.163  18.088 0.6999999881
29998  -28.977  -42.565  18.563 0.6999999881
29174  -30.190  -43.226  18.166 0.6999999881
29173  -29.418  -43.233  18.238 0.6999999881
29194  -31.344  -43.420  16.387 0.6000000238
29994  -22.175  -42.337  18.357 0.6999999881
29995  -22.975  -41.767  18.649 0.6999999881
29982  -26.409  -42.411  18.642 0.6999999881
25124  -17.389  -47.932  20.418 0.6000000238
124235  -15.889  -48.879  20.304 0.4000000060
29996  -27.067  -42.498  18.242 0.6999999881
29186  -30.555  -43.517  17.596 0.6999999881
29193  -30.898  -43.843  16.891 0.6999999881
30014  -31.372  -42.350  17.406 0.6999999881
118248  -31.348  -43.681  15.634 0.6000000238
116529  -20.746  -41.392  17.399 0.6999999881
29993  -21.205  -42.228  17.599 0.6999999881
30865  -24.017  -41.557  18.895 0.6999999881
30878  -21.773  -41.292  17.601 0.6999999881
30896  -21.030  -40.461  17.160 0.6999999881
115178  -18.074  -47.061  20.431 0.6000000238
30880  -24.201  -40.755  17.964 0.6999999881
116365  -26.782  -41.772  18.339 0.6999999881
30866  -24.799  -41.300  18.456 0.6999999881
30879  -23.005  -40.850  18.064 0.6999999881
31699  -22.031  -40.130  17.207 0.6999999881
24298  -17.547  -48.889  20.545 0.5000000000
24297  -16.158  -48.323  20.363 0.5000000000
29997  -27.917  -42.580  18.387 0.6999999881
31700  -23.333  -40.023  17.304 0.6999999881
23450  -16.909  -49.409  20.625 0.4000000060
30013  -30.830  -42.727  18.009 0.6999999881
116604  -27.485  -41.909  18.476 0.6999999881
30881  -25.277  -40.848  17.776 0.6999999881
23434  -16.311  -50.497  21.014 0.4000000060
30884  -28.482  -41.896  18.803 0.6999999881
31702  -25.457  -40.463  17.719 0.6999999881
31701  -24.593  -40.172  17.513 0.6999999881
29999  -30.073  -42.535  18.611 0.6999999881
31687  -27.649  -40.468  19.203 0.6999999881
31703  -26.237  -40.536  18.079 0.6999999881
30023  -31.524  -42.629  16.613 0.6999999881
30869  -28.009  -41.222  19.045 0.6999999881
30033  -31.585  -42.896  15.653 0.6000000238
30910  -31.703  -42.010  16.025 0.6999999881
30903  -31.599  -41.829  16.824 0.6999999881
31746  -31.247  -40.649  12.468 0.5000000000
30935  -31.396  -41.303  12.727 0.5000000000
30940  -32.361  -41.046  11.602 0.4000000060
30939  -31.642  -41.240  12.003 0.5000000000
32503  -20.888  -39.603  17.521 0.6999999881
25989  -20.617  -46.685  20.788 0.6000000238
30867  -25.567  -41.481  18.420 0.6999999881
31713  -22.408  -39.243  16.730 0.6999999881
30885  -29.527  -41.804  19.004 0.6999999881
30000  -31.230  -41.937  18.052 0.6999999881
30871  -29.957  -40.996  19.341 0.6999999881
31738  -31.418  -40.877  14.426 0.6999999881
129226  -31.659  -42.136  15.271 0.6999999881
31743  -31.186  -40.601  13.424 0.6999999881
123492  -21.448  -44.018  20.755 0.6999999881
29147  -21.094  -43.093  20.227 0.6999999881
29962  -21.989  -42.472  20.570 0.8000000119
30854  -22.104  -41.504  20.231 0.8000000119
28334  -20.558  -44.446  20.421 0.6000000238
134117  -21.955  -43.347  20.837 0.6000000238
30864  -21.393  -41.001  19.400 0.8000000119
28314  -21.390  -44.844  20.873 0.6000000238
27563  -21.656  -45.485  21.206 0.6000000238
31684  -20.668  -40.385  18.311 0.6999999881
130191  -20.354  -45.896  20.670 0.6000000238
26779  -21.183  -46.059  21.005 0.6000000238
117713  -19.551  -47.683  20.610 0.6000000238
25973  -20.498  -47.620  20.778 0.6000000238
32515  -21.346  -38.700  17.008 0.6999999881
116485  -18.700  -48.967  20.674 0.5000000000
24299  -19.848  -49.085  20.830 0.6000000238
32504  -21.331  -38.546  17.384 0.6999999881
31714  -23.579  -39.278  17.085 0.6999999881
120497  -30.708  -42.062  18.464 0.6999999881
30870  -29.009  -41.165  19.334 0.6999999881
32507  -25.607  -39.833  17.859 0.6999999881
113152  -31.327  -40.295  15.212 0.8000000119
119392  -31.621  -41.222  16.304 0.6999999881
30886  -30.336  -41.601  18.888 0.6999999881
31686  -26.916  -40.335  18.670 0.6999999881
32543  -31.043  -40.061  14.325 0.8000000119
31704  -30.621  -40.754  19.036 0.6999999881
31750  -31.586  -40.547  11.913 0.5000000000
31751  -32.101  -40.247  11.550 0.5000000000
32563  -32.439  -39.540  11.328 0.5000000000
114493  -32.874  -40.222  11.327 0.4000000060
121976  -22.365  -43.858  21.344 0.6000000238
30840  -22.711  -41.818  20.876 0.8000000119
28315  -22.166  -44.779  21.384 0.6000000238
30855  -22.866  -40.990  20.593 0.8000000119
120880  -22.192  -40.854  19.902 0.8000000119
117060  -22.070  -39.652  19.155 0.8000000119
26780  -21.896  -46.171  21.448 0.6000000238
25974  -21.463  -47.445  21.274 0.6000000238
32489  -21.197  -39.463  18.222 0.8000000119
24281  -19.470  -49.755  21.014 0.6000000238
24300  -20.238  -48.406  20.782 0.6000000238
25110  -21.144  -48.355  21.185 0.6000000238
24280  -18.336  -49.647  20.832 0.5000000000
33427  -22.475  -37.696  16.622 0.6999999881
33416  -21.830  -37.515  17.370 0.6999999881
22685  -18.605  -51.107  21.348 0.5000000000
23437  -19.063  -50.427  21.206 0.5000000000
32518  -23.228  -38.203  16.830 0.6999999881
32505  -24.755  -39.755  17.494 0.6999999881
121617  -31.585  -41.013  17.080 0.8000000119
30887  -30.935  -41.371  18.526 0.6999999881
31689  -29.398  -40.390  19.594 0.6999999881
133146  -28.085  -39.937  19.673 0.6999999881
30897  -31.388  -41.177  17.928 0.6999999881
29135  -23.117  -43.490  21.737 0.6999999881
29949  -23.029  -42.487  21.447 0.8000000119
30841  -23.373  -41.544  21.310 0.8000000119
29938  -23.681  -42.928  22.043 0.8000000119
31654  -23.650  -40.677  21.111 0.8000000119
27564  -22.348  -45.626  21.618 0.6000000238
31672  -22.526  -40.268  19.888 0.8000000119
125593  -22.079  -46.859  21.602 0.6000000238
32474  -22.746  -39.452  19.692 0.6999999881
121499  -20.320  -49.706  21.236 0.6000000238
24282  -20.773  -49.133  21.212 0.6000000238
33396  -22.666  -37.377  18.621 0.8000000119
32491  -22.877  -38.567  19.454 0.6999999881
32506  -24.795  -38.894  17.858 0.6999999881
33428  -22.882  -37.261  17.096 0.6999999881
116511  -17.768  -52.750  21.423 0.4000000060
32492  -25.642  -38.764  18.681 0.6999999881
33417  -23.857  -37.874  17.564 0.6999999881
134674  -31.567  -40.711  16.525 0.8000000119
31715  -31.443  -40.364  17.680 0.8000000119
32494  -27.263  -39.588  19.429 0.6999999881
32495  -28.829  -39.799  19.778 0.6999999881
112628  -30.692  -39.851  13.577 0.8000000119
32550  -30.707  -39.985  12.937 0.6999999881
32556  -30.975  -40.010  12.358 0.5000000000
118901  -32.897  -38.738  11.033 0.5000000000
32562  -31.487  -39.755  11.724 0.5000000000
32564  -33.307  -39.509  11.002 0.4000000060
28304  -23.588  -44.095  22.220 0.6000000238
29950  -23.863  -42.071  21.900 0.8000000119
30842  -24.109  -41.204  21.656 0.8000000119
27565  -22.848  -45.168  21.882 0.6999999881
26762  -22.509  -46.293  21.811 0.6999999881
31674  -23.933  -39.800  20.890 0.8000000119
126299  -22.692  -46.957  22.059 0.6000000238
31655  -24.361  -40.347  21.436 0.8000000119
25975  -22.296  -47.620  21.782 0.6000000238
32476  -24.099  -38.817  20.659 0.8000000119
32475  -23.446  -39.191  20.218 0.8000000119
24283  -21.701  -49.100  21.750 0.6000000238
34257  -22.569  -36.922  17.710 0.8999999762
33378  -23.463  -38.086  19.836 0.8000000119
33397  -24.728  -37.406  18.410 0.8000000119
34284  -22.938  -36.606  17.765 0.8000000119
22686  -19.645  -51.229  21.541 0.5000000000
123059  -26.809  -37.445  19.281 0.8000000119
121498  -19.211  -51.961  21.532 0.4000000060
32542  -30.469  -39.299  14.110 0.8000000119
31721  -31.502  -40.123  16.765 0.8000000119
129102  -31.308  -39.868  18.272 0.8000000119
32508  -30.957  -39.793  19.038 0.8000000119
125733  -26.505  -38.847  19.258 0.6999999881
32549  -29.982  -39.402  13.247 0.8000000119
124265  -28.133  -39.239  19.815 0.6999999881
32525  -31.362  -39.193  16.687 0.8000000119
32561  -30.708  -39.440  12.120 0.6000000238
124176  -29.916  -39.001  12.336 0.6000000238
28305  -24.389  -44.173  22.625 0.6000000238
27546  -23.399  -45.570  22.322 0.6000000238
30822  -24.636  -41.711  22.163 0.6999999881
26763  -23.066  -46.328  22.238 0.6000000238
121746  -23.926  -44.876  22.507 0.6000000238
123376  -23.320  -47.040  22.516 0.6000000238
25958  -22.928  -47.687  22.296 0.6000000238
32453  -24.563  -39.434  21.287 0.6999999881
23439  -21.093  -49.975  21.701 0.5000000000
33379  -24.115  -37.652  20.362 0.8000000119
22687  -20.522  -51.354  21.853 0.3000000119
34259  -23.671  -35.818  18.974 0.8000000119
34243  -23.435  -36.750  19.339 0.8000000119
34286  -24.309  -35.933  18.457 0.8000000119
35221  -23.880  -35.853  18.509 0.8000000119
33401  -28.719  -37.953  19.736 0.8000000119
32534  -31.312  -39.731  15.941 0.8000000119
130431  -29.619  -39.697  19.706 0.8000000119
33400  -28.209  -38.509  19.775 0.8000000119
33399  -27.243  -38.498  19.524 0.6999999881
32509  -31.277  -39.117  18.412 0.8000000119
32555  -29.987  -39.401  12.790 0.6999999881
34341  -31.404  -37.847  11.412 0.6000000238
118680  -34.379  -38.005  10.450 0.3000000119
29125  -24.937  -43.487  22.738 0.6000000238
117064  -25.269  -42.140  22.521 0.6999999881
30823  -25.510  -41.446  22.321 0.6999999881
23408  -23.632  -50.628  24.821 0.5000000000
26764  -23.757  -46.376  22.653 0.6000000238
27547  -24.247  -45.671  22.766 0.6000000238
31656  -25.085  -40.024  21.665 0.6999999881
24272  -22.524  -49.516  22.442 0.5000000000
25100  -23.206  -48.315  22.576 0.5000000000
32454  -25.220  -39.130  21.524 0.6999999881
131598  -21.914  -51.545  22.710 0.3000000119
24271  -21.881  -49.927  22.196 0.5000000000
34234  -24.868  -37.441  20.764 0.8000000119
34260  -25.085  -36.186  18.606 0.8999999762
36185  -24.569  -34.985  18.974 0.8999999762
34244  -24.243  -36.420  19.852 0.8000000119
34245  -24.990  -36.582  20.474 0.8000000119
117391  -20.106  -52.075  21.789 0.4000000060
34261  -26.017  -36.274  18.831 0.8999999762
36208  -24.559  -35.062  18.881 0.8999999762
33459  -29.499  -39.035  13.459 0.8000000119
111513  -30.985  -39.474  15.101 0.8000000119
117675  -30.321  -39.131  19.534 0.8000000119
120299  -29.122  -38.946  19.845 0.8000000119
32548  -28.897  -39.244  12.999 0.8000000119
33470  -28.984  -38.734  12.401 0.6999999881
119259  -30.831  -38.830  11.718 0.6000000238
34343  -33.103  -37.157  10.998 0.6000000238
28306  -25.184  -44.159  23.012 0.6000000238
29940  -25.541  -42.822  22.831 0.6000000238
120249  -24.896  -44.960  22.994 0.6000000238
30824  -26.363  -41.191  22.575 0.6999999881
26753  -24.596  -46.452  23.199 0.6000000238
31637  -25.734  -40.605  22.037 0.8000000119
23428  -23.280  -50.064  23.275 0.6000000238
25084  -23.731  -48.531  23.071 0.5000000000
25960  -24.126  -47.258  23.091 0.6000000238
32455  -25.922  -38.943  21.626 0.8000000119
22676  -22.450  -51.229  23.023 0.4000000060
33363  -25.444  -38.241  21.349 0.6999999881
23426  -21.713  -50.746  22.379 0.4000000060
33362  -24.713  -38.460  21.092 0.8000000119
36192  -24.944  -34.804  18.897 0.8000000119
35182  -25.372  -36.174  20.445 0.8000000119
34264  -29.163  -37.210  19.556 0.8999999762
35202  -25.323  -35.005  18.650 0.8000000119
35192  -24.786  -35.621  19.675 0.8000000119
34263  -28.105  -36.953  19.429 0.8000000119
128865  -31.124  -38.365  15.791 0.8000000119
33419  -31.257  -38.129  18.598 0.8000000119
33402  -29.774  -38.156  19.683 0.6999999881
33451  -30.174  -38.729  14.136 0.8000000119
114550  -30.724  -38.189  19.314 0.8000000119
33418  -31.015  -38.881  19.089 0.8000000119
124437  -28.480  -38.829  12.860 0.8000000119
33452  -30.714  -38.737  15.049 0.8000000119
118459  -30.695  -37.315  11.527 0.6999999881
36286  -32.611  -35.624  11.322 0.6000000238
36287  -33.332  -35.682  11.018 0.6000000238
36294  -34.189  -35.697  10.560 0.6000000238
27533  -25.805  -45.478  23.714 0.6000000238
29922  -26.841  -42.306  23.428 0.8000000119
29941  -26.146  -42.079  22.844 0.6999999881
24214  -24.132  -49.273  25.820 0.5000000000
120642  -25.048  -47.215  23.750 0.5000000000
32441  -26.623  -39.299  21.956 0.8000000119
32440  -25.879  -39.729  21.803 0.6999999881
24253  -24.340  -49.312  24.437 0.5000000000
25945  -24.076  -48.032  23.255 0.5000000000
31638  -26.659  -40.281  22.409 0.8000000119
115456  -23.893  -50.082  24.201 0.5000000000
33364  -26.446  -38.241  21.584 0.8000000119
34236  -26.671  -37.156  21.332 0.8000000119
34235  -25.683  -37.165  21.032 0.8000000119
36186  -24.902  -34.815  19.091 0.8000000119
35204  -27.323  -35.706  18.889 0.8000000119
35193  -25.419  -35.308  19.780 0.8000000119
34287  -30.960  -37.344  18.991 0.8000000119
116857  -31.415  -37.676  17.827 0.8999999762
32547  -28.275  -38.677  13.053 0.8000000119
34324  -29.434  -38.308  13.791 0.8000000119
35283  -29.694  -37.237  11.636 0.6999999881
34339  -28.892  -37.885  11.970 0.6999999881
35285  -32.127  -36.225  11.390 0.6999999881
115004  -30.580  -36.509  11.505 0.6999999881
120135  -31.356  -35.951  11.479 0.6999999881
36285  -31.951  -35.555  11.449 0.6999999881
29083  -27.126  -43.693  24.469 0.8000000119
28289  -26.556  -44.189  23.854 0.6000000238
29909  -27.132  -42.849  23.934 0.6000000238
26715  -23.618  -46.801  26.644 0.6000000238
25907  -24.759  -47.321  26.416 0.5000000000
134832  -26.023  -45.984  24.196 0.6000000238
27515  -26.367  -45.508  24.596 0.6000000238
30805  -26.944  -41.641  23.172 0.8000000119
27489  -22.120  -45.540  26.416 0.6000000238
125210  -23.118  -45.265  26.623 0.6000000238
121875  -24.196  -46.252  26.692 0.6000000238
26717  -25.398  -46.910  26.169 0.5000000000
119657  -25.686  -47.028  25.214 0.5000000000
29082  -21.080  -43.148  25.736 0.5000000000
28250  -21.639  -44.378  26.201 0.5000000000
28251  -22.656  -44.614  26.511 0.6000000238
27491  -23.952  -45.457  26.759 0.6000000238
25067  -24.534  -48.981  25.290 0.5000000000
25921  -25.437  -47.369  25.729 0.5000000000
32442  -27.465  -39.738  22.490 0.8000000119
33354  -27.424  -38.854  22.042 0.8000000119
29892  -22.312  -42.877  26.437 0.5000000000
25933  -25.194  -47.808  24.495 0.5000000000
119311  -20.579  -42.842  25.468 0.4000000060
25085  -24.332  -48.678  23.750 0.5000000000
33365  -27.450  -37.949  21.695 0.6999999881
35194  -26.234  -35.041  19.948 0.8000000119
35183  -26.032  -36.181  20.679 0.8000000119
35184  -26.962  -36.251  20.923 0.6999999881
35205  -28.437  -36.168  19.183 0.8000000119
36194  -26.684  -34.487  18.640 0.8000000119
36187  -25.488  -34.590  19.062 0.8000000119
36209  -26.697  -33.818  18.949 0.8000000119
34331  -28.157  -38.051  13.494 0.8999999762
34325  -30.480  -38.136  14.595 0.8999999762
112653  -31.545  -37.694  17.053 0.8000000119
35206  -29.485  -36.409  19.263 0.8000000119
34306  -31.446  -37.719  16.194 1.0000000000
34288  -31.270  -37.142  18.311 0.8000000119
130050  -27.822  -38.385  12.977 0.8000000119
35282  -28.363  -37.040  11.864 0.6999999881
28265  -27.147  -44.208  25.411 0.8000000119
134881  -27.474  -42.492  24.271 0.8000000119
29923  -27.459  -42.040  23.874 0.8000000119
29073  -23.902  -43.870  26.930 0.6000000238
27507  -26.685  -45.024  25.500 0.6000000238
28273  -26.777  -44.611  24.607 0.6000000238
30806  -27.678  -41.168  23.506 0.8000000119
31612  -28.224  -40.874  24.032 0.8000000119
29071  -22.416  -43.790  26.444 0.5000000000
28252  -23.543  -44.660  26.729 0.6000000238
27492  -24.956  -45.703  26.751 0.6000000238
26729  -26.278  -45.898  25.614 0.6000000238
32430  -28.092  -40.023  22.893 0.8000000119
32443  -28.252  -39.339  22.654 0.6999999881
29072  -23.108  -43.369  26.723 0.5000000000
27493  -25.870  -45.560  26.586 0.6000000238
29900  -21.111  -42.299  25.624 0.4000000060
30779  -22.290  -41.298  26.302 0.4000000060
120659  -22.521  -42.074  26.503 0.4000000060
29877  -23.195  -42.511  26.801 0.4000000060
33366  -28.234  -37.737  21.796 0.6999999881
29879  -24.854  -42.444  27.416 0.4000000060
34237  -27.648  -37.124  21.492 0.6999999881
31591  -22.993  -39.916  26.579 0.4000000060
31580  -23.670  -41.225  27.131 0.5000000000
36179  -27.374  -35.464  20.597 0.6999999881
32407  -22.178  -39.733  25.914 0.3000000119
31592  -23.716  -40.370  27.137 0.5000000000
30765  -24.293  -41.751  27.350 0.5000000000
36195  -27.640  -35.007  18.603 0.8000000119
36210  -27.103  -34.116  18.600 0.8000000119
133733  -26.788  -33.727  18.978 0.8000000119
130524  -26.888  -34.503  19.738 0.8000000119
35267  -29.224  -37.254  13.706 0.8000000119
34319  -31.050  -37.867  15.405 1.0000000000
35254  -31.608  -37.050  15.765 0.8000000119
34302  -31.546  -36.917  17.496 0.8000000119
36197  -29.656  -35.589  18.905 0.8000000119
36212  -29.049  -34.492  18.549 0.8000000119
35224  -31.310  -36.051  17.998 0.8000000119
33457  -27.776  -38.311  13.088 0.8000000119
35261  -31.166  -37.151  14.881 0.8000000119
35223  -30.988  -36.547  18.628 0.8000000119
125171  -27.436  -37.335  12.424 0.8999999762
118960  -29.425  -36.229  11.552 0.6999999881
36284  -30.410  -35.617  11.488 0.6999999881
125448  -31.239  -35.019  11.469 0.6999999881
122922  -32.208  -34.912  11.392 0.6999999881
37175  -33.691  -34.917  10.724 0.6000000238
134308  -33.269  -34.314  10.841 0.6999999881
37164  -31.641  -34.196  11.398 0.6999999881
37176  -34.486  -34.731  10.261 0.6000000238
38065  -33.919  -34.072  10.437 0.6000000238
29910  -27.492  -42.863  24.700 0.8000000119
115187  -27.775  -42.174  24.687 0.8000000119
28253  -24.476  -44.753  26.893 0.5000000000
29074  -27.163  -43.705  26.646 0.8000000119
29075  -27.479  -43.161  26.231 0.8000000119
29901  -27.799  -42.478  25.627 0.8000000119
30795  -28.017  -41.475  24.369 0.8000000119
28243  -24.957  -44.009  27.149 0.6000000238
29058  -25.435  -43.261  27.334 0.5000000000
28255  -27.311  -43.819  26.036 0.8000000119
31624  -28.171  -40.465  23.435 0.6999999881
30780  -23.050  -41.637  26.741 0.4000000060
29878  -23.995  -42.503  27.211 0.5000000000
29059  -26.560  -43.335  27.170 0.6999999881
28245  -26.697  -44.131  26.898 0.6999999881
31625  -28.546  -40.239  24.190 0.6999999881
33346  -29.002  -38.872  23.211 0.6999999881
33356  -29.204  -38.022  22.766 0.6999999881
128666  -22.446  -40.471  26.271 0.3000000119
33355  -28.409  -38.427  22.246 0.6999999881
34228  -28.839  -37.766  22.131 0.6999999881
34238  -28.646  -37.172  21.742 0.6999999881
32396  -23.743  -39.510  27.044 0.5000000000
36180  -28.341  -35.759  20.999 0.6999999881
32394  -22.704  -39.260  26.313 0.4000000060
33312  -23.680  -38.731  26.876 0.4000000060
37068  -27.209  -33.570  18.900 0.8000000119
36188  -28.001  -34.737  20.299 0.6999999881
36211  -27.918  -34.343  18.547 0.8000000119
37989  -29.225  -33.046  18.806 0.6999999881
36250  -31.866  -36.319  15.265 0.8000000119
36213  -30.471  -35.412  18.594 0.8000000119
35266  -27.666  -37.118  13.563 0.8999999762
34329  -26.844  -37.392  13.033 0.8999999762
36266  -28.647  -36.174  13.479 0.8000000119
36267  -30.455  -36.126  13.619 0.8000000119
36268  -31.480  -35.597  13.980 0.8000000119
35280  -26.417  -36.152  12.909 0.8999999762
36264  -26.476  -36.163  13.146 0.8000000119
120348  -28.135  -35.875  11.807 0.8999999762
112765  -29.142  -35.159  11.519 0.8000000119
120136  -34.844  -36.094  10.269 0.4000000060
132938  -30.212  -34.831  11.485 0.8000000119
37163  -30.623  -34.182  11.461 0.6999999881
37174  -32.559  -34.086  11.170 0.6999999881
39036  -34.227  -32.981  9.275 0.5000000000
30782  -28.067  -41.637  26.129 0.6999999881
30781  -26.962  -41.738  27.154 0.6999999881
121306  -28.694  -40.025  25.133 0.6999999881
114052  -23.024  -40.819  26.692 0.4000000060
31582  -26.422  -40.398  27.312 0.6000000238
31594  -27.855  -40.927  26.452 0.6999999881
32431  -28.566  -39.757  23.390 0.6999999881
32386  -24.657  -39.874  27.382 0.5000000000
34229  -29.367  -37.192  22.449 0.6999999881
121606  -24.304  -38.167  27.117 0.4000000060
35186  -29.153  -36.387  21.678 0.6999999881
34192  -23.327  -37.232  26.552 0.3000000119
124036  -23.560  -37.967  26.735 0.3000000119
129540  -24.972  -38.418  27.345 0.5000000000
37087  -28.871  -33.543  18.562 0.6999999881
37062  -28.211  -33.698  19.651 0.6999999881
36181  -29.180  -35.470  21.156 0.6999999881
37988  -28.335  -33.067  18.852 0.6999999881
37962  -28.438  -33.050  19.156 0.6999999881
37088  -30.007  -34.030  18.467 0.6999999881
35268  -31.309  -36.347  14.368 0.8000000119
35243  -32.120  -36.211  16.203 0.8000000119
35237  -31.882  -35.982  17.103 0.8000000119
36228  -31.495  -35.100  17.662 0.8000000119
36258  -32.031  -35.627  14.680 0.8000000119
134815  -26.502  -34.692  12.678 0.8000000119
37140  -26.409  -35.195  13.092 0.8000000119
36265  -27.043  -36.114  13.437 0.8999999762
36283  -27.624  -34.824  11.932 0.8999999762
132727  -28.513  -34.566  11.596 0.8000000119
38056  -29.870  -33.437  11.436 0.8000000119
38064  -33.254  -33.572  10.656 0.6999999881
38057  -31.104  -33.481  11.357 0.6999999881
131575  -31.927  -33.550  11.276 0.6999999881
39027  -30.674  -32.030  10.904 0.6999999881
31605  -28.441  -40.741  25.837 0.6999999881
33315  -26.826  -38.746  27.012 0.6000000238
32397  -27.454  -39.496  26.678 0.6000000238
32408  -28.084  -40.144  26.327 0.6999999881
32409  -28.989  -39.275  25.290 0.6999999881
32419  -28.975  -39.376  24.282 0.6999999881
31581  -25.449  -40.607  27.446 0.5000000000
30767  -26.225  -41.187  27.373 0.6000000238
33328  -29.322  -38.056  25.197 0.6999999881
32410  -29.288  -38.700  24.784 0.6999999881
33337  -29.300  -38.646  24.028 0.6999999881
32388  -26.673  -39.591  27.202 0.6000000238
129407  -22.939  -37.829  26.414 0.3000000119
33304  -25.273  -39.053  27.404 0.5000000000
32387  -25.775  -39.756  27.423 0.5000000000
126999  -27.280  -38.107  26.625 0.6000000238
34194  -25.093  -37.047  27.002 0.4000000060
34195  -25.954  -37.374  26.985 0.5000000000
123794  -26.559  -37.974  26.941 0.6000000238
36172  -29.783  -36.278  22.724 0.6999999881
36189  -29.192  -34.560  20.603 0.6999999881
130501  -29.817  -35.069  21.451 0.6999999881
37063  -29.170  -33.556  19.975 0.6999999881
36146  -24.853  -34.988  26.283 0.3000000119
37974  -28.848  -32.938  18.976 0.6999999881
36238  -32.332  -35.304  16.527 0.8000000119
36229  -32.060  -35.048  17.134 0.8000000119
37103  -31.798  -34.297  17.635 0.6999999881
37089  -31.095  -34.190  18.251 0.6999999881
37975  -29.800  -32.758  18.978 0.6999999881
37128  -32.785  -34.620  15.329 0.8000000119
37142  -29.735  -35.149  13.261 0.8000000119
37159  -25.989  -34.261  13.012 0.8000000119
38046  -28.195  -33.186  12.976 0.8000000119
111706  -30.633  -34.266  13.179 0.8000000119
38036  -29.983  -33.414  12.848 0.8000000119
38997  -29.367  -32.689  12.724 0.8000000119
38070  -33.843  -33.229  10.097 0.6000000238
39030  -33.159  -32.699  10.429 0.6999999881
39020  -31.674  -32.902  11.163 0.6000000238
39932  -30.263  -31.486  10.515 0.6999999881
39933  -31.164  -31.719  10.580 0.6000000238
113714  -31.935  -31.751  10.382 0.6000000238
33316  -27.738  -38.820  26.470 0.6000000238
34214  -29.527  -37.328  24.925 0.6999999881
33338  -29.460  -38.034  24.466 0.6999999881
33326  -28.163  -38.142  26.296 0.6000000238
122673  -29.729  -36.438  24.539 0.6999999881
34220  -29.614  -37.346  24.085 0.6999999881
35169  -29.732  -36.769  23.514 0.6999999881
35147  -25.560  -36.547  26.710 0.4000000060
119705  -27.930  -36.733  26.271 0.5000000000
34196  -26.835  -37.405  26.659 0.5000000000
35155  -27.170  -36.097  26.330 0.5000000000
36173  -30.216  -35.466  22.936 0.6999999881
124092  -29.843  -35.690  22.014 0.6999999881
36138  -25.200  -35.806  26.526 0.3000000119
36147  -25.823  -35.145  26.304 0.3000000119
36139  -26.158  -35.925  26.455 0.4000000060
36182  -30.299  -34.993  22.089 0.6999999881
37027  -25.478  -34.357  25.939 0.3000000119
37064  -29.966  -33.276  20.180 0.6999999881
37055  -30.157  -34.308  21.069 0.6999999881
37964  -29.806  -32.855  19.346 0.6999999881
37965  -30.697  -32.783  20.368 0.6999999881
36259  -32.475  -35.037  14.850 0.8000000119
38000  -32.165  -33.794  17.626 0.6999999881
37990  -30.325  -33.211  18.681 0.6999999881
38949  -31.425  -32.442  19.376 0.6999999881
37992  -32.327  -33.182  17.992 0.6999999881
38959  -32.599  -32.482  18.340 0.6999999881
111538  -31.192  -35.087  13.518 0.8000000119
37104  -32.475  -34.374  16.961 0.6999999881
38965  -33.024  -32.827  17.604 0.6999999881
38960  -33.193  -32.090  17.950 0.6999999881
37141  -27.515  -34.906  13.331 0.8000000119
37143  -31.793  -34.286  13.549 0.8000000119
37144  -32.469  -34.190  13.990 0.8000000119
37129  -33.150  -34.097  15.038 0.8000000119
38002  -33.279  -33.113  16.866 0.8000000119
39877  -33.611  -31.834  16.765 0.6999999881
132141  -26.399  -34.160  13.169 0.8000000119
38038  -32.376  -33.513  13.691 0.8000000119
38991  -33.405  -32.929  14.728 0.8000000119
37149  -26.028  -34.152  13.020 0.8000000119
37150  -26.100  -33.438  13.078 0.8000000119
38037  -31.346  -33.470  13.225 0.8000000119
38990  -33.010  -32.637  13.992 0.8000000119
38054  -26.686  -33.350  12.392 0.8000000119
38045  -26.557  -32.877  13.119 0.8000000119
39010  -30.192  -32.087  12.684 0.8000000119
116039  -30.794  -32.708  12.921 0.8000000119
39901  -32.456  -31.701  13.544 0.8000000119
39018  -26.810  -32.473  11.929 0.8000000119
112677  -28.679  -32.108  12.650 0.8000000119
39043  -33.927  -32.238  8.945 0.5000000000
39034  -32.878  -31.868  10.072 0.6000000238
39923  -28.043  -31.999  11.192 0.8000000119
39035  -33.603  -32.434  9.752 0.6000000238
39947  -32.791  -31.256  9.179 0.6000000238
39939  -31.285  -31.202  10.035 0.6000000238
39940  -32.200  -31.354  9.838 0.6000000238
34205  -28.474  -37.381  26.092 0.6999999881
33327  -28.842  -38.090  25.787 0.6999999881
34204  -27.668  -37.462  26.416 0.6000000238
35157  -29.374  -36.594  25.275 0.6999999881
36159  -29.896  -35.378  24.490 0.6999999881
36149  -28.125  -35.929  25.983 0.5000000000
36151  -29.557  -35.883  25.096 0.6999999881
36148  -26.709  -35.294  26.234 0.4000000060
37921  -27.050  -34.261  25.670 0.4000000060
121983  -27.521  -35.311  25.988 0.5000000000
116073  -30.603  -34.239  22.020 0.6999999881
37920  -26.122  -33.734  25.584 0.3000000119
37931  -27.045  -33.461  25.449 0.3000000119
37036  -27.985  -34.086  25.516 0.5000000000
37947  -30.750  -33.847  22.768 0.6999999881
37919  -25.237  -33.701  25.587 0.3000000119
38900  -26.580  -32.232  24.845 0.3000000119
37956  -31.150  -32.936  21.540 0.6999999881
38935  -31.923  -31.864  19.902 0.6999999881
37117  -33.121  -34.025  15.701 0.8000000119
38950  -32.200  -32.132  19.079 0.6999999881
38016  -32.984  -33.851  16.489 0.6999999881
39872  -33.567  -31.509  17.553 0.6999999881
37152  -28.910  -34.100  13.077 0.8000000119
38026  -33.371  -33.479  15.237 0.6999999881
38976  -33.486  -32.562  16.455 0.8000000119
37151  -26.996  -33.693  13.215 0.8000000119
127644  -33.558  -31.747  15.459 0.8000000119
38999  -32.000  -32.662  13.354 0.8000000119
39008  -26.239  -32.541  12.846 0.8000000119
120209  -26.166  -32.770  12.906 0.8000000119
116484  -27.751  -32.602  12.894 0.8000000119
39914  -30.813  -31.532  12.772 0.8000000119
120526  -32.342  -30.879  13.404 0.8000000119
39922  -26.611  -31.465  11.655 0.8000000119
39007  -26.373  -31.759  12.490 0.8000000119
39912  -27.686  -31.564  12.595 0.8000000119
112223  -28.651  -30.867  12.388 0.8000000119
118086  -31.843  -30.532  12.956 0.8000000119
116633  -29.027  -31.579  10.715 0.8000000119
35156  -28.669  -36.621  25.773 0.6000000238
37028  -26.398  -34.605  25.961 0.3000000119
36158  -29.341  -35.183  25.217 0.6000000238
37029  -28.380  -35.068  25.575 0.5000000000
37037  -29.689  -34.633  24.777 0.6999999881
37044  -30.588  -34.161  23.607 0.6999999881
37932  -28.729  -33.421  25.286 0.6000000238
37038  -30.256  -34.469  24.232 0.6999999881
37942  -30.898  -33.288  23.347 0.6999999881
38899  -25.743  -32.374  24.812 0.3000000119
129699  -27.044  -32.734  25.232 0.3000000119
37934  -30.542  -33.581  24.080 0.6999999881
40696  -28.116  -30.257  24.011 0.3000000119
38913  -31.309  -32.369  23.052 0.6999999881
37948  -31.179  -33.066  22.526 0.6999999881
41613  -25.984  -29.468  22.536 0.3000000119
41602  -26.856  -29.603  23.253 0.3000000119
41603  -27.848  -29.650  23.468 0.3000000119
41630  -25.844  -28.914  21.909 0.3000000119
39865  -32.879  -31.792  18.697 0.6999999881
39884  -33.652  -31.268  16.193 0.8000000119
122354  -33.422  -31.342  14.741 0.8000000119
40773  -33.038  -30.880  13.991 0.8000000119
39911  -26.451  -31.758  12.570 0.8000000119
39009  -26.911  -32.254  12.910 0.8000000119
39910  -26.195  -31.043  12.310 0.8000000119
40788  -26.884  -30.988  12.483 0.8000000119
40789  -30.149  -30.628  12.400 0.8000000119
111416  -30.936  -30.928  12.717 0.8000000119
134228  -27.901  -30.351  12.069 0.8000000119
39931  -27.746  -31.257  10.805 0.8000000119
40805  -29.131  -30.899  10.229 0.6999999881
115330  -29.032  -34.326  25.291 0.6000000238
38903  -30.054  -32.802  24.410 0.6000000238
135129  -28.437  -31.442  24.681 0.4000000060
39798  -30.365  -31.908  24.191 0.6000000238
38912  -30.782  -32.670  23.802 0.6999999881
40698  -30.114  -30.334  23.959 0.4000000060
39826  -31.557  -31.534  22.520 0.6999999881
39848  -31.789  -31.771  20.916 0.6999999881
42559  -29.194  -28.540  22.961 0.3000000119
41605  -30.451  -29.691  23.433 0.4000000060
123157  -31.483  -30.801  22.838 0.6000000238
39835  -32.196  -31.036  21.217 0.6999999881
39861  -32.642  -31.500  19.510 0.6999999881
40746  -33.003  -30.879  19.927 0.6999999881
39862  -33.252  -31.036  19.019 0.6999999881
112131  -33.634  -30.852  18.202 0.6999999881
128906  -33.525  -32.618  15.551 0.8000000119
39892  -33.434  -32.181  14.725 0.8000000119
114181  -33.568  -31.043  15.422 0.8000000119
39900  -31.657  -31.249  13.075 0.8000000119
40782  -32.598  -30.071  13.490 0.8000000119
39913  -29.673  -31.402  12.554 0.8000000119
115733  -31.182  -30.232  12.546 0.8000000119
40802  -26.424  -30.291  11.470 0.8000000119
132990  -26.494  -30.510  12.087 0.8000000119
41724  -28.819  -29.638  11.651 0.8000000119
40797  -29.451  -30.219  12.085 0.8000000119
41723  -27.157  -29.700  11.597 0.8000000119
40814  -30.937  -30.594  9.405 0.6000000238
40804  -27.518  -30.516  10.362 0.8000000119
40813  -29.882  -30.379  9.533 0.6000000238
40812  -28.492  -30.112  9.668 0.6999999881
41740  -28.072  -29.260  9.284 0.6999999881
38902  -29.186  -32.743  24.965 0.6000000238
39797  -29.508  -31.957  24.651 0.6000000238
40697  -29.157  -30.362  24.389 0.3000000119
39814  -31.283  -31.438  23.244 0.6000000238
41616  -29.261  -29.188  23.464 0.3000000119
40699  -30.809  -30.285  23.491 0.5000000000
42548  -30.585  -29.259  23.102 0.3000000119
41606  -30.990  -29.719  23.175 0.5000000000
40725  -31.895  -30.857  22.092 0.6999999881
43523  -28.152  -27.650  21.537 0.3000000119
42574  -29.599  -27.977  22.386 0.3000000119
41632  -32.487  -29.228  21.371 0.4000000060
40739  -32.632  -30.586  20.630 0.6999999881
43535  -28.165  -27.166  20.651 0.3000000119
40740  -33.098  -30.252  20.199 0.6000000238
112642  -33.985  -30.099  18.061 0.6000000238
41668  -33.870  -29.448  18.671 0.6000000238
40758  -33.807  -30.542  16.680 0.8000000119
112638  -34.021  -29.887  17.233 0.6999999881
41673  -34.106  -29.224  17.865 0.6000000238
40762  -33.671  -30.433  15.838 0.8000000119
41679  -33.869  -29.718  16.360 0.6999999881
40783  -33.151  -30.027  14.160 0.8000000119
112445  -33.458  -30.401  14.868 0.8000000119
41685  -33.641  -29.603  15.473 0.6999999881
123380  -33.876  -28.895  15.983 0.6999999881
41699  -33.423  -29.456  14.655 0.6999999881
42651  -33.680  -28.778  15.157 0.6999999881
40790  -32.092  -29.670  12.698 0.8000000119
41709  -32.669  -29.229  13.319 0.8000000119
42673  -33.114  -28.511  13.588 0.6999999881
42664  -33.448  -28.668  14.390 0.6999999881
40796  -26.258  -30.619  12.042 0.8000000119
41714  -30.513  -30.066  12.206 0.8000000119
42672  -32.627  -28.744  12.779 0.8000000119
134609  -26.601  -29.549  11.308 0.8000000119
41715  -31.264  -29.582  12.126 0.8000000119
39921  -26.119  -30.882  12.025 0.8000000119
133124  -26.349  -29.946  11.231 0.8000000119
42690  -28.121  -28.950  11.150 0.8000000119
42691  -29.690  -28.946  11.248 0.8000000119
39930  -26.666  -30.742  11.196 0.8000000119
40810  -26.393  -29.704  10.808 0.8000000119
40811  -26.961  -29.654  9.930 0.6999999881
41751  -31.150  -29.704  8.226 0.6000000238
40713  -31.757  -30.153  22.447 0.5000000000
42562  -31.540  -28.911  22.458 0.4000000060
41618  -32.002  -29.415  22.151 0.5000000000
41650  -32.810  -29.780  20.733 0.6000000238
125936  -29.900  -27.564  21.897 0.3000000119
118177  -32.906  -28.937  20.716 0.5000000000
44531  -30.052  -26.653  20.792 0.3000000119
43526  -31.404  -27.536  21.614 0.3000000119
42594  -33.285  -28.489  20.147 0.6000000238
41651  -33.326  -29.501  20.050 0.6000000238
44529  -28.233  -26.698  19.831 0.3000000119
113417  -29.573  -26.319  20.110 0.3000000119
44533  -32.222  -26.740  20.584 0.3000000119
44547  -28.911  -26.383  19.601 0.3000000119
44545  -27.583  -26.604  19.097 0.3000000119
42645  -34.129  -28.916  16.946 0.6999999881
41726  -31.111  -28.860  11.456 0.8000000119
42681  -33.113  -27.999  12.884 0.6999999881
42680  -32.071  -28.934  12.025 0.6999999881
42703  -31.445  -28.169  10.913 0.6999999881
42689  -26.841  -28.959  11.125 0.8000000119
42700  -27.424  -28.242  10.571 0.6999999881
42701  -29.002  -28.295  10.691 0.8000000119
42702  -30.428  -28.308  10.789 0.6000000238
41758  -31.744  -29.360  7.632 0.6000000238
41738  -26.340  -28.629  10.217 0.6999999881
42699  -26.460  -28.328  10.368 0.6999999881
41749  -29.012  -28.933  8.670 0.6999999881
41750  -30.189  -29.355  8.451 0.6999999881
41739  -26.824  -28.690  9.621 0.6999999881
45669  -27.769  -25.111  7.794 0.5000000000
45680  -28.000  -24.885  7.091 0.5000000000
43550  -33.537  -27.911  19.454 0.6000000238
42613  -33.623  -28.925  19.388 0.6000000238
43569  -33.806  -27.646  18.765 0.6000000238
43591  -34.082  -27.604  18.035 0.6000000238
42646  -34.097  -28.260  16.395 0.6999999881
43608  -34.196  -27.411  16.293 0.6999999881
129678  -33.848  -27.979  14.843 0.6999999881
44578  -26.138  -26.564  17.542 0.3000000119
43628  -33.560  -27.765  13.545 0.6999999881
42652  -33.967  -28.150  15.666 0.6999999881
43621  -34.008  -27.390  14.189 0.6999999881
43655  -29.672  -27.678  10.253 0.6999999881
43636  -32.678  -28.183  12.108 0.6999999881
125882  -33.320  -27.549  12.188 0.6000000238
42692  -32.106  -28.249  11.406 0.6999999881
41722  -26.398  -29.380  10.973 0.6999999881
43653  -26.633  -27.408  10.040 0.6999999881
41757  -30.815  -29.037  7.845 0.6000000238
41748  -27.601  -28.368  8.978 0.6999999881
42719  -27.096  -27.346  8.871 0.6999999881
43677  -28.000  -27.114  8.168 0.6999999881
43682  -28.848  -27.027  7.618 0.6000000238
117094  -33.551  -27.115  19.183 0.4000000060
131056  -33.790  -27.102  18.586 0.5000000000
44581  -33.915  -26.656  18.121 0.5000000000
43592  -34.161  -26.995  17.284 0.6000000238
44603  -26.265  -26.349  17.045 0.3000000119
44579  -27.195  -26.220  17.685 0.3000000119
111613  -34.183  -27.281  14.929 0.6999999881
43629  -34.000  -27.205  13.465 0.6000000238
43637  -33.708  -27.376  12.874 0.6000000238
43656  -30.946  -27.680  10.335 0.6000000238
132321  -33.517  -27.118  11.624 0.6000000238
43654  -28.185  -27.598  10.131 0.6999999881
43657  -32.127  -27.574  10.682 0.6000000238
133408  -28.862  -27.148  9.782 0.6999999881
43675  -26.611  -26.783  9.281 0.6999999881
42726  -29.309  -27.777  7.780 0.6999999881
42727  -30.478  -28.274  7.571 0.6000000238
43684  -31.119  -27.955  7.190 0.5000000000
43683  -30.200  -27.397  7.287 0.6000000238
43696  -31.332  -27.308  6.732 0.5000000000
43676  -27.189  -26.570  8.779 0.6000000238
44677  -29.377  -26.527  7.317 0.5000000000
43681  -27.809  -26.267  7.967 0.5000000000
44690  -30.010  -26.053  6.818 0.5000000000
44689  -28.632  -25.633  7.353 0.5000000000
46689  -28.240  -24.298  6.852 0.5000000000
45541  -33.294  -25.856  19.101 0.4000000060
44563  -33.584  -26.461  18.852 0.4000000060
45555  -33.614  -25.710  18.386 0.4000000060
112779  -31.072  -25.078  19.027 0.4000000060
45562  -27.698  -25.823  17.370 0.3000000119
45581  -28.129  -25.315  16.800 0.3000000119
134516  -29.030  -25.268  17.463 0.3000000119
44625  -34.379  -26.657  14.615 0.6000000238
124588  -28.001  -24.379  15.734 0.3000000119
44633  -34.373  -26.680  13.763 0.6000000238
43638  -34.255  -26.764  12.964 0.6000000238
43668  -31.472  -27.113  9.871 0.6000000238
43669  -32.435  -26.922  10.148 0.6000000238
134655  -33.196  -26.947  10.847 0.6000000238
43667  -30.107  -27.074  9.654 0.6000000238
44663  -32.019  -26.490  9.327 0.6000000238
43665  -27.347  -26.800  9.504 0.6999999881
44661  -29.748  -26.317  9.057 0.6000000238
44659  -26.983  -26.519  9.037 0.6999999881
45679  -27.809  -24.222  7.243 0.5000000000
45540  -32.634  -25.708  19.501 0.4000000060
44582  -34.048  -26.073  17.533 0.4000000060
46556  -33.300  -24.797  18.233 0.4000000060
46570  -32.706  -24.163  17.873 0.4000000060
45566  -34.154  -25.548  17.065 0.4000000060
44605  -34.286  -26.284  16.587 0.4000000060
44618  -34.319  -26.705  15.553 0.5000000000
46601  -28.561  -24.577  16.255 0.3000000119
46581  -29.529  -24.375  16.582 0.3000000119
45564  -29.654  -24.871  17.473 0.4000000060
45605  -34.491  -25.879  15.082 0.4000000060
131896  -29.151  -24.048  15.926 0.3000000119
47513  -30.431  -23.880  16.557 0.4000000060
44638  -33.934  -26.926  12.221 0.5000000000
44655  -33.810  -26.314  10.663 0.5000000000
44646  -34.391  -25.822  10.849 0.5000000000
44662  -30.926  -26.672  9.286 0.6000000238
45665  -31.926  -25.830  8.720 0.6000000238
121637  -28.166  -25.949  8.806 0.6000000238
44670  -29.418  -25.416  8.541 0.6000000238
44660  -27.480  -26.157  8.748 0.5000000000
44668  -27.571  -26.082  8.611 0.5000000000
44669  -27.774  -25.407  8.186 0.5000000000
45663  -27.765  -24.401  7.708 0.5000000000
46676  -27.714  -23.761  7.216 0.5000000000
46688  -27.699  -23.849  7.002 0.5000000000
46555  -32.496  -24.609  18.480 0.4000000060
45565  -33.812  -25.224  17.651 0.4000000060
45582  -34.310  -25.339  16.427 0.4000000060
46571  -33.490  -24.435  17.525 0.4000000060
116341  -34.453  -25.133  15.628 0.4000000060
47530  -28.538  -23.923  15.564 0.3000000119
45629  -34.703  -26.042  13.233 0.4000000060
45618  -34.645  -25.915  14.163 0.5000000000
47552  -27.689  -23.334  14.669 0.3000000119
45637  -34.838  -25.505  11.596 0.4000000060
45650  -33.987  -25.869  10.209 0.5000000000
45643  -34.773  -25.231  10.851 0.4000000060
45656  -32.952  -25.985  9.003 0.6000000238
44654  -33.181  -26.372  9.967 0.5000000000
127909  -34.455  -25.402  10.412 0.5000000000
44671  -30.936  -26.146  8.778 0.6000000238
45666  -32.663  -25.300  8.621 0.5000000000
111475  -30.598  -25.078  8.239 0.6000000238
113009  -31.623  -25.147  8.382 0.6000000238
46667  -29.580  -24.581  8.108 0.6000000238
46666  -28.259  -24.464  8.152 0.5000000000
46677  -28.040  -23.881  7.695 0.5000000000
47621  -27.997  -23.567  6.782 0.5000000000
49611  -26.729  -21.725  13.377 0.3000000119
49612  -28.164  -21.629  13.469 0.4000000060
49613  -29.013  -21.421  13.466 0.4000000060
46668  -31.020  -24.475  7.908 0.5000000000
50633  -27.586  -20.541  12.817 0.4000000060
47605  -33.663  -23.234  8.381 0.5000000000
46671  -33.990  -24.223  8.795 0.5000000000
46678  -29.941  -24.027  7.773 0.5000000000
47604  -32.638  -23.278  7.910 0.5000000000
128954  -28.858  -23.939  8.028 0.5000000000
47612  -29.165  -23.248  7.551 0.6000000238
48650  -28.137  -22.835  6.707 0.5000000000
47610  -27.826  -23.146  7.033 0.6000000238
48642  -28.324  -22.488  7.059 0.5000000000
48641  -28.309  -22.509  6.792 0.6000000238
49678  -28.556  -21.858  6.267 0.4000000060
119735  -28.844  -20.603  13.137 0.4000000060
49614  -30.399  -21.447  13.684 0.4000000060
47613  -30.834  -23.621  7.673 0.5000000000
128362  -30.758  -22.653  7.525 0.5000000000
47614  -31.717  -23.202  7.686 0.5000000000
47611  -27.937  -23.298  7.267 0.5000000000
48643  -29.408  -22.288  7.270 0.5000000000
49679  -28.519  -21.068  6.021 0.4000000060
49670  -29.063  -21.647  6.874 0.5000000000
49669  -28.565  -21.755  6.520 0.5000000000
51643  -29.934  -19.776  13.115 0.4000000060
115315  -27.713  -19.755  12.394 0.4000000060
50688  -28.892  -20.977  6.385 0.5000000000
49673  -33.053  -21.911  7.717 0.4000000060
111770  -30.295  -21.737  7.291 0.4000000060
50689  -29.953  -20.959  6.880 0.5000000000
50700  -29.636  -20.258  6.394 0.4000000060
50690  -30.817  -20.238  7.095 0.4000000060
49671  -31.173  -21.111  7.395 0.4000000060
51727  -29.610  -19.636  5.067 0.4000000060
51720  -30.630  -19.475  6.459 0.4000000060
121259  -32.674  -20.149  7.730 0.4000000060
51728  -30.216  -19.135  5.472 0.4000000060
52766  -30.672  -18.434  5.124 0.4000000060
52765  -30.274  -19.009  4.706 0.4000000060
51713  -31.732  -19.677  7.272 0.4000000060
51714  -32.671  -19.198  7.703 0.4000000060
51721  -31.756  -18.896  7.015 0.3000000119
52755  -31.119  -18.675  6.093 0.4000000060
52756  -32.054  -18.201  6.636 0.4000000060
52747  -32.646  -18.390  7.402 0.4000000060
30863  -20.526  -41.231  18.792 0.6999999881
25125  -19.049  -48.233  20.610 0.6000000238
29134  -22.491  -43.125  21.267 0.6999999881
32490  -22.045  -38.625  18.527 0.8000000119
119758  -23.324  -44.818  22.159 0.6000000238
29124  -24.073  -43.465  22.382 0.6000000238
29939  -24.543  -42.643  22.419 0.6999999881
22663  -22.917  -51.589  23.775 0.4000000060
33445  -31.090  -38.985  15.842 0.8000000119
29921  -26.394  -42.874  23.335 0.6000000238
25045  -24.588  -48.539  25.929 0.5000000000
31639  -27.582  -40.500  22.886 0.8000000119
30778  -21.835  -42.119  26.178 0.4000000060
28254  -26.886  -44.456  26.276 0.6000000238
29056  -23.718  -43.099  26.994 0.5000000000
29880  -25.856  -42.478  27.395 0.6000000238
31613  -28.387  -40.830  24.849 0.6999999881
36214  -30.972  -35.010  18.262 0.6999999881
33347  -29.400  -38.087  23.594 0.6999999881
34206  -29.106  -37.371  25.526 0.6999999881
38998  -31.375  -31.974  13.043 0.8000000119
39866  -33.330  -31.460  18.280 0.6999999881
40753  -33.814  -30.690  17.452 0.6999999881
124228  -31.149  -30.745  23.344 0.6000000238
114264  -33.657  -30.257  18.819 0.6000000238
41617  -31.411  -29.578  22.730 0.5000000000
120818  -33.271  -27.171  19.765 0.4000000060
47620  -27.731  -23.515  7.019 0.5000000000
46584  -34.188  -24.470  16.248 0.4000000060
131411  -31.374  -21.896  7.499 0.4000000060
27613  -27.298  -44.963  17.042 0.5000000000
28371  -28.595  -45.024  16.829 0.5000000000
28350  -26.740  -44.011  19.688 0.6999999881
25987  -16.000  -46.312  20.274 0.5000000000
31710  -20.530  -40.823  17.528 0.6999999881
31712  -21.461  -39.413  16.935 0.6999999881
30882  -26.126  -41.105  18.059 0.6999999881
31688  -28.499  -40.511  19.516 0.6999999881
30883  -27.024  -41.131  18.356 0.6999999881
30919  -31.600  -41.782  14.536 0.6999999881
30928  -31.474  -41.459  13.635 0.6000000238
32517  -22.540  -38.353  16.551 0.6999999881
118962  -31.589  -41.255  15.403 0.6999999881
27585  -20.728  -45.296  20.665 0.6000000238
31685  -21.657  -40.276  19.181 0.8000000119
33415  -21.511  -37.891  16.892 0.6999999881
25111  -21.856  -48.222  21.602 0.6000000238
28316  -22.924  -44.379  21.778 0.6999999881
31673  -23.243  -40.106  20.446 0.6999999881
23438  -20.187  -50.474  21.481 0.5000000000
34258  -23.140  -36.313  18.369 0.8000000119
33471  -31.848  -38.832  11.413 0.5000000000
24284  -22.544  -48.511  22.148 0.6000000238
33398  -25.969  -37.722  19.133 0.8000000119
125090  -32.505  -37.913  11.116 0.6000000238
30843  -24.892  -40.895  21.853 0.6999999881
25959  -23.551  -47.786  22.763 0.6000000238
33434  -31.359  -38.417  16.519 0.8000000119
34342  -32.263  -37.038  11.222 0.6000000238
34351  -33.886  -37.223  10.668 0.4000000060
22655  -23.245  -51.355  24.542 0.3000000119
24273  -23.262  -49.087  22.778 0.5000000000
23427  -22.500  -50.407  22.754 0.5000000000
21892  -22.294  -52.021  23.267 0.4000000060
34262  -27.041  -36.574  19.165 0.8999999762
33458  -28.541  -38.731  13.213 0.8000000119
29107  -25.888  -43.652  23.283 0.6000000238
28288  -25.820  -44.564  23.471 0.6000000238
26754  -25.532  -46.393  23.864 0.5000000000
24258  -23.903  -49.356  23.556 0.5000000000
36193  -25.913  -34.423  18.947 0.8000000119
35284  -31.455  -36.800  11.427 0.6999999881
37165  -32.987  -34.932  11.204 0.6000000238
128291  -26.384  -44.914  23.958 0.6000000238
121872  -24.014  -48.814  26.262 0.5000000000
25947  -25.534  -47.085  24.520 0.5000000000
25081  -24.755  -48.531  24.543 0.5000000000
128337  -24.331  -46.893  26.590 0.5000000000
26716  -24.902  -46.580  26.559 0.6000000238
114663  -24.444  -48.086  26.337 0.5000000000
26738  -26.003  -46.415  24.810 0.5000000000
25046  -25.041  -47.784  26.071 0.5000000000
26718  -25.913  -46.127  26.201 0.6000000238
122259  -25.468  -46.207  26.440 0.6000000238
25068  -25.081  -48.140  25.428 0.5000000000
26728  -25.815  -46.648  25.715 0.5000000000
30787  -21.503  -41.433  25.743 0.4000000060
35185  -27.997  -36.376  21.281 0.6999999881
35207  -30.404  -36.504  19.048 0.8000000119
29057  -24.452  -43.202  27.232 0.5000000000
27482  -25.483  -44.842  26.937 0.6000000238
27494  -26.358  -45.339  26.216 0.6000000238
28244  -25.978  -44.098  27.149 0.6000000238
30764  -23.627  -41.921  27.071 0.4000000060
32395  -23.202  -39.204  26.652 0.4000000060
115346  -24.479  -40.892  27.389 0.5000000000
37061  -27.130  -33.719  19.204 0.6999999881
35260  -30.383  -37.225  14.145 0.8000000119
38058  -32.512  -33.182  10.929 0.6999999881
30788  -28.182  -41.568  25.378 0.6999999881
127640  -27.241  -43.036  26.862 0.6999999881
135120  -27.557  -41.544  26.631 0.6999999881
29893  -26.810  -42.486  27.187 0.6000000238
33313  -24.408  -38.957  27.245 0.5000000000
37162  -29.264  -34.218  11.517 0.8000000119
31593  -27.282  -40.260  26.862 0.6000000238
128221  -28.604  -39.772  25.872 0.6999999881
117513  -26.218  -41.878  27.371 0.6000000238
30766  -25.311  -41.583  27.458 0.5000000000
34193  -24.247  -37.287  26.907 0.3000000119
35146  -24.677  -36.481  26.746 0.3000000119
38055  -28.159  -33.378  11.616 0.8000000119
116916  -30.557  -32.700  11.216 0.6000000238
39029  -32.309  -32.407  10.659 0.6000000238
39028  -31.422  -32.231  10.875 0.6000000238
39924  -29.651  -32.111  11.009 0.8000000119
33305  -26.099  -39.068  27.355 0.6000000238
119065  -28.640  -38.913  26.037 0.6999999881
33314  -25.840  -38.314  27.291 0.5000000000
35148  -26.455  -36.697  26.588 0.4000000060
37116  -32.726  -34.620  16.114 0.8000000119
38958  -31.788  -32.754  18.685 0.6999999881
38043  -26.076  -33.493  13.070 0.8000000119
39019  -28.880  -32.725  11.373 0.8000000119
36164  -30.045  -35.901  23.751 0.6999999881
37050  -30.481  -34.657  22.896 0.6999999881
37955  -30.646  -33.557  21.238 0.6999999881
37929  -25.477  -33.056  25.265 0.3000000119
38933  -30.599  -32.712  19.428 0.6999999881
38934  -31.287  -32.298  20.156 0.6999999881
38032  -33.035  -33.632  14.415 0.8000000119
36165  -30.350  -35.027  23.738 0.6999999881
37930  -26.315  -32.890  25.244 0.3000000119
120198  -27.822  -33.069  25.391 0.4000000060
133978  -30.916  -33.574  22.042 0.6999999881
118294  -31.349  -32.389  20.980 0.6999999881
39794  -26.050  -31.720  24.418 0.3000000119
39849  -32.394  -31.281  20.360 0.6999999881
37933  -29.681  -33.739  24.701 0.6000000238
39811  -28.317  -30.951  24.453 0.3000000119
41604  -28.767  -29.659  23.818 0.3000000119
38925  -31.523  -32.221  21.978 0.6999999881
41614  -27.605  -29.070  22.958 0.3000000119
41615  -28.495  -29.085  23.252 0.3000000119
39812  -29.826  -31.085  24.430 0.6000000238
39813  -30.683  -31.092  23.798 0.6000000238
124197  -30.948  -31.914  23.642 0.6000000238
124143  -29.638  -29.706  23.758 0.4000000060
39834  -31.820  -31.479  21.750 0.6999999881
40747  -33.368  -30.303  19.586 0.6000000238
41710  -33.061  -29.322  13.940 0.8000000119
41725  -30.222  -29.600  11.751 0.8000000119
41741  -29.460  -29.693  9.080 0.6000000238
40821  -30.566  -30.004  8.898 0.6000000238
125982  -29.001  -31.258  24.685 0.5000000000
42547  -29.998  -29.072  23.244 0.3000000119
40726  -32.341  -30.154  21.553 0.5000000000
41662  -33.600  -29.698  19.322 0.6000000238
42640  -34.159  -28.439  17.704 0.6000000238
42720  -28.486  -28.061  8.348 0.6999999881
42575  -30.632  -27.992  22.319 0.3000000119
44530  -29.008  -26.750  20.517 0.3000000119
44519  -31.984  -27.222  21.107 0.3000000119
45537  -29.594  -25.923  19.466 0.3000000119
42631  -33.947  -28.469  18.557 0.6000000238
42641  -34.193  -27.930  17.121 0.6000000238
42712  -26.478  -27.833  9.535 0.6999999881
42711  -26.374  -27.585  9.788 0.6999999881
43611  -34.139  -27.533  15.455 0.6999999881
127529  -32.836  -27.600  11.480 0.6000000238
43664  -26.468  -26.974  9.402 0.6999999881
42728  -31.425  -28.630  7.356 0.5000000000
44551  -33.186  -26.477  19.562 0.4000000060
43666  -28.531  -26.496  9.352 0.6000000238
46568  -30.628  -24.536  17.774 0.4000000060
46579  -27.715  -24.921  16.219 0.3000000119
44645  -34.112  -26.456  11.423 0.5000000000
134792  -27.432  -26.253  9.054 0.5000000000
115013  -34.410  -25.868  15.864 0.4000000060
111715  -29.856  -23.721  15.930 0.4000000060
44639  -34.562  -26.217  12.324 0.5000000000
113710  -34.611  -24.978  14.664 0.4000000060
121288  -35.001  -25.359  12.642 0.4000000060
45657  -33.605  -25.775  9.567 0.5000000000
50612  -27.508  -21.319  13.268 0.3000000119
111321  -29.813  -21.191  13.522 0.4000000060
47603  -31.946  -23.877  7.929 0.5000000000
50614  -29.515  -20.582  13.289 0.4000000060
50691  -32.020  -20.593  7.461 0.4000000060
52767  -31.561  -18.015  5.659 0.4000000060
26796  -23.531  -46.766  20.456 0.5000000000
26781  -24.903  -46.333  21.303 0.5000000000
26016  -20.872  -47.665  18.469 0.4000000060
26002  -21.675  -47.194  18.986 0.5000000000
26003  -22.490  -47.188  19.633 0.5000000000
26795  -22.850  -46.599  19.960 0.5000000000
129876  -23.279  -46.166  20.298 0.6000000238
27587  -24.109  -45.142  20.787 0.6000000238
125263  -20.998  -46.821  18.501 0.5000000000
115042  -20.254  -46.803  18.315 0.5000000000
26807  -21.390  -46.416  18.723 0.5000000000
27595  -22.121  -45.390  19.232 0.5000000000
26815  -19.612  -45.996  18.318 0.5000000000
117947  -22.244  -44.643  19.202 0.6000000238
28349  -22.816  -44.024  19.634 0.6000000238
27596  -22.756  -45.013  19.803 0.6000000238
28335  -23.484  -44.604  20.337 0.6000000238
29149  -24.818  -43.324  20.557 0.6000000238
29148  -23.781  -43.620  20.323 0.6000000238
28337  -25.415  -44.140  20.899 0.6000000238
29151  -26.329  -43.394  19.985 0.6000000238
29150  -25.724  -43.290  20.341 0.6000000238
27605  -19.384  -45.039  18.317 0.5000000000
27594  -21.441  -45.667  18.700 0.5000000000
28347  -21.528  -44.712  18.591 0.6000000238
118447  -18.475  -45.442  18.651 0.5000000000
28348  -21.978  -43.940  18.776 0.6000000238
26813  -16.997  -46.248  19.607 0.5000000000
27603  -17.570  -44.991  19.460 0.5000000000
29159  -23.274  -43.038  19.679 0.6000000238
29963  -24.239  -42.669  20.144 0.6000000238
29160  -26.485  -43.199  19.148 0.6000000238
27606  -20.666  -45.038  18.263 0.5000000000
133314  -20.702  -44.305  18.092 0.5000000000
27604  -18.106  -44.509  18.814 0.5000000000
28356  -18.610  -43.950  18.645 0.5000000000
116681  -19.751  -44.251  18.071 0.5000000000
27592  -17.086  -45.143  19.958 0.5000000000
28344  -17.995  -44.050  19.443 0.5000000000
29158  -22.453  -43.172  18.997 0.6000000238
27602  -16.528  -45.442  19.920 0.5000000000
134317  -17.202  -45.017  20.087 0.5000000000
29978  -22.923  -42.507  19.084 0.6000000238
29979  -23.661  -42.228  19.453 0.6000000238
29965  -25.936  -42.745  19.692 0.6000000238
29964  -25.138  -42.432  20.041 0.6000000238
29181  -19.248  -42.845  18.375 0.5000000000
29182  -20.112  -43.503  17.773 0.6000000238
30011  -19.985  -42.497  17.692 0.6000000238
28345  -18.123  -43.776  19.357 0.5000000000
130334  -21.157  -43.789  18.102 0.6000000238
30012  -20.532  -42.117  17.527 0.6000000238
27582  -16.883  -45.394  20.183 0.5000000000
126327  -16.446  -46.731  20.360 0.5000000000
128749  -24.491  -42.100  19.667 0.6000000238
29981  -25.698  -42.061  19.144 0.6000000238
28346  -18.739  -43.124  19.261 0.5000000000
29157  -18.407  -43.134  19.123 0.5000000000
29975  -18.637  -42.577  19.078 0.5000000000
30877  -19.849  -41.733  18.313 0.6000000238
28332  -18.509  -44.496  19.904 0.5000000000
27583  -17.831  -45.061  20.209 0.5000000000
27584  -19.488  -45.260  20.347 0.6000000238
29960  -19.643  -42.566  19.405 0.6000000238
111450  -18.491  -42.566  19.030 0.5000000000
29976  -19.334  -42.209  18.851 0.5000000000
30862  -20.001  -41.558  18.454 0.6000000238
28333  -19.327  -44.024  19.786 0.6000000238
31697  -20.126  -41.142  17.912 0.6000000238
26794  -19.319  -45.954  20.465 0.5000000000
123041  -19.785  -44.721  20.247 0.6000000238
29146  -20.212  -43.588  19.931 0.6000000238
29961  -20.888  -42.408  19.749 0.6000000238
29977  -20.100  -41.895  19.045 0.6000000238
31683  -20.226  -40.949  18.155 0.6000000238
30853  -21.214  -41.775  19.650 0.6999999881
35286  -32.869  -36.368  11.202 0.5000000000
134808  -33.731  -31.185  16.940 0.6000000238
39938  -30.364  -30.870  10.007 0.5000000000
40822  -31.487  -30.305  8.715 0.5000000000
42721  -29.788  -28.600  8.100 0.5000000000
53764  -32.001  -17.472  5.206 0.3000000119
54726  -32.188  -16.842  4.891 0.3000000119
25152  -21.136  -48.615  18.570 0.4000000060
122857  -22.237  -47.812  19.436 0.5000000000
25990  -23.104  -47.215  20.137 0.5000000000
27567  -25.649  -45.754  21.356 0.5000000000
27566  -24.797  -45.509  21.204 0.6000000238
28336  -24.362  -44.283  20.742 0.6000000238
28318  -25.543  -44.975  21.218 0.5000000000
113630  -26.301  -43.984  20.451 0.5000000000
120439  -19.914  -47.637  18.269 0.4000000060
26015  -19.001  -46.611  18.483 0.5000000000
26014  -17.802  -46.819  18.914 0.5000000000
26814  -17.641  -45.818  19.186 0.5000000000
25986  -16.056  -47.040  20.284 0.4000000060
123146  -33.418  -37.958  10.809 0.4000000060
35293  -34.366  -36.574  10.492 0.4000000060
35292  -33.603  -36.459  10.817 0.4000000060
39796  -28.571  -31.937  24.947 0.4000000060
40815  -31.862  -30.850  9.309 0.5000000000
40823  -32.360  -30.585  8.617 0.5000000000
41752  -32.028  -30.023  8.054 0.5000000000
54716  -32.662  -16.962  5.782 0.3000000119
55685  -33.211  -15.861  5.679 0.3000000119
25151  -20.391  -48.491  18.310 0.4000000060
29169  -21.597  -43.090  18.210 0.6000000238
117112  -19.407  -46.850  20.572 0.5000000000
25988  -16.561  -46.010  20.340 0.5000000000
26793  -17.883  -45.949  20.399 0.6000000238
26806  -16.036  -46.052  20.191 0.4000000060
117697  -24.011  -46.062  20.805 0.6000000238
25137  -21.647  -48.115  19.004 0.4000000060
26808  -22.080  -46.338  19.306 0.5000000000
27586  -22.721  -45.846  19.840 0.6000000238
26816  -20.630  -45.981  18.366 0.5000000000
28362  -19.220  -43.521  18.358 0.5000000000
29167  -18.366  -43.104  18.937 0.5000000000
27593  -17.608  -44.612  19.759 0.5000000000
53755  -32.411  -17.563  6.172 0.4000000060
117378  -18.878  -47.637  18.474 0.4000000060
28319  -26.406  -45.202  21.059 0.4000000060
28338  -26.754  -44.685  20.429 0.4000000060
24213  -23.545  -49.547  26.186 0.4000000060
134281  -23.807  -49.746  25.746 0.3000000119
129351  -24.050  -49.821  25.186 0.4000000060
23414  -23.463  -50.845  23.963 0.4000000060
126309  -23.657  -48.211  26.550 0.4000000060
25044  -23.256  -48.903  26.534 0.4000000060
26712  -20.884  -46.401  26.352 0.4000000060
26713  -21.648  -46.489  26.428 0.4000000060
116044  -22.733  -48.190  26.638 0.4000000060
113600  -23.129  -47.480  26.644 0.4000000060
27504  -19.789  -45.020  25.571 0.3000000119
27487  -20.307  -45.754  26.045 0.3000000119
28264  -20.067  -44.347  25.481 0.4000000060
26714  -22.623  -46.630  26.569 0.4000000060
27505  -20.409  -44.923  25.740 0.4000000060
27488  -21.051  -45.115  26.074 0.5000000000
29081  -20.454  -43.603  25.518 0.4000000060
119253  -21.103  -43.803  25.853 0.4000000060
126023  -27.557  -32.183  25.037 0.3000000119
42577  -32.086  -28.643  21.841 0.3000000119
42576  -31.526  -28.229  22.121 0.3000000119
127385  -32.501  -28.531  21.219 0.3000000119
43527  -32.163  -27.900  21.409 0.3000000119
43538  -33.111  -27.619  20.232 0.3000000119
46669  -32.260  -24.573  8.312 0.4000000060
121303  -32.156  -25.915  19.846 0.3000000119
45553  -31.987  -24.963  19.012 0.3000000119
46670  -33.163  -24.693  8.588 0.4000000060
113589  -32.974  -23.995  8.313 0.4000000060
46554  -31.196  -24.698  18.488 0.3000000119
46582  -30.228  -24.342  17.107 0.3000000119
46662  -34.313  -24.720  9.486 0.4000000060
48644  -32.184  -22.462  7.640 0.4000000060
132465  -31.819  -24.596  18.519 0.3000000119
47504  -33.019  -23.695  17.193 0.3000000119
46569  -31.665  -24.253  18.005 0.3000000119
47503  -32.017  -23.704  17.355 0.3000000119
134839  -33.394  -23.735  16.753 0.3000000119
47515  -32.289  -23.334  16.661 0.3000000119
119071  -33.145  -23.425  16.468 0.3000000119
47517  -34.144  -23.858  15.811 0.3000000119
46602  -34.390  -24.332  15.399 0.3000000119
47514  -31.340  -23.543  16.650 0.3000000119
115615  -34.870  -25.177  13.623 0.3000000119
48548  -30.022  -23.098  15.301 0.3000000119
47553  -29.388  -22.897  14.756 0.3000000119
48568  -29.624  -22.388  14.172 0.3000000119
46649  -35.088  -24.602  11.152 0.3000000119
120200  -35.045  -24.088  10.525 0.3000000119
50613  -28.241  -20.921  13.195 0.3000000119
46655  -34.732  -24.771  10.275 0.3000000119
119435  -34.760  -23.960  9.685 0.3000000119
50634  -28.347  -20.195  12.775 0.3000000119
115314  -26.898  -20.158  12.402 0.3000000119
48634  -33.098  -22.661  7.890 0.3000000119
49672  -32.241  -21.488  7.551 0.3000000119
47516  -33.740  -23.797  16.337 0.3000000119
134437  -31.667  -23.125  16.173 0.3000000119
47534  -32.536  -22.943  15.884 0.3000000119
47536  -34.251  -23.600  15.194 0.3000000119
46622  -34.655  -24.292  13.990 0.3000000119
47532  -30.788  -23.261  15.913 0.3000000119
47533  -31.567  -22.740  15.586 0.3000000119
47535  -33.625  -23.282  15.689 0.3000000119
47555  -34.363  -23.503  14.406 0.3000000119
46633  -34.948  -24.434  13.031 0.3000000119
120162  -30.779  -22.677  15.170 0.3000000119
116781  -31.505  -22.356  14.856 0.3000000119
48550  -33.145  -22.681  15.087 0.3000000119
46641  -35.150  -24.620  12.069 0.3000000119
48567  -28.864  -22.614  14.249 0.3000000119
126896  -30.159  -22.591  14.633 0.3000000119
127216  -35.152  -24.127  11.684 0.3000000119
47586  -35.131  -23.654  11.219 0.3000000119
48590  -29.752  -21.852  13.763 0.3000000119
47592  -35.103  -23.362  10.353 0.3000000119
50635  -29.090  -19.964  12.917 0.3000000119
47606  -34.511  -23.295  9.010 0.3000000119
51655  -29.344  -19.319  12.719 0.3000000119
48635  -33.717  -22.330  8.262 0.3000000119
49662  -33.647  -21.430  8.257 0.3000000119
50692  -32.922  -21.054  7.669 0.3000000119
47554  -34.006  -22.973  14.843 0.3000000119
48572  -34.147  -22.928  13.945 0.3000000119
47568  -34.573  -23.561  13.484 0.3000000119
48569  -31.387  -22.057  14.150 0.3000000119
48570  -32.392  -22.245  14.416 0.3000000119
48571  -33.450  -22.531  14.216 0.3000000119
49598  -30.444  -22.126  14.049 0.3000000119
49615  -30.972  -21.669  13.848 0.3000000119
47578  -34.907  -23.564  12.346 0.3000000119
112213  -34.947  -22.107  11.120 0.3000000119
48615  -34.899  -22.830  11.646 0.3000000119
50615  -30.337  -20.603  13.447 0.3000000119
51644  -30.658  -19.937  13.327 0.3000000119
48622  -35.094  -22.442  10.165 0.3000000119
47598  -34.926  -23.114  9.676 0.3000000119
51656  -29.954  -18.923  12.782 0.3000000119
52676  -30.705  -19.250  13.162 0.3000000119
48629  -34.726  -22.512  9.287 0.3000000119
49663  -34.349  -21.914  8.785 0.3000000119
48592  -34.423  -22.780  13.096 0.3000000119
49599  -32.160  -21.853  13.908 0.3000000119
49616  -32.555  -21.305  13.485 0.3000000119
49617  -33.513  -21.605  13.198 0.3000000119
49636  -33.953  -21.161  12.644 0.3000000119
49618  -34.252  -21.965  12.709 0.3000000119
48607  -34.619  -22.630  12.370 0.3000000119
50616  -31.011  -21.013  13.620 0.3000000119
50617  -31.741  -20.614  13.464 0.3000000119
133769  -31.010  -20.367  13.468 0.3000000119
134834  -31.595  -17.989  13.169 0.3000000119
49653  -34.917  -21.477  10.431 0.3000000119
52686  -30.711  -18.339  12.900 0.3000000119
49659  -34.770  -21.650  9.554 0.3000000119
118035  -34.242  -20.864  8.955 0.3000000119
127030  -34.639  -22.096  11.928 0.3000000119
128760  -32.564  -20.568  13.253 0.3000000119
50618  -33.254  -20.896  13.015 0.3000000119
51645  -31.333  -19.804  13.340 0.3000000119
51657  -32.892  -19.319  13.105 0.3000000119
49646  -34.722  -21.291  11.265 0.3000000119
53696  -30.236  -17.600  12.512 0.3000000119
52677  -31.792  -18.912  13.257 0.3000000119
52688  -32.742  -18.564  13.172 0.3000000119
53697  -31.094  -17.402  12.801 0.3000000119
52687  -32.277  -18.086  13.250 0.3000000119
50675  -34.701  -20.732  9.851 0.3000000119
50682  -33.787  -19.895  8.727 0.3000000119
125755  -33.420  -20.525  8.236 0.3000000119
128464  -33.190  -19.779  8.156 0.3000000119
120658  -34.239  -20.690  12.236 0.3000000119
49637  -34.463  -21.333  12.035 0.3000000119
50636  -33.774  -20.440  12.605 0.3000000119
51658  -33.657  -19.655  12.610 0.3000000119
50637  -34.209  -20.039  12.188 0.3000000119
50655  -34.500  -20.500  11.638 0.3000000119
118794  -34.592  -19.858  10.232 0.3000000119
118535  -32.157  -17.260  13.160 0.3000000119
53698  -33.091  -17.792  13.037 0.3000000119
52689  -33.562  -18.726  12.677 0.3000000119
50683  -34.348  -19.916  9.420 0.3000000119
52748  -33.219  -18.575  8.076 0.3000000119
128211  -34.414  -19.745  11.743 0.3000000119
54645  -31.533  -16.556  12.728 0.3000000119
51659  -34.167  -19.284  12.157 0.3000000119
122414  -34.563  -19.820  11.105 0.3000000119
129496  -32.372  -16.485  12.827 0.3000000119
52690  -34.232  -18.519  12.061 0.3000000119
51672  -34.404  -19.127  11.516 0.3000000119
51687  -34.488  -19.068  10.692 0.3000000119
52720  -34.445  -18.248  10.400 0.3000000119
51695  -34.402  -18.970  9.753 0.3000000119
127420  -34.309  -18.138  9.697 0.3000000119
52740  -33.607  -18.070  8.526 0.3000000119
52732  -34.028  -18.422  9.125 0.3000000119
129580  -33.644  -18.678  8.625 0.3000000119
55591  -31.110  -15.816  12.370 0.3000000119
55592  -32.073  -15.832  12.580 0.3000000119
53699  -33.771  -17.280  12.455 0.3000000119
53708  -34.258  -16.946  11.869 0.3000000119
52704  -34.432  -18.361  11.285 0.3000000119
54665  -34.158  -16.210  11.745 0.3000000119
116585  -34.241  -16.737  9.709 0.3000000119
53721  -34.381  -17.476  10.086 0.3000000119
52731  -33.993  -17.549  9.178 0.3000000119
119403  -33.251  -17.846  7.797 0.3000000119
53745  -33.637  -17.311  8.303 0.3000000119
53750  -32.829  -17.688  7.030 0.3000000119
55611  -31.665  -15.085  12.238 0.3000000119
55612  -32.793  -15.175  12.313 0.3000000119
55593  -32.976  -16.056  12.575 0.3000000119
55613  -33.614  -15.716  12.132 0.3000000119
122601  -34.381  -16.664  11.319 0.3000000119
120435  -34.409  -16.724  10.605 0.3000000119
53756  -33.035  -17.029  6.595 0.3000000119
28351  -26.918  -44.528  18.888 0.4000000060
134120  -21.171  -45.834  26.279 0.4000000060
29070  -21.642  -43.464  26.158 0.4000000060
38901  -28.401  -32.642  25.245 0.3000000119
43537  -32.538  -27.395  20.720 0.3000000119
47502  -31.007  -24.011  17.243 0.3000000119
46572  -34.027  -24.845  17.004 0.3000000119
46583  -33.668  -24.151  16.872 0.3000000119
46661  -33.623  -25.218  9.031 0.4000000060
48589  -29.161  -22.139  13.829 0.3000000119
51654  -28.575  -19.345  12.474 0.3000000119
123590  -34.485  -24.113  14.744 0.3000000119
25904  -20.247  -46.927  26.430 0.4000000060
25905  -21.422  -47.762  26.518 0.4000000060
114982  -22.067  -47.401  26.549 0.4000000060
28263  -19.293  -44.379  25.256 0.3000000119
27506  -20.781  -44.368  25.787 0.4000000060
119288  -35.110  -22.883  10.892 0.3000000119
48549  -32.263  -22.501  15.223 0.3000000119
132403  -30.818  -22.350  14.507 0.3000000119
52685  -29.206  -18.600  12.437 0.3000000119
52684  -28.495  -18.619  12.149 0.3000000119
48591  -33.852  -22.312  13.474 0.3000000119
49600  -32.978  -22.017  13.740 0.3000000119
121338  -31.617  -21.445  13.747 0.3000000119
134737  -34.683  -21.708  11.595 0.3000000119
50667  -34.710  -20.619  10.744 0.3000000119
53695  -29.487  -17.794  12.291 0.3000000119
51646  -32.235  -19.898  13.248 0.3000000119
51647  -33.107  -20.137  12.994 0.3000000119
117611  -33.839  -17.998  12.456 0.3000000119
51705  -34.018  -19.162  8.991 0.3000000119
54646  -33.059  -16.850  12.846 0.3000000119
53700  -34.294  -17.742  11.926 0.3000000119
54647  -33.710  -16.484  12.316 0.3000000119
113789  -34.449  -17.450  11.082 0.3000000119
127978  -33.407  -17.018  7.456 0.3000000119
54666  -34.374  -16.035  11.113 0.3000000119
22684  -18.150  -51.830  21.412 0.3000000119
23435  -17.428  -50.884  21.199 0.3000000119
116216  -18.840  -52.724  21.510 0.3000000119
23436  -17.878  -50.288  21.023 0.3000000119
29080  -19.612  -43.682  25.183 0.3000000119
29898  -19.933  -42.936  25.218 0.3000000119
25043  -22.293  -48.876  26.611 0.3000000119
117873  -21.152  -47.128  26.465 0.3000000119
130943  -21.945  -48.121  26.580 0.3000000119
24212  -22.923  -49.473  26.531 0.3000000119
116472  -20.754  -47.803  26.513 0.3000000119
25042  -21.364  -48.406  26.547 0.3000000119
33472  -33.782  -38.783  10.714 0.3000000119
22688  -20.955  -50.767  21.921 0.5000000000
23397  -23.470  -50.286  25.716 0.3000000119
23413  -22.956  -50.846  23.389 0.4000000060
25906  -24.054  -47.494  26.588 0.4000000060
25934  -25.452  -47.530  25.120 0.5000000000
25946  -24.659  -47.965  23.777 0.5000000000
26792  -16.229  -45.692  20.137 0.5000000000
27490  -23.274  -46.005  26.655 0.6000000238
27532  -25.018  -45.795  23.292 0.6000000238
27545  -22.843  -45.799  21.982 0.6999999881
28317  -24.804  -44.803  21.084 0.6000000238
28363  -27.126  -44.451  17.467 0.5000000000
28374  -31.065  -44.111  16.055 0.5000000000
29084  -27.450  -43.392  25.414 0.8000000119
29108  -26.698  -43.477  23.749 0.6000000238
29168  -20.708  -42.890  17.641 0.6000000238
29172  -28.309  -43.219  18.145 0.6999999881
29185  -29.818  -43.781  17.789 0.6999999881
29187  -31.181  -43.129  17.214 0.6999999881
29891  -21.559  -42.784  26.048 0.4000000060
29894  -27.519  -42.330  26.577 0.6999999881
29980  -24.945  -41.759  19.315 0.6000000238
29992  -19.512  -42.214  18.433 0.6000000238
30825  -27.073  -40.989  22.879 0.8000000119
30868  -26.205  -41.756  18.409 0.6999999881
30895  -20.102  -41.615  17.727 0.6999999881
31698  -20.496  -40.510  17.736 0.6000000238
31705  -31.168  -40.571  18.483 0.8000000119
31711  -20.889  -39.935  17.287 0.6999999881
31728  -31.515  -40.532  16.014 0.8000000119
32493  -26.370  -39.707  18.665 0.6999999881
32496  -30.219  -40.143  19.468 0.8000000119
32516  -21.852  -38.457  16.589 0.6999999881
32519  -31.418  -39.512  17.552 0.8000000119
33311  -22.930  -38.563  26.451 0.4000000060
33425  -21.666  -37.916  16.682 0.6999999881
33426  -22.021  -37.733  16.485 0.6999999881
33429  -31.418  -38.528  17.530 0.8000000119
33456  -27.346  -37.940  13.037 0.8000000119
33464  -29.070  -39.223  12.797 0.6999999881
33469  -28.153  -38.353  12.615 0.6999999881
34265  -30.187  -37.342  19.410 0.8000000119
34283  -22.215  -37.168  17.065 0.6999999881
34285  -23.615  -36.576  17.959 0.8000000119
34301  -22.189  -37.290  16.849 0.6999999881
34330  -27.269  -37.686  13.206 0.8999999762
34334  -27.338  -37.848  12.849 0.8999999762
34338  -27.953  -37.791  12.334 0.6999999881
34340  -30.050  -38.200  11.813 0.6999999881
35149  -27.194  -36.886  26.455 0.5000000000
35191  -24.213  -35.500  19.173 0.8999999762
35200  -23.666  -35.957  18.541 0.8000000119
35201  -24.172  -35.425  18.840 0.8000000119
35203  -26.249  -35.158  18.656 0.8000000119
35222  -24.695  -35.160  18.712 0.8999999762
35265  -26.776  -36.890  13.241 0.8000000119
35273  -26.469  -36.618  13.042 0.8000000119
35274  -26.751  -37.075  12.838 0.8999999762
35281  -27.252  -36.529  12.344 0.8999999762
36150  -28.944  -35.875  25.497 0.6000000238
36196  -28.676  -35.331  18.792 0.8000000119
36251  -32.425  -35.421  15.598 0.8000000119
36274  -26.345  -35.867  13.016 0.8000000119
36281  -26.221  -35.075  12.962 0.8000000119
36282  -26.926  -35.503  12.459 0.8999999762
37060  -26.351  -34.045  19.013 0.8000000119
37069  -27.723  -33.197  18.945 0.6999999881
37085  -27.327  -33.620  18.785 0.8000000119
37086  -28.103  -33.568  18.609 0.6999999881
37135  -32.122  -34.936  14.047 0.8000000119
37136  -32.703  -34.436  14.622 0.8000000119
37160  -26.640  -34.075  12.547 0.8000000119
37161  -27.752  -34.072  11.795 0.8000000119
37963  -29.181  -33.066  19.398 0.6999999881
37972  -27.742  -33.226  18.891 0.6999999881
37973  -28.115  -33.020  18.920 0.6999999881
37976  -30.805  -32.866  18.937 0.6999999881
37991  -31.477  -33.473  18.336 0.6999999881
38001  -32.765  -33.548  17.242 0.6999999881
38017  -33.379  -33.310  16.067 0.6999999881
38044  -26.075  -33.016  13.015 0.8000000119
38966  -33.427  -32.353  17.213 0.6999999881
39891  -33.153  -31.753  14.158 0.8000000119
40700  -31.284  -30.183  23.076 0.5000000000
40803  -26.564  -30.173  10.744 0.8000000119
41597  -30.772  -29.477  23.142 0.5000000000
42561  -31.004  -29.188  22.879 0.5000000000
42718  -26.426  -27.119  9.446 0.6999999881
43620  -33.572  -28.052  14.127 0.6999999881
43695  -30.463  -26.763  6.841 0.6000000238
44518  -29.563  -27.164  21.297 0.3000000119
44546  -28.328  -26.415  19.133 0.3000000119
44604  -26.965  -26.003  17.153 0.3000000119
45554  -33.040  -25.177  18.905 0.4000000060
45664  -30.978  -25.577  8.499 0.6000000238
48636  -34.318  -22.655  8.694 0.3000000119
51704  -33.411  -19.201  8.389 0.3000000119
112678  -33.571  -32.015  16.106 0.8000000119
114011  -26.301  -44.781  26.737 0.6999999881
117599  -23.125  -44.052  26.669 0.5000000000
117736  -32.770  -28.116  20.753 0.3000000119
118277  -27.094  -41.013  27.068 0.6999999881
118746  -26.641  -26.333  17.471 0.3000000119
118801  -31.737  -36.933  16.663 0.8000000119
119974  -29.500  -37.494  23.245 0.6999999881
120411  -21.480  -46.653  21.243 0.6000000238
120823  -33.393  -31.809  9.367 0.6000000238
121120  -25.068  -37.735  27.236 0.4000000060
121772  -27.721  -37.716  19.545 0.8000000119
122289  -16.834  -51.555  21.326 0.3000000119
123055  -26.174  -44.570  20.903 0.4000000060
123879  -26.476  -30.085  11.548 0.8000000119
126218  -23.370  -45.485  20.340 0.6000000238
127103  -29.077  -38.627  25.448 0.6999999881
128373  -31.472  -41.679  17.477 0.6999999881
128456  -21.821  -37.489  16.774 0.6999999881
128887  -16.799  -50.153  20.920 0.3000000119
129023  -24.087  -38.917  17.330 0.6999999881
129388  -34.185  -25.321  9.810 0.4000000060
129701  -27.613  -34.715  25.718 0.5000000000
130690  -27.819  -31.507  24.618 0.4000000060
133424  -23.599  -43.494  22.114 0.6000000238
134097  -28.192  -39.458  26.293 0.6999999881
134206  -24.363  -35.362  18.759 0.8000000119
134558  -31.191  -39.260  11.688 0.6000000238
134760  -27.069  -34.835  25.928 0.4000000060
