#!ascii label  , from subject sub-v1s15x0050210_ses-1 vox2ras=TkReg
818
49645  -23.368  -21.172  12.093 0.4285714328
51669  -23.704  -19.910  10.976 0.2857142985
50666  -22.870  -20.183  10.657 0.4285714328
51670  -24.426  -19.634  11.230 0.4285714328
52699  -24.991  -19.185  11.135 0.4285714328
52716  -23.202  -19.033  9.853 0.2857142985
113592  -24.848  -18.599  10.526 0.4285714328
52718  -25.441  -18.166  10.565 0.4285714328
52730  -24.095  -17.816  9.484 0.4285714328
53733  -24.610  -17.244  9.335 0.4285714328
53744  -24.399  -16.810  8.804 0.4285714328
54703  -25.400  -15.969  9.044 0.4285714328
55661  -24.266  -15.841  7.448 0.5714285970
134072  -24.663  -16.125  8.387 0.5714285970
55651  -25.461  -15.482  8.605 0.4285714328
55652  -26.200  -15.138  8.842 0.2857142985
56625  -24.615  -15.208  6.964 0.7142857313
56612  -25.704  -14.836  8.219 0.7142857313
57705  -26.450  -13.535  7.464 0.7142857313
56626  -25.354  -14.661  7.405 0.7142857313
56627  -26.045  -14.190  7.827 0.5714285970
58665  -26.839  -12.841  7.124 0.5714285970
57716  -25.571  -13.699  6.220 0.5714285970
57717  -26.199  -13.274  6.699 0.5714285970
58678  -26.580  -12.551  6.392 0.5714285970
58679  -27.261  -12.172  6.736 0.5714285970
59495  -27.966  -11.856  7.063 0.4285714328
115884  -27.197  -11.455  5.860 0.5714285970
60368  -28.024  -10.725  6.054 0.5714285970
58704  -26.104  -12.041  4.819 0.7142857313
59525  -27.405  -11.068  5.679 0.7142857313
60384  -27.642  -10.381  5.422 0.7142857313
60369  -28.698  -10.275  6.546 0.5714285970
59524  -26.790  -11.538  5.394 0.5714285970
58703  -25.344  -12.486  4.348 0.5714285970
60383  -27.019  -10.812  5.080 0.8571428657
60385  -28.258  -9.941  5.770 0.7142857313
59536  -26.439  -11.332  4.555 0.7142857313
59535  -25.724  -11.854  4.015 0.5714285970
62164  -28.111  -8.778  5.066 0.7142857313
61231  -28.767  -9.397  6.183 0.5714285970
60396  -27.249  -10.160  4.845 0.7142857313
131592  -27.761  -9.524  5.070 0.7142857313
62165  -28.559  -8.428  5.384 0.5714285970
60395  -26.726  -10.536  4.331 0.5714285970
61260  -27.073  -9.583  4.171 0.7142857313
62174  -27.662  -8.715  4.450 0.7142857313
125428  -28.433  -7.269  4.493 0.7142857313
63129  -28.754  -7.672  5.195 0.7142857313
62183  -27.174  -8.603  3.608 0.7142857313
63138  -27.776  -7.741  3.928 0.7142857313
63149  -28.119  -6.786  3.801 0.7142857313
61268  -26.534  -9.316  3.297 0.5714285970
64053  -28.456  -6.033  3.651 0.5714285970
64996  -28.813  -5.398  3.640 0.5714285970
63148  -27.260  -7.768  3.039 0.8571428657
62182  -26.599  -8.439  2.986 0.8571428657
64995  -28.285  -5.430  3.175 0.7142857313
64994  -27.814  -6.205  3.087 0.7142857313
113626  -27.625  -7.053  3.293 0.8571428657
65859  -27.534  -4.529  2.442 0.8571428657
65860  -28.228  -4.721  2.801 0.5714285970
122779  -27.699  -5.333  2.654 0.8571428657
65006  -27.300  -5.931  2.461 0.8571428657
63157  -27.184  -6.829  2.585 0.8571428657
66658  -26.888  -3.322  2.214 0.8571428657
68474  -25.977  -2.281  1.731 0.8571428657
65005  -26.842  -5.081  2.215 0.8571428657
67571  -26.183  -3.059  1.478 0.8571428657
67570  -25.593  -2.685  1.125 1.0000000000
65858  -26.795  -4.139  2.152 0.8571428657
66669  -25.811  -3.397  1.087 1.0000000000
115422  -24.935  -1.189  0.890 1.0000000000
70277  -24.319  -0.118  0.353 0.7142857313
68473  -25.329  -1.805  1.192 1.0000000000
68472  -24.815  -1.661  0.655 1.0000000000
69392  -24.771  -0.483  0.935 1.0000000000
72046  -23.506  2.363  0.627 1.0000000000
119292  -23.156  2.940  -0.426 0.8571428657
72869  -23.168  3.916  0.020 0.8571428657
124170  -23.554  6.748  0.098 0.8571428657
75175  -23.534  5.933  -0.263 0.8571428657
74419  -23.607  5.414  0.355 1.0000000000
76683  -23.657  8.471  0.033 0.8571428657
77499  -23.551  9.249  -0.460 0.7142857313
76690  -23.391  8.509  -1.164 0.5714285970
78389  -23.276  9.977  -0.887 0.7142857313
79294  -23.473  10.712  -0.414 0.5714285970
78397  -21.738  10.382  -1.902 0.5714285970
77506  -22.676  9.196  -2.082 0.5714285970
79309  -22.743  12.188  -2.716 0.4285714328
124871  -22.906  12.047  -2.497 0.4285714328
80156  -21.168  12.299  -0.941 0.2857142985
80878  -21.435  13.284  -0.771 0.2857142985
80162  -21.401  11.990  -2.119 0.2857142985
80869  -21.403  13.556  0.443 0.2857142985
51686  -24.077  -19.212  10.566 0.2857142985
59508  -26.940  -11.863  6.084 0.5714285970
61249  -28.391  -9.150  5.556 0.5714285970
120635  -28.660  -4.886  3.257 0.5714285970
124325  -27.430  -3.841  2.344 0.8571428657
67559  -26.695  -2.547  2.232 0.8571428657
70265  -24.507  0.360  1.052 0.8571428657
80856  -22.664  14.128  1.973 0.1428571492
51684  -22.525  -19.563  10.099 0.2857142985
52729  -22.535  -18.695  9.423 0.2857142985
52717  -24.063  -18.472  9.924 0.2857142985
53717  -24.898  -17.873  9.955 0.4285714328
53734  -25.386  -17.073  9.763 0.4285714328
53742  -22.883  -17.651  8.498 0.2857142985
130003  -26.041  -16.299  9.616 0.4285714328
54702  -23.876  -16.804  8.215 0.5714285970
57704  -25.741  -13.944  7.039 0.7142857313
59496  -28.626  -11.564  7.465 0.4285714328
57732  -25.370  -13.437  5.470 0.7142857313
115265  -25.709  -12.726  5.143 0.7142857313
59509  -27.596  -11.452  6.316 0.5714285970
59510  -28.357  -11.154  6.726 0.4285714328
58716  -25.007  -12.401  3.448 0.5714285970
59546  -26.119  -11.120  3.751 0.5714285970
62148  -28.823  -8.764  5.870 0.5714285970
115445  -26.387  -10.240  3.540 0.8571428657
113187  -28.148  -4.007  2.538 0.5714285970
68462  -25.796  -1.387  1.973 1.0000000000
69405  -24.501  -1.063  0.316 0.8571428657
71112  -23.645  1.070  -0.238 0.7142857313
70264  -24.043  0.689  0.455 1.0000000000
131637  -24.200  1.073  1.084 1.0000000000
119401  -23.407  1.925  -0.208 0.7142857313
128139  -24.225  1.909  1.344 1.0000000000
71111  -23.323  1.564  -0.793 0.7142857313
72859  -23.439  3.262  0.718 0.8571428657
73662  -23.502  4.759  0.209 1.0000000000
125480  -23.595  4.106  0.946 1.0000000000
79301  -22.094  11.223  -2.127 0.7142857313
127781  -23.161  8.885  -1.921 0.5714285970
78388  -22.607  9.931  -1.841 0.7142857313
79293  -22.677  10.661  -1.454 0.7142857313
80884  -21.488  12.892  -2.217 0.2857142985
128977  -22.373  12.795  -3.047 0.4285714328
129650  -23.049  11.327  -0.836 0.4285714328
80169  -22.767  13.310  -3.654 0.4285714328
80890  -21.846  13.779  -3.539 0.4285714328
56649  -24.494  -14.473  5.573 0.4285714328
56650  -25.082  -14.046  5.724 0.4285714328
79308  -21.993  11.971  -2.470 0.4285714328
50652  -23.314  -20.629  11.443 0.4285714328
50653  -24.251  -20.173  11.654 0.4285714328
50654  -25.159  -19.813  11.725 0.4285714328
53743  -23.756  -17.392  8.835 0.2857142985
54690  -25.063  -16.555  9.185 0.4285714328
54701  -23.248  -17.171  8.159 0.4285714328
54711  -23.956  -16.395  7.712 0.4285714328
55671  -23.723  -15.631  6.688 0.2857142985
55662  -24.992  -15.332  7.863 0.4285714328
56638  -25.041  -14.504  6.389 0.5714285970
58690  -25.966  -12.988  5.938 0.5714285970
58691  -26.378  -12.284  5.613 0.5714285970
57746  -25.023  -13.184  4.707 0.7142857313
63139  -28.223  -8.098  4.756 0.7142857313
64064  -26.561  -5.993  2.196 0.8571428657
66670  -26.225  -3.717  1.507 1.0000000000
70276  -23.866  0.284  -0.183 0.8571428657
75935  -23.561  7.590  -0.510 0.8571428657
77507  -23.204  9.317  -1.411 0.5714285970
125460  -21.105  10.721  -1.588 0.4285714328
79300  -21.587  11.170  -2.007 0.4285714328
79302  -22.606  11.385  -1.893 0.4285714328
80146  -21.062  12.849  0.363 0.2857142985
80855  -21.937  13.696  1.488 0.1428571492
53732  -23.259  -18.224  9.223 0.2857142985
56637  -24.242  -15.080  6.083 0.2857142985
71100  -23.769  1.479  0.567 1.0000000000
81544  -23.796  15.679  -4.438 0.2857142985
82710  -23.230  16.525  -4.465 0.1428571492
81543  -23.208  14.869  -4.480 0.2857142985
82704  -23.799  17.659  -4.679 0.1428571492
81549  -21.818  14.270  -3.949 0.1428571492
81555  -21.873  14.495  -5.030 0.2857142985
82130  -21.977  15.163  -4.350 0.1428571492
80879  -24.413  14.107  -1.271 0.2857142985
80886  -23.877  14.572  -2.912 0.2857142985
119929  -25.892  11.450  2.176 0.2857142985
80131  -24.972  12.567  0.731 0.2857142985
82694  -23.597  16.962  -2.941 0.1428571492
80163  -23.058  12.754  -3.334 0.2857142985
78379  -24.048  10.740  0.630 0.2857142985
131589  -23.825  13.660  -1.861 0.2857142985
80885  -23.441  13.619  -3.268 0.2857142985
77472  -25.606  9.421  2.621 0.1428571492
79286  -24.450  11.684  0.729 0.2857142985
80148  -24.002  12.450  0.043 0.2857142985
82131  -22.596  16.118  -3.914 0.1428571492
80158  -23.829  13.127  -0.843 0.2857142985
76649  -27.090  8.228  3.407 0.1428571492
76655  -25.835  8.760  2.889 0.1428571492
78366  -24.627  10.247  1.533 0.4285714328
79285  -23.650  11.523  -0.058 0.2857142985
75152  -24.653  6.235  2.180 0.2857142985
76674  -24.325  8.489  1.805 0.4285714328
78365  -23.996  9.917  0.871 0.2857142985
74412  -25.663  5.509  3.308 0.1428571492
125575  -24.736  7.752  2.273 0.2857142985
125830  -24.102  7.603  1.565 0.5714285970
76673  -23.839  8.554  1.019 0.7142857313
72847  -25.529  3.805  3.357 0.1428571492
78378  -23.678  9.973  0.098 0.4285714328
123047  -26.135  3.049  3.795 0.2857142985
75927  -23.821  6.826  1.071 0.7142857313
73645  -24.443  4.873  2.144 0.8571428657
75169  -24.022  6.182  1.450 0.5714285970
71072  -26.638  1.533  3.906 0.2857142985
72019  -26.551  2.385  4.111 0.2857142985
74410  -24.216  5.578  1.762 0.7142857313
75180  -23.204  6.031  -1.521 0.5714285970
128758  -23.788  5.626  1.061 0.8571428657
71073  -27.522  1.131  4.094 0.1428571492
72846  -24.998  3.252  2.644 0.7142857313
66679  -23.635  -3.862  -0.549 0.5714285970
67569  -24.892  -2.257  0.791 0.8571428657
67568  -24.415  -1.870  0.148 0.8571428657
67577  -24.274  -2.533  0.354 0.4285714328
68477  -24.022  -1.514  -0.384 0.5714285970
70254  -25.496  0.514  2.416 0.8571428657
72047  -23.856  2.739  1.300 0.8571428657
70241  -27.696  0.255  3.660 0.2857142985
71089  -25.363  1.510  2.569 0.8571428657
72036  -24.493  2.743  1.979 0.8571428657
74420  -23.798  4.964  1.201 0.8571428657
70242  -28.664  0.086  3.556 0.4285714328
71090  -25.967  1.012  3.249 0.7142857313
72037  -25.187  2.414  2.634 0.7142857313
65880  -23.623  -4.638  -0.496 0.2857142985
132936  -24.400  -3.505  1.081 0.5714285970
127578  -24.014  -3.281  0.577 0.5714285970
70266  -25.120  0.030  1.594 0.8571428657
70253  -24.808  1.042  1.743 0.8571428657
71088  -24.803  1.916  2.078 0.8571428657
70256  -26.982  -0.360  3.237 0.4285714328
70255  -26.159  0.021  2.972 0.8571428657
69359  -27.932  -0.579  3.167 0.4285714328
62191  -25.342  -8.755  1.765 0.7142857313
62198  -24.402  -8.450  0.208 0.4285714328
114906  -25.638  -6.858  1.721 0.8571428657
64071  -25.109  -6.530  1.195 0.5714285970
131048  -24.558  -5.926  0.629 0.5714285970
65022  -23.769  -6.065  -0.360 0.4285714328
64063  -25.838  -6.131  1.740 0.8571428657
65871  -26.195  -4.488  1.677 0.8571428657
65870  -25.807  -4.102  1.178 0.7142857313
65013  -24.938  -4.775  1.072 0.5714285970
67560  -27.637  -2.633  2.385 0.7142857313
68463  -26.524  -1.743  2.343 0.7142857313
69377  -25.670  -0.458  2.206 0.8571428657
68466  -28.858  -2.160  2.896 0.2857142985
68465  -28.255  -2.014  2.569 0.4285714328
69380  -28.133  -1.334  2.749 0.5714285970
60404  -25.694  -10.884  2.999 0.4285714328
61278  -25.237  -9.727  2.038 0.4285714328
61288  -24.625  -9.611  1.152 0.4285714328
63147  -26.456  -7.577  2.665 0.7142857313
63156  -26.127  -6.773  2.313 0.7142857313
65004  -26.060  -5.302  1.783 0.8571428657
66659  -27.910  -3.304  2.395 0.7142857313
67561  -28.398  -2.709  2.581 0.5714285970
59545  -25.393  -11.749  3.191 0.4285714328
59556  -24.969  -11.512  2.462 0.5714285970
61267  -25.908  -9.988  2.751 0.5714285970
65849  -28.797  -4.170  3.067 0.4285714328
66650  -29.088  -3.488  3.162 0.4285714328
66661  -28.977  -2.849  3.018 0.4285714328
66660  -28.575  -3.414  2.726 0.4285714328
62149  -29.346  -8.720  6.417 0.4285714328
62166  -29.104  -8.133  5.770 0.4285714328
64985  -29.297  -5.380  4.193 0.4285714328
64041  -28.695  -6.481  4.274 0.4285714328
65843  -29.698  -4.661  4.339 0.4285714328
65850  -29.182  -4.758  3.623 0.4285714328
55639  -26.682  -15.580  9.368 0.1428571492
63130  -29.362  -7.334  5.630 0.4285714328
64034  -29.710  -6.421  5.535 0.4285714328
64042  -29.256  -6.083  4.666 0.4285714328
56614  -27.287  -14.238  8.755 0.1428571492
58667  -28.272  -12.259  7.759 0.2857142985
61223  -30.433  -9.485  7.650 0.2857142985
63102  -30.743  -7.870  7.286 0.2857142985
62150  -30.065  -8.262  6.861 0.2857142985
60370  -29.277  -10.256  7.087 0.4285714328
63116  -30.307  -7.413  6.671 0.2857142985
61232  -29.290  -9.622  6.770 0.2857142985
64013  -29.867  -7.066  6.123 0.4285714328
55640  -27.461  -15.347  9.612 0.1428571492
56598  -27.020  -14.941  9.066 0.1428571492
55638  -25.911  -15.639  9.155 0.1428571492
57679  -27.946  -13.776  9.089 0.2857142985
57690  -28.109  -13.199  8.676 0.2857142985
59487  -29.558  -11.711  8.570 0.2857142985
60358  -30.298  -10.279  7.891 0.2857142985
60357  -29.634  -10.625  7.590 0.2857142985
59497  -29.328  -11.322  7.835 0.2857142985
61222  -29.790  -9.893  7.359 0.2857142985
56599  -27.737  -14.569  9.378 0.1428571492
58646  -29.489  -12.905  9.506 0.2857142985
56600  -28.562  -14.166  9.596 0.2857142985
58656  -29.131  -12.427  8.853 0.2857142985
58645  -28.670  -13.227  9.158 0.2857142985
59486  -28.900  -11.979  8.166 0.2857142985
52700  -25.596  -18.646  11.080 0.2857142985
54677  -26.026  -16.949  10.183 0.1428571492
54691  -27.096  -16.032  9.903 0.1428571492
50629  -24.041  -20.764  12.151 0.2857142985
49632  -23.921  -21.402  12.570 0.2857142985
128766  -22.636  -21.320  11.707 0.2857142985
53718  -25.694  -17.558  10.352 0.2857142985
49633  -24.712  -21.100  12.530 0.1428571492
48606  -23.011  -21.848  12.478 0.2857142985
48583  -23.050  -22.584  13.089 0.1428571492
57680  -29.115  -13.626  9.622 0.2857142985
62140  -30.527  -8.675  7.433 0.2857142985
64014  -30.502  -6.471  6.372 0.2857142985
62199  -24.975  -8.067  1.176 0.7142857313
64054  -28.896  -5.871  4.080 0.4285714328
67553  -29.464  -2.289  3.305 0.2857142985
73661  -23.221  4.597  -0.668 0.7142857313
69378  -26.389  -0.865  2.559 0.7142857313
72860  -23.939  3.437  1.535 0.8571428657
75942  -23.406  7.628  -1.750 0.4285714328
75168  -23.676  6.068  0.608 0.7142857313
72845  -24.439  3.547  2.130 0.8571428657
121563  -25.841  2.103  3.419 0.5714285970
80147  -23.215  12.127  -0.974 0.2857142985
74411  -24.976  5.535  2.470 0.4285714328
75907  -25.177  6.976  2.489 0.4285714328
82117  -23.226  15.935  -2.103 0.1428571492
78357  -25.411  10.178  2.289 0.2857142985
76654  -25.158  8.629  2.440 0.1428571492
50630  -24.862  -20.474  12.161 0.1428571492
50651  -22.364  -20.788  11.040 0.2857142985
51671  -25.808  -19.276  11.493 0.1428571492
55641  -28.197  -15.012  9.880 0.1428571492
56583  -28.889  -14.694  10.201 0.1428571492
57706  -27.187  -13.172  7.809 0.2857142985
58655  -28.478  -12.632  8.486 0.2857142985
60348  -30.714  -10.608  8.633 0.2857142985
60356  -28.962  -10.855  7.223 0.2857142985
60423  -24.012  -10.307  0.672 0.2857142985
116742  -31.033  -6.981  7.174 0.2857142985
64949  -30.987  -5.574  6.314 0.2857142985
134470  -25.912  -8.225  2.562 0.5714285970
63185  -23.606  -7.426  -0.743 0.4285714328
63166  -24.659  -7.393  0.572 0.5714285970
119397  -23.185  -4.572  -1.653 0.2857142985
118669  -23.998  -5.155  0.180 0.5714285970
64035  -30.347  -5.815  5.762 0.2857142985
63140  -29.024  -6.869  4.973 0.4285714328
65844  -30.351  -4.574  5.042 0.1428571492
66642  -29.546  -3.929  3.674 0.4285714328
66652  -30.081  -3.242  4.102 0.1428571492
69393  -25.299  -0.880  1.428 0.8571428657
66651  -29.563  -3.058  3.464 0.1428571492
68452  -28.792  -1.479  2.910 0.2857142985
69379  -27.265  -1.166  2.724 0.5714285970
73654  -24.103  4.188  1.790 0.8571428657
114948  -28.430  0.913  4.002 0.1428571492
72020  -27.487  2.225  4.340 0.1428571492
73646  -25.213  4.759  2.928 0.5714285970
73647  -26.026  4.715  3.673 0.1428571492
82116  -22.499  15.072  -2.366 0.1428571492
72823  -26.450  3.931  4.165 0.1428571492
75154  -26.136  6.205  3.490 0.1428571492
125576  -25.911  6.962  3.218 0.1428571492
75891  -26.621  7.575  3.436 0.1428571492
76656  -26.449  8.464  3.211 0.1428571492
78367  -25.370  10.936  1.890 0.2857142985
78358  -25.984  10.832  2.503 0.2857142985
111821  -26.113  10.090  2.752 0.1428571492
132646  -26.651  9.935  2.854 0.1428571492
133727  -26.386  -19.344  11.646 0.1428571492
55626  -27.555  -16.448  10.487 0.1428571492
62126  -31.061  -8.979  7.990 0.2857142985
68453  -29.313  -1.686  3.160 0.2857142985
77466  -27.152  8.908  3.211 0.1428571492
79264  -26.609  11.375  2.342 0.2857142985
52719  -26.086  -18.060  10.916 0.1428571492
57688  -26.790  -13.833  8.160 0.2857142985
57689  -27.537  -13.507  8.458 0.2857142985
56613  -26.491  -14.522  8.480 0.1428571492
58666  -27.573  -12.513  7.447 0.2857142985
61279  -25.954  -9.079  2.592 0.5714285970
66668  -24.854  -2.999  1.030 0.8571428657
75181  -23.530  6.602  -1.163 0.5714285970
75926  -23.737  7.677  0.676 0.7142857313
77486  -23.759  9.258  0.536 0.5714285970
80157  -23.397  12.699  -2.160 0.2857142985
65869  -25.102  -3.801  1.117 0.5714285970
80168  -22.210  13.645  -3.731 0.2857142985
80892  -22.545  13.968  -4.365 0.2857142985
134842  -21.792  14.228  -4.470 0.2857142985
82132  -23.680  17.051  -4.747 0.1428571492
81552  -23.094  15.790  -4.676 0.2857142985
82703  -23.205  16.824  -3.890 0.1428571492
81551  -22.326  15.032  -5.004 0.2857142985
81536  -24.441  15.118  -2.730 0.2857142985
82141  -22.579  15.507  -4.668 0.1428571492
82140  -21.939  14.985  -5.131 0.1428571492
79271  -25.382  11.799  1.499 0.2857142985
112805  -24.554  13.358  -0.070 0.2857142985
120425  -24.725  11.108  1.338 0.2857142985
77471  -24.838  9.407  2.070 0.2857142985
75908  -25.678  7.871  2.892 0.1428571492
77473  -26.418  9.348  2.984 0.1428571492
75153  -25.423  6.246  2.838 0.1428571492
128249  -23.957  8.070  1.312 0.5714285970
77487  -24.180  9.322  1.347 0.5714285970
75906  -24.349  6.909  1.913 0.5714285970
125309  -24.792  4.077  2.508 0.4285714328
122227  -25.462  2.914  3.259 0.5714285970
70240  -26.761  0.565  3.610 0.4285714328
65881  -23.991  -4.113  0.768 0.5714285970
67567  -24.200  -1.871  -0.214 0.4285714328
121645  -23.781  -3.003  -0.511 0.4285714328
120688  -24.652  -8.880  0.900 0.4285714328
130671  -25.673  -7.629  2.006 0.7142857313
63167  -25.230  -7.282  1.354 0.7142857313
64081  -24.255  -6.899  -0.201 0.4285714328
133099  -24.640  -6.662  0.598 0.5714285970
130549  -23.570  -6.755  -0.770 0.2857142985
65014  -25.423  -5.557  1.291 0.7142857313
128817  -25.727  -4.796  1.358 0.8571428657
68464  -27.455  -1.918  2.466 0.5714285970
60414  -25.125  -10.601  2.271 0.5714285970
63115  -29.657  -7.810  6.257 0.4285714328
64973  -29.853  -5.422  5.053 0.4285714328
58654  -27.854  -12.850  8.136 0.2857142985
62139  -29.839  -9.077  7.154 0.2857142985
127892  -27.854  -15.727  10.196 0.1428571492
60347  -30.001  -11.020  8.233 0.2857142985
59472  -29.746  -12.165  9.141 0.2857142985
49608  -23.847  -22.026  13.083 0.1428571492
49634  -25.422  -20.855  12.532 0.1428571492
50631  -25.567  -20.308  12.169 0.1428571492
51653  -27.003  -19.376  11.830 0.1428571492
74425  -23.265  5.301  -1.140 0.5714285970
72868  -23.195  3.863  -1.243 0.4285714328
72879  -22.808  3.774  -2.585 0.4285714328
73669  -22.865  4.702  -1.700 0.5714285970
72068  -23.165  2.994  -2.375 0.4285714328
74426  -23.516  5.303  -0.455 0.4285714328
125729  -23.333  0.992  -0.984 0.4285714328
72057  -23.184  2.219  -1.193 0.4285714328
72056  -23.163  2.282  -2.026 0.4285714328
69404  -23.954  -0.578  -0.274 0.5714285970
63090  -32.245  -7.860  8.273 0.1428571492
55660  -22.918  -16.034  6.990 0.2857142985
62130  -33.898  -8.654  8.113 0.1428571492
62129  -33.546  -7.972  8.023 0.1428571492
63091  -32.931  -7.812  8.372 0.1428571492
62142  -34.172  -8.304  7.427 0.1428571492
54710  -23.241  -16.659  7.607 0.2857142985
60349  -31.536  -10.144  8.934 0.1428571492
61212  -32.754  -9.093  8.960 0.1428571492
62128  -32.468  -8.453  8.579 0.1428571492
61214  -34.294  -9.197  7.793 0.1428571492
124667  -33.269  -8.596  8.569 0.1428571492
61250  -34.519  -9.425  5.301 0.1428571492
61233  -34.549  -9.165  6.208 0.1428571492
62167  -34.551  -8.578  5.578 0.1428571492
54709  -22.515  -16.430  7.557 0.2857142985
59473  -31.015  -11.687  9.721 0.1428571492
60335  -31.349  -10.989  9.345 0.1428571492
59488  -30.362  -11.497  9.045 0.1428571492
61201  -33.230  -9.756  9.080 0.1428571492
61200  -32.397  -9.793  9.205 0.1428571492
61213  -33.782  -9.331  8.486 0.1428571492
124172  -34.429  -9.929  7.554 0.1428571492
60371  -34.537  -10.461  5.994 0.1428571492
60386  -34.446  -10.211  5.232 0.1428571492
119277  -34.531  -9.827  5.874 0.1428571492
116619  -22.627  -17.030  7.999 0.2857142985
53741  -22.101  -17.379  8.509 0.2857142985
53730  -21.579  -17.714  9.054 0.2857142985
58626  -30.004  -13.015  10.009 0.1428571492
132991  -31.571  -11.388  9.796 0.1428571492
59474  -32.260  -11.088  9.920 0.1428571492
60336  -32.095  -10.454  9.453 0.1428571492
115585  -34.396  -10.630  8.063 0.1428571492
120727  -34.528  -9.799  6.730 0.1428571492
60406  -34.075  -10.324  3.800 0.1428571492
61261  -34.397  -9.844  4.494 0.1428571492
57665  -29.602  -13.588  10.007 0.1428571492
58627  -30.589  -12.789  10.256 0.1428571492
59456  -32.746  -11.643  10.594 0.1428571492
58629  -32.231  -12.318  10.908 0.1428571492
59477  -33.948  -11.388  9.189 0.1428571492
60339  -34.033  -10.855  8.774 0.1428571492
59475  -33.083  -11.090  10.119 0.1428571492
59526  -34.376  -10.963  5.303 0.1428571492
60359  -34.522  -10.741  6.927 0.1428571492
60397  -34.221  -10.661  4.551 0.1428571492
57666  -30.288  -13.526  10.491 0.1428571492
56601  -29.183  -14.103  9.944 0.1428571492
57669  -33.406  -13.222  11.207 0.1428571492
57668  -32.610  -13.006  11.290 0.1428571492
127394  -30.944  -13.108  10.687 0.1428571492
59457  -33.325  -11.743  10.466 0.1428571492
58628  -31.313  -12.530  10.570 0.1428571492
58668  -34.544  -12.319  8.114 0.1428571492
132703  -34.270  -11.992  8.893 0.1428571492
116947  -34.528  -11.529  7.540 0.1428571492
118782  -34.519  -11.693  6.492 0.1428571492
59489  -34.340  -11.458  8.432 0.1428571492
59511  -34.534  -11.144  6.015 0.1428571492
56586  -33.899  -13.895  11.105 0.1428571492
57667  -31.668  -13.016  11.085 0.1428571492
123122  -34.244  -12.994  9.869 0.1428571492
57670  -34.051  -13.435  10.613 0.1428571492
120873  -34.352  -12.701  8.985 0.1428571492
58680  -34.556  -12.391  7.042 0.1428571492
58631  -33.700  -12.584  10.568 0.1428571492
59455  -31.721  -11.780  10.302 0.1428571492
59476  -33.518  -11.357  9.826 0.1428571492
60338  -33.447  -10.672  9.375 0.1428571492
59548  -33.815  -11.112  3.923 0.1428571492
62141  -31.114  -8.329  7.699 0.1428571492
63104  -32.472  -7.254  7.978 0.1428571492
53731  -22.346  -18.083  8.941 0.2857142985
59538  -34.076  -11.447  4.649 0.1428571492
61269  -33.944  -9.978  3.067 0.1428571492
133174  -23.386  0.499  -0.904 0.4285714328
61270  -34.303  -9.483  3.700 0.1428571492
62151  -34.470  -8.382  6.538 0.1428571492
62175  -34.525  -8.863  4.508 0.1428571492
63997  -31.926  -6.657  7.557 0.1428571492
64015  -31.408  -6.081  6.959 0.1428571492
74433  -22.649  5.496  -1.905 0.4285714328
79265  -27.578  11.263  2.455 0.1428571492
75174  -23.614  5.800  -0.945 0.4285714328
79272  -26.256  12.050  1.946 0.1428571492
63103  -31.584  -7.611  7.760 0.1428571492
58647  -30.296  -12.343  9.659 0.1428571492
61210  -30.947  -9.776  8.309 0.1428571492
64974  -30.638  -5.112  5.671 0.1428571492
62127  -31.686  -8.383  8.208 0.1428571492
63105  -33.175  -7.210  7.908 0.1428571492
63106  -33.759  -7.416  7.388 0.1428571492
61211  -31.804  -9.184  8.698 0.1428571492
61224  -34.499  -9.025  7.071 0.1428571492
131738  -34.457  -9.471  7.333 0.1428571492
135048  -33.286  -9.173  8.807 0.1428571492
59454  -30.949  -12.219  10.107 0.1428571492
60350  -33.868  -10.171  8.679 0.1428571492
60337  -32.827  -10.450  9.554 0.1428571492
123433  -34.227  -9.837  8.155 0.1428571492
58630  -33.084  -12.277  11.063 0.1428571492
58648  -33.949  -12.071  9.724 0.1428571492
58692  -34.442  -12.506  6.064 0.1428571492
48603  -20.901  -22.319  12.428 0.1428571492
49631  -22.101  -22.011  11.945 0.1428571492
49629  -20.484  -21.331  12.296 0.1428571492
49630  -21.330  -21.846  11.897 0.1428571492
49644  -21.831  -21.356  11.443 0.1428571492
50628  -21.069  -21.086  11.561 0.1428571492
50650  -21.544  -20.657  11.043 0.1428571492
51683  -21.602  -19.469  10.193 0.1428571492
51682  -20.761  -19.133  10.497 0.1428571492
52715  -21.226  -18.732  9.909 0.1428571492
52698  -20.044  -18.741  10.968 0.1428571492
52714  -20.368  -18.210  10.279 0.1428571492
52727  -20.994  -17.969  9.571 0.1428571492
54687  -19.976  -16.227  9.637 0.1428571492
54688  -20.696  -16.644  9.233 0.1428571492
54700  -21.834  -16.526  8.082 0.1428571492
54699  -21.041  -16.208  8.677 0.1428571492
55650  -21.318  -15.576  8.199 0.2857142985
55659  -22.050  -15.629  7.402 0.2857142985
58715  -24.356  -12.804  3.040 0.4285714328
59544  -24.703  -12.270  2.685 0.4285714328
69411  -23.029  -0.413  -1.755 0.2857142985
69403  -23.442  -0.044  -0.814 0.2857142985
72886  -20.738  3.725  -2.651 0.2857142985
117297  -21.441  4.307  -2.638 0.2857142985
73668  -21.802  5.016  -2.397 0.4285714328
56611  -21.392  -14.945  7.812 0.1428571492
56624  -22.224  -14.955  6.898 0.2857142985
56636  -23.497  -15.113  6.054 0.1428571492
50649  -20.761  -20.316  11.321 0.1428571492
53716  -20.281  -17.232  9.786 0.1428571492
132304  -20.486  -15.990  9.131 0.1428571492
55649  -20.644  -15.442  8.769 0.1428571492
56623  -21.666  -14.615  7.242 0.2857142985
56635  -22.721  -14.838  6.306 0.2857142985
56648  -23.873  -14.752  5.436 0.2857142985
57745  -24.270  -13.648  4.348 0.4285714328
58714  -23.609  -12.896  2.881 0.2857142985
67587  -23.517  -2.731  -1.500 0.2857142985
68482  -23.084  -1.452  -2.335 0.2857142985
69412  -23.424  -0.999  -1.069 0.2857142985
69416  -22.640  -0.677  -2.505 0.2857142985
69402  -23.117  0.417  -1.366 0.2857142985
71110  -23.137  1.664  -1.440 0.2857142985
72077  -21.783  2.561  -2.533 0.2857142985
72076  -20.503  2.732  -2.406 0.2857142985
72887  -21.762  3.413  -2.620 0.2857142985
56647  -23.189  -14.574  5.544 0.2857142985
68483  -23.558  -1.902  -1.368 0.2857142985
68490  -22.866  -2.092  -2.645 0.2857142985
70296  -22.127  -0.151  -2.619 0.2857142985
71126  -21.970  1.662  -2.313 0.2857142985
70284  -22.856  1.073  -1.585 0.2857142985
71119  -22.827  1.783  -1.973 0.2857142985
118855  -21.127  1.854  -2.656 0.2857142985
72067  -22.954  2.594  -2.488 0.2857142985
69424  -21.761  -0.435  -2.726 0.2857142985
70294  -20.880  0.285  -2.709 0.2857142985
70290  -21.845  0.652  -2.472 0.2857142985
58702  -24.598  -12.925  3.917 0.4285714328
120841  -22.019  -19.056  9.712 0.1428571492
57730  -24.065  -14.293  4.868 0.4285714328
50665  -22.027  -20.202  10.503 0.1428571492
72078  -23.002  3.143  -2.820 0.2857142985
55669  -22.625  -15.423  6.823 0.1428571492
54689  -21.378  -16.972  8.792 0.1428571492
113683  -20.995  -17.307  9.300 0.1428571492
48604  -21.615  -22.572  12.264 0.1428571492
51668  -21.163  -19.911  10.749 0.1428571492
53715  -19.695  -17.452  10.499 0.1428571492
57756  -23.933  -13.312  3.561 0.4285714328
72895  -21.003  2.937  -2.712 0.2857142985
57744  -23.532  -13.831  4.262 0.4285714328
116081  -20.664  0.904  -2.535 0.2857142985
59555  -24.210  -11.895  2.049 0.2857142985
60424  -24.558  -10.432  1.450 0.2857142985
81524  -27.527  14.824  0.094 0.1428571492
80873  -27.523  14.268  0.708 0.1428571492
112252  -26.105  14.323  0.518 0.1428571492
80132  -25.855  12.747  1.406 0.1428571492
116718  -28.201  14.610  0.242 0.1428571492
80872  -25.455  13.573  0.570 0.1428571492
81522  -25.021  14.993  -1.370 0.1428571492
82134  -25.793  16.701  -3.387 0.1428571492
60413  -24.439  -11.195  1.722 0.2857142985
129124  -24.060  -10.930  1.044 0.2857142985
80133  -26.806  12.736  1.667 0.1428571492
80858  -27.414  13.492  1.316 0.1428571492
80857  -26.388  13.552  1.215 0.1428571492
80871  -24.919  14.214  -0.287 0.1428571492
82103  -25.939  15.071  -0.674 0.1428571492
82119  -25.489  15.926  -2.718 0.1428571492
82118  -24.626  16.027  -3.690 0.1428571492
82133  -24.620  17.376  -4.648 0.1428571492
81523  -26.781  14.680  0.313 0.1428571492
82104  -27.048  15.265  -0.704 0.1428571492
134024  -26.798  14.142  0.979 0.1428571492
120247  -25.431  14.486  -0.116 0.1428571492
82105  -27.887  15.344  -0.479 0.1428571492
68489  -21.897  -1.710  -2.535 0.1428571492
68498  -22.549  -1.270  -2.679 0.1428571492
68497  -21.804  -0.953  -2.757 0.1428571492
71125  -20.672  1.709  -2.535 0.1428571492
72055  -18.606  2.422  0.239 0.1428571492
72065  -18.637  3.306  -0.228 0.1428571492
67586  -23.178  -2.446  -2.363 0.1428571492
71124  -20.037  2.082  -1.741 0.1428571492
72867  -17.981  4.198  0.370 0.1428571492
72878  -19.363  4.396  -1.541 0.1428571492
73666  -18.729  5.294  -1.019 0.2857142985
63177  -24.159  -7.881  -0.393 0.2857142985
62213  -23.461  -8.160  -0.675 0.1428571492
65888  -23.037  -4.738  -1.718 0.1428571492
66689  -23.028  -3.802  -2.217 0.1428571492
66693  -22.982  -2.944  -2.551 0.1428571492
69360  -28.807  -0.746  3.129 0.1428571492
68488  -21.117  -1.016  -2.527 0.1428571492
123493  -20.669  4.688  -2.811 0.1428571492
73667  -19.491  5.327  -2.027 0.1428571492
74439  -20.226  6.164  -3.186 0.2857142985
76688  -20.164  9.195  -1.418 0.2857142985
131124  -19.299  9.508  -0.185 0.2857142985
78387  -20.770  10.274  -1.439 0.2857142985
81541  -21.736  13.621  -2.404 0.1428571492
80126  -21.211  12.266  2.125 0.1428571492
74432  -21.883  5.812  -2.362 0.2857142985
75187  -21.462  6.557  -2.502 0.2857142985
75947  -20.870  7.625  -2.471 0.2857142985
75940  -19.945  8.504  -1.946 0.2857142985
76689  -22.991  8.505  -2.203 0.2857142985
76700  -21.664  9.704  -2.038 0.2857142985
79292  -21.048  11.391  -1.175 0.1428571492
76682  -19.320  9.866  0.484 0.2857142985
81519  -21.737  13.972  -0.028 0.1428571492
81508  -22.270  14.416  1.228 0.1428571492
75934  -19.323  9.039  -0.545 0.1428571492
75933  -19.007  9.053  0.380 0.1428571492
74430  -18.097  6.389  -0.336 0.2857142985
129273  -19.658  9.734  -0.546 0.2857142985
78377  -20.378  10.995  -0.335 0.1428571492
119652  -19.656  10.337  -0.149 0.2857142985
79284  -20.756  11.893  0.163 0.1428571492
79270  -20.048  11.533  1.036 0.1428571492
73659  -17.455  5.446  0.704 0.2857142985
77498  -19.453  10.432  0.960 0.1428571492
78364  -19.941  11.045  1.159 0.1428571492
73612  -16.278  5.842  4.422 0.1428571492
66688  -22.364  -3.335  -2.053 0.1428571492
114949  -29.645  -0.010  3.532 0.1428571492
67585  -21.503  -2.418  -1.819 0.1428571492
69409  -20.332  -0.793  -1.553 0.1428571492
70283  -20.143  -0.155  -1.593 0.1428571492
70289  -20.349  0.371  -2.105 0.1428571492
71108  -18.983  1.601  -0.222 0.1428571492
72075  -19.840  2.873  -1.639 0.1428571492
72866  -17.435  4.602  1.085 0.1428571492
124816  -20.011  3.619  -2.021 0.1428571492
73660  -17.977  5.331  -0.110 0.2857142985
75185  -19.702  6.950  -2.864 0.1428571492
120815  -19.223  8.362  -0.924 0.1428571492
75946  -19.783  7.615  -2.471 0.1428571492
77485  -20.411  10.324  1.353 0.1428571492
76672  -19.657  9.751  0.936 0.2857142985
128528  -19.611  10.850  0.836 0.1428571492
80129  -20.749  12.455  1.353 0.1428571492
69361  -29.499  -0.988  3.239 0.1428571492
80854  -21.220  13.358  1.143 0.1428571492
77515  -20.509  9.701  -1.479 0.2857142985
80870  -21.678  14.009  0.828 0.1428571492
75179  -22.545  6.272  -2.145 0.2857142985
65021  -23.421  -5.412  -1.044 0.1428571492
64080  -23.203  -6.264  -1.219 0.1428571492
75188  -23.094  6.858  -2.056 0.2857142985
66690  -23.343  -3.576  -1.734 0.1428571492
67554  -30.138  -2.451  3.791 0.1428571492
73675  -20.783  5.291  -2.968 0.1428571492
67594  -22.423  -2.509  -2.428 0.1428571492
69415  -20.645  -0.388  -2.293 0.1428571492
70288  -20.090  1.132  -1.800 0.1428571492
68481  -20.847  -1.522  -1.834 0.1428571492
71118  -19.635  1.635  -1.020 0.1428571492
71117  -19.341  2.475  -0.762 0.1428571492
72066  -19.328  3.472  -1.090 0.1428571492
66694  -23.123  -3.161  -2.325 0.1428571492
72877  -18.616  4.294  -0.622 0.1428571492
72885  -20.121  4.534  -2.391 0.1428571492
113859  -22.671  -4.173  -1.869 0.1428571492
73674  -20.202  5.413  -2.882 0.2857142985
74431  -18.933  6.241  -1.392 0.2857142985
75186  -20.297  6.767  -3.119 0.2857142985
74440  -20.902  5.951  -3.019 0.2857142985
76695  -21.665  8.915  -2.147 0.2857142985
80130  -21.405  12.968  1.802 0.1428571492
117419  -22.068  6.980  -2.295 0.2857142985
75941  -22.201  7.816  -2.265 0.2857142985
119156  -20.930  8.480  -2.226 0.2857142985
81520  -22.171  14.371  0.400 0.1428571492
75178  -19.150  7.073  -1.732 0.1428571492
79262  -20.715  11.645  1.647 0.1428571492
57702  -20.704  -13.300  7.457 0.1428571492
56634  -21.983  -14.251  6.570 0.1428571492
57714  -21.656  -13.354  6.153 0.1428571492
58664  -20.492  -12.327  7.032 0.1428571492
58676  -20.849  -11.943  6.156 0.1428571492
58688  -21.105  -11.741  5.279 0.1428571492
58677  -21.275  -12.472  5.686 0.1428571492
58700  -21.333  -11.696  4.487 0.1428571492
57729  -22.901  -13.989  4.904 0.1428571492
57754  -22.165  -12.864  3.446 0.1428571492
58713  -22.615  -12.851  2.744 0.1428571492
57755  -23.147  -13.172  3.472 0.1428571492
59523  -21.098  -11.213  4.883 0.1428571492
58711  -21.540  -12.053  2.848 0.1428571492
58725  -23.124  -12.540  2.393 0.1428571492
59554  -23.214  -12.062  1.920 0.1428571492
60430  -23.447  -10.062  0.296 0.1428571492
61287  -23.972  -9.424  0.281 0.1428571492
74424  -17.379  6.587  0.470 0.1428571492
57728  -22.033  -13.038  5.114 0.1428571492
130997  -23.546  -14.335  4.978 0.1428571492
56609  -20.351  -13.846  8.356 0.1428571492
57701  -20.100  -12.796  7.948 0.1428571492
57713  -21.055  -12.806  6.618 0.1428571492
58726  -23.960  -12.443  2.435 0.1428571492
57703  -21.378  -13.711  7.010 0.1428571492
56622  -21.050  -14.189  7.722 0.1428571492
57715  -22.435  -14.006  5.783 0.1428571492
58675  -20.393  -11.482  6.554 0.1428571492
58689  -21.421  -12.225  4.708 0.1428571492
57742  -21.889  -12.629  4.228 0.1428571492
58701  -21.597  -12.202  3.664 0.1428571492
59534  -21.422  -11.398  3.851 0.1428571492
57743  -22.621  -13.239  4.221 0.1428571492
58712  -21.772  -12.495  2.684 0.1428571492
59522  -20.673  -10.725  5.335 0.1428571492
57678  -19.535  -13.323  8.837 0.1428571492
51685  -23.284  -19.600  10.402 0.2857142985
52728  -21.756  -18.409  9.391 0.1428571492
53719  -26.456  -17.380  10.653 0.1428571492
55670  -23.072  -15.467  6.518 0.1428571492
57731  -24.715  -13.856  5.115 0.4285714328
64087  -23.112  -7.075  -1.168 0.2857142985
67576  -23.967  -2.184  -0.459 0.4285714328
69391  -23.565  0.576  -0.597 0.4285714328
69408  -19.757  -0.440  -0.707 0.1428571492
69410  -22.598  0.286  -2.134 0.2857142985
69423  -21.234  -0.405  -2.710 0.2857142985
69425  -22.244  -0.722  -2.706 0.1428571492
70282  -19.822  0.362  -1.226 0.1428571492
70295  -21.425  0.146  -2.733 0.2857142985
71131  -21.103  1.003  -2.744 0.2857142985
72084  -20.922  2.343  -2.659 0.2857142985
74438  -19.638  6.232  -2.620 0.2857142985
80167  -21.879  12.933  -2.786 0.2857142985
80891  -21.865  14.161  -4.711 0.2857142985
80897  -22.160  13.933  -4.598 0.2857142985
81550  -21.819  14.604  -4.971 0.1428571492
118792  -23.614  -16.156  7.243 0.2857142985
123057  -22.418  1.113  -1.999 0.2857142985
128348  -19.306  7.589  -1.960 0.2857142985
128501  -20.687  -0.966  -2.132 0.1428571492
134475  -22.572  -19.115  9.736 0.1428571492
