#!ascii label  , from subject sub-v1s15x0050210_ses-1 vox2ras=TkReg
308
58679  -27.261  -12.172  6.736 0.0000000000
61278  -25.237  -9.727  2.038 0.0000000000
72068  -23.165  2.994  -2.375 0.0000000000
69405  -24.501  -1.063  0.316 0.0000000000
65005  -26.842  -5.081  2.215 0.0000000000
62166  -29.104  -8.133  5.770 0.0000000000
73668  -21.802  5.016  -2.397 0.0000000000
66669  -25.811  -3.397  1.087 0.0000000000
131048  -24.558  -5.926  0.629 0.0000000000
59536  -26.439  -11.332  4.555 0.0000000000
62174  -27.662  -8.715  4.450 0.0000000000
60369  -28.698  -10.275  6.546 0.0000000000
54702  -23.876  -16.804  8.215 0.0000000000
57732  -25.370  -13.437  5.470 0.0000000000
79301  -22.094  11.223  -2.127 0.0000000000
77507  -23.204  9.317  -1.411 0.0000000000
75935  -23.561  7.590  -0.510 0.0000000000
128758  -23.788  5.626  1.061 0.0000000000
72845  -24.439  3.547  2.130 0.0000000000
71112  -23.645  1.070  -0.238 0.0000000000
71089  -25.363  1.510  2.569 0.0000000000
69378  -26.389  -0.865  2.559 0.0000000000
67561  -28.398  -2.709  2.581 0.0000000000
65850  -29.182  -4.758  3.623 0.0000000000
63147  -26.456  -7.577  2.665 0.0000000000
63149  -28.119  -6.786  3.801 0.0000000000
65880  -23.623  -4.638  -0.496 0.0000000000
65022  -23.769  -6.065  -0.360 0.0000000000
59524  -26.790  -11.538  5.394 0.0000000000
60383  -27.019  -10.812  5.080 0.0000000000
59509  -27.596  -11.452  6.316 0.0000000000
51670  -24.426  -19.634  11.230 0.0000000000
113592  -24.848  -18.599  10.526 0.0000000000
53717  -24.898  -17.873  9.955 0.0000000000
58702  -24.598  -12.925  3.917 0.0000000000
57744  -23.532  -13.831  4.262 0.0000000000
76690  -23.391  8.509  -1.164 0.0000000000
72879  -22.808  3.774  -2.585 0.0000000000
74426  -23.516  5.303  -0.455 0.0000000000
72869  -23.168  3.916  0.020 0.0000000000
73654  -24.103  4.188  1.790 0.0000000000
72859  -23.439  3.262  0.718 0.0000000000
70277  -24.319  -0.118  0.353 0.0000000000
131637  -24.200  1.073  1.084 0.0000000000
70266  -25.120  0.030  1.594 0.0000000000
70255  -26.159  0.021  2.972 0.0000000000
68462  -25.796  -1.387  1.973 0.0000000000
65858  -26.795  -4.139  2.152 0.0000000000
66658  -26.888  -3.322  2.214 0.0000000000
124325  -27.430  -3.841  2.344 0.0000000000
66650  -29.088  -3.488  3.162 0.0000000000
65860  -28.228  -4.721  2.801 0.0000000000
61288  -24.625  -9.611  1.152 0.0000000000
62199  -24.975  -8.067  1.176 0.0000000000
62191  -25.342  -8.755  1.765 0.0000000000
62165  -28.559  -8.428  5.384 0.0000000000
63138  -27.776  -7.741  3.928 0.0000000000
125428  -28.433  -7.269  4.493 0.0000000000
64042  -29.256  -6.083  4.666 0.0000000000
64013  -29.867  -7.066  6.123 0.0000000000
54703  -25.400  -15.969  9.044 0.0000000000
55661  -24.266  -15.841  7.448 0.0000000000
55662  -24.992  -15.332  7.863 0.0000000000
56626  -25.354  -14.661  7.405 0.0000000000
67577  -24.274  -2.533  0.354 0.0000000000
67569  -24.892  -2.257  0.791 0.0000000000
132936  -24.400  -3.505  1.081 0.0000000000
65870  -25.807  -4.102  1.178 0.0000000000
65004  -26.060  -5.302  1.783 0.0000000000
60404  -25.694  -10.884  2.999 0.0000000000
61268  -26.534  -9.316  3.297 0.0000000000
60395  -26.726  -10.536  4.331 0.0000000000
131592  -27.761  -9.524  5.070 0.0000000000
61231  -28.767  -9.397  6.183 0.0000000000
53733  -24.610  -17.244  9.335 0.0000000000
59556  -24.969  -11.512  2.462 0.0000000000
58716  -25.007  -12.401  3.448 0.0000000000
58703  -25.344  -12.486  4.348 0.0000000000
58690  -25.966  -12.988  5.938 0.0000000000
80169  -22.767  13.310  -3.654 0.0000000000
78397  -21.738  10.382  -1.902 0.0000000000
79293  -22.677  10.661  -1.454 0.0000000000
78378  -23.678  9.973  0.098 0.0000000000
76673  -23.839  8.554  1.019 0.0000000000
128249  -23.957  8.070  1.312 0.0000000000
75180  -23.204  6.031  -1.521 0.0000000000
75168  -23.676  6.068  0.608 0.0000000000
75906  -24.349  6.909  1.913 0.0000000000
74410  -24.216  5.578  1.762 0.0000000000
73646  -25.213  4.759  2.928 0.0000000000
72847  -25.529  3.805  3.357 0.0000000000
72057  -23.184  2.219  -1.193 0.0000000000
72046  -23.506  2.363  0.627 0.0000000000
71088  -24.803  1.916  2.078 0.0000000000
121563  -25.841  2.103  3.419 0.0000000000
71072  -26.638  1.533  3.906 0.0000000000
69359  -27.932  -0.579  3.167 0.0000000000
68474  -25.977  -2.281  1.731 0.0000000000
68464  -27.455  -1.918  2.466 0.0000000000
64081  -24.255  -6.899  -0.201 0.0000000000
114906  -25.638  -6.858  1.721 0.0000000000
64064  -26.561  -5.993  2.196 0.0000000000
62182  -26.599  -8.439  2.986 0.0000000000
113626  -27.625  -7.053  3.293 0.0000000000
64994  -27.814  -6.205  3.087 0.0000000000
64996  -28.813  -5.398  3.640 0.0000000000
65843  -29.698  -4.661  4.339 0.0000000000
56649  -24.494  -14.473  5.573 0.0000000000
57716  -25.571  -13.699  6.220 0.0000000000
57706  -27.187  -13.172  7.809 0.0000000000
59508  -26.940  -11.863  6.084 0.0000000000
115884  -27.197  -11.455  5.860 0.0000000000
59495  -27.966  -11.856  7.063 0.0000000000
50654  -25.159  -19.813  11.725 0.0000000000
51686  -24.077  -19.212  10.566 0.0000000000
52699  -24.991  -19.185  11.135 0.0000000000
72868  -23.195  3.863  -1.243 0.0000000000
119292  -23.156  2.940  -0.426 0.0000000000
68477  -24.022  -1.514  -0.384 0.0000000000
69404  -23.954  -0.578  -0.274 0.0000000000
69392  -24.771  -0.483  0.935 0.0000000000
69393  -25.299  -0.880  1.428 0.0000000000
115422  -24.935  -1.189  0.890 0.0000000000
65859  -27.534  -4.529  2.442 0.0000000000
113187  -28.148  -4.007  2.538 0.0000000000
63129  -28.754  -7.672  5.195 0.0000000000
63130  -29.362  -7.334  5.630 0.0000000000
63115  -29.657  -7.810  6.257 0.0000000000
55651  -25.461  -15.482  8.605 0.0000000000
121645  -23.781  -3.003  -0.511 0.0000000000
127578  -24.014  -3.281  0.577 0.0000000000
118669  -23.998  -5.155  0.180 0.0000000000
65013  -24.938  -4.775  1.072 0.0000000000
128817  -25.727  -4.796  1.358 0.0000000000
65014  -25.423  -5.557  1.291 0.0000000000
59546  -26.119  -11.120  3.751 0.0000000000
115445  -26.387  -10.240  3.540 0.0000000000
60384  -27.642  -10.381  5.422 0.0000000000
60385  -28.258  -9.941  5.770 0.0000000000
61249  -28.391  -9.150  5.556 0.0000000000
50666  -22.870  -20.183  10.657 0.0000000000
50652  -23.314  -20.629  11.443 0.0000000000
53734  -25.386  -17.073  9.763 0.0000000000
59544  -24.703  -12.270  2.685 0.0000000000
57746  -25.023  -13.184  4.707 0.0000000000
115265  -25.709  -12.726  5.143 0.0000000000
79308  -21.993  11.971  -2.470 0.0000000000
128977  -22.373  12.795  -3.047 0.0000000000
79309  -22.743  12.188  -2.716 0.0000000000
124871  -22.906  12.047  -2.497 0.0000000000
79302  -22.606  11.385  -1.893 0.0000000000
77506  -22.676  9.196  -2.082 0.0000000000
78388  -22.607  9.931  -1.841 0.0000000000
78389  -23.276  9.977  -0.887 0.0000000000
79294  -23.473  10.712  -0.414 0.0000000000
77499  -23.551  9.249  -0.460 0.0000000000
76683  -23.657  8.471  0.033 0.0000000000
75926  -23.737  7.677  0.676 0.0000000000
74433  -22.649  5.496  -1.905 0.0000000000
74419  -23.607  5.414  0.355 0.0000000000
75175  -23.534  5.933  -0.263 0.0000000000
75927  -23.821  6.826  1.071 0.0000000000
75169  -24.022  6.182  1.450 0.0000000000
75152  -24.653  6.235  2.180 0.0000000000
73645  -24.443  4.873  2.144 0.0000000000
125309  -24.792  4.077  2.508 0.0000000000
72846  -24.998  3.252  2.644 0.0000000000
133174  -23.386  0.499  -0.904 0.0000000000
125729  -23.333  0.992  -0.984 0.0000000000
71111  -23.323  1.564  -0.793 0.0000000000
119401  -23.407  1.925  -0.208 0.0000000000
71100  -23.769  1.479  0.567 0.0000000000
70253  -24.808  1.042  1.743 0.0000000000
72037  -25.187  2.414  2.634 0.0000000000
71090  -25.967  1.012  3.249 0.0000000000
70256  -26.982  -0.360  3.237 0.0000000000
69379  -27.265  -1.166  2.724 0.0000000000
67570  -25.593  -2.685  1.125 0.0000000000
67571  -26.183  -3.059  1.478 0.0000000000
67560  -27.637  -2.633  2.385 0.0000000000
68465  -28.255  -2.014  2.569 0.0000000000
65849  -28.797  -4.170  3.067 0.0000000000
66642  -29.546  -3.929  3.674 0.0000000000
63185  -23.606  -7.426  -0.743 0.0000000000
130671  -25.673  -7.629  2.006 0.0000000000
63167  -25.230  -7.282  1.354 0.0000000000
64063  -25.838  -6.131  1.740 0.0000000000
63156  -26.127  -6.773  2.313 0.0000000000
62183  -27.174  -8.603  3.608 0.0000000000
64053  -28.456  -6.033  3.651 0.0000000000
64995  -28.285  -5.430  3.175 0.0000000000
64985  -29.297  -5.380  4.193 0.0000000000
64973  -29.853  -5.422  5.053 0.0000000000
56627  -26.045  -14.190  7.827 0.0000000000
57704  -25.741  -13.944  7.039 0.0000000000
57705  -26.450  -13.535  7.464 0.0000000000
66679  -23.635  -3.862  -0.549 0.0000000000
59525  -27.405  -11.068  5.679 0.0000000000
60368  -28.024  -10.725  6.054 0.0000000000
59510  -28.357  -11.154  6.726 0.0000000000
59496  -28.626  -11.564  7.465 0.0000000000
50653  -24.251  -20.173  11.654 0.0000000000
52730  -24.095  -17.816  9.484 0.0000000000
52718  -25.441  -18.166  10.565 0.0000000000
58715  -24.356  -12.804  3.040 0.0000000000
57756  -23.933  -13.312  3.561 0.0000000000
57745  -24.270  -13.648  4.348 0.0000000000
79300  -21.587  11.170  -2.007 0.0000000000
127781  -23.161  8.885  -1.921 0.0000000000
75942  -23.406  7.628  -1.750 0.0000000000
74425  -23.265  5.301  -1.140 0.0000000000
73669  -22.865  4.702  -1.700 0.0000000000
73661  -23.221  4.597  -0.668 0.0000000000
73662  -23.502  4.759  0.209 0.0000000000
74420  -23.798  4.964  1.201 0.0000000000
125480  -23.595  4.106  0.946 0.0000000000
72860  -23.939  3.437  1.535 0.0000000000
70276  -23.866  0.284  -0.183 0.0000000000
70264  -24.043  0.689  0.455 0.0000000000
70265  -24.507  0.360  1.052 0.0000000000
70254  -25.496  0.514  2.416 0.0000000000
69377  -25.670  -0.458  2.206 0.0000000000
66670  -26.225  -3.717  1.507 0.0000000000
66659  -27.910  -3.304  2.395 0.0000000000
66660  -28.575  -3.414  2.726 0.0000000000
62198  -24.402  -8.450  0.208 0.0000000000
120688  -24.652  -8.880  0.900 0.0000000000
134470  -25.912  -8.225  2.562 0.0000000000
63139  -28.223  -8.098  4.756 0.0000000000
64041  -28.695  -6.481  4.274 0.0000000000
63140  -29.024  -6.869  4.973 0.0000000000
64034  -29.710  -6.421  5.535 0.0000000000
64014  -30.502  -6.471  6.372 0.0000000000
134072  -24.663  -16.125  8.387 0.0000000000
54711  -23.956  -16.395  7.712 0.0000000000
56625  -24.615  -15.208  6.964 0.0000000000
56612  -25.704  -14.836  8.219 0.0000000000
67567  -24.200  -1.871  -0.214 0.0000000000
67568  -24.415  -1.870  0.148 0.0000000000
68472  -24.815  -1.661  0.655 0.0000000000
66668  -24.854  -2.999  1.030 0.0000000000
65881  -23.991  -4.113  0.768 0.0000000000
65869  -25.102  -3.801  1.117 0.0000000000
65871  -26.195  -4.488  1.677 0.0000000000
60414  -25.125  -10.601  2.271 0.0000000000
61267  -25.908  -9.988  2.751 0.0000000000
61260  -27.073  -9.583  4.171 0.0000000000
60396  -27.249  -10.160  4.845 0.0000000000
62164  -28.111  -8.778  5.066 0.0000000000
62148  -28.823  -8.764  5.870 0.0000000000
62149  -29.346  -8.720  6.417 0.0000000000
60370  -29.277  -10.256  7.087 0.0000000000
49645  -23.368  -21.172  12.093 0.0000000000
54701  -23.248  -17.171  8.159 0.0000000000
53743  -23.756  -17.392  8.835 0.0000000000
53744  -24.399  -16.810  8.804 0.0000000000
54690  -25.063  -16.555  9.185 0.0000000000
130003  -26.041  -16.299  9.616 0.0000000000
59545  -25.393  -11.749  3.191 0.0000000000
59535  -25.724  -11.854  4.015 0.0000000000
58704  -26.104  -12.041  4.819 0.0000000000
58691  -26.378  -12.284  5.613 0.0000000000
58678  -26.580  -12.551  6.392 0.0000000000
80890  -21.846  13.779  -3.539 0.0000000000
125460  -21.105  10.721  -1.588 0.0000000000
129650  -23.049  11.327  -0.836 0.0000000000
77486  -23.759  9.258  0.536 0.0000000000
78365  -23.996  9.917  0.871 0.0000000000
77487  -24.180  9.322  1.347 0.0000000000
76674  -24.325  8.489  1.805 0.0000000000
75181  -23.530  6.602  -1.163 0.0000000000
75174  -23.614  5.800  -0.945 0.0000000000
124170  -23.554  6.748  0.098 0.0000000000
125830  -24.102  7.603  1.565 0.0000000000
125575  -24.736  7.752  2.273 0.0000000000
75907  -25.177  6.976  2.489 0.0000000000
74411  -24.976  5.535  2.470 0.0000000000
72056  -23.163  2.282  -2.026 0.0000000000
72047  -23.856  2.739  1.300 0.0000000000
128139  -24.225  1.909  1.344 0.0000000000
72036  -24.493  2.743  1.979 0.0000000000
122227  -25.462  2.914  3.259 0.0000000000
70240  -26.761  0.565  3.610 0.0000000000
70241  -27.696  0.255  3.660 0.0000000000
70242  -28.664  0.086  3.556 0.0000000000
68473  -25.329  -1.805  1.192 0.0000000000
68463  -26.524  -1.743  2.343 0.0000000000
67559  -26.695  -2.547  2.232 0.0000000000
69380  -28.133  -1.334  2.749 0.0000000000
66661  -28.977  -2.849  3.018 0.0000000000
133099  -24.640  -6.662  0.598 0.0000000000
63166  -24.659  -7.393  0.572 0.0000000000
64071  -25.109  -6.530  1.195 0.0000000000
65006  -27.300  -5.931  2.461 0.0000000000
61279  -25.954  -9.079  2.592 0.0000000000
63148  -27.260  -7.768  3.039 0.0000000000
63157  -27.184  -6.829  2.585 0.0000000000
122779  -27.699  -5.333  2.654 0.0000000000
120635  -28.660  -4.886  3.257 0.0000000000
64054  -28.896  -5.871  4.080 0.0000000000
57730  -24.065  -14.293  4.868 0.0000000000
56650  -25.082  -14.046  5.724 0.0000000000
56638  -25.041  -14.504  6.389 0.0000000000
57717  -26.199  -13.274  6.699 0.0000000000
58665  -26.839  -12.841  7.124 0.0000000000
57731  -24.715  -13.856  5.115 0.0000000000
67576  -23.967  -2.184  -0.459 0.0000000000
69391  -23.565  0.576  -0.597 0.0000000000
