#!ascii label  , from subject sub-v1s15x0050210_ses-1 vox2ras=TkReg
936
53539  9.283  -15.970  95.482 0.0000000000
135787  1.647  -23.988  77.196 0.0000000000
49528  1.814  -19.996  91.707 0.0000000000
51681  6.385  -17.153  83.955 0.0000000000
55493  1.708  -13.832  79.319 0.0000000000
51591  5.004  -18.497  94.366 0.0000000000
51612  5.738  -17.854  90.032 0.0000000000
52585  11.669  -15.345  97.539 0.0000000000
49499  7.590  -19.500  96.967 0.0000000000
46052  3.144  -21.649  94.203 0.0000000000
54503  1.246  -14.843  87.217 0.0000000000
123163  2.674  -16.151  81.587 0.0000000000
57553  1.287  -11.580  85.321 0.0000000000
46139  0.598  -22.731  88.257 0.0000000000
46183  2.991  -22.204  84.064 0.0000000000
117342  4.439  -19.813  87.116 0.0000000000
54522  6.389  -14.512  85.835 0.0000000000
48541  5.946  -20.603  80.047 0.0000000000
137432  3.755  -18.213  76.317 0.0000000000
53764  1.795  -15.329  73.808 0.0000000000
59748  1.234  -9.110  77.232 0.0000000000
125958  6.992  -17.393  95.101 0.0000000000
51599  7.032  -17.637  92.849 0.0000000000
138435  9.903  -14.892  97.260 0.0000000000
50533  10.094  -17.532  97.092 0.0000000000
117649  7.977  -16.705  97.028 0.0000000000
50546  5.716  -18.113  96.044 0.0000000000
56474  0.364  -13.234  87.164 0.0000000000
48406  0.957  -21.625  89.445 0.0000000000
48443  2.108  -20.888  88.020 0.0000000000
49551  3.071  -19.687  89.438 0.0000000000
53613  8.084  -15.941  87.862 0.0000000000
52670  6.821  -16.556  86.988 0.0000000000
47199  1.844  -21.008  93.762 0.0000000000
45007  2.222  -23.085  92.113 0.0000000000
46098  0.502  -22.121  91.252 0.0000000000
45049  0.141  -23.925  90.056 0.0000000000
48487  5.180  -20.388  84.561 0.0000000000
120208  5.154  -21.413  82.196 0.0000000000
49591  6.714  -19.404  81.950 0.0000000000
138619  1.370  -15.105  80.935 0.0000000000
52780  3.874  -16.657  79.094 0.0000000000
130067  2.168  -16.292  77.837 0.0000000000
52814  1.961  -16.542  75.450 0.0000000000
55517  1.260  -13.785  76.839 0.0000000000
50577  3.216  -19.543  92.895 0.0000000000
50590  3.910  -18.825  91.144 0.0000000000
50574  5.193  -18.693  92.411 0.0000000000
135030  7.970  -16.894  89.720 0.0000000000
52596  13.437  -16.499  94.946 0.0000000000
50573  12.607  -18.256  92.643 0.0000000000
50543  11.658  -17.579  95.257 0.0000000000
49509  9.528  -19.166  94.662 0.0000000000
47173  5.272  -20.537  95.295 0.0000000000
49506  3.337  -19.620  95.227 0.0000000000
53664  3.398  -15.354  84.424 0.0000000000
52725  4.458  -16.512  82.376 0.0000000000
53666  1.380  -15.356  84.469 0.0000000000
119027  1.088  -14.572  83.251 0.0000000000
56500  1.752  -12.678  82.701 0.0000000000
115152  11.551  -14.541  94.544 0.0000000000
52604  16.439  -15.472  92.731 0.0000000000
55364  17.192  -13.895  94.170 0.0000000000
54436  13.572  -14.253  96.519 0.0000000000
55355  12.301  -13.217  96.472 0.0000000000
43917  0.481  -23.960  86.990 0.0000000000
129737  1.347  -23.231  84.701 0.0000000000
133368  1.252  -22.426  86.509 0.0000000000
48475  3.769  -20.875  85.997 0.0000000000
49572  5.659  -19.283  85.506 0.0000000000
122895  4.421  -18.537  88.884 0.0000000000
138324  5.999  -17.638  86.944 0.0000000000
52689  6.183  -15.801  84.803 0.0000000000
54513  3.992  -13.725  85.961 0.0000000000
122918  2.112  -23.027  82.120 0.0000000000
130103  2.872  -22.229  80.614 0.0000000000
47440  3.568  -22.050  78.574 0.0000000000
51734  5.739  -16.921  80.065 0.0000000000
49639  5.657  -19.391  77.500 0.0000000000
48607  3.516  -21.025  75.835 0.0000000000
49672  1.933  -19.688  74.542 0.0000000000
50765  2.114  -18.397  73.501 0.0000000000
58556  3.085  -10.572  83.851 0.0000000000
133625  2.771  -11.107  81.290 0.0000000000
60738  1.823  -8.469  79.969 0.0000000000
57600  1.680  -11.567  78.229 0.0000000000
56554  0.935  -11.974  75.276 0.0000000000
52597  7.972  -16.762  95.253 0.0000000000
52608  8.252  -17.039  93.913 0.0000000000
53553  8.834  -16.571  94.226 0.0000000000
54439  9.675  -15.297  96.479 0.0000000000
52589  9.059  -15.976  97.296 0.0000000000
53534  8.243  -16.420  96.223 0.0000000000
52594  7.559  -16.872  95.976 0.0000000000
44062  1.812  -24.456  76.624 0.0000000000
46259  1.625  -23.472  75.267 0.0000000000
134754  1.075  -21.091  90.100 0.0000000000
47245  1.325  -21.099  89.304 0.0000000000
49541  2.127  -20.029  90.461 0.0000000000
50570  14.503  -17.145  91.783 0.0000000000
48364  1.735  -19.964  92.469 0.0000000000
47214  0.865  -21.535  92.238 0.0000000000
48379  1.255  -20.494  91.448 0.0000000000
47226  0.616  -21.606  90.612 0.0000000000
119491  6.389  -18.667  84.011 0.0000000000
49584  6.259  -19.770  83.178 0.0000000000
51706  6.630  -17.968  82.874 0.0000000000
129358  1.470  -14.580  80.223 0.0000000000
52768  1.815  -15.759  79.524 0.0000000000
53726  1.591  -15.333  78.790 0.0000000000
53740  1.446  -15.682  76.787 0.0000000000
128456  1.625  -13.933  78.403 0.0000000000
119992  4.313  -18.918  93.666 0.0000000000
50575  4.476  -18.840  92.948 0.0000000000
51602  5.279  -18.615  93.242 0.0000000000
51605  7.184  -17.681  91.893 0.0000000000
52655  8.303  -16.298  88.934 0.0000000000
52593  12.418  -16.434  95.923 0.0000000000
51584  12.274  -17.111  95.065 0.0000000000
51570  11.696  -16.568  96.314 0.0000000000
49486  9.070  -18.671  97.308 0.0000000000
49496  9.893  -18.586  96.047 0.0000000000
49505  8.590  -19.339  95.817 0.0000000000
48339  6.285  -20.239  95.845 0.0000000000
51585  4.967  -18.424  95.009 0.0000000000
50547  4.498  -18.928  95.830 0.0000000000
122255  4.067  -19.082  94.657 0.0000000000
50562  3.235  -19.567  93.800 0.0000000000
123968  2.066  -15.063  85.733 0.0000000000
53665  2.182  -15.396  84.467 0.0000000000
53653  1.377  -15.364  85.427 0.0000000000
57554  0.969  -12.210  85.764 0.0000000000
55453  0.624  -13.750  84.466 0.0000000000
56496  0.925  -13.113  84.000 0.0000000000
55470  1.424  -13.372  82.815 0.0000000000
57572  1.382  -11.834  83.938 0.0000000000
54442  14.705  -14.825  95.380 0.0000000000
130307  0.498  -23.346  87.489 0.0000000000
45108  0.698  -23.159  86.674 0.0000000000
46138  0.827  -22.477  87.741 0.0000000000
48442  3.022  -20.493  87.628 0.0000000000
48461  2.427  -21.036  87.303 0.0000000000
48459  4.169  -20.364  86.525 0.0000000000
48474  4.524  -20.466  85.762 0.0000000000
49566  5.063  -19.870  86.309 0.0000000000
50588  5.120  -18.004  90.401 0.0000000000
50595  4.601  -18.375  89.780 0.0000000000
50594  5.231  -17.874  89.608 0.0000000000
136783  6.694  -16.017  86.176 0.0000000000
51643  6.326  -17.225  87.302 0.0000000000
51657  6.403  -17.020  86.437 0.0000000000
51670  6.307  -17.175  85.641 0.0000000000
53649  6.386  -15.208  85.418 0.0000000000
54524  4.858  -14.284  85.315 0.0000000000
54512  5.205  -13.777  85.915 0.0000000000
49511  11.975  -18.596  92.957 0.0000000000
49524  12.116  -18.619  91.325 0.0000000000
133779  4.405  -21.731  93.213 0.0000000000
46081  4.551  -22.048  92.374 0.0000000000
46064  3.926  -22.294  92.604 0.0000000000
43812  1.617  -23.859  91.555 0.0000000000
43811  2.532  -23.578  91.628 0.0000000000
134373  0.306  -23.147  88.847 0.0000000000
43879  0.138  -23.954  88.612 0.0000000000
46167  1.645  -22.738  84.948 0.0000000000
45138  1.689  -23.315  83.314 0.0000000000
46200  2.392  -22.536  83.519 0.0000000000
47390  5.188  -21.332  81.260 0.0000000000
47391  4.247  -21.567  81.547 0.0000000000
47411  4.327  -21.503  80.680 0.0000000000
129443  3.766  -21.778  79.336 0.0000000000
47439  4.528  -21.357  78.814 0.0000000000
52726  3.382  -16.211  82.052 0.0000000000
51718  5.084  -17.005  81.092 0.0000000000
52752  4.023  -16.475  80.803 0.0000000000
51780  4.538  -17.465  77.563 0.0000000000
51779  5.444  -17.814  77.797 0.0000000000
49652  5.099  -18.949  76.985 0.0000000000
48605  4.999  -19.847  76.994 0.0000000000
48625  3.696  -19.914  75.733 0.0000000000
48626  2.667  -20.298  75.147 0.0000000000
50738  2.833  -18.762  75.402 0.0000000000
52821  1.705  -16.549  74.252 0.0000000000
127248  1.719  -17.513  74.046 0.0000000000
52831  2.074  -16.866  73.600 0.0000000000
59657  3.808  -9.357  82.892 0.0000000000
58579  2.993  -10.796  82.453 0.0000000000
59679  3.379  -9.539  81.621 0.0000000000
127014  1.365  -7.594  77.886 0.0000000000
59709  1.483  -8.938  78.805 0.0000000000
58615  1.985  -10.387  79.150 0.0000000000
58638  1.302  -10.063  77.567 0.0000000000
56545  0.983  -12.086  76.346 0.0000000000
118840  1.077  -10.632  75.919 0.0000000000
51589  6.310  -17.791  94.730 0.0000000000
51595  5.795  -18.234  93.724 0.0000000000
52610  7.049  -17.516  94.126 0.0000000000
54428  11.246  -14.577  99.108 0.0000000000
51567  10.683  -16.217  97.464 0.0000000000
52583  10.439  -15.757  98.731 0.0000000000
51565  9.170  -17.371  97.552 0.0000000000
50536  7.915  -18.149  97.395 0.0000000000
49494  6.367  -19.220  96.919 0.0000000000
116213  6.814  -17.473  96.703 0.0000000000
133227  6.370  -17.699  95.337 0.0000000000
55419  1.041  -13.995  89.289 0.0000000000
54504  0.881  -14.464  87.452 0.0000000000
56466  0.451  -13.318  88.048 0.0000000000
57525  0.957  -11.800  88.088 0.0000000000
58532  1.803  -11.123  87.113 0.0000000000
46124  0.575  -22.549  88.719 0.0000000000
47273  1.097  -21.990  87.984 0.0000000000
47256  0.941  -21.830  88.794 0.0000000000
48423  1.822  -20.724  88.786 0.0000000000
49550  3.550  -19.606  88.758 0.0000000000
52643  6.971  -16.966  88.659 0.0000000000
51631  6.399  -17.315  88.567 0.0000000000
52669  7.427  -16.228  87.435 0.0000000000
53628  7.185  -15.719  86.687 0.0000000000
54510  6.741  -14.209  86.292 0.0000000000
55440  5.519  -13.438  86.453 0.0000000000
130179  2.019  -21.662  95.018 0.0000000000
46065  3.079  -22.127  93.535 0.0000000000
46067  1.872  -21.997  93.375 0.0000000000
46083  0.865  -22.516  92.056 0.0000000000
45030  0.555  -23.099  91.376 0.0000000000
43827  0.048  -24.635  90.579 0.0000000000
123874  0.362  -22.898  90.749 0.0000000000
46114  0.581  -22.436  89.627 0.0000000000
47327  4.674  -21.121  84.115 0.0000000000
119869  3.790  -21.732  83.695 0.0000000000
47371  5.305  -21.147  83.069 0.0000000000
136793  6.129  -20.492  82.039 0.0000000000
49597  6.954  -19.440  81.054 0.0000000000
118618  1.983  -15.961  81.014 0.0000000000
52753  3.032  -16.404  80.573 0.0000000000
52767  2.283  -16.144  79.634 0.0000000000
52782  2.421  -16.233  78.731 0.0000000000
51781  2.863  -17.101  76.945 0.0000000000
51794  2.794  -17.387  76.075 0.0000000000
52804  2.348  -16.732  76.331 0.0000000000
128165  1.284  -15.629  75.817 0.0000000000
128183  1.148  -15.175  75.055 0.0000000000
134561  1.562  -7.886  76.450 0.0000000000
59780  1.680  -9.443  75.134 0.0000000000
60799  1.998  -8.795  75.156 0.0000000000
121574  2.141  -19.570  92.541 0.0000000000
49533  2.454  -19.532  91.050 0.0000000000
50583  3.588  -19.054  91.785 0.0000000000
50582  4.349  -18.745  91.868 0.0000000000
51607  5.946  -17.995  90.917 0.0000000000
51606  6.486  -17.928  92.493 0.0000000000
134440  6.464  -17.926  91.644 0.0000000000
128338  6.437  -17.666  90.077 0.0000000000
52642  7.503  -16.916  89.166 0.0000000000
51587  13.930  -16.675  93.833 0.0000000000
50564  13.808  -17.342  92.824 0.0000000000
50557  12.955  -17.419  93.878 0.0000000000
50537  10.724  -17.601  96.464 0.0000000000
49503  10.133  -18.809  95.234 0.0000000000
48351  9.827  -19.526  93.027 0.0000000000
46049  5.320  -20.739  94.419 0.0000000000
130268  4.062  -20.957  94.961 0.0000000000
48329  5.277  -20.155  96.215 0.0000000000
48333  4.469  -20.268  96.020 0.0000000000
127016  3.312  -21.168  95.113 0.0000000000
48344  2.410  -19.991  94.697 0.0000000000
49515  2.652  -19.665  93.278 0.0000000000
52698  5.260  -15.930  83.785 0.0000000000
51693  6.318  -17.262  83.225 0.0000000000
52699  4.152  -15.783  83.684 0.0000000000
52710  3.659  -16.004  82.931 0.0000000000
52712  1.914  -15.730  82.833 0.0000000000
117002  0.627  -15.018  85.963 0.0000000000
53677  1.119  -15.016  83.784 0.0000000000
53690  1.368  -15.254  82.162 0.0000000000
53700  1.302  -15.108  81.638 0.0000000000
55477  1.438  -13.872  81.651 0.0000000000
56507  1.829  -13.155  81.296 0.0000000000
54450  10.050  -15.497  95.237 0.0000000000
51592  15.238  -16.162  92.735 0.0000000000
54452  19.167  -14.276  92.957 0.0000000000
55363  18.217  -13.735  94.084 0.0000000000
54453  17.656  -14.836  93.127 0.0000000000
53542  16.768  -15.130  93.465 0.0000000000
53543  15.893  -15.460  93.716 0.0000000000
52601  14.781  -16.187  93.939 0.0000000000
53538  13.458  -16.018  95.593 0.0000000000
118369  12.777  -14.597  97.481 0.0000000000
55354  12.745  -12.347  96.514 0.0000000000
54430  12.982  -13.573  98.327 0.0000000000
134692  11.427  -13.845  98.253 0.0000000000
54438  10.481  -14.562  96.549 0.0000000000
46185  1.274  -22.919  85.460 0.0000000000
47311  1.993  -22.295  85.150 0.0000000000
120128  1.109  -22.217  87.196 0.0000000000
122193  2.343  -21.873  85.821 0.0000000000
47310  3.405  -21.425  85.389 0.0000000000
47309  4.632  -20.644  84.991 0.0000000000
124145  5.674  -19.749  84.618 0.0000000000
128322  6.344  -18.274  84.469 0.0000000000
49539  3.414  -19.311  90.089 0.0000000000
49538  3.929  -19.150  89.424 0.0000000000
49558  4.516  -19.175  87.713 0.0000000000
51632  5.732  -17.655  88.334 0.0000000000
124712  5.323  -18.177  87.932 0.0000000000
49565  5.167  -19.307  87.086 0.0000000000
126442  5.832  -18.497  86.014 0.0000000000
138290  6.166  -17.873  85.593 0.0000000000
52697  6.106  -16.435  84.267 0.0000000000
53662  5.552  -15.672  84.330 0.0000000000
129344  3.850  -14.345  85.340 0.0000000000
55443  2.217  -14.320  87.364 0.0000000000
56464  3.954  -12.743  87.405 0.0000000000
56473  3.035  -13.208  87.249 0.0000000000
55431  1.718  -14.107  88.012 0.0000000000
45028  4.217  -23.152  91.265 0.0000000000
45006  3.036  -23.000  92.083 0.0000000000
46212  3.179  -21.965  82.523 0.0000000000
46220  2.210  -22.800  81.362 0.0000000000
129315  2.430  -22.964  77.730 0.0000000000
51707  6.160  -17.350  82.426 0.0000000000
51732  6.723  -17.762  81.171 0.0000000000
49605  7.036  -19.458  80.094 0.0000000000
51749  4.777  -16.761  79.504 0.0000000000
50706  6.468  -18.616  78.716 0.0000000000
48569  6.263  -19.974  78.889 0.0000000000
48571  4.822  -21.039  77.914 0.0000000000
47450  4.252  -21.438  77.280 0.0000000000
46257  2.433  -22.446  76.362 0.0000000000
46274  1.867  -22.198  75.484 0.0000000000
51821  1.922  -18.372  74.529 0.0000000000
50766  1.783  -18.779  73.796 0.0000000000
58531  2.226  -10.827  86.578 0.0000000000
58544  3.416  -10.267  85.281 0.0000000000
129349  2.790  -10.711  84.685 0.0000000000
57578  2.373  -11.500  82.899 0.0000000000
56506  2.143  -12.427  81.829 0.0000000000
56522  2.302  -12.233  79.920 0.0000000000
121101  2.666  -9.991  80.470 0.0000000000
57595  2.272  -11.303  79.474 0.0000000000
137074  1.900  -12.602  78.820 0.0000000000
56539  1.466  -12.519  77.338 0.0000000000
130539  0.861  -13.472  76.047 0.0000000000
55539  1.412  -13.524  74.340 0.0000000000
132690  1.800  -13.190  73.978 0.0000000000
53547  8.612  -16.467  95.051 0.0000000000
53546  9.385  -16.119  94.812 0.0000000000
126655  9.258  -15.791  96.008 0.0000000000
53533  8.917  -15.918  96.360 0.0000000000
53540  8.523  -16.356  95.763 0.0000000000
53541  7.917  -16.692  95.752 0.0000000000
44081  1.773  -24.087  75.575 0.0000000000
45197  1.696  -23.771  76.184 0.0000000000
48394  1.303  -20.484  90.826 0.0000000000
48405  1.506  -20.590  90.174 0.0000000000
49534  1.881  -20.025  91.033 0.0000000000
51598  14.877  -16.662  92.293 0.0000000000
48365  1.171  -20.691  92.047 0.0000000000
48395  0.840  -21.002  90.641 0.0000000000
51692  6.522  -17.937  83.806 0.0000000000
50646  6.519  -18.807  83.260 0.0000000000
132934  1.739  -13.698  80.078 0.0000000000
134536  1.504  -15.193  79.608 0.0000000000
54579  1.548  -14.612  79.093 0.0000000000
54586  1.508  -14.689  78.114 0.0000000000
51596  5.083  -18.591  93.753 0.0000000000
52588  12.103  -15.765  96.699 0.0000000000
49492  8.516  -19.066  97.130 0.0000000000
49498  8.157  -19.452  96.524 0.0000000000
48337  7.907  -19.803  95.601 0.0000000000
48330  7.481  -19.753  96.356 0.0000000000
123012  7.041  -20.017  95.794 0.0000000000
48331  6.729  -19.839  96.489 0.0000000000
50560  4.448  -18.823  94.455 0.0000000000
55448  1.979  -14.838  86.582 0.0000000000
54526  1.224  -15.338  86.326 0.0000000000
57563  0.822  -12.056  84.956 0.0000000000
56485  0.984  -12.253  84.290 0.0000000000
57562  1.216  -11.629  84.589 0.0000000000
122070  0.428  -23.254  88.129 0.0000000000
46154  0.641  -22.850  87.552 0.0000000000
48441  3.754  -20.258  87.185 0.0000000000
51618  5.887  -17.627  89.229 0.0000000000
54523  5.790  -14.375  85.479 0.0000000000
46051  4.070  -21.437  94.189 0.0000000000
120757  3.680  -21.954  93.423 0.0000000000
43825  0.942  -24.673  91.312 0.0000000000
43896  0.295  -24.003  87.861 0.0000000000
46184  2.165  -22.448  84.385 0.0000000000
46201  1.925  -22.861  83.881 0.0000000000
48524  5.918  -20.764  80.925 0.0000000000
47410  5.223  -21.169  80.361 0.0000000000
47426  4.425  -21.424  79.794 0.0000000000
47425  5.286  -20.950  79.481 0.0000000000
52737  4.210  -16.630  81.601 0.0000000000
52738  3.241  -16.378  81.271 0.0000000000
51792  4.168  -17.838  76.852 0.0000000000
50716  4.930  -18.176  77.199 0.0000000000
50724  4.395  -18.549  76.580 0.0000000000
49653  4.433  -19.376  76.381 0.0000000000
136048  3.656  -18.902  75.873 0.0000000000
53751  1.525  -15.668  74.338 0.0000000000
124838  1.799  -16.297  73.825 0.0000000000
60700  4.049  -8.443  83.233 0.0000000000
59667  3.639  -9.205  82.098 0.0000000000
60774  1.357  -8.143  77.204 0.0000000000
119218  1.291  -8.536  78.031 0.0000000000
116627  1.387  -9.444  78.175 0.0000000000
57605  1.170  -10.742  76.980 0.0000000000
58652  1.180  -9.882  76.617 0.0000000000
136315  6.854  -17.537  94.584 0.0000000000
52607  8.790  -16.781  93.483 0.0000000000
53525  10.711  -14.987  99.104 0.0000000000
53524  10.256  -15.827  99.110 0.0000000000
53526  10.038  -15.646  98.853 0.0000000000
52590  8.409  -16.258  96.837 0.0000000000
51568  8.948  -16.279  97.362 0.0000000000
51569  8.679  -16.949  97.472 0.0000000000
50531  8.586  -17.723  97.496 0.0000000000
50535  7.884  -17.352  97.280 0.0000000000
124271  7.155  -17.793  97.238 0.0000000000
131679  7.315  -17.125  97.005 0.0000000000
52598  7.534  -17.000  95.444 0.0000000000
52599  7.145  -17.258  95.580 0.0000000000
55433  0.862  -13.954  88.503 0.0000000000
135237  1.382  -11.411  88.515 0.0000000000
57534  1.264  -11.625  87.118 0.0000000000
58516  1.634  -11.262  87.788 0.0000000000
47246  0.687  -22.156  88.963 0.0000000000
48404  2.131  -20.278  89.584 0.0000000000
48422  2.776  -20.209  88.591 0.0000000000
52656  7.539  -16.565  88.317 0.0000000000
53639  7.392  -14.783  86.577 0.0000000000
55439  6.310  -13.432  86.796 0.0000000000
47188  1.874  -21.282  94.996 0.0000000000
46054  2.263  -21.602  94.347 0.0000000000
46068  1.220  -22.093  92.740 0.0000000000
47235  0.834  -21.749  89.944 0.0000000000
126871  0.725  -22.083  89.353 0.0000000000
129251  0.506  -22.513  89.096 0.0000000000
48497  5.645  -20.319  83.778 0.0000000000
125947  6.542  -19.359  82.643 0.0000000000
48508  6.322  -20.097  82.408 0.0000000000
48523  6.434  -20.208  81.541 0.0000000000
53711  1.600  -15.525  81.001 0.0000000000
52754  2.396  -16.221  80.430 0.0000000000
52755  1.910  -15.880  80.371 0.0000000000
52783  1.896  -15.915  78.506 0.0000000000
52794  2.942  -16.637  77.862 0.0000000000
52795  2.396  -16.637  77.239 0.0000000000
52796  1.868  -16.322  77.030 0.0000000000
54596  1.317  -14.712  77.032 0.0000000000
127854  1.049  -15.025  76.019 0.0000000000
120635  1.626  -7.265  76.989 0.0000000000
61818  1.847  -7.526  76.195 0.0000000000
60784  1.669  -8.477  75.762 0.0000000000
61836  2.006  -8.013  75.657 0.0000000000
121540  2.708  -19.634  92.501 0.0000000000
50584  3.395  -19.385  92.452 0.0000000000
50581  5.136  -18.322  91.377 0.0000000000
51600  6.551  -17.824  93.446 0.0000000000
51611  6.817  -17.688  90.920 0.0000000000
51616  7.309  -17.313  90.088 0.0000000000
51582  13.674  -16.599  94.355 0.0000000000
51588  13.310  -16.924  94.179 0.0000000000
50550  12.128  -17.450  94.788 0.0000000000
50559  11.565  -18.040  94.665 0.0000000000
50528  10.466  -16.496  97.434 0.0000000000
50532  10.474  -17.078  97.023 0.0000000000
50538  10.172  -17.934  96.779 0.0000000000
49504  9.298  -19.019  95.517 0.0000000000
49508  10.297  -18.958  94.408 0.0000000000
49514  9.699  -19.340  93.849 0.0000000000
124408  9.073  -19.478  94.179 0.0000000000
48352  8.071  -19.910  93.510 0.0000000000
47172  5.920  -20.433  95.079 0.0000000000
47185  4.709  -20.859  94.719 0.0000000000
47174  4.702  -20.605  95.482 0.0000000000
50541  5.684  -18.629  96.462 0.0000000000
48328  6.164  -19.809  96.589 0.0000000000
49495  5.534  -19.515  96.530 0.0000000000
49501  3.915  -19.685  95.816 0.0000000000
48334  3.760  -20.291  95.813 0.0000000000
47164  4.118  -20.620  95.552 0.0000000000
48335  3.293  -19.999  95.555 0.0000000000
48341  2.678  -20.188  95.196 0.0000000000
50569  3.227  -19.600  93.237 0.0000000000
49521  2.555  -19.620  92.915 0.0000000000
53663  4.759  -15.346  84.214 0.0000000000
52700  2.986  -15.616  83.687 0.0000000000
53675  2.026  -15.646  83.663 0.0000000000
52711  2.636  -15.784  82.990 0.0000000000
55444  0.425  -14.209  86.709 0.0000000000
54546  0.849  -14.493  84.106 0.0000000000
125380  1.222  -15.057  82.888 0.0000000000
54559  1.178  -14.818  82.433 0.0000000000
132993  1.345  -13.847  82.286 0.0000000000
115177  1.612  -13.247  82.104 0.0000000000
54449  10.796  -15.017  94.949 0.0000000000
52611  16.629  -15.406  92.229 0.0000000000
52619  15.910  -15.674  91.835 0.0000000000
52612  15.826  -15.712  92.480 0.0000000000
56391  17.591  -12.926  94.396 0.0000000000
54445  18.409  -14.300  93.428 0.0000000000
54446  17.547  -14.523  93.681 0.0000000000
52600  15.438  -15.799  93.515 0.0000000000
53544  15.215  -15.776  94.074 0.0000000000
53531  14.240  -15.117  95.936 0.0000000000
129560  13.943  -15.672  95.580 0.0000000000
53532  13.508  -15.263  96.266 0.0000000000
120815  12.932  -12.783  97.662 0.0000000000
55351  13.376  -12.526  97.909 0.0000000000
56377  12.577  -12.592  98.204 0.0000000000
55348  11.886  -13.314  98.316 0.0000000000
55352  11.912  -13.237  97.691 0.0000000000
54448  11.407  -14.191  95.396 0.0000000000
54443  10.939  -14.318  95.997 0.0000000000
134446  10.644  -14.830  95.540 0.0000000000
126683  0.640  -24.867  86.153 0.0000000000
43937  0.714  -23.873  86.107 0.0000000000
46153  0.909  -22.622  86.831 0.0000000000
46169  0.969  -23.082  86.025 0.0000000000
46168  1.293  -22.668  85.970 0.0000000000
47312  1.636  -22.385  85.845 0.0000000000
47272  1.637  -21.595  87.468 0.0000000000
48460  3.215  -20.795  86.762 0.0000000000
47291  2.343  -21.451  86.685 0.0000000000
47290  3.040  -21.316  86.138 0.0000000000
131817  4.120  -20.916  85.412 0.0000000000
48473  5.171  -20.103  85.308 0.0000000000
50634  6.116  -18.968  84.621 0.0000000000
50625  6.110  -18.406  85.177 0.0000000000
49532  3.169  -19.067  90.915 0.0000000000
49549  4.101  -19.042  88.437 0.0000000000
50604  4.730  -18.561  88.204 0.0000000000
52657  6.793  -16.862  87.905 0.0000000000
134987  6.216  -17.372  87.943 0.0000000000
51644  5.783  -17.725  87.577 0.0000000000
50608  5.135  -18.780  87.613 0.0000000000
50615  5.587  -18.394  87.018 0.0000000000
51658  6.052  -17.774  86.299 0.0000000000
52696  6.386  -16.634  85.001 0.0000000000
51680  6.348  -17.479  84.757 0.0000000000
54525  2.855  -14.251  85.855 0.0000000000
55442  2.852  -13.660  86.570 0.0000000000
55441  4.594  -13.163  86.551 0.0000000000
50572  13.287  -17.845  92.351 0.0000000000
50571  13.969  -17.493  92.056 0.0000000000
45004  4.064  -22.631  91.907 0.0000000000
45003  4.689  -22.408  91.718 0.0000000000
44991  2.823  -22.710  92.752 0.0000000000
136340  2.719  -23.063  92.074 0.0000000000
42826  0.235  -25.040  87.332 0.0000000000
46214  2.074  -22.938  83.012 0.0000000000
127273  1.772  -23.403  82.587 0.0000000000
137556  4.863  -21.496  82.752 0.0000000000
47348  3.719  -21.742  82.996 0.0000000000
47372  4.090  -21.590  82.419 0.0000000000
47412  3.481  -21.849  80.992 0.0000000000
46219  2.733  -22.230  81.227 0.0000000000
46225  2.595  -22.530  80.052 0.0000000000
46231  3.062  -22.343  79.374 0.0000000000
129919  2.827  -22.599  78.771 0.0000000000
46236  2.987  -22.566  78.048 0.0000000000
52724  5.500  -16.795  82.750 0.0000000000
51733  6.201  -17.192  80.847 0.0000000000
51717  6.115  -17.308  81.622 0.0000000000
51747  6.591  -17.702  80.287 0.0000000000
50683  7.066  -18.564  80.632 0.0000000000
50695  6.878  -18.571  79.682 0.0000000000
52765  3.910  -16.350  79.987 0.0000000000
50715  5.675  -18.592  77.535 0.0000000000
51764  5.848  -17.727  78.569 0.0000000000
49638  6.247  -19.002  77.951 0.0000000000
49627  6.401  -19.361  78.549 0.0000000000
49628  6.020  -19.762  78.137 0.0000000000
48570  5.503  -20.567  78.596 0.0000000000
48584  5.355  -20.275  77.694 0.0000000000
48606  4.356  -20.363  76.402 0.0000000000
48585  4.773  -20.748  77.109 0.0000000000
47464  4.172  -21.128  76.600 0.0000000000
47465  3.515  -21.822  76.621 0.0000000000
128726  2.775  -21.789  75.877 0.0000000000
48627  1.811  -20.489  74.444 0.0000000000
48641  1.571  -20.695  73.946 0.0000000000
52813  2.378  -17.033  75.575 0.0000000000
51809  2.355  -17.714  75.230 0.0000000000
51831  1.833  -17.979  73.792 0.0000000000
51822  1.663  -18.288  73.997 0.0000000000
118051  2.483  -19.060  73.408 0.0000000000
59646  4.031  -9.359  84.839 0.0000000000
58557  2.186  -10.978  84.094 0.0000000000
58571  2.623  -10.945  83.334 0.0000000000
57585  2.632  -11.473  81.950 0.0000000000
130305  2.528  -11.634  81.155 0.0000000000
56514  2.291  -12.370  80.844 0.0000000000
57588  2.506  -11.499  80.317 0.0000000000
138817  1.533  -8.465  79.318 0.0000000000
60726  2.403  -8.503  80.683 0.0000000000
59680  2.958  -9.375  80.942 0.0000000000
59690  2.399  -9.165  80.319 0.0000000000
57599  1.851  -11.060  78.688 0.0000000000
56531  1.987  -12.002  78.972 0.0000000000
56532  1.701  -12.312  78.180 0.0000000000
131101  1.639  -12.803  77.929 0.0000000000
120129  0.820  -12.800  75.663 0.0000000000
119160  0.839  -13.643  75.215 0.0000000000
119011  1.132  -12.710  74.792 0.0000000000
57630  1.626  -10.766  74.584 0.0000000000
52603  7.473  -17.188  94.778 0.0000000000
52602  8.091  -16.892  94.591 0.0000000000
53552  9.415  -16.448  93.439 0.0000000000
118927  9.420  -15.395  96.871 0.0000000000
53529  9.575  -15.671  97.434 0.0000000000
53530  8.823  -15.879  96.801 0.0000000000
52591  7.888  -16.640  96.438 0.0000000000
51573  7.373  -16.983  96.497 0.0000000000
137955  1.189  -21.131  89.754 0.0000000000
48353  1.859  -19.920  93.338 0.0000000000
47213  1.411  -20.643  92.854 0.0000000000
48380  0.701  -21.160  91.330 0.0000000000
49577  6.171  -19.396  83.923 0.0000000000
50659  6.747  -18.637  82.395 0.0000000000
53719  1.545  -15.409  80.320 0.0000000000
133806  1.766  -15.994  77.605 0.0000000000
53733  1.561  -15.441  77.805 0.0000000000
130585  1.473  -14.071  77.601 0.0000000000
50568  3.655  -19.290  93.281 0.0000000000
50576  3.762  -19.136  92.968 0.0000000000
52633  8.040  -17.144  90.497 0.0000000000
52641  8.561  -16.659  89.994 0.0000000000
52592  12.983  -16.383  95.507 0.0000000000
51583  13.023  -16.851  94.718 0.0000000000
51575  12.689  -16.758  95.216 0.0000000000
51576  11.950  -16.885  95.551 0.0000000000
120502  11.644  -17.294  95.528 0.0000000000
50534  9.467  -18.091  97.283 0.0000000000
49490  9.711  -18.469  96.694 0.0000000000
49491  9.212  -18.764  97.096 0.0000000000
49497  9.063  -18.976  96.517 0.0000000000
48336  8.690  -19.554  94.922 0.0000000000
47161  5.745  -20.437  95.784 0.0000000000
51579  5.516  -18.135  95.517 0.0000000000
120372  5.145  -18.433  95.966 0.0000000000
51580  4.896  -18.491  95.516 0.0000000000
50553  4.463  -18.786  95.148 0.0000000000
50548  3.958  -19.224  95.254 0.0000000000
50554  3.570  -19.355  94.543 0.0000000000
50561  3.796  -19.220  93.907 0.0000000000
53652  3.105  -14.850  85.137 0.0000000000
130165  2.373  -15.169  85.021 0.0000000000
56479  0.441  -13.047  86.203 0.0000000000
55449  0.396  -13.721  85.484 0.0000000000
123920  0.614  -12.708  85.392 0.0000000000
56486  0.636  -12.836  84.742 0.0000000000
127711  0.978  -13.922  83.663 0.0000000000
55471  1.185  -14.119  82.830 0.0000000000
55461  1.198  -13.468  83.376 0.0000000000
56495  1.359  -12.673  83.494 0.0000000000
53558  17.239  -15.200  92.433 0.0000000000
55365  16.448  -14.135  94.405 0.0000000000
53536  14.911  -15.438  94.631 0.0000000000
55359  14.790  -13.831  95.956 0.0000000000
54435  14.405  -14.373  96.169 0.0000000000
55361  11.650  -13.377  95.971 0.0000000000
117672  5.476  -19.154  86.436 0.0000000000
50589  4.517  -18.464  90.827 0.0000000000
50596  4.020  -18.978  90.386 0.0000000000
50603  5.067  -18.025  88.825 0.0000000000
52680  6.493  -16.308  85.591 0.0000000000
53650  5.495  -14.966  84.788 0.0000000000
49517  12.693  -18.258  91.855 0.0000000000
49518  12.076  -18.660  92.165 0.0000000000
45005  3.493  -22.817  92.026 0.0000000000
45067  0.323  -23.113  89.444 0.0000000000
45068  0.065  -23.946  89.340 0.0000000000
45130  1.609  -23.147  84.113 0.0000000000
47427  3.468  -21.926  80.116 0.0000000000
51708  5.225  -16.986  81.963 0.0000000000
51766  3.820  -16.963  78.179 0.0000000000
51765  4.928  -17.046  78.456 0.0000000000
49671  2.844  -19.421  75.258 0.0000000000
133489  1.761  -16.498  74.866 0.0000000000
51810  1.968  -17.058  74.801 0.0000000000
52832  1.853  -17.156  73.812 0.0000000000
130075  2.117  -17.558  73.550 0.0000000000
121876  4.063  -9.257  83.841 0.0000000000
126496  3.642  -9.943  83.594 0.0000000000
58570  3.353  -10.297  83.043 0.0000000000
58578  3.469  -9.939  82.240 0.0000000000
58591  3.065  -10.416  81.423 0.0000000000
59708  2.019  -9.449  79.585 0.0000000000
132165  1.665  -9.698  78.847 0.0000000000
58627  1.602  -10.260  78.405 0.0000000000
114958  1.484  -10.890  77.888 0.0000000000
122377  1.411  -11.636  77.343 0.0000000000
117531  1.042  -11.308  76.469 0.0000000000
128815  0.896  -11.430  75.786 0.0000000000
51590  5.683  -18.184  94.308 0.0000000000
122849  6.382  -17.859  94.164 0.0000000000
52616  7.313  -17.493  93.542 0.0000000000
52609  7.672  -17.271  94.142 0.0000000000
52615  7.773  -17.456  92.749 0.0000000000
53521  12.048  -14.837  98.057 0.0000000000
52581  10.715  -15.948  99.109 0.0000000000
51562  10.505  -16.447  98.730 0.0000000000
51563  10.668  -15.996  97.881 0.0000000000
52587  9.785  -16.055  97.690 0.0000000000
52584  9.785  -16.478  97.554 0.0000000000
50529  9.353  -17.730  97.452 0.0000000000
49484  9.007  -18.363  97.479 0.0000000000
49487  8.596  -18.823  97.391 0.0000000000
49493  7.834  -19.174  97.286 0.0000000000
48327  6.990  -19.507  97.100 0.0000000000
49489  7.206  -18.806  97.341 0.0000000000
50540  6.423  -18.246  96.936 0.0000000000
134461  5.965  -18.144  96.374 0.0000000000
51578  6.820  -17.422  95.966 0.0000000000
120249  6.129  -17.860  95.780 0.0000000000
121316  5.614  -18.099  94.900 0.0000000000
55432  1.057  -14.277  88.299 0.0000000000
117390  0.550  -13.878  87.589 0.0000000000
57526  0.555  -12.670  88.495 0.0000000000
57535  0.649  -12.429  87.587 0.0000000000
57546  0.816  -12.332  86.652 0.0000000000
57545  1.353  -11.672  86.178 0.0000000000
126878  1.671  -11.250  86.548 0.0000000000
47257  0.759  -22.333  88.442 0.0000000000
48444  1.406  -21.408  88.419 0.0000000000
49559  3.786  -19.856  87.934 0.0000000000
51617  6.754  -17.303  89.307 0.0000000000
53640  6.797  -15.065  86.130 0.0000000000
54511  6.040  -13.911  86.061 0.0000000000
47187  2.571  -21.592  94.846 0.0000000000
46053  2.476  -21.647  94.380 0.0000000000
46066  2.545  -22.107  93.563 0.0000000000
44992  2.309  -22.612  92.932 0.0000000000
47200  1.356  -21.480  93.022 0.0000000000
46082  1.676  -22.675  92.543 0.0000000000
45008  1.306  -23.240  91.852 0.0000000000
43813  0.752  -23.943  91.362 0.0000000000
45031  0.243  -23.810  90.811 0.0000000000
45048  0.381  -23.078  90.113 0.0000000000
46106  0.547  -22.307  90.309 0.0000000000
47328  3.622  -21.650  84.517 0.0000000000
47347  4.464  -21.499  83.215 0.0000000000
48496  5.904  -20.436  82.975 0.0000000000
48509  5.814  -20.775  82.416 0.0000000000
122069  5.827  -20.888  81.738 0.0000000000
48540  6.614  -20.148  80.542 0.0000000000
120166  2.493  -16.238  81.057 0.0000000000
52766  2.978  -16.397  79.719 0.0000000000
133506  2.688  -16.283  79.242 0.0000000000
52781  3.141  -16.461  78.800 0.0000000000
129200  3.627  -17.249  77.297 0.0000000000
51793  3.389  -17.645  76.530 0.0000000000
51808  3.046  -18.150  75.804 0.0000000000
52805  1.647  -16.180  76.114 0.0000000000
120636  1.514  -15.984  75.096 0.0000000000
137981  1.349  -14.987  74.341 0.0000000000
59764  1.370  -8.537  76.588 0.0000000000
120185  1.344  -9.617  75.736 0.0000000000
60798  2.729  -8.589  75.342 0.0000000000
45184  1.867  -23.472  77.891 0.0000000000
49527  2.305  -19.688  91.835 0.0000000000
49526  2.967  -19.477  91.794 0.0000000000
116692  3.839  -18.985  92.456 0.0000000000
51601  5.854  -18.269  92.949 0.0000000000
120748  5.855  -18.247  91.998 0.0000000000
51594  14.180  -16.818  93.226 0.0000000000
50563  14.363  -16.992  92.535 0.0000000000
50556  13.580  -17.107  93.533 0.0000000000
50565  13.162  -17.739  93.132 0.0000000000
50549  12.714  -17.202  94.542 0.0000000000
50566  12.479  -18.042  93.421 0.0000000000
49512  11.172  -18.781  93.260 0.0000000000
51571  10.977  -16.807  96.685 0.0000000000
51577  11.320  -17.226  96.022 0.0000000000
50544  11.117  -17.802  95.875 0.0000000000
50545  10.383  -18.122  96.313 0.0000000000
50552  10.634  -18.351  95.685 0.0000000000
50551  11.190  -18.097  95.360 0.0000000000
49502  10.854  -18.558  94.975 0.0000000000
49513  10.423  -19.087  93.561 0.0000000000
49520  10.548  -19.184  92.733 0.0000000000
116646  8.438  -19.728  94.108 0.0000000000
46063  5.502  -21.056  93.511 0.0000000000
46050  4.883  -21.242  93.824 0.0000000000
47186  3.429  -21.413  94.668 0.0000000000
48332  5.875  -20.178  96.140 0.0000000000
47162  5.275  -20.420  95.902 0.0000000000
49500  4.726  -19.647  96.266 0.0000000000
47163  4.796  -20.405  95.904 0.0000000000
47175  2.303  -21.181  95.216 0.0000000000
48345  2.127  -20.259  94.239 0.0000000000
50555  3.008  -19.677  94.542 0.0000000000
49510  2.685  -19.792  93.927 0.0000000000
49516  2.318  -19.704  93.475 0.0000000000
49522  2.076  -19.464  93.030 0.0000000000
52708  5.765  -16.594  83.511 0.0000000000
52709  4.867  -16.194  83.117 0.0000000000
138219  3.041  -15.891  82.526 0.0000000000
52727  2.437  -15.899  82.204 0.0000000000
54514  0.841  -15.163  86.635 0.0000000000
54527  0.879  -15.537  86.064 0.0000000000
53654  0.891  -15.375  85.369 0.0000000000
54536  0.601  -14.663  84.984 0.0000000000
53667  0.909  -15.077  84.559 0.0000000000
53676  1.533  -15.362  83.397 0.0000000000
135071  1.533  -15.395  82.631 0.0000000000
52728  1.760  -15.668  82.128 0.0000000000
52740  1.652  -15.586  81.573 0.0000000000
54565  1.245  -14.458  82.031 0.0000000000
125919  1.355  -14.562  81.262 0.0000000000
55483  1.567  -13.838  80.842 0.0000000000
53545  10.156  -15.667  94.496 0.0000000000
54455  10.977  -15.293  94.082 0.0000000000
55362  19.345  -13.579  93.865 0.0000000000
53549  17.036  -15.250  92.920 0.0000000000
53550  16.208  -15.500  93.203 0.0000000000
52605  15.676  -15.760  93.015 0.0000000000
52606  15.069  -16.147  93.333 0.0000000000
51593  14.709  -16.515  92.979 0.0000000000
51586  14.513  -16.454  93.584 0.0000000000
53537  14.403  -15.578  95.152 0.0000000000
136294  14.015  -16.078  95.013 0.0000000000
129030  12.836  -15.671  96.254 0.0000000000
53527  12.714  -14.850  97.537 0.0000000000
55353  14.011  -13.150  96.487 0.0000000000
56380  12.910  -12.073  96.353 0.0000000000
54437  13.315  -13.845  96.673 0.0000000000
54433  13.431  -13.615  98.155 0.0000000000
124241  13.090  -14.479  98.180 0.0000000000
54431  11.835  -13.780  98.576 0.0000000000
54432  11.258  -14.142  98.876 0.0000000000
55349  10.970  -14.132  97.357 0.0000000000
55356  11.366  -13.834  96.629 0.0000000000
54434  10.137  -14.821  97.099 0.0000000000
54444  10.063  -15.218  95.912 0.0000000000
45119  0.984  -23.370  85.526 0.0000000000
47329  2.694  -22.026  84.888 0.0000000000
47292  1.752  -21.884  86.710 0.0000000000
136521  4.133  -21.157  84.888 0.0000000000
49540  2.693  -19.610  90.265 0.0000000000
53651  4.312  -14.785  84.777 0.0000000000
132646  3.515  -13.035  86.725 0.0000000000
130188  9.585  -16.184  94.141 0.0000000000
50579  14.036  -17.513  91.292 0.0000000000
50587  13.360  -17.755  90.776 0.0000000000
49523  12.732  -18.182  91.033 0.0000000000
44990  3.365  -22.536  92.742 0.0000000000
43810  3.166  -23.460  91.558 0.0000000000
45131  1.328  -23.591  83.721 0.0000000000
46199  3.072  -22.121  83.255 0.0000000000
46213  2.515  -22.465  82.706 0.0000000000
47392  3.365  -21.861  81.777 0.0000000000
124540  2.604  -22.316  81.940 0.0000000000
46221  1.800  -23.374  81.436 0.0000000000
46245  2.016  -23.223  76.919 0.0000000000
51716  6.670  -17.875  82.017 0.0000000000
50672  6.957  -18.559  81.552 0.0000000000
48556  6.559  -20.074  79.669 0.0000000000
139133  4.697  -16.693  80.301 0.0000000000
51748  5.516  -17.179  79.194 0.0000000000
51763  6.272  -17.720  79.386 0.0000000000
49617  6.720  -19.390  79.235 0.0000000000
48557  5.917  -20.424  79.332 0.0000000000
125008  4.145  -21.557  78.050 0.0000000000
47451  3.641  -22.057  77.597 0.0000000000
46244  2.919  -22.546  77.199 0.0000000000
46258  1.715  -23.015  75.859 0.0000000000
46275  1.496  -22.715  74.944 0.0000000000
123185  2.438  -18.380  75.176 0.0000000000
50739  2.109  -18.945  74.781 0.0000000000
133463  1.871  -17.786  74.437 0.0000000000
50751  1.596  -19.106  74.075 0.0000000000
49714  1.730  -19.740  73.884 0.0000000000
58515  2.261  -10.755  87.576 0.0000000000
58546  1.748  -11.153  85.829 0.0000000000
58530  3.186  -10.359  86.220 0.0000000000
58545  2.450  -10.784  85.594 0.0000000000
58558  1.781  -11.110  84.887 0.0000000000
57561  1.588  -11.364  84.246 0.0000000000
57579  1.795  -12.042  83.237 0.0000000000
136919  2.128  -12.070  82.554 0.0000000000
56515  2.036  -13.082  80.422 0.0000000000
115782  2.716  -10.877  80.738 0.0000000000
58602  2.464  -10.587  79.915 0.0000000000
56523  2.053  -12.971  79.452 0.0000000000
55501  1.776  -13.109  78.556 0.0000000000
55509  1.532  -13.304  77.612 0.0000000000
121468  1.187  -12.985  76.625 0.0000000000
125727  0.938  -14.198  76.071 0.0000000000
54603  0.932  -14.493  75.382 0.0000000000
54610  1.105  -14.378  74.675 0.0000000000
58666  1.387  -10.278  75.114 0.0000000000
57616  1.189  -11.145  75.101 0.0000000000
47176  2.041  -20.592  95.042 0.0000000000
48340  3.225  -20.633  95.490 0.0000000000
49485  8.607  -18.360  97.475 0.0000000000
49488  8.069  -18.762  97.412 0.0000000000
49694  1.595  -19.938  74.027 0.0000000000
50530  8.990  -17.966  97.588 0.0000000000
50539  9.595  -18.348  97.037 0.0000000000
50542  5.019  -18.957  96.293 0.0000000000
50707  6.062  -18.360  78.026 0.0000000000
51564  9.939  -17.001  97.412 0.0000000000
51566  11.325  -16.059  97.103 0.0000000000
51572  9.079  -16.121  97.381 0.0000000000
51574  6.264  -17.829  96.259 0.0000000000
52580  11.300  -15.287  98.344 0.0000000000
52582  10.401  -16.359  99.009 0.0000000000
52586  10.834  -15.634  97.904 0.0000000000
52739  2.088  -15.985  81.567 0.0000000000
53522  11.473  -15.134  99.063 0.0000000000
53523  10.881  -15.314  99.128 0.0000000000
53528  10.816  -14.836  98.116 0.0000000000
54429  13.268  -12.609  98.303 0.0000000000
55346  13.294  -12.429  98.388 0.0000000000
55347  12.509  -12.885  98.363 0.0000000000
55350  13.276  -12.505  98.326 0.0000000000
56376  13.021  -12.409  98.428 0.0000000000
56378  13.170  -12.470  98.413 0.0000000000
56456  0.564  -13.421  88.798 0.0000000000
57454  13.010  -12.514  98.443 0.0000000000
57571  1.926  -11.449  83.673 0.0000000000
60712  3.672  -8.534  82.365 0.0000000000
115724  13.044  -12.599  98.381 0.0000000000
117276  1.673  -12.653  74.159 0.0000000000
117413  10.028  -17.053  97.332 0.0000000000
133594  12.130  -14.428  98.584 0.0000000000
135168  13.063  -12.561  98.306 0.0000000000
135536  10.599  -15.779  98.060 0.0000000000
137001  2.060  -16.042  79.142 0.0000000000
138521  1.295  -9.114  76.356 0.0000000000
