#!ascii label  , from subject sub-v1s15x0050210_ses-1 vox2ras=TkReg
530
135378  19.936  -7.658  8.202 0.0000000000
66339  26.517  -3.106  2.663 0.0000000000
74478  23.320  5.173  3.715 0.0000000000
73643  16.919  4.177  4.572 0.0000000000
57392  22.166  -12.787  10.141 0.0000000000
114590  25.369  -10.420  8.454 0.0000000000
132476  22.383  -7.006  4.687 0.0000000000
68223  20.522  -1.302  4.059 0.0000000000
71144  24.860  0.809  3.462 0.0000000000
72885  28.398  3.124  -0.524 0.0000000000
123639  24.675  9.536  3.618 0.0000000000
59432  21.384  -10.441  9.345 0.0000000000
57409  23.812  -12.139  8.722 0.0000000000
60507  22.130  -9.807  6.400 0.0000000000
67233  18.940  -2.196  6.000 0.0000000000
69259  17.041  -0.613  6.691 0.0000000000
125034  20.151  4.924  3.457 0.0000000000
72029  20.287  2.615  2.867 0.0000000000
72858  23.782  3.346  3.482 0.0000000000
72025  26.841  1.871  2.409 0.0000000000
73669  26.699  4.606  2.328 0.0000000000
80587  23.362  12.263  5.505 0.0000000000
78124  23.458  10.115  4.810 0.0000000000
80600  24.334  12.094  2.858 0.0000000000
64521  24.655  -5.408  3.753 0.0000000000
62524  25.635  -7.722  4.809 0.0000000000
127834  27.467  -5.059  5.365 0.0000000000
133718  20.705  7.709  3.952 0.0000000000
68218  28.055  -1.302  3.294 0.0000000000
63515  19.324  -6.532  7.621 0.0000000000
61580  19.257  -8.861  4.544 0.0000000000
64508  20.352  -5.992  5.949 0.0000000000
117063  21.230  -4.236  4.724 0.0000000000
67255  23.919  -2.460  2.624 0.0000000000
124861  18.312  1.321  4.486 0.0000000000
69286  22.146  0.020  2.951 0.0000000000
136973  25.456  -1.417  2.299 0.0000000000
70215  27.779  -0.019  1.750 0.0000000000
76381  22.660  8.418  5.057 0.0000000000
76401  25.063  7.056  4.244 0.0000000000
78982  24.015  10.605  0.144 0.0000000000
119734  25.298  9.075  1.265 0.0000000000
75477  26.590  6.488  2.184 0.0000000000
74510  27.359  5.168  -1.684 0.0000000000
60528  24.145  -9.548  5.115 0.0000000000
62484  19.089  -6.992  8.804 0.0000000000
60490  19.794  -8.523  9.771 0.0000000000
60500  20.686  -8.481  8.339 0.0000000000
59442  21.759  -10.069  8.520 0.0000000000
60509  21.183  -8.376  7.324 0.0000000000
118037  21.853  5.332  3.444 0.0000000000
72860  21.846  3.959  2.798 0.0000000000
73656  23.511  4.348  3.577 0.0000000000
73654  25.275  4.234  3.380 0.0000000000
74476  25.221  5.090  3.605 0.0000000000
81475  23.945  13.467  4.041 0.0000000000
80591  24.187  12.164  4.154 0.0000000000
81489  23.795  13.549  2.610 0.0000000000
65456  25.778  -4.376  3.051 0.0000000000
64512  26.344  -5.478  3.696 0.0000000000
66332  26.755  -3.947  3.565 0.0000000000
76422  18.335  8.276  3.699 0.0000000000
77278  19.433  9.786  4.601 0.0000000000
57394  20.817  -12.000  10.952 0.0000000000
57383  21.154  -12.799  11.178 0.0000000000
56310  22.390  -13.909  10.889 0.0000000000
56324  23.729  -13.609  9.978 0.0000000000
114724  25.039  -11.295  8.941 0.0000000000
57399  25.011  -12.120  9.999 0.0000000000
64492  19.429  -6.262  7.270 0.0000000000
65438  18.768  -4.893  7.622 0.0000000000
67241  19.461  -1.984  5.116 0.0000000000
138112  20.191  -3.347  5.550 0.0000000000
67240  20.722  -2.656  4.583 0.0000000000
66344  22.134  -2.987  3.941 0.0000000000
67250  21.918  -2.113  3.772 0.0000000000
71998  16.631  2.041  5.856 0.0000000000
121765  17.571  2.641  4.552 0.0000000000
122371  22.380  1.823  2.597 0.0000000000
70222  21.087  1.146  3.043 0.0000000000
70219  23.655  0.410  2.490 0.0000000000
69284  23.566  -0.436  2.427 0.0000000000
69283  25.238  -0.688  2.570 0.0000000000
70217  26.241  -0.719  2.358 0.0000000000
137899  26.411  -0.000  2.524 0.0000000000
72033  27.900  2.134  0.759 0.0000000000
71155  28.506  1.689  0.675 0.0000000000
126718  24.180  10.049  4.053 0.0000000000
128362  23.278  9.372  4.896 0.0000000000
77274  23.600  8.665  4.581 0.0000000000
129889  23.295  8.195  4.825 0.0000000000
77273  24.417  8.669  4.127 0.0000000000
76434  26.319  7.430  1.660 0.0000000000
76443  26.289  7.283  0.511 0.0000000000
74507  26.914  5.905  0.439 0.0000000000
126067  20.372  -8.288  4.632 0.0000000000
60540  21.982  -9.488  5.265 0.0000000000
61576  23.695  -8.736  4.540 0.0000000000
62514  26.895  -7.277  6.741 0.0000000000
115983  26.306  -7.901  6.759 0.0000000000
59423  20.363  -10.325  10.486 0.0000000000
58363  21.597  -11.304  9.627 0.0000000000
57402  22.763  -12.594  9.566 0.0000000000
58375  21.992  -10.941  8.949 0.0000000000
58383  23.015  -11.042  8.023 0.0000000000
114586  23.781  -10.941  7.259 0.0000000000
123311  17.041  -2.122  7.428 0.0000000000
68199  17.689  -1.592  6.614 0.0000000000
68214  18.765  -0.831  4.947 0.0000000000
127440  18.607  4.894  3.590 0.0000000000
72863  18.567  3.028  3.546 0.0000000000
73659  20.120  4.067  3.195 0.0000000000
72870  22.225  3.178  2.701 0.0000000000
72015  23.770  2.493  3.373 0.0000000000
71131  26.131  1.621  3.217 0.0000000000
72013  25.427  2.506  3.412 0.0000000000
72869  26.957  3.615  2.139 0.0000000000
73668  27.101  4.169  1.292 0.0000000000
79770  23.212  11.565  5.504 0.0000000000
79774  23.905  11.480  4.738 0.0000000000
79773  24.304  11.390  3.793 0.0000000000
78961  24.464  10.625  3.506 0.0000000000
63556  24.002  -6.095  4.217 0.0000000000
62532  24.686  -7.600  4.329 0.0000000000
63554  25.359  -6.213  3.787 0.0000000000
63538  26.574  -6.462  4.984 0.0000000000
74464  17.129  6.357  4.290 0.0000000000
75467  18.320  7.298  3.466 0.0000000000
125493  20.720  6.225  3.551 0.0000000000
75450  22.330  6.565  3.972 0.0000000000
57391  24.598  -12.906  10.114 0.0000000000
67245  27.072  -2.301  2.847 0.0000000000
66330  27.956  -3.107  4.442 0.0000000000
129350  19.512  -6.845  7.657 0.0000000000
61558  20.083  -8.309  5.895 0.0000000000
62515  20.077  -7.529  5.879 0.0000000000
123764  20.096  -7.656  4.874 0.0000000000
64515  21.122  -5.961  5.024 0.0000000000
126449  19.846  -3.763  6.224 0.0000000000
133319  20.784  -4.420  5.142 0.0000000000
65452  21.671  -5.013  4.611 0.0000000000
65459  23.209  -4.246  3.919 0.0000000000
66342  23.950  -3.763  3.368 0.0000000000
66347  25.417  -3.015  2.264 0.0000000000
70202  17.732  0.842  5.362 0.0000000000
69269  19.006  -0.138  4.030 0.0000000000
116083  18.737  1.993  3.803 0.0000000000
71134  20.222  0.772  3.396 0.0000000000
116001  20.563  -0.662  3.745 0.0000000000
68230  22.953  -1.113  2.607 0.0000000000
117238  24.229  -1.930  2.400 0.0000000000
67252  26.331  -2.209  1.964 0.0000000000
69275  27.218  -1.327  1.919 0.0000000000
130547  27.648  -0.827  1.971 0.0000000000
71143  27.125  0.544  2.096 0.0000000000
135944  21.663  7.963  4.626 0.0000000000
75449  23.212  6.646  4.373 0.0000000000
137412  24.459  6.061  4.383 0.0000000000
130115  24.413  11.657  2.012 0.0000000000
78968  24.898  10.336  1.743 0.0000000000
123644  24.984  9.662  1.056 0.0000000000
78137  25.252  9.535  2.450 0.0000000000
138340  25.516  8.136  3.272 0.0000000000
75462  25.865  6.437  3.860 0.0000000000
128741  25.504  5.735  4.019 0.0000000000
74494  26.535  5.574  2.513 0.0000000000
74501  27.021  5.071  0.846 0.0000000000
120430  27.714  4.297  -1.121 0.0000000000
59464  20.205  -10.529  4.927 0.0000000000
129369  22.924  -10.810  5.690 0.0000000000
114674  24.162  -10.471  6.690 0.0000000000
61574  24.931  -8.232  4.621 0.0000000000
114828  24.989  -9.186  6.018 0.0000000000
61535  19.436  -7.108  8.194 0.0000000000
61524  19.414  -7.634  9.125 0.0000000000
61534  20.076  -8.228  8.999 0.0000000000
61545  20.587  -7.786  7.148 0.0000000000
126171  22.879  4.636  3.516 0.0000000000
137286  24.707  4.640  3.568 0.0000000000
74477  24.193  4.970  3.763 0.0000000000
80601  24.142  12.864  3.427 0.0000000000
117259  26.080  -3.824  2.693 0.0000000000
65450  26.200  -4.717  3.254 0.0000000000
57393  21.509  -12.435  10.526 0.0000000000
56326  21.892  -13.209  10.661 0.0000000000
56309  23.442  -14.119  10.654 0.0000000000
56325  22.873  -13.429  10.146 0.0000000000
114790  24.514  -11.175  8.162 0.0000000000
130516  25.666  -10.710  9.257 0.0000000000
121146  26.203  -10.066  9.110 0.0000000000
65428  18.063  -4.182  7.974 0.0000000000
68213  19.265  -1.293  4.607 0.0000000000
68212  20.085  -1.805  4.545 0.0000000000
67251  21.043  -1.931  4.200 0.0000000000
72845  17.057  3.313  4.840 0.0000000000
72844  17.552  3.302  4.251 0.0000000000
71145  23.890  1.112  2.651 0.0000000000
71146  23.039  1.139  2.532 0.0000000000
70218  24.490  0.259  2.604 0.0000000000
128240  25.577  0.044  2.892 0.0000000000
72875  27.961  2.692  0.187 0.0000000000
72037  28.503  2.107  0.199 0.0000000000
78123  23.892  9.367  4.320 0.0000000000
77314  25.812  8.008  0.334 0.0000000000
76449  26.360  7.512  -0.142 0.0000000000
75493  26.733  6.709  0.020 0.0000000000
62534  21.150  -7.463  4.932 0.0000000000
125458  21.842  -8.192  4.924 0.0000000000
127454  23.075  -8.004  4.585 0.0000000000
63514  27.564  -6.863  7.319 0.0000000000
59433  20.769  -9.929  9.765 0.0000000000
60479  20.135  -9.403  10.189 0.0000000000
58364  20.995  -10.812  10.064 0.0000000000
58362  22.310  -11.747  9.267 0.0000000000
59452  22.206  -9.660  7.501 0.0000000000
59441  22.465  -10.546  8.197 0.0000000000
59451  22.963  -10.344  7.231 0.0000000000
58382  23.521  -11.053  7.577 0.0000000000
59461  23.439  -10.620  6.715 0.0000000000
68200  17.182  -1.385  7.153 0.0000000000
68208  17.590  -0.853  6.256 0.0000000000
68207  18.303  -1.100  5.768 0.0000000000
69265  18.225  -0.345  5.454 0.0000000000
74482  19.368  5.426  3.520 0.0000000000
73660  19.386  4.411  3.454 0.0000000000
72859  22.806  3.847  3.302 0.0000000000
72016  23.037  2.892  3.008 0.0000000000
72014  24.489  2.494  3.500 0.0000000000
72857  24.797  3.361  3.456 0.0000000000
73653  26.251  3.989  2.855 0.0000000000
138588  23.493  12.685  5.443 0.0000000000
79769  23.768  12.049  5.010 0.0000000000
79777  24.541  11.289  2.837 0.0000000000
123873  24.815  -6.239  4.006 0.0000000000
64520  25.164  -5.606  3.599 0.0000000000
64505  26.918  -5.277  4.546 0.0000000000
64506  26.546  -6.034  4.337 0.0000000000
63537  27.094  -5.922  5.279 0.0000000000
137958  27.324  -6.201  5.897 0.0000000000
75437  16.286  7.106  5.553 0.0000000000
75452  17.296  7.412  4.310 0.0000000000
74484  17.692  6.845  3.766 0.0000000000
76423  17.763  7.936  3.811 0.0000000000
117456  20.003  7.716  3.567 0.0000000000
75466  19.165  7.589  3.435 0.0000000000
76420  20.779  6.981  3.613 0.0000000000
75464  21.523  6.213  3.626 0.0000000000
136159  23.496  -12.564  9.206 0.0000000000
56332  24.065  -13.248  9.644 0.0000000000
57401  23.975  -12.728  9.192 0.0000000000
58347  25.962  -11.968  11.022 0.0000000000
136140  27.759  -1.915  3.287 0.0000000000
63502  18.592  -6.287  8.273 0.0000000000
62506  19.957  -6.955  6.944 0.0000000000
63528  19.927  -6.774  6.880 0.0000000000
64501  19.552  -5.580  6.905 0.0000000000
63539  20.205  -6.735  6.173 0.0000000000
63549  20.216  -7.020  4.975 0.0000000000
63548  20.157  -6.816  4.948 0.0000000000
64516  20.654  -6.150  5.304 0.0000000000
66319  18.824  -3.296  6.626 0.0000000000
66326  20.651  -3.556  4.925 0.0000000000
65444  20.423  -4.145  5.629 0.0000000000
65453  21.002  -5.143  5.126 0.0000000000
65451  22.674  -4.932  4.314 0.0000000000
66333  22.162  -4.011  4.252 0.0000000000
67249  22.889  -2.478  3.261 0.0000000000
66343  22.977  -3.413  3.636 0.0000000000
67248  23.647  -3.028  3.111 0.0000000000
66348  24.520  -3.082  2.625 0.0000000000
71125  18.037  1.401  4.726 0.0000000000
71117  17.513  1.617  5.236 0.0000000000
70201  18.238  0.876  4.795 0.0000000000
70211  18.598  0.735  4.324 0.0000000000
72017  19.598  2.836  3.130 0.0000000000
72018  18.934  2.621  3.500 0.0000000000
71149  19.499  2.214  3.314 0.0000000000
70209  21.285  0.431  3.227 0.0000000000
129115  20.657  0.007  3.497 0.0000000000
69277  21.420  -0.366  3.408 0.0000000000
69276  22.234  -0.776  3.096 0.0000000000
128336  24.547  -0.989  2.398 0.0000000000
68229  23.809  -1.263  2.408 0.0000000000
68228  25.049  -1.742  2.252 0.0000000000
137280  25.596  -2.133  2.054 0.0000000000
130574  26.039  -1.865  1.990 0.0000000000
68220  26.806  -1.883  1.945 0.0000000000
68227  26.693  -1.805  1.963 0.0000000000
70216  26.990  -0.435  2.007 0.0000000000
69281  27.495  -0.716  1.966 0.0000000000
70207  27.993  -0.222  1.867 0.0000000000
133959  28.362  0.316  1.987 0.0000000000
71142  27.783  1.340  1.271 0.0000000000
78957  23.441  10.906  5.182 0.0000000000
78125  22.847  10.456  5.420 0.0000000000
77258  22.929  8.975  5.138 0.0000000000
78117  22.719  9.862  5.261 0.0000000000
77259  22.181  9.472  5.310 0.0000000000
77275  21.704  8.791  5.005 0.0000000000
115769  21.036  8.407  4.642 0.0000000000
76402  24.116  7.767  4.407 0.0000000000
76403  23.322  7.505  4.662 0.0000000000
75448  24.199  6.673  4.475 0.0000000000
79780  24.012  11.443  0.668 0.0000000000
128086  24.616  11.063  1.832 0.0000000000
77315  25.285  8.812  0.243 0.0000000000
78164  24.836  9.415  0.133 0.0000000000
77293  25.600  8.666  2.475 0.0000000000
75478  26.158  6.986  2.838 0.0000000000
75461  26.256  6.222  2.960 0.0000000000
120809  26.072  5.645  3.474 0.0000000000
74506  27.281  5.117  -0.376 0.0000000000
73673  27.427  4.211  0.048 0.0000000000
61559  19.211  -8.542  5.279 0.0000000000
60518  19.836  -9.783  5.427 0.0000000000
60530  19.586  -10.003  4.986 0.0000000000
60539  23.142  -9.632  4.876 0.0000000000
59492  22.630  -10.195  5.373 0.0000000000
59491  23.326  -10.219  5.241 0.0000000000
114720  23.680  -10.589  6.001 0.0000000000
59473  23.890  -10.064  5.534 0.0000000000
62531  25.252  -7.446  4.354 0.0000000000
121306  24.360  -8.245  4.434 0.0000000000
61543  26.160  -8.411  7.362 0.0000000000
61557  25.729  -8.409  6.417 0.0000000000
114591  25.464  -9.053  7.057 0.0000000000
60489  20.483  -8.982  9.388 0.0000000000
59443  21.133  -9.499  8.941 0.0000000000
60499  21.489  -9.109  7.920 0.0000000000
60508  21.703  -8.948  6.837 0.0000000000
74480  20.961  5.363  3.490 0.0000000000
73658  21.453  4.642  3.232 0.0000000000
73657  22.241  4.629  3.282 0.0000000000
73655  24.332  4.160  3.555 0.0000000000
74475  26.105  4.881  3.089 0.0000000000
81467  23.730  13.233  5.307 0.0000000000
80592  23.933  12.722  4.774 0.0000000000
65457  25.244  -4.638  3.268 0.0000000000
64519  25.745  -5.346  3.439 0.0000000000
134361  26.695  -4.812  3.868 0.0000000000
65449  27.273  -4.373  4.657 0.0000000000
76421  19.200  8.520  3.849 0.0000000000
76405  20.108  8.576  4.176 0.0000000000
58348  20.171  -11.539  11.423 0.0000000000
57384  20.437  -12.364  11.641 0.0000000000
55288  23.610  -14.693  11.377 0.0000000000
56308  24.344  -14.032  11.198 0.0000000000
57408  24.255  -12.015  8.757 0.0000000000
57400  24.365  -12.590  9.421 0.0000000000
114722  24.822  -11.873  9.386 0.0000000000
63516  18.765  -5.917  7.937 0.0000000000
132841  18.999  -5.643  7.684 0.0000000000
66327  19.654  -2.801  5.832 0.0000000000
132367  20.120  -2.659  5.042 0.0000000000
66334  21.382  -3.337  4.460 0.0000000000
67239  21.449  -2.586  4.241 0.0000000000
71997  17.162  2.517  5.220 0.0000000000
71124  18.271  1.827  4.272 0.0000000000
121597  21.826  2.483  2.594 0.0000000000
71147  21.460  1.767  2.700 0.0000000000
70221  22.051  0.953  2.784 0.0000000000
70220  22.886  0.273  2.579 0.0000000000
69285  22.841  -0.481  2.617 0.0000000000
132351  24.245  -0.245  2.432 0.0000000000
69282  26.017  -1.323  2.232 0.0000000000
72024  27.245  2.505  1.792 0.0000000000
71158  28.906  1.882  0.194 0.0000000000
76419  25.106  7.969  4.070 0.0000000000
77307  25.773  8.337  1.465 0.0000000000
75486  26.555  6.587  1.121 0.0000000000
62536  19.400  -8.302  4.543 0.0000000000
132478  20.166  -9.933  4.474 0.0000000000
61578  20.895  -9.229  4.679 0.0000000000
61577  22.676  -8.868  4.767 0.0000000000
60538  23.773  -9.555  4.884 0.0000000000
63527  26.847  -6.726  5.763 0.0000000000
61556  26.151  -7.648  5.826 0.0000000000
62505  26.635  -7.813  7.296 0.0000000000
59412  19.906  -10.727  11.157 0.0000000000
58356  20.582  -11.178  10.739 0.0000000000
58355  21.237  -11.628  10.323 0.0000000000
57403  21.868  -12.115  9.863 0.0000000000
57410  23.097  -12.051  8.942 0.0000000000
58374  22.681  -11.341  8.630 0.0000000000
58373  23.400  -11.558  8.347 0.0000000000
58372  23.952  -11.517  7.971 0.0000000000
114593  24.100  -10.955  7.340 0.0000000000
67228  17.944  -2.413  6.857 0.0000000000
67234  18.380  -1.712  6.081 0.0000000000
68206  18.915  -1.489  5.314 0.0000000000
131434  19.000  -0.721  4.342 0.0000000000
73661  17.986  4.301  3.615 0.0000000000
72864  17.994  3.284  3.706 0.0000000000
135636  18.605  3.840  3.516 0.0000000000
72862  19.311  3.408  3.303 0.0000000000
72861  20.223  3.337  2.921 0.0000000000
117502  20.962  3.965  2.930 0.0000000000
72871  21.219  3.160  2.658 0.0000000000
72027  22.552  2.493  2.672 0.0000000000
72026  23.269  1.991  2.735 0.0000000000
71133  24.256  1.747  3.412 0.0000000000
71132  25.216  1.637  3.520 0.0000000000
72012  26.163  2.474  3.172 0.0000000000
72856  25.750  3.302  3.255 0.0000000000
72855  26.565  3.005  2.698 0.0000000000
72868  27.391  3.062  1.136 0.0000000000
128219  27.525  3.423  0.361 0.0000000000
78956  24.006  10.732  4.398 0.0000000000
136518  24.539  10.086  3.558 0.0000000000
63546  23.099  -6.304  4.428 0.0000000000
131429  23.389  -7.435  4.432 0.0000000000
63555  24.449  -6.951  4.268 0.0000000000
62542  24.983  -6.893  4.157 0.0000000000
62530  25.785  -7.211  4.418 0.0000000000
63553  26.016  -6.184  3.743 0.0000000000
63543  26.188  -6.692  4.307 0.0000000000
125351  26.232  -7.108  4.969 0.0000000000
127204  16.922  5.225  4.383 0.0000000000
73662  17.690  5.424  3.820 0.0000000000
74483  18.447  6.075  3.547 0.0000000000
128164  19.235  6.540  3.412 0.0000000000
74481  20.120  5.870  3.484 0.0000000000
75463  22.257  5.856  3.650 0.0000000000
74463  22.935  5.890  3.866 0.0000000000
56323  24.174  -13.660  10.262 0.0000000000
66338  27.234  -3.076  3.666 0.0000000000
67238  27.965  -2.528  3.792 0.0000000000
61546  20.046  -7.275  7.203 0.0000000000
120452  20.171  -7.609  6.158 0.0000000000
62525  19.307  -8.371  4.704 0.0000000000
119292  19.785  -7.699  4.609 0.0000000000
63547  21.070  -6.770  5.008 0.0000000000
123189  21.677  -6.342  4.767 0.0000000000
126212  18.504  -4.048  7.397 0.0000000000
65437  19.244  -4.432  6.860 0.0000000000
65445  20.096  -4.814  6.314 0.0000000000
64507  20.592  -5.127  5.578 0.0000000000
64514  22.191  -5.856  4.530 0.0000000000
64513  23.162  -5.623  4.339 0.0000000000
64522  23.728  -5.023  4.031 0.0000000000
137909  23.814  -4.388  3.707 0.0000000000
65458  24.422  -4.502  3.511 0.0000000000
66341  24.982  -3.750  2.867 0.0000000000
66340  25.631  -3.685  2.607 0.0000000000
67247  26.010  -2.895  2.152 0.0000000000
70195  16.994  0.272  6.227 0.0000000000
69266  17.597  -0.056  5.810 0.0000000000
135268  18.141  0.373  5.211 0.0000000000
69270  18.561  0.020  4.681 0.0000000000
68224  19.637  -0.883  4.135 0.0000000000
72019  18.372  2.462  3.864 0.0000000000
71148  20.391  1.763  3.024 0.0000000000
71135  19.370  1.480  3.573 0.0000000000
70210  19.156  0.678  3.810 0.0000000000
69278  19.809  -0.077  3.717 0.0000000000
68222  21.465  -1.236  3.665 0.0000000000
68221  22.480  -1.563  3.192 0.0000000000
67256  23.338  -1.795  2.667 0.0000000000
134294  23.247  -0.826  2.481 0.0000000000
67254  25.019  -2.403  2.199 0.0000000000
67253  25.817  -2.404  2.023 0.0000000000
67246  26.420  -2.382  2.085 0.0000000000
68219  27.399  -1.593  2.447 0.0000000000
127158  27.646  -1.131  2.293 0.0000000000
132697  26.762  -1.274  1.974 0.0000000000
69274  27.952  -0.607  2.890 0.0000000000
70208  25.915  0.784  3.209 0.0000000000
70214  28.180  0.413  1.506 0.0000000000
75451  21.529  7.297  4.054 0.0000000000
76404  22.371  7.568  4.610 0.0000000000
74462  23.884  5.834  4.238 0.0000000000
80615  23.915  12.839  1.915 0.0000000000
80614  23.990  12.162  1.253 0.0000000000
78969  24.720  10.716  2.642 0.0000000000
78151  24.865  10.176  2.979 0.0000000000
78981  24.366  9.994  0.072 0.0000000000
77294  25.189  8.794  3.423 0.0000000000
76435  25.905  7.855  2.586 0.0000000000
76418  25.669  7.404  3.634 0.0000000000
75447  25.016  6.235  4.301 0.0000000000
74461  24.705  5.610  4.128 0.0000000000
74502  26.855  5.823  1.600 0.0000000000
74493  26.922  5.104  1.809 0.0000000000
73676  27.944  3.304  -0.499 0.0000000000
73681  27.822  4.673  -1.754 0.0000000000
129859  28.126  3.816  -1.105 0.0000000000
61544  20.760  -8.702  6.320 0.0000000000
60517  20.802  -9.791  5.693 0.0000000000
59463  21.286  -10.235  5.391 0.0000000000
59475  20.656  -10.586  4.991 0.0000000000
59462  22.665  -10.741  5.944 0.0000000000
115045  23.156  -10.907  5.923 0.0000000000
130480  24.692  -10.450  7.554 0.0000000000
62533  24.000  -7.751  4.288 0.0000000000
61570  24.693  -8.983  5.144 0.0000000000
61569  25.373  -8.399  5.343 0.0000000000
60527  24.372  -9.571  5.500 0.0000000000
114600  24.805  -9.778  6.878 0.0000000000
114792  25.366  -9.704  7.702 0.0000000000
66331  27.397  -3.627  4.333 0.0000000000
66325  27.888  -3.692  5.043 0.0000000000
56333  23.573  -13.118  9.578 0.0000000000
59474  23.468  -10.479  5.571 0.0000000000
59476  20.113  -10.474  4.747 0.0000000000
59490  23.730  -10.016  5.272 0.0000000000
59493  19.644  -9.609  4.597 0.0000000000
60506  25.844  -9.035  7.777 0.0000000000
60519  19.328  -9.280  5.143 0.0000000000
60529  21.641  -10.043  5.424 0.0000000000
60541  20.658  -10.245  4.749 0.0000000000
61571  19.102  -9.123  4.888 0.0000000000
61575  24.309  -8.889  4.729 0.0000000000
61579  19.786  -9.088  4.392 0.0000000000
62535  20.024  -7.442  4.688 0.0000000000
63544  25.577  -6.806  4.089 0.0000000000
63545  23.645  -6.948  4.378 0.0000000000
71136  18.623  1.394  4.099 0.0000000000
72006  17.843  1.960  4.592 0.0000000000
72020  17.985  2.446  4.140 0.0000000000
72028  21.037  2.364  2.666 0.0000000000
72835  16.385  3.375  5.503 0.0000000000
74479  22.581  5.259  3.569 0.0000000000
75453  16.779  7.018  4.791 0.0000000000
75465  20.043  6.845  3.421 0.0000000000
114592  23.700  -10.659  6.645 0.0000000000
114705  24.280  -9.983  6.056 0.0000000000
123852  17.512  4.273  4.019 0.0000000000
129791  22.050  -10.133  5.700 0.0000000000
131359  20.744  4.585  3.303 0.0000000000
139208  21.911  -8.893  4.989 0.0000000000
