#!ascii label  , from subject sub-v1s15x0050210_ses-1 vox2ras=TkReg
862
10272  39.098  -63.297  21.930 0.3000000119
119680  32.909  -55.069  18.434 0.6000000238
19569  33.738  -51.445  18.565 0.6999999881
20432  33.550  -50.718  18.589 0.6999999881
10974  38.333  -62.878  22.286 0.4000000060
13931  35.153  -59.127  20.562 0.4000000060
10988  38.617  -62.683  21.264 0.5000000000
10283  39.299  -62.899  21.097 0.5000000000
16255  33.389  -55.738  18.515 0.6999999881
138587  33.488  -53.844  18.416 0.6999999881
17035  33.695  -54.634  18.403 0.5000000000
127381  35.162  -51.943  18.635 0.6000000238
127380  34.358  -51.875  18.580 0.6000000238
19568  34.550  -50.931  18.628 0.6999999881
21288  34.817  -49.868  18.623 0.6999999881
11691  37.269  -61.965  21.942 0.5000000000
135083  35.443  -59.591  20.809 0.4000000060
10989  37.883  -62.415  21.495 0.6000000238
14689  34.332  -57.898  19.734 0.4000000060
14692  34.548  -57.823  18.978 0.5000000000
11707  37.429  -61.911  20.788 0.6000000238
14693  33.887  -57.349  19.198 0.6000000238
15476  33.556  -56.492  18.730 0.6000000238
11004  38.168  -62.255  20.666 0.6000000238
15475  34.146  -56.313  18.513 0.6000000238
17798  34.172  -53.726  18.434 0.6000000238
18656  34.555  -52.781  18.549 0.6000000238
19566  36.548  -51.171  18.649 0.6999999881
124763  35.377  -50.465  18.660 0.6999999881
138603  35.050  -49.119  18.517 0.6999999881
20431  36.759  -50.397  18.634 0.6999999881
132376  36.930  -49.690  18.560 0.6999999881
22136  36.714  -48.814  18.343 0.6999999881
21286  37.651  -49.382  18.368 0.6999999881
11708  36.776  -61.483  21.438 0.5000000000
12465  35.890  -60.298  21.739 0.5000000000
13209  35.528  -59.667  21.482 0.5000000000
13932  34.725  -58.555  20.210 0.4000000060
14698  34.128  -57.104  18.735 0.6000000238
126051  38.474  -62.013  20.380 0.6000000238
133355  37.361  -61.536  20.095 0.5000000000
11744  37.610  -61.177  19.746 0.5000000000
16254  34.472  -55.290  18.442 0.6999999881
17797  35.021  -53.700  18.511 0.6000000238
17034  34.528  -54.371  18.440 0.6999999881
18654  36.853  -52.673  18.621 0.6000000238
18655  35.743  -52.908  18.625 0.6000000238
19565  37.217  -51.845  18.569 0.6000000238
127382  36.188  -51.957  18.666 0.6000000238
20429  38.522  -50.835  18.255 0.6000000238
127467  37.506  -51.032  18.501 0.6999999881
115990  35.612  -48.576  18.317 0.6999999881
22135  37.594  -48.680  18.125 0.6999999881
22149  37.069  -48.035  17.745 0.6999999881
124757  38.539  -49.954  18.152 0.6999999881
13935  35.204  -59.146  19.665 0.4000000060
12464  36.318  -60.891  21.081 0.5000000000
12477  35.796  -60.250  20.672 0.4000000060
13940  35.297  -58.256  18.840 0.5000000000
14697  35.049  -57.559  18.690 0.6000000238
12476  36.409  -60.838  20.116 0.4000000060
130863  34.887  -56.762  18.554 0.6000000238
11745  36.999  -61.181  19.744 0.4000000060
12487  35.990  -60.285  19.692 0.4000000060
12486  36.694  -60.618  19.383 0.4000000060
12493  36.731  -60.053  18.986 0.4000000060
16253  35.456  -55.376  18.517 0.6999999881
17033  35.246  -54.556  18.495 0.6000000238
17796  35.929  -53.918  18.579 0.6000000238
18653  37.860  -52.528  18.427 0.6000000238
136515  36.598  -53.422  18.600 0.6000000238
19564  38.419  -51.724  18.322 0.6000000238
22997  37.537  -47.519  17.209 0.6999999881
22148  38.013  -48.264  17.656 0.6999999881
21298  39.481  -49.734  17.544 0.6000000238
21285  38.398  -49.075  17.991 0.6000000238
13223  35.765  -59.693  19.304 0.4000000060
13939  35.598  -58.989  18.950 0.4000000060
13226  36.205  -59.591  18.917 0.4000000060
131235  35.675  -56.190  18.562 0.8000000119
12485  37.340  -60.462  19.367 0.5000000000
17032  36.125  -54.769  18.560 0.6999999881
127468  36.960  -54.254  18.587 0.6000000238
18652  38.579  -53.084  18.369 0.5000000000
17795  37.575  -53.444  18.491 0.6000000238
22998  36.608  -47.259  17.318 0.6999999881
20443  40.846  -51.128  17.673 0.6000000238
122086  39.412  -51.325  18.059 0.6000000238
22996  38.443  -47.830  17.069 0.8000000119
129267  38.011  -47.036  16.640 0.8000000119
21297  40.388  -50.578  17.507 0.6000000238
20444  39.419  -50.621  17.814 0.6000000238
136272  35.759  -58.570  18.733 0.5000000000
14696  35.973  -58.042  18.624 0.6000000238
13938  36.289  -58.891  18.739 0.5000000000
133074  38.205  -58.316  19.709 0.6999999881
13937  37.164  -58.950  18.960 0.4000000060
16252  36.399  -55.595  18.590 0.6999999881
131163  36.940  -55.084  18.594 0.6999999881
130954  37.915  -54.305  18.472 0.6000000238
18669  39.462  -52.733  18.344 0.6000000238
23854  37.399  -46.450  16.658 0.6000000238
19577  40.199  -51.604  17.931 0.6000000238
22155  39.386  -48.207  16.819 0.6999999881
23006  38.851  -47.474  16.574 0.6999999881
21299  41.631  -49.873  17.154 0.6999999881
136697  40.950  -49.419  16.876 0.6999999881
14695  37.018  -58.194  18.938 0.5000000000
123713  36.896  -57.360  18.828 0.6000000238
15474  35.821  -57.083  18.592 0.6000000238
125555  38.238  -57.513  19.464 0.6999999881
14691  37.795  -58.281  19.270 0.6000000238
15473  36.724  -56.477  18.685 0.6999999881
126638  38.388  -58.361  20.248 0.6999999881
13933  38.281  -59.096  20.041 0.6999999881
16251  37.685  -55.884  18.688 0.6999999881
17031  37.833  -55.025  18.546 0.6999999881
17042  39.325  -54.343  18.559 0.5000000000
17030  38.840  -54.899  18.584 0.6000000238
24721  37.286  -45.441  17.038 0.5000000000
18667  40.617  -52.634  18.610 0.6000000238
17802  39.972  -53.091  18.447 0.6000000238
23853  38.119  -46.276  16.273 0.6000000238
24728  38.296  -45.558  16.187 0.5000000000
134682  41.149  -51.310  17.905 0.6000000238
18668  39.749  -52.250  18.060 0.6000000238
23005  39.789  -47.590  16.265 0.6000000238
24735  39.826  -45.699  15.481 0.5000000000
20442  41.319  -50.769  17.682 0.6999999881
21296  41.195  -50.467  17.462 0.6999999881
22152  42.198  -49.232  16.752 0.6999999881
22154  40.430  -48.621  16.614 0.6999999881
118215  41.823  -47.392  15.350 0.5000000000
21295  41.788  -49.850  17.216 0.6999999881
23003  41.902  -48.511  16.116 0.6000000238
15472  37.890  -56.784  18.916 0.6000000238
14694  37.856  -57.540  19.119 0.6000000238
14688  38.471  -57.619  20.014 0.6999999881
16249  39.788  -54.937  18.846 0.6999999881
127234  38.646  -55.627  18.709 0.6999999881
17041  39.947  -54.149  18.667 0.6000000238
25627  38.509  -44.830  16.319 0.4000000060
17040  40.487  -53.955  18.872 0.5000000000
123443  40.486  -45.102  15.119 0.4000000060
20428  41.267  -51.171  18.123 0.6000000238
19563  40.848  -51.826  18.387 0.6000000238
23858  40.657  -46.551  15.351 0.5000000000
24734  40.755  -45.827  15.072 0.5000000000
126994  41.576  -47.989  15.798 0.5000000000
23860  42.924  -47.260  14.713 0.4000000060
21284  41.787  -49.878  17.421 0.6000000238
22151  42.536  -48.666  16.425 0.6999999881
22156  42.775  -48.519  16.176 0.6000000238
23002  43.306  -48.349  15.966 0.5000000000
15468  38.523  -56.712  19.488 0.6000000238
15471  38.412  -56.745  19.223 0.6999999881
15465  38.523  -56.797  20.230 0.6999999881
122033  38.741  -56.175  18.924 0.6000000238
16243  39.826  -55.118  18.990 0.6000000238
129761  40.791  -53.280  19.024 0.6000000238
17028  40.575  -54.191  18.964 0.5000000000
18651  40.857  -52.696  18.850 0.6000000238
20422  41.222  -50.939  18.424 0.6000000238
129972  41.148  -51.955  18.844 0.6000000238
24733  41.645  -46.481  14.896 0.4000000060
24741  41.572  -45.542  14.556 0.5000000000
25639  42.095  -44.733  14.060 0.4000000060
25638  43.110  -45.848  13.964 0.4000000060
22133  42.492  -48.693  17.029 0.6000000238
22994  43.062  -47.762  16.550 0.5000000000
16237  38.859  -55.984  19.475 0.6999999881
16244  39.096  -55.887  19.050 0.6000000238
16223  38.356  -56.043  20.540 0.6999999881
121250  39.073  -55.350  19.594 0.6000000238
16236  39.664  -55.288  19.068 0.6000000238
16224  37.612  -55.546  21.249 0.6999999881
17020  40.027  -54.688  19.177 0.5000000000
122818  40.642  -52.406  19.168 0.6000000238
18636  40.125  -53.052  19.407 0.6000000238
18643  40.782  -52.650  19.024 0.6000000238
20412  40.644  -50.843  18.981 0.5000000000
21276  41.548  -49.580  18.074 0.6000000238
22134  42.046  -49.167  17.468 0.6000000238
129035  42.565  -47.851  17.029 0.5000000000
17004  38.003  -54.895  20.580 0.6999999881
17021  38.817  -54.398  19.892 0.6999999881
17786  39.551  -53.773  19.564 0.6000000238
18637  38.966  -52.765  19.761 0.5000000000
20413  39.577  -50.614  19.434 0.6000000238
19551  39.553  -52.108  19.552 0.6000000238
136641  40.066  -50.097  19.192 0.6000000238
22125  40.565  -48.892  18.705 0.6000000238
22986  41.820  -47.925  17.667 0.5000000000
12475  38.865  -61.003  20.483 0.5000000000
13217  38.367  -60.054  20.227 0.5000000000
13208  39.424  -60.246  21.892 0.5000000000
12463  38.848  -60.065  21.128 0.5000000000
13930  38.452  -58.627  20.815 0.6999999881
13922  38.505  -58.384  21.692 0.6999999881
116941  38.552  -59.257  20.988 0.5000000000
13201  38.889  -59.313  22.009 0.5000000000
14680  38.386  -57.990  20.893 0.6999999881
138363  38.370  -57.370  20.805 0.6999999881
10271  39.856  -63.406  21.266 0.3000000119
126513  33.666  -53.102  18.484 0.6000000238
21287  35.925  -49.676  18.632 0.6999999881
22150  36.114  -47.891  17.857 0.6999999881
13934  37.772  -59.037  19.388 0.6000000238
134960  38.773  -52.408  18.316 0.6000000238
121501  40.026  -49.103  17.099 0.6999999881
23852  38.832  -46.807  16.173 0.6000000238
23004  41.001  -48.241  16.170 0.6999999881
23859  39.692  -46.645  15.745 0.6000000238
22153  41.518  -49.110  16.622 0.6999999881
25633  39.727  -44.814  15.575 0.5000000000
23009  43.369  -48.097  15.578 0.5000000000
17026  40.248  -54.654  18.957 0.5000000000
17785  40.545  -53.924  19.120 0.5000000000
21277  40.911  -50.057  18.655 0.6000000238
22124  41.240  -48.450  18.212 0.6000000238
19550  40.150  -51.476  19.295 0.6000000238
14659  38.207  -58.032  23.288 0.6000000238
14624  37.290  -57.735  26.902 0.6000000238
15354  37.309  -56.853  27.921 0.4000000060
13904  37.556  -57.923  24.899 0.5000000000
14669  38.260  -57.756  22.468 0.6000000238
15467  32.751  -56.251  19.340 0.5000000000
14587  37.890  -57.265  28.046 0.4000000060
15470  32.903  -56.162  18.826 0.5000000000
16257  31.535  -55.255  18.610 0.5000000000
13897  37.742  -58.512  25.578 0.5000000000
16140  37.723  -55.668  28.780 0.4000000060
16256  32.460  -55.542  18.602 0.5000000000
119481  32.119  -53.976  18.369 0.5000000000
123570  37.254  -57.761  25.883 0.6000000238
17036  32.179  -54.871  18.379 0.5000000000
14650  37.882  -57.984  24.079 0.5000000000
16926  39.481  -54.645  29.216 0.4000000060
138638  40.247  -54.488  29.042 0.4000000060
14609  36.960  -57.087  27.304 0.4000000060
133507  29.839  -52.770  18.845 0.5000000000
14641  37.140  -57.277  25.056 0.5000000000
17801  31.223  -53.526  18.391 0.5000000000
130819  30.571  -52.068  18.740 0.5000000000
14660  37.697  -57.444  23.625 0.6000000238
130831  37.877  -57.397  22.989 0.6000000238
129312  38.294  -57.524  21.629 0.6000000238
18658  32.980  -52.615  18.494 0.5000000000
118539  31.536  -50.658  18.726 0.5000000000
20435  30.847  -51.108  18.833 0.4000000060
136758  37.357  -56.965  23.899 0.5000000000
14651  37.456  -57.401  24.325 0.5000000000
119062  37.478  -56.766  23.210 0.6000000238
118811  37.429  -56.275  22.525 0.6000000238
15440  37.882  -56.965  22.290 0.6000000238
15453  37.723  -56.239  21.687 0.6000000238
15452  38.200  -56.863  21.240 0.6000000238
15355  37.045  -56.141  28.294 0.4000000060
125750  38.464  -54.937  29.209 0.4000000060
20433  32.589  -50.225  18.635 0.5000000000
20434  31.095  -50.338  18.962 0.5000000000
21273  31.129  -49.693  19.851 0.4000000060
19570  32.272  -51.215  18.583 0.6000000238
131812  30.942  -50.174  19.362 0.4000000060
15398  36.699  -56.673  25.193 0.6000000238
15423  36.960  -56.442  23.840 0.6000000238
16196  36.963  -55.979  23.113 0.6000000238
16210  37.107  -55.512  22.162 0.6000000238
122314  39.803  -53.863  29.172 0.4000000060
21291  32.282  -49.426  18.763 0.5000000000
22128  31.619  -48.972  19.780 0.4000000060
22103  31.772  -48.651  21.255 0.4000000060
16161  36.091  -55.958  27.060 0.6000000238
15366  36.644  -56.395  27.647 0.4000000060
16175  36.246  -56.021  25.348 0.6000000238
14642  36.822  -57.111  25.743 0.6000000238
15413  36.569  -56.225  24.539 0.5000000000
16186  35.993  -55.042  23.933 0.6000000238
16187  36.059  -55.505  24.645 0.5000000000
126375  40.189  -53.120  28.959 0.4000000060
125718  37.331  -54.850  28.973 0.4000000060
21290  32.902  -49.237  18.579 0.6000000238
22127  32.237  -48.499  19.360 0.5000000000
22972  32.216  -48.137  21.040 0.5000000000
22951  32.000  -47.882  22.058 0.5000000000
16153  36.257  -55.572  28.008 0.4000000060
16141  36.889  -55.451  28.554 0.4000000060
16162  35.679  -55.224  26.566 0.5000000000
16960  35.474  -54.498  24.751 0.5000000000
16197  36.421  -55.071  23.023 0.6000000238
133029  36.634  -54.738  22.098 0.6000000238
126373  38.297  -53.197  29.184 0.4000000060
122313  38.851  -53.966  29.301 0.4000000060
126374  39.277  -53.116  29.132 0.4000000060
18528  39.702  -52.385  28.695 0.4000000060
133025  34.682  -48.371  18.313 0.6000000238
17695  37.280  -53.275  29.107 0.4000000060
16927  37.820  -54.055  29.250 0.4000000060
22991  32.806  -48.085  18.954 0.6000000238
22971  32.722  -47.668  20.628 0.5000000000
22950  32.626  -47.357  21.657 0.4000000060
128813  35.948  -54.055  28.467 0.4000000060
16176  35.747  -55.311  25.549 0.5000000000
16977  35.706  -54.212  23.461 0.5000000000
16991  36.140  -54.201  22.476 0.6000000238
17006  36.607  -54.015  21.523 0.6000000238
119586  37.259  -54.173  20.927 0.6000000238
19419  39.258  -51.681  28.295 0.4000000060
22137  35.217  -47.707  17.980 0.6000000238
22990  33.518  -47.801  18.697 0.6000000238
22980  33.315  -47.534  19.250 0.5000000000
23783  32.223  -46.224  22.620 0.5000000000
17696  36.353  -53.337  28.720 0.4000000060
16929  35.468  -53.886  27.869 0.4000000060
135405  35.406  -54.405  27.107 0.5000000000
17738  35.016  -53.637  24.929 0.5000000000
17759  36.034  -53.490  22.038 0.5000000000
19434  39.717  -51.088  27.704 0.4000000060
22988  35.093  -47.090  17.883 0.6000000238
23830  34.538  -46.561  19.326 0.5000000000
23818  33.840  -46.521  20.751 0.5000000000
17727  35.126  -53.920  25.519 0.5000000000
120956  35.211  -53.562  24.142 0.4000000060
17760  35.648  -52.989  22.472 0.4000000060
17772  37.020  -53.378  20.852 0.4000000060
20306  39.412  -50.595  27.254 0.4000000060
19420  38.314  -51.698  28.352 0.4000000060
22999  35.756  -47.213  17.615 0.6000000238
19421  37.179  -51.714  28.377 0.4000000060
23855  36.760  -46.622  16.999 0.5000000000
23840  34.685  -46.862  18.428 0.5000000000
23817  34.421  -46.158  20.310 0.5000000000
24693  34.093  -45.601  21.104 0.4000000060
23829  35.201  -46.227  18.934 0.4000000060
17728  34.723  -53.166  25.611 0.5000000000
17739  34.752  -52.950  24.661 0.5000000000
18578  34.979  -52.732  23.790 0.6000000238
18607  36.000  -52.782  21.743 0.4000000060
18622  36.562  -52.642  21.093 0.4000000060
18620  38.038  -52.530  20.221 0.4000000060
18608  35.639  -52.232  22.180 0.5000000000
139178  36.484  -46.268  17.216 0.5000000000
24723  36.060  -46.216  17.716 0.6000000238
24722  36.657  -45.752  17.362 0.4000000060
19535  37.621  -51.655  20.413 0.5000000000
19552  38.502  -51.886  19.903 0.5000000000
20388  35.415  -50.862  22.346 0.5000000000
18591  35.320  -52.463  22.973 0.5000000000
19537  36.089  -52.038  21.470 0.5000000000
19536  36.751  -51.851  20.867 0.5000000000
19436  37.883  -51.081  27.917 0.4000000060
21270  39.901  -49.310  19.216 0.5000000000
123994  39.019  -51.250  19.660 0.4000000060
125189  38.230  -51.172  20.067 0.5000000000
20401  36.238  -51.242  21.295 0.5000000000
131141  35.806  -50.781  21.694 0.5000000000
25618  37.665  -44.708  17.306 0.4000000060
22116  39.004  -48.916  19.634 0.4000000060
21271  39.182  -49.781  19.534 0.5000000000
20414  38.473  -50.408  19.880 0.5000000000
20399  37.672  -50.742  20.393 0.5000000000
20400  36.921  -51.009  20.773 0.5000000000
21259  36.932  -49.622  20.853 0.5000000000
22100  37.551  -48.960  20.528 0.4000000060
126571  33.028  -51.782  18.531 0.5000000000
21289  33.744  -49.862  18.605 0.6000000238
17799  32.910  -53.473  18.438 0.6000000238
121203  34.261  -49.075  18.527 0.6000000238
15469  33.451  -56.740  18.959 0.5000000000
24729  37.600  -45.810  16.541 0.5000000000
17771  37.819  -53.879  20.500 0.6000000238
122729  37.665  -53.122  20.459 0.4000000060
126682  31.231  -52.514  18.494 0.5000000000
18659  32.172  -52.100  18.501 0.5000000000
19571  31.337  -51.555  18.606 0.5000000000
21278  31.351  -49.697  19.284 0.4000000060
22119  31.485  -49.173  20.522 0.4000000060
119843  35.993  -55.831  26.120 0.6000000238
22140  32.489  -48.769  18.827 0.6000000238
137278  31.802  -48.642  20.505 0.4000000060
16928  36.781  -54.086  28.959 0.4000000060
22138  33.864  -48.311  18.475 0.6000000238
22139  33.118  -48.460  18.646 0.6000000238
22981  32.692  -47.862  19.646 0.5000000000
22932  31.846  -47.250  22.896 0.5000000000
115290  31.722  -48.084  22.890 0.5000000000
22931  32.305  -46.950  22.445 0.5000000000
23841  34.026  -47.219  18.892 0.5000000000
22949  33.273  -46.916  21.243 0.5000000000
23831  33.926  -46.937  19.761 0.5000000000
17747  35.407  -53.280  23.256 0.5000000000
23797  33.528  -45.942  21.552 0.5000000000
17715  34.723  -52.961  26.543 0.5000000000
23849  35.648  -46.774  17.669 0.6000000238
18621  37.253  -52.518  20.620 0.3000000119
21272  38.348  -49.431  20.004 0.4000000060
5765  37.722  -70.967  27.366 0.3000000119
5776  37.942  -71.562  26.810 0.3000000119
5764  38.412  -71.559  27.588 0.3000000119
5791  38.247  -71.673  25.941 0.3000000119
5253  38.367  -71.611  26.343 0.3000000119
5774  39.066  -71.637  27.583 0.3000000119
6365  38.724  -70.380  24.418 0.3000000119
6353  38.461  -70.955  25.647 0.3000000119
6317  41.237  -69.992  28.457 0.3000000119
6338  39.698  -71.212  27.852 0.3000000119
6921  39.237  -69.145  26.447 0.3000000119
6352  38.698  -69.791  25.316 0.3000000119
6318  40.474  -70.697  28.272 0.3000000119
6896  42.403  -69.017  28.010 0.3000000119
6898  40.831  -69.490  27.750 0.3000000119
6920  39.751  -68.522  26.832 0.4000000060
7545  39.480  -68.168  25.054 0.4000000060
7544  40.058  -68.609  24.066 0.3000000119
126432  42.481  -66.887  27.625 0.3000000119
7496  41.353  -68.265  27.635 0.4000000060
7517  40.761  -67.094  27.099 0.4000000060
7519  39.405  -68.059  25.949 0.4000000060
7516  42.781  -67.597  27.954 0.3000000119
126987  40.152  -67.687  24.476 0.4000000060
8202  44.631  -64.651  27.270 0.4000000060
120851  43.376  -66.527  27.763 0.4000000060
7563  40.758  -68.280  23.802 0.4000000060
8241  40.942  -67.487  23.866 0.3000000119
8160  42.670  -66.617  27.543 0.4000000060
125963  41.920  -67.072  27.574 0.3000000119
8188  40.496  -66.525  26.361 0.4000000060
8184  43.621  -65.776  27.448 0.4000000060
8862  40.610  -65.888  25.893 0.5000000000
8204  40.254  -66.553  25.657 0.4000000060
11003  39.016  -62.434  20.720 0.5000000000
8879  44.915  -64.163  27.016 0.4000000060
8222  40.399  -66.802  24.714 0.4000000060
10270  40.806  -63.623  20.987 0.3000000119
10281  41.416  -63.255  20.841 0.4000000060
7582  44.625  -67.138  21.762 0.3000000119
15466  33.097  -56.464  20.298 0.4000000060
123847  32.444  -55.996  20.315 0.4000000060
12484  38.067  -60.722  19.796 0.4000000060
11743  38.317  -61.463  20.173 0.4000000060
8185  43.034  -65.827  27.313 0.4000000060
8186  42.224  -65.838  27.120 0.3000000119
8187  41.260  -66.135  26.777 0.5000000000
11728  39.117  -61.866  20.595 0.4000000060
8880  43.976  -64.893  27.034 0.4000000060
10282  40.056  -62.939  21.002 0.4000000060
8898  40.616  -65.945  25.037 0.4000000060
11001  40.856  -62.692  21.151 0.5000000000
8240  41.967  -67.552  23.124 0.5000000000
10280  42.654  -63.297  20.378 0.4000000060
9615  41.787  -63.869  20.295 0.4000000060
8265  43.935  -66.868  22.290 0.3000000119
9614  42.943  -63.835  19.803 0.4000000060
16245  32.044  -55.757  18.929 0.4000000060
13220  37.855  -59.869  19.548 0.4000000060
8858  43.592  -65.156  27.054 0.4000000060
8859  42.768  -65.286  26.925 0.4000000060
11706  39.764  -61.498  21.171 0.4000000060
139002  39.771  -61.989  20.984 0.5000000000
8860  41.880  -65.369  26.585 0.4000000060
8861  41.126  -65.428  26.143 0.4000000060
11727  40.404  -62.098  21.258 0.5000000000
9528  43.192  -64.628  26.725 0.4000000060
9529  42.347  -64.712  26.378 0.4000000060
8881  40.911  -65.285  25.430 0.5000000000
8897  41.176  -65.283  24.527 0.5000000000
10987  41.330  -62.352  21.396 0.5000000000
129728  43.503  -64.102  26.564 0.4000000060
8239  42.810  -66.389  22.930 0.5000000000
11000  41.919  -62.784  20.873 0.4000000060
8928  44.403  -65.360  22.102 0.4000000060
8937  45.571  -64.073  20.926 0.4000000060
9613  44.378  -63.944  19.600 0.4000000060
10268  43.533  -63.190  20.514 0.4000000060
132161  39.399  -60.726  21.294 0.4000000060
13200  39.369  -59.925  22.566 0.3000000119
9530  41.510  -64.823  25.819 0.4000000060
9546  41.243  -64.700  25.093 0.4000000060
11705  40.655  -61.678  21.731 0.4000000060
22087  31.668  -48.700  22.142 0.4000000060
118619  43.969  -62.947  26.522 0.4000000060
124053  42.787  -64.119  26.361 0.4000000060
8916  42.002  -65.106  23.360 0.5000000000
8915  43.033  -65.059  22.562 0.5000000000
11690  40.831  -61.570  22.154 0.5000000000
11689  41.431  -62.108  21.802 0.4000000060
10193  42.486  -63.432  26.240 0.4000000060
137405  44.283  -64.158  21.876 0.4000000060
10269  42.629  -63.030  20.823 0.4000000060
10259  43.659  -63.191  20.908 0.4000000060
10260  42.667  -62.921  21.572 0.4000000060
126407  38.921  -59.204  22.898 0.4000000060
12462  39.969  -60.983  21.818 0.3000000119
9545  41.983  -64.087  25.710 0.4000000060
117743  41.505  -64.132  24.964 0.4000000060
138276  40.110  -60.841  22.513 0.3000000119
10194  41.747  -63.246  25.899 0.4000000060
10206  41.533  -63.589  25.193 0.4000000060
9563  41.558  -64.421  24.257 0.4000000060
9581  42.057  -63.818  23.109 0.5000000000
10893  42.140  -62.609  26.589 0.4000000060
10246  41.879  -62.910  22.703 0.4000000060
10972  41.987  -62.374  21.853 0.4000000060
137345  38.576  -58.516  22.631 0.4000000060
10226  41.568  -63.480  24.212 0.4000000060
6979  37.963  -68.761  22.336 0.3000000119
5761  43.383  -69.441  27.699 0.3000000119
6895  42.617  -68.512  28.152 0.3000000119
8183  44.619  -64.984  27.483 0.4000000060
132775  44.737  -63.419  26.186 0.4000000060
9544  44.739  -63.647  26.542 0.4000000060
10204  45.805  -62.758  25.938 0.4000000060
10892  44.547  -62.322  26.448 0.4000000060
12442  39.784  -60.460  22.929 0.3000000119
131890  42.887  -62.249  26.882 0.4000000060
13194  39.237  -59.765  23.273 0.4000000060
136607  39.444  -60.252  23.655 0.4000000060
131194  40.337  -61.114  22.768 0.4000000060
11617  42.299  -61.830  27.157 0.4000000060
10910  41.208  -62.913  25.090 0.4000000060
10931  41.278  -62.747  23.851 0.4000000060
11659  40.399  -61.581  23.690 0.3000000119
10955  40.782  -61.659  22.670 0.4000000060
10894  41.301  -62.541  26.188 0.4000000060
11002  39.794  -62.357  21.002 0.4000000060
136425  38.577  -58.684  23.261 0.4000000060
118343  37.504  -71.227  25.380 0.3000000119
5763  38.838  -71.705  27.694 0.3000000119
5805  38.309  -71.116  24.960 0.3000000119
6980  36.945  -68.567  21.936 0.3000000119
6997  38.552  -69.348  22.194 0.3000000119
6339  38.864  -70.367  26.476 0.3000000119
6897  41.795  -69.115  27.987 0.3000000119
6899  39.864  -69.986  27.465 0.4000000060
6933  38.970  -68.920  25.626 0.4000000060
7495  42.289  -68.322  27.923 0.3000000119
7497  40.343  -67.983  27.183 0.4000000060
7518  39.972  -67.298  26.388 0.4000000060
7515  43.232  -66.748  27.848 0.3000000119
8220  46.033  -63.818  26.358 0.4000000060
8927  45.812  -65.183  21.284 0.3000000119
8221  41.258  -66.339  23.899 0.5000000000
10205  44.764  -62.878  26.344 0.4000000060
10245  42.889  -63.268  21.797 0.4000000060
10954  41.162  -62.182  22.950 0.4000000060
13885  38.132  -59.144  26.289 0.4000000060
13896  38.203  -59.094  25.257 0.4000000060
13867  38.464  -58.498  27.495 0.4000000060
13848  38.184  -57.834  27.790 0.3000000119
13886  37.682  -58.388  26.519 0.5000000000
13903  38.053  -58.507  24.640 0.4000000060
13909  38.359  -58.553  23.861 0.4000000060
16149  45.138  -55.796  27.825 0.3000000119
138514  44.446  -56.251  27.625 0.3000000119
16922  42.800  -54.858  28.340 0.3000000119
16136  41.628  -55.571  28.427 0.3000000119
16924  40.995  -54.823  28.741 0.3000000119
16139  38.753  -55.880  28.916 0.3000000119
16150  44.404  -55.470  27.917 0.3000000119
16134  43.691  -54.997  28.186 0.3000000119
17693  43.207  -54.093  28.445 0.3000000119
16133  45.754  -55.345  28.123 0.3000000119
138761  45.574  -54.751  28.297 0.3000000119
123403  41.487  -54.011  28.694 0.3000000119
122315  40.654  -53.916  28.952 0.3000000119
16921  44.446  -54.837  28.220 0.3000000119
117959  43.612  -53.168  28.495 0.3000000119
124052  42.334  -54.054  28.530 0.3000000119
17691  45.401  -53.415  28.440 0.3000000119
17692  44.536  -53.397  28.449 0.3000000119
18524  43.584  -52.090  28.485 0.3000000119
122712  44.913  -52.618  28.455 0.3000000119
18523  44.372  -51.849  28.425 0.3000000119
18525  42.231  -52.452  28.515 0.3000000119
19416  41.795  -51.748  28.324 0.3000000119
19417  40.960  -51.732  28.307 0.3000000119
19414  45.184  -51.813  28.372 0.3000000119
137689  42.957  -52.498  28.527 0.3000000119
130295  42.101  -51.176  27.995 0.3000000119
19430  44.674  -51.104  28.141 0.3000000119
18537  43.674  -51.083  28.121 0.3000000119
19415  42.715  -51.638  28.340 0.3000000119
20305  43.417  -50.262  27.329 0.3000000119
19433  40.523  -51.095  27.703 0.3000000119
19432  41.370  -51.136  27.845 0.3000000119
133895  40.057  -50.565  26.950 0.3000000119
19435  38.843  -50.983  27.723 0.3000000119
126576  39.463  -50.242  26.761 0.3000000119
20307  38.816  -50.190  27.093 0.3000000119
14586  38.582  -57.356  28.270 0.3000000119
119471  38.114  -58.739  26.982 0.4000000060
16925  40.118  -55.179  28.959 0.3000000119
126376  41.048  -53.188  28.805 0.3000000119
13145  38.672  -59.292  27.114 0.5000000000
16920  45.044  -55.104  28.157 0.3000000119
124426  42.697  -53.262  28.550 0.3000000119
16923  41.949  -54.808  28.480 0.3000000119
16137  40.729  -55.765  28.617 0.3000000119
16138  39.761  -55.925  28.786 0.3000000119
117453  44.090  -54.161  28.364 0.3000000119
118223  44.996  -54.286  28.370 0.3000000119
17694  41.871  -53.247  28.621 0.3000000119
133871  44.206  -52.629  28.475 0.3000000119
20304  44.295  -50.394  27.578 0.3000000119
20317  44.088  -49.788  26.914 0.3000000119
124505  45.390  -51.167  28.151 0.3000000119
19431  42.720  -50.773  27.742 0.3000000119
12400  40.466  -61.140  26.924 0.4000000060
11620  40.226  -61.417  26.335 0.4000000060
12430  39.867  -60.821  23.630 0.3000000119
12385  40.170  -60.294  27.364 0.4000000060
118481  41.091  -59.959  27.724 0.3000000119
11660  39.785  -61.194  24.608 0.4000000060
12401  39.682  -60.856  26.498 0.4000000060
13143  40.466  -59.375  27.825 0.3000000119
13175  38.804  -60.207  25.152 0.3000000119
12418  39.311  -60.822  25.388 0.4000000060
13144  39.570  -59.488  27.524 0.4000000060
137088  38.520  -59.601  24.935 0.3000000119
13164  38.662  -59.758  26.487 0.4000000060
13866  39.199  -58.777  27.755 0.4000000060
124142  38.916  -59.795  24.161 0.3000000119
13187  38.474  -59.090  24.388 0.3000000119
13195  38.735  -59.181  23.609 0.3000000119
13163  39.237  -60.048  26.896 0.4000000060
11640  39.847  -61.398  25.628 0.4000000060
7513  45.010  -64.985  27.756 0.3000000119
10911  40.709  -62.285  25.546 0.3000000119
8111  46.148  -64.891  30.057 0.3000000119
8121  46.150  -64.806  29.215 0.3000000119
7491  45.261  -65.133  28.149 0.3000000119
8200  45.235  -64.055  26.915 0.3000000119
120671  40.261  -61.799  24.954 0.3000000119
9477  47.094  -63.393  29.312 0.3000000119
8835  45.898  -63.862  27.683 0.3000000119
9489  46.861  -63.564  28.667 0.3000000119
8856  46.266  -63.555  26.769 0.3000000119
119941  46.058  -62.908  26.013 0.3000000119
11639  40.345  -61.797  25.866 0.3000000119
10834  48.046  -61.144  29.210 0.3000000119
10158  47.349  -62.808  28.683 0.3000000119
10835  47.805  -62.003  29.269 0.3000000119
9510  46.660  -62.772  27.414 0.3000000119
119554  46.897  -62.980  28.063 0.3000000119
10222  46.208  -62.643  26.454 0.3000000119
11573  48.277  -60.487  28.680 0.3000000119
10879  47.654  -61.574  27.749 0.3000000119
10190  46.964  -62.257  26.899 0.3000000119
10891  46.779  -61.685  27.155 0.3000000119
10930  45.940  -62.385  24.946 0.3000000119
10909  45.153  -61.946  26.232 0.3000000119
121697  43.759  -62.226  26.683 0.3000000119
136208  48.180  -60.547  29.195 0.3000000119
10907  46.220  -61.937  26.242 0.3000000119
11633  46.277  -61.710  26.529 0.3000000119
11658  45.928  -61.830  25.189 0.3000000119
11597  41.015  -61.475  27.077 0.3000000119
130118  48.159  -60.202  28.204 0.3000000119
13113  48.350  -59.011  29.235 0.3000000119
12381  47.737  -60.094  27.669 0.3000000119
11612  46.555  -61.243  26.937 0.3000000119
11636  46.029  -61.336  25.567 0.3000000119
11638  44.805  -61.438  26.531 0.3000000119
11596  41.623  -61.323  27.314 0.3000000119
12384  40.971  -60.839  27.405 0.3000000119
10932  40.758  -62.310  24.339 0.3000000119
13158  47.771  -59.861  27.690 0.3000000119
12416  46.597  -60.885  26.563 0.3000000119
136578  45.698  -60.971  26.170 0.3000000119
11616  43.412  -61.446  27.112 0.3000000119
118916  45.825  -63.483  27.225 0.3000000119
8820  46.819  -63.942  29.282 0.3000000119
8141  45.922  -64.523  28.317 0.3000000119
5244  38.424  -71.633  26.978 0.3000000119
5762  42.506  -69.000  28.517 0.3000000119
5775  38.481  -71.636  26.772 0.3000000119
5792  37.936  -71.518  25.881 0.3000000119
5793  37.467  -71.029  26.153 0.3000000119
6316  42.031  -69.176  28.261 0.3000000119
6321  36.915  -70.119  27.106 0.3000000119
6919  42.630  -68.714  27.824 0.3000000119
7493  42.887  -66.703  27.651 0.3000000119
7494  42.721  -67.168  27.769 0.3000000119
7532  39.811  -67.305  25.410 0.4000000060
8142  45.617  -65.249  28.828 0.3000000119
8181  45.140  -64.185  27.212 0.3000000119
8182  45.020  -64.337  27.271 0.3000000119
8201  45.192  -64.113  26.952 0.4000000060
8203  43.918  -65.190  27.231 0.4000000060
8263  45.150  -66.676  21.114 0.3000000119
8264  45.089  -66.260  21.756 0.3000000119
8804  46.529  -64.386  29.613 0.3000000119
8821  46.547  -64.246  28.872 0.3000000119
8857  45.522  -63.669  27.028 0.3000000119
8877  45.954  -63.768  26.431 0.4000000060
8878  45.692  -63.385  26.479 0.4000000060
8896  46.113  -63.611  26.616 0.4000000060
9490  46.398  -63.856  28.212 0.3000000119
9511  46.380  -63.334  27.622 0.3000000119
9526  46.240  -62.923  27.047 0.3000000119
9527  44.140  -64.337  26.762 0.4000000060
9543  46.741  -62.728  26.786 0.3000000119
9561  46.050  -62.869  26.492 0.3000000119
9562  46.007  -62.850  26.169 0.3000000119
9580  42.955  -64.033  22.392 0.5000000000
9591  46.060  -65.146  20.809 0.3000000119
9592  44.142  -63.544  21.157 0.4000000060
9603  46.195  -64.909  20.454 0.3000000119
9604  44.580  -63.445  20.305 0.4000000060
10146  47.458  -63.062  28.889 0.3000000119
10178  47.144  -62.316  27.663 0.3000000119
10189  46.686  -62.262  27.146 0.3000000119
10191  44.176  -63.641  26.549 0.4000000060
10192  43.285  -63.564  26.472 0.4000000060
10202  46.549  -61.969  26.792 0.3000000119
10203  46.814  -62.307  26.647 0.3000000119
10223  46.166  -62.624  25.847 0.3000000119
10224  45.871  -62.661  25.454 0.3000000119
10225  45.883  -62.882  24.835 0.3000000119
10279  43.867  -63.249  19.905 0.4000000060
10855  48.032  -61.432  28.388 0.3000000119
10856  47.838  -62.110  28.836 0.3000000119
10906  46.596  -61.975  26.645 0.3000000119
10908  45.866  -62.439  25.277 0.3000000119
10928  46.104  -62.306  26.316 0.3000000119
10929  46.140  -62.542  25.555 0.3000000119
10971  42.783  -62.989  21.172 0.4000000060
10973  41.277  -61.896  22.158 0.4000000060
10986  42.080  -62.637  21.308 0.4000000060
11521  48.056  -60.313  29.374 0.3000000119
11541  48.364  -60.001  28.996 0.3000000119
11593  48.029  -60.775  27.967 0.3000000119
11618  41.491  -61.975  26.864 0.4000000060
11619  40.778  -61.832  26.469 0.3000000119
11634  46.338  -61.307  26.411 0.3000000119
11635  46.231  -61.356  25.972 0.3000000119
11637  45.889  -61.493  25.602 0.3000000119
11657  46.028  -61.996  25.537 0.3000000119
11729  37.891  -61.820  20.150 0.5000000000
11730  36.857  -61.392  20.458 0.4000000060
12371  48.354  -59.866  28.787 0.3000000119
12380  47.994  -59.311  28.230 0.3000000119
12393  47.151  -60.251  27.279 0.3000000119
12402  38.898  -60.355  26.114 0.4000000060
12431  39.348  -60.511  24.409 0.3000000119
12451  40.354  -61.130  22.190 0.3000000119
12452  39.871  -60.626  22.317 0.3000000119
13218  35.487  -59.750  20.040 0.4000000060
13221  37.250  -59.691  19.064 0.4000000060
13222  36.277  -60.085  19.172 0.4000000060
13225  36.701  -59.484  18.873 0.4000000060
13868  37.831  -58.164  27.251 0.3000000119
13936  34.905  -58.482  19.323 0.4000000060
14608  37.559  -57.503  27.548 0.4000000060
14625  36.812  -57.189  26.525 0.6000000238
15353  38.019  -56.590  28.476 0.4000000060
15379  36.409  -56.520  26.146 0.6000000238
15397  37.055  -56.824  24.469 0.5000000000
15424  36.472  -55.742  23.845 0.6000000238
16154  35.796  -55.185  27.422 0.5000000000
16250  39.354  -55.574  18.888 0.6000000238
16938  35.758  -54.704  28.005 0.4000000060
16947  35.367  -54.536  25.975 0.5000000000
16992  35.735  -53.646  22.728 0.6000000238
17005  37.151  -54.807  21.392 0.6000000238
17019  40.588  -54.267  18.967 0.5000000000
17029  40.288  -54.577  18.953 0.5000000000
17037  31.294  -54.514  18.388 0.5000000000
17714  35.055  -53.737  26.343 0.5000000000
17773  36.430  -53.266  21.408 0.4000000060
17787  38.442  -53.400  20.097 0.4000000060
17791  40.705  -53.833  18.971 0.5000000000
17793  40.839  -53.517  18.916 0.5000000000
17794  38.565  -53.939  18.438 0.6000000238
17800  32.127  -53.023  18.425 0.5000000000
17803  39.363  -53.559  18.441 0.5000000000
18526  41.412  -52.455  28.570 0.3000000119
18527  40.571  -52.412  28.635 0.3000000119
18529  38.785  -52.408  28.763 0.4000000060
18530  37.784  -52.465  28.805 0.4000000060
18531  36.765  -52.582  28.712 0.4000000060
18635  40.894  -53.254  19.004 0.6000000238
18657  33.747  -52.262  18.527 0.5000000000
19418  40.121  -51.697  28.289 0.3000000119
19519  35.690  -51.466  21.891 0.5000000000
19520  35.333  -51.657  22.666 0.5000000000
19556  40.955  -51.723  18.785 0.5000000000
19567  35.621  -51.186  18.662 0.6999999881
19576  40.685  -51.727  18.054 0.6000000238
19578  39.466  -51.999  18.224 0.6000000238
20319  39.856  -50.053  26.255 0.3000000119
20416  30.712  -50.486  19.866 0.4000000060
20421  41.574  -50.421  18.015 0.6000000238
20423  30.723  -50.784  19.144 0.4000000060
20430  37.647  -50.212  18.469 0.6999999881
20441  41.471  -50.355  17.540 0.6999999881
20445  41.516  -50.248  17.439 0.6999999881
21175  44.111  -49.698  26.208 0.3000000119
21258  37.662  -49.907  20.420 0.4000000060
22118  32.174  -48.290  20.123 0.4000000060
22141  31.892  -49.174  19.097 0.6000000238
22145  42.195  -49.398  16.963 0.6000000238
22146  40.738  -49.942  17.253 0.6999999881
22147  38.954  -48.685  17.374 0.6000000238
22970  33.311  -47.282  20.189 0.5000000000
22989  34.395  -47.586  18.304 0.6000000238
22995  42.981  -48.340  16.389 0.5000000000
23001  43.542  -48.055  15.977 0.5000000000
23007  37.199  -46.974  16.880 0.6999999881
23008  43.826  -47.959  15.392 0.5000000000
23010  42.488  -48.181  15.682 0.5000000000
23011  40.682  -47.383  15.744 0.6000000238
23798  32.867  -46.309  22.129 0.5000000000
23839  35.383  -46.560  18.098 0.5000000000
23848  36.178  -46.743  17.359 0.5000000000
24730  36.927  -46.033  16.845 0.5000000000
24736  38.840  -46.024  15.787 0.6000000238
24740  42.604  -46.436  14.401 0.4000000060
25628  37.908  -45.168  16.657 0.4000000060
25634  38.988  -45.232  15.816 0.5000000000
114484  45.689  -64.411  20.134 0.4000000060
114732  44.479  -67.390  21.190 0.3000000119
114812  45.471  -65.736  20.979 0.3000000119
115270  45.143  -50.543  27.713 0.3000000119
117053  47.439  -61.138  27.468 0.3000000119
117179  47.659  -62.166  28.244 0.3000000119
117627  36.382  -50.322  21.214 0.5000000000
118027  44.021  -65.756  27.603 0.4000000060
118113  47.062  -60.670  27.256 0.3000000119
121820  48.141  -61.308  29.009 0.3000000119
123812  34.903  -55.993  18.489 0.6999999881
124462  38.318  -71.676  26.382 0.3000000119
125115  45.441  -64.262  27.505 0.3000000119
125227  38.227  -50.533  27.517 0.4000000060
125620  36.408  -54.821  28.531 0.4000000060
127429  33.421  -56.826  19.480 0.4000000060
127515  44.873  -63.998  26.787 0.4000000060
127539  32.894  -54.328  18.400 0.5000000000
127718  33.533  -48.953  18.527 0.6000000238
128092  45.917  -63.072  25.736 0.4000000060
128266  45.534  -63.080  26.155 0.4000000060
128400  43.042  -62.862  26.530 0.4000000060
128817  36.499  -56.675  27.016 0.6000000238
129040  38.455  -59.752  25.742 0.3000000119
130032  37.093  -50.312  20.714 0.5000000000
130373  44.013  -65.878  27.723 0.3000000119
130496  45.443  -65.953  20.245 0.3000000119
130633  39.327  -55.337  29.105 0.3000000119
131156  31.714  -49.875  18.839 0.5000000000
131421  40.107  -51.111  17.698 0.6000000238
131872  33.060  -51.080  18.585 0.6000000238
132875  36.046  -50.581  18.678 0.6999999881
133461  46.198  -63.647  26.569 0.4000000060
135141  44.796  -65.219  27.752 0.3000000119
135580  44.046  -64.864  27.097 0.4000000060
135623  41.496  -64.408  25.369 0.4000000060
137084  47.292  -62.591  28.172 0.3000000119
137229  39.378  -70.197  27.067 0.3000000119
137719  46.648  -63.455  28.139 0.3000000119
137863  45.956  -61.352  25.294 0.3000000119
138976  40.533  -53.347  18.737 0.6000000238
138982  37.168  -60.912  19.489 0.4000000060
