#!ascii label  , from subject sub-v1s15x0050210_ses-1 vox2ras=TkReg
1415
5332  25.652  -71.258  19.380 0.5000000000
10883  19.976  -62.326  27.205 0.6000000238
10884  19.305  -62.806  27.707 0.6000000238
10180  18.096  -63.598  27.437 0.6000000238
10866  18.246  -62.736  28.579 0.6999999881
10168  17.689  -63.253  28.084 0.6000000238
10849  18.780  -62.272  29.065 0.6999999881
10867  17.319  -62.530  28.496 0.6000000238
7595  22.973  -67.414  22.238 0.5000000000
125190  21.394  -66.270  19.279 0.6000000238
8290  21.556  -65.857  20.226 0.6000000238
7613  22.544  -67.358  21.318 0.5000000000
8981  22.239  -66.014  18.651 0.5000000000
8982  21.484  -66.116  18.976 0.4000000060
7629  21.879  -67.467  20.235 0.5000000000
9551  20.975  -64.223  25.784 0.5000000000
7031  23.698  -68.691  18.939 0.4000000060
9552  20.219  -64.333  24.558 0.5000000000
8870  20.203  -64.959  25.477 0.5000000000
9572  19.302  -64.166  23.709 0.6000000238
10924  18.961  -62.548  24.710 0.6000000238
11606  20.788  -61.623  26.981 0.6000000238
137796  20.594  -62.054  27.947 0.6999999881
129540  19.334  -62.879  26.899 0.6000000238
10864  19.874  -62.361  28.277 0.6999999881
11584  21.919  -61.513  29.079 0.6000000238
11585  20.732  -61.897  28.860 0.6999999881
11531  23.047  -60.916  30.040 0.6000000238
11533  21.582  -60.946  30.124 0.6000000238
11560  20.266  -61.523  29.566 0.6999999881
136885  22.010  -59.970  30.560 0.6999999881
120948  16.816  -63.165  27.906 0.6000000238
8933  23.204  -65.799  23.158 0.5000000000
8276  22.698  -66.579  21.792 0.6000000238
8275  23.088  -66.670  22.869 0.5000000000
118587  21.786  -65.233  19.049 0.6000000238
8967  21.478  -65.523  19.507 0.6999999881
8289  22.105  -66.580  20.755 0.6000000238
8328  22.905  -66.744  18.363 0.4000000060
10945  19.437  -62.858  22.832 0.5000000000
10213  20.429  -63.671  23.945 0.5000000000
6436  24.897  -69.621  19.985 0.5000000000
10235  19.378  -63.462  23.195 0.5000000000
11653  20.141  -60.771  25.106 0.6999999881
10946  18.757  -62.836  23.473 0.6000000238
11652  21.088  -60.660  25.699 0.6999999881
10923  19.752  -61.689  25.482 0.6000000238
11671  19.246  -61.713  24.423 0.6000000238
11629  20.648  -61.242  26.011 0.6999999881
10901  20.208  -61.865  26.338 0.6000000238
11583  22.698  -61.441  28.946 0.6000000238
122256  22.375  -61.467  28.188 0.6000000238
11557  23.355  -61.264  29.347 0.6000000238
12339  23.926  -60.476  30.288 0.6000000238
13103  23.679  -59.729  30.525 0.6999999881
12374  17.451  -60.474  29.019 0.6999999881
11608  16.020  -61.982  27.338 0.5000000000
12362  20.135  -60.892  30.085 0.6999999881
12364  18.892  -60.936  29.769 0.6999999881
10868  16.892  -61.891  28.474 0.6000000238
10275  22.015  -63.189  20.905 0.5000000000
9599  22.951  -64.617  21.985 0.5000000000
9598  23.260  -64.923  22.951 0.5000000000
9628  21.098  -63.469  19.639 0.6999999881
9609  22.292  -64.288  21.031 0.6000000238
123664  22.804  -64.150  19.081 0.5000000000
9643  21.679  -64.154  19.220 0.6999999881
9627  21.326  -64.392  19.638 0.6999999881
116640  21.300  -64.950  19.767 0.6000000238
8944  21.523  -65.120  20.277 0.6000000238
135293  23.436  -66.045  18.402 0.4000000060
135753  23.545  -65.372  18.570 0.4000000060
9642  22.699  -65.114  18.857 0.5000000000
10965  19.985  -62.354  22.531 0.5000000000
11685  19.196  -60.935  23.159 0.5000000000
10966  19.197  -62.166  22.742 0.5000000000
11686  18.934  -61.932  23.370 0.5000000000
11651  21.811  -60.613  25.730 0.6000000238
11670  19.371  -60.994  24.087 0.5000000000
136230  22.370  -60.996  25.916 0.6999999881
11625  24.400  -62.062  27.230 0.6000000238
11626  23.357  -61.571  27.021 0.6999999881
11628  21.519  -61.165  26.523 0.6999999881
11602  24.893  -61.936  28.010 0.6000000238
11603  23.829  -61.629  28.000 0.6000000238
11605  22.120  -61.348  27.286 0.6999999881
133081  26.507  -60.885  28.899 0.6999999881
11581  24.549  -61.495  28.726 0.6000000238
11582  23.157  -61.437  28.473 0.6000000238
13128  26.804  -59.721  29.216 0.6000000238
11554  25.889  -61.029  29.143 0.6999999881
11556  24.230  -61.181  29.391 0.6999999881
122431  26.595  -57.904  29.059 0.6000000238
13100  26.016  -59.254  30.093 0.6000000238
13119  25.805  -59.944  29.966 0.6999999881
12410  16.298  -60.088  27.128 0.6000000238
13102  24.555  -59.806  30.414 0.6999999881
13120  18.651  -60.093  29.884 0.6999999881
11607  16.479  -61.530  27.984 0.6000000238
14572  26.099  -57.554  29.791 0.6999999881
13814  25.506  -58.715  30.354 0.6000000238
137363  24.666  -58.359  30.509 0.8000000119
130744  22.514  -58.752  30.593 0.6999999881
13105  21.743  -59.305  30.601 0.6999999881
129058  19.985  -59.549  30.417 0.6999999881
10265  22.684  -63.436  21.794 0.6000000238
11027  21.915  -62.487  19.019 0.6999999881
11028  21.273  -62.130  19.066 0.6999999881
131605  21.228  -64.228  20.067 0.6000000238
10309  23.618  -63.380  18.993 0.5000000000
10310  22.308  -63.312  19.071 0.6999999881
8980  24.237  -65.626  18.360 0.4000000060
9641  23.740  -64.644  18.715 0.5000000000
10964  21.409  -62.585  22.673 0.5000000000
10233  22.413  -63.376  24.027 0.5000000000
10983  19.518  -61.427  22.353 0.5000000000
12434  21.199  -59.737  24.260 0.6000000238
118832  23.250  -61.152  24.747 0.6000000238
127736  21.827  -60.108  24.948 0.6999999881
12424  21.035  -60.090  25.140 0.6999999881
10922  23.588  -61.608  25.560 0.6999999881
115099  22.606  -60.823  25.387 0.6999999881
10882  25.376  -62.307  27.309 0.6000000238
10899  24.936  -62.411  26.537 0.6000000238
131691  23.024  -61.318  26.161 0.6999999881
12387  28.180  -60.509  27.678 0.6999999881
11578  26.982  -61.100  28.427 0.6999999881
11600  26.730  -61.731  27.911 0.6999999881
13876  16.843  -58.674  27.107 0.6000000238
128635  27.832  -59.735  28.145 0.6000000238
12372  27.513  -60.556  28.276 0.6999999881
11579  26.264  -61.403  28.536 0.6999999881
116353  26.536  -57.314  26.650 0.6000000238
14615  26.879  -57.746  27.905 0.6000000238
14614  27.296  -57.763  27.301 0.6000000238
13849  27.248  -59.289  28.695 0.6000000238
12373  26.935  -60.450  28.843 0.6999999881
13151  17.057  -59.049  27.789 0.6000000238
132545  26.508  -57.259  28.424 0.6000000238
13875  27.027  -58.511  28.610 0.6000000238
14573  20.462  -57.602  29.810 0.6999999881
14575  19.155  -58.013  29.396 0.6000000238
13121  17.924  -59.841  29.392 0.6999999881
13129  17.339  -59.600  28.592 0.6000000238
15369  26.213  -57.044  26.343 0.5000000000
15356  26.330  -56.518  28.432 0.6000000238
132463  25.592  -56.360  29.499 0.8000000119
15330  24.458  -56.956  30.285 0.8000000119
15331  23.520  -56.995  30.236 0.8000000119
13817  21.862  -58.343  30.515 0.8000000119
13818  21.040  -58.740  30.526 0.6999999881
13819  19.769  -58.855  30.308 0.6999999881
14564  24.788  -57.539  30.421 0.8000000119
131083  23.969  -57.706  30.468 0.8000000119
11018  20.911  -61.717  19.281 0.6999999881
10276  20.699  -62.055  20.164 0.6999999881
10981  21.995  -62.578  21.566 0.6999999881
10264  23.030  -63.793  22.776 0.6000000238
11025  24.185  -62.046  18.862 0.6999999881
133296  22.549  -62.995  22.305 0.6000000238
10308  24.774  -63.016  18.807 0.6000000238
121763  21.916  -62.442  22.178 0.5000000000
10982  20.541  -61.822  21.916 0.5000000000
124873  17.511  -55.553  21.167 0.6000000238
11701  19.952  -60.689  22.023 0.5000000000
120789  17.872  -55.912  21.212 0.5000000000
12458  20.343  -59.933  22.617 0.5000000000
16204  18.769  -55.857  22.983 0.6000000238
11683  23.292  -60.651  23.323 0.6999999881
12446  22.013  -59.610  23.808 0.6000000238
11650  24.117  -61.924  24.860 0.6999999881
11669  22.478  -60.286  24.480 0.6999999881
15408  17.932  -56.615  25.525 0.6000000238
10898  25.923  -62.544  26.608 0.6999999881
10920  25.481  -62.575  25.803 0.6000000238
12386  29.076  -60.319  27.173 0.6999999881
11624  27.883  -61.669  27.030 0.6999999881
10880  27.210  -62.012  27.241 0.6999999881
14634  17.585  -57.447  26.736 0.6000000238
15387  17.733  -57.043  26.225 0.6000000238
13150  28.569  -59.665  27.640 0.6000000238
11599  27.584  -61.291  27.704 0.6999999881
15372  18.853  -56.642  27.606 0.6000000238
14635  17.176  -57.609  26.267 0.6000000238
14629  28.975  -57.391  27.035 0.6000000238
13873  27.994  -58.869  27.767 0.6000000238
122726  19.607  -56.490  28.025 0.6999999881
14589  18.596  -57.801  28.672 0.6000000238
124251  17.368  -58.325  27.558 0.6000000238
14631  26.606  -57.446  26.132 0.6000000238
16125  23.566  -55.543  29.513 0.6000000238
16127  21.961  -55.807  29.140 0.6000000238
14567  21.312  -57.230  29.842 0.6999999881
139147  20.216  -57.228  29.296 0.6000000238
13851  17.578  -58.704  28.280 0.6000000238
16124  24.458  -55.522  29.503 0.6000000238
15340  23.134  -56.310  29.770 0.8000000119
16123  25.258  -55.631  29.322 0.6000000238
15339  24.061  -56.261  29.925 0.6999999881
14566  21.951  -57.539  30.274 0.8000000119
12497  22.029  -60.289  18.959 0.6999999881
11751  21.068  -60.756  19.174 0.6999999881
11007  20.589  -61.021  20.208 0.6999999881
11756  24.710  -60.702  18.708 0.6999999881
11757  23.622  -60.911  18.742 0.6999999881
10993  20.882  -61.638  20.929 0.6000000238
129039  21.173  -62.013  21.479 0.6000000238
17766  17.975  -53.608  21.818 0.6000000238
121458  17.081  -53.786  22.117 0.6000000238
17780  18.692  -54.458  21.208 0.6000000238
17781  17.748  -54.613  21.372 0.6000000238
11717  20.543  -60.078  21.812 0.6000000238
16231  18.756  -55.472  21.227 0.5000000000
10963  24.293  -61.637  23.146 0.6999999881
12445  22.496  -59.719  23.050 0.6999999881
16203  19.388  -55.536  22.520 0.4000000060
16218  18.789  -55.804  21.793 0.5000000000
10941  25.544  -62.476  24.258 0.6999999881
10942  24.639  -62.136  24.120 0.8000000119
16192  19.279  -55.598  23.507 0.5000000000
116946  25.961  -62.613  25.057 0.6000000238
11667  23.774  -61.458  24.052 0.6999999881
16181  18.928  -55.875  24.846 0.6000000238
10896  27.652  -62.117  26.544 0.6999999881
10919  26.533  -62.627  25.826 0.6999999881
16166  19.573  -55.778  26.556 0.6999999881
132831  18.914  -56.037  26.136 0.6000000238
13168  30.075  -59.719  27.073 0.6999999881
12409  29.047  -60.950  26.657 0.6999999881
16944  21.008  -55.177  27.029 0.5000000000
15385  18.829  -56.291  26.824 0.6000000238
14611  30.501  -57.448  27.286 0.6000000238
13871  30.019  -58.124  27.463 0.6000000238
13149  29.336  -59.475  27.421 0.6999999881
15371  19.471  -56.147  27.326 0.6999999881
14612  29.776  -57.469  27.273 0.6000000238
13872  29.033  -58.679  27.554 0.6000000238
16145  21.746  -55.312  28.474 0.5000000000
16146  21.108  -55.778  28.123 0.6000000238
14630  27.574  -57.653  26.773 0.6000000238
16932  24.257  -53.988  28.840 0.6000000238
16912  23.060  -54.892  29.162 0.5000000000
15358  21.277  -56.104  28.759 0.6999999881
16931  25.519  -54.125  28.628 0.6000000238
12490  23.695  -59.022  18.868 0.6999999881
13224  22.482  -59.245  19.234 0.6999999881
121709  21.782  -59.535  20.503 0.6000000238
123800  21.340  -59.679  21.372 0.6000000238
18615  17.245  -52.774  22.593 0.4000000060
18616  16.356  -52.430  23.089 0.5000000000
12455  22.825  -59.699  22.152 0.6000000238
17765  18.949  -53.478  21.520 0.5000000000
18617  15.737  -53.022  23.023 0.6000000238
12466  23.423  -59.751  21.195 0.6999999881
11698  24.594  -61.474  22.093 0.6999999881
12456  22.041  -59.369  22.266 0.6000000238
16217  19.468  -55.350  21.495 0.5000000000
16191  19.867  -55.234  23.331 0.4000000060
11648  29.894  -61.091  25.142 0.6999999881
11649  28.994  -61.562  25.467 0.6999999881
10917  27.861  -62.253  24.978 0.6999999881
126022  20.313  -54.928  24.221 0.6000000238
12406  31.719  -60.058  26.390 0.6999999881
12423  30.310  -60.705  25.813 0.6999999881
128696  28.048  -62.123  25.703 0.6999999881
10918  27.315  -62.484  25.377 0.6999999881
16964  21.188  -54.386  25.242 0.5000000000
16971  20.141  -55.170  25.143 0.5000000000
13147  31.523  -58.807  27.263 0.6000000238
13167  31.102  -59.504  26.934 0.6999999881
12407  30.694  -60.182  26.429 0.6999999881
10895  28.504  -61.558  26.395 0.6999999881
16951  20.844  -55.062  26.340 0.5000000000
15367  30.832  -56.936  26.978 0.5000000000
13869  31.937  -58.164  27.293 0.6000000238
13148  30.613  -58.857  27.355 0.6000000238
12480  23.887  -58.964  19.259 0.6999999881
118954  23.380  -59.093  20.104 0.6999999881
19530  16.906  -51.974  23.139 0.4000000060
137894  24.826  -60.318  20.417 0.6999999881
12467  22.529  -59.377  21.099 0.6999999881
19508  16.163  -51.494  23.426 0.4000000060
11715  24.262  -60.620  21.240 0.6999999881
18597  15.517  -52.114  23.380 0.6000000238
10979  25.759  -62.279  22.779 0.8000000119
11697  25.420  -61.867  22.006 0.6999999881
10959  27.862  -62.120  23.601 0.6000000238
10960  26.935  -62.440  23.645 0.6000000238
19511  13.092  -51.378  24.566 0.6000000238
11682  28.712  -61.787  23.974 0.6999999881
10939  27.318  -62.424  24.496 0.6000000238
12422  31.129  -60.579  25.739 0.6000000238
119477  32.548  -59.602  26.691 0.6000000238
19482  11.761  -51.824  24.993 0.5000000000
13889  32.748  -58.245  26.964 0.6000000238
122071  31.884  -59.369  26.928 0.6999999881
133846  32.989  -57.653  26.623 0.5000000000
11713  25.911  -61.525  21.136 0.6999999881
136693  15.787  -50.857  23.651 0.4000000060
11696  26.280  -62.049  22.042 0.8000000119
19509  15.169  -51.148  23.703 0.5000000000
125632  28.750  -61.703  23.080 0.8000000119
20382  13.918  -50.726  24.707 0.4000000060
139207  27.316  -62.246  22.975 0.6999999881
19495  13.370  -50.925  24.985 0.4000000060
19510  14.145  -51.221  24.094 0.5000000000
118545  32.524  -61.032  25.864 0.6000000238
11647  30.678  -60.955  25.075 0.6000000238
11664  30.233  -61.324  24.271 0.6999999881
20352  13.851  -50.591  25.017 0.4000000060
12405  32.670  -60.419  26.267 0.6000000238
19468  11.962  -51.951  25.118 0.4000000060
19512  12.231  -51.874  24.719 0.6000000238
13166  33.257  -59.025  26.730 0.6000000238
13888  33.488  -58.177  26.535 0.5000000000
14626  33.458  -57.407  26.110 0.5000000000
20380  15.609  -50.196  23.898 0.4000000060
129223  26.825  -61.628  21.247 0.8000000119
20381  14.729  -50.494  24.223 0.4000000060
10977  27.996  -61.932  22.626 0.6999999881
20366  13.959  -50.491  24.987 0.4000000060
11679  30.655  -61.693  23.985 0.6000000238
11681  29.609  -61.473  23.467 0.6999999881
11646  31.408  -61.079  25.219 0.6000000238
11663  30.970  -61.382  24.558 0.6000000238
20336  14.015  -50.906  25.275 0.4000000060
19466  13.588  -51.512  25.428 0.4000000060
13165  33.972  -59.702  26.365 0.6000000238
18561  13.406  -52.390  25.563 0.4000000060
13887  34.024  -58.824  26.338 0.4000000060
21241  15.261  -49.784  24.457 0.4000000060
117201  29.394  -61.531  22.691 0.6999999881
21226  14.863  -49.942  24.941 0.4000000060
10937  31.283  -62.227  24.198 0.6999999881
11680  30.245  -61.594  23.426 0.6000000238
20335  14.604  -50.344  25.216 0.4000000060
135380  32.780  -61.459  25.700 0.6000000238
11662  31.726  -61.815  24.916 0.6000000238
134988  14.397  -51.508  25.580 0.4000000060
12403  34.210  -60.430  26.161 0.6000000238
131271  14.226  -53.323  25.598 0.3000000119
132641  34.444  -59.337  26.044 0.4000000060
13898  34.514  -58.684  25.654 0.4000000060
13176  35.188  -59.891  25.317 0.4000000060
20334  15.443  -50.504  25.553 0.4000000060
19465  14.901  -51.044  25.656 0.4000000060
11644  33.435  -61.623  25.747 0.6000000238
12420  34.664  -60.880  25.860 0.6000000238
11642  35.312  -61.511  25.515 0.6000000238
118699  35.563  -60.141  24.788 0.4000000060
12433  35.949  -60.962  24.860 0.5000000000
121421  35.509  -59.725  24.157 0.4000000060
16160  16.259  -56.057  27.018 0.3000000119
12444  35.892  -60.394  23.891 0.4000000060
20332  17.294  -50.425  25.841 0.4000000060
16945  17.122  -54.045  27.079 0.3000000119
15345  16.444  -55.974  28.940 0.4000000060
21191  17.941  -49.844  25.681 0.4000000060
134801  17.757  -51.077  26.305 0.4000000060
17713  17.410  -53.538  27.322 0.3000000119
18549  17.695  -52.396  26.986 0.3000000119
16159  16.810  -55.545  27.495 0.3000000119
16946  17.106  -54.828  27.184 0.3000000119
16147  16.779  -55.581  28.380 0.3000000119
20331  18.249  -50.603  26.137 0.4000000060
19461  18.528  -51.379  26.668 0.4000000060
19462  17.682  -51.699  26.621 0.4000000060
16936  17.506  -54.232  27.959 0.3000000119
16937  17.166  -55.013  28.208 0.3000000119
17672  14.669  -54.093  30.607 0.4000000060
122383  13.120  -53.191  30.618 0.3000000119
18503  12.934  -52.223  30.635 0.3000000119
16914  16.700  -55.096  29.289 0.3000000119
19460  19.517  -51.328  27.072 0.4000000060
19447  18.254  -52.014  27.037 0.4000000060
125137  17.811  -53.058  27.496 0.3000000119
17712  17.823  -53.608  27.963 0.3000000119
17704  17.836  -53.753  28.772 0.3000000119
16901  15.276  -54.850  30.528 0.3000000119
16913  17.323  -54.372  29.113 0.3000000119
122257  13.974  -53.405  30.724 0.3000000119
138206  16.933  -54.506  29.705 0.3000000119
126149  14.753  -52.350  31.089 0.4000000060
18502  13.885  -52.518  30.870 0.3000000119
19394  14.268  -51.658  30.995 0.3000000119
19395  13.498  -51.695  30.784 0.3000000119
19446  18.969  -51.931  27.415 0.4000000060
18548  18.452  -52.591  27.684 0.4000000060
17703  18.265  -53.250  28.350 0.3000000119
17683  17.672  -53.734  29.611 0.3000000119
122738  15.601  -54.455  30.501 0.3000000119
18501  14.752  -53.153  30.938 0.4000000060
17671  15.626  -53.794  30.708 0.4000000060
20275  13.722  -50.919  30.724 0.3000000119
18547  19.149  -52.307  28.141 0.4000000060
18536  18.799  -52.721  28.739 0.4000000060
17682  18.290  -53.172  29.482 0.4000000060
17670  16.674  -53.568  30.741 0.3000000119
18500  15.726  -52.754  31.144 0.3000000119
19393  15.172  -51.708  31.163 0.5000000000
21121  14.135  -49.982  30.532 0.3000000119
18510  18.875  -52.396  29.623 0.4000000060
18511  18.337  -52.538  30.323 0.4000000060
137235  16.963  -51.876  31.177 0.3000000119
20272  16.548  -51.098  31.100 0.3000000119
128965  17.063  -50.518  30.829 0.3000000119
18512  17.632  -53.241  30.451 0.3000000119
19392  17.651  -52.293  30.902 0.3000000119
129529  16.151  -51.835  31.209 0.3000000119
20273  16.107  -50.167  30.819 0.3000000119
18499  16.865  -52.655  31.112 0.3000000119
127347  15.607  -50.933  31.103 0.3000000119
127572  14.655  -50.866  30.950 0.3000000119
21138  14.205  -49.046  30.137 0.3000000119
20295  20.895  -50.916  28.463 0.3000000119
19423  20.533  -51.167  28.994 0.3000000119
19402  19.427  -51.664  29.758 0.3000000119
20286  18.879  -51.334  30.379 0.3000000119
20271  17.930  -50.877  30.752 0.3000000119
136343  17.163  -49.410  30.464 0.3000000119
136131  18.446  -51.133  30.597 0.3000000119
121769  17.428  -51.405  30.982 0.3000000119
21118  16.798  -49.728  30.595 0.3000000119
135480  16.190  -49.428  30.521 0.3000000119
20274  15.130  -50.137  30.759 0.3000000119
21119  15.521  -49.488  30.515 0.3000000119
21120  14.803  -49.499  30.445 0.3000000119
21165  21.921  -49.988  27.748 0.3000000119
20284  20.757  -50.555  29.178 0.3000000119
19401  20.135  -51.099  29.525 0.3000000119
20270  18.618  -50.508  30.500 0.3000000119
21117  17.643  -49.921  30.580 0.3000000119
21983  16.717  -48.972  30.346 0.3000000119
21984  15.867  -48.838  30.294 0.3000000119
21985  15.067  -48.904  30.212 0.3000000119
138196  13.657  -48.937  29.760 0.3000000119
21982  17.547  -49.057  30.314 0.3000000119
21995  16.328  -48.208  30.006 0.3000000119
21996  15.419  -48.197  29.841 0.3000000119
21997  14.643  -48.485  29.824 0.3000000119
133876  18.191  -48.428  29.980 0.3000000119
21994  17.196  -48.277  30.034 0.3000000119
22833  17.616  -47.721  29.766 0.3000000119
22834  16.778  -47.451  29.677 0.3000000119
121993  15.979  -47.666  29.625 0.3000000119
22835  15.395  -47.555  29.371 0.3000000119
22836  14.633  -47.885  29.242 0.3000000119
5866  25.224  -70.479  19.761 0.5000000000
5867  24.294  -70.067  19.286 0.5000000000
6444  23.590  -69.394  18.757 0.4000000060
10848  19.675  -62.162  29.005 0.6999999881
11562  18.295  -61.594  29.353 0.6999999881
136997  23.781  -66.762  18.346 0.4000000060
6437  24.118  -69.134  19.552 0.5000000000
129413  23.821  -61.413  28.792 0.6000000238
12448  20.139  -59.995  23.404 0.5000000000
11555  25.069  -61.139  29.321 0.6000000238
10962  25.201  -62.277  23.432 0.8000000119
10940  26.434  -62.547  24.355 0.6000000238
14628  31.574  -57.008  26.844 0.5000000000
11623  29.444  -61.105  26.030 0.6999999881
19481  12.312  -51.570  25.024 0.4000000060
15400  32.461  -56.591  25.903 0.5000000000
11622  33.167  -61.046  26.062 0.6000000238
13899  34.094  -57.983  25.941 0.4000000060
10916  32.671  -62.060  25.313 0.6000000238
126695  15.245  -52.126  25.826 0.3000000119
13177  34.692  -60.037  25.887 0.4000000060
12419  35.291  -60.556  25.439 0.4000000060
18535  19.409  -52.147  28.894 0.3000000119
20294  21.345  -50.290  28.495 0.3000000119
10249  31.756  -63.407  23.712 0.5000000000
10976  30.795  -62.740  22.811 0.5000000000
11693  30.079  -61.796  22.034 0.6999999881
11709  29.643  -61.796  21.411 0.6999999881
121175  26.534  -61.025  20.224 0.6000000238
10250  31.262  -62.862  23.558 0.5000000000
10957  30.727  -62.147  23.476 0.6000000238
126408  28.071  -61.715  21.774 0.6000000238
11750  25.966  -60.549  19.041 0.6000000238
12495  24.221  -59.666  18.743 0.6000000238
10991  30.081  -62.225  21.258 0.6999999881
11733  27.875  -61.301  19.930 0.6000000238
11734  27.022  -61.014  19.657 0.6000000238
11710  29.047  -61.630  20.811 0.6999999881
11712  27.389  -61.312  20.508 0.6000000238
12489  24.505  -59.405  18.899 0.6000000238
10231  32.414  -63.410  24.244 0.5000000000
11006  29.755  -62.339  19.835 0.6999999881
11747  28.358  -61.554  19.427 0.6999999881
11752  28.123  -61.674  18.885 0.6000000238
11754  26.405  -61.079  18.866 0.6000000238
10274  30.524  -62.904  21.108 0.6000000238
10992  29.631  -62.072  20.578 0.6999999881
11748  27.556  -61.310  19.254 0.6000000238
9597  31.378  -64.187  21.867 0.6000000238
10230  33.379  -63.653  24.679 0.5000000000
10936  32.121  -62.586  24.619 0.5000000000
10273  31.049  -63.639  20.937 0.6999999881
11017  29.606  -62.334  19.163 0.6000000238
11024  25.229  -61.768  18.714 0.6000000238
10229  34.313  -63.801  24.986 0.5000000000
10935  33.025  -62.886  24.951 0.5000000000
10207  36.488  -63.418  25.028 0.5000000000
10210  34.003  -63.074  25.264 0.5000000000
10934  36.944  -62.915  24.674 0.4000000060
9536  17.219  -64.278  26.769 0.4000000060
10179  18.802  -63.300  27.198 0.4000000060
10196  18.284  -63.767  26.669 0.4000000060
10195  18.837  -63.322  26.297 0.5000000000
10214  18.557  -63.439  24.975 0.5000000000
10215  18.310  -64.356  24.851 0.5000000000
10914  34.664  -62.375  25.543 0.5000000000
10237  18.606  -64.078  23.968 0.5000000000
8195  19.796  -66.621  26.662 0.6000000238
10913  35.602  -62.431  25.362 0.4000000060
126275  18.640  -63.409  23.825 0.5000000000
9573  18.842  -64.413  23.918 0.5000000000
8871  20.018  -65.899  26.075 0.5000000000
9555  17.050  -64.920  25.974 0.5000000000
9535  17.782  -64.436  26.109 0.5000000000
8889  17.363  -65.720  25.233 0.5000000000
9554  17.922  -65.059  25.154 0.5000000000
135841  18.597  -66.167  25.117 0.5000000000
9574  18.538  -64.711  24.389 0.5000000000
8888  18.281  -65.559  24.915 0.5000000000
8887  19.185  -65.783  25.108 0.5000000000
8908  18.788  -64.980  24.440 0.5000000000
10956  37.272  -62.470  23.815 0.4000000060
11641  36.124  -61.854  25.108 0.4000000060
11661  36.652  -62.181  24.548 0.4000000060
11631  15.702  -61.416  26.545 0.5000000000
13169  16.348  -59.188  26.689 0.5000000000
12425  15.457  -60.164  25.495 0.5000000000
136383  15.196  -60.641  24.666 0.5000000000
119333  15.594  -60.730  25.880 0.5000000000
138201  36.354  -61.554  24.525 0.4000000060
13178  15.908  -58.913  26.012 0.5000000000
13179  15.490  -59.432  25.455 0.5000000000
13900  15.642  -58.618  25.306 0.5000000000
13907  15.415  -58.310  24.651 0.5000000000
126446  14.900  -60.523  24.139 0.5000000000
11687  15.211  -61.449  23.756 0.4000000060
14656  16.188  -57.335  24.275 0.5000000000
13198  14.292  -58.818  23.141 0.6000000238
12459  14.575  -60.872  23.247 0.6000000238
116571  16.686  -57.215  24.944 0.5000000000
117735  16.059  -57.197  23.238 0.5000000000
13912  14.873  -58.371  23.855 0.5000000000
13916  14.714  -58.164  22.684 0.6000000238
12460  13.764  -60.274  22.687 0.6000000238
11703  14.227  -61.274  22.377 0.6000000238
10995  14.959  -62.375  20.805 0.5000000000
11011  13.990  -62.671  20.402 0.5000000000
120902  13.739  -63.841  20.132 0.5000000000
14655  16.868  -56.809  23.858 0.5000000000
15434  17.512  -56.460  22.999 0.5000000000
15435  16.777  -56.815  22.371 0.5000000000
14664  15.320  -57.663  22.868 0.5000000000
14672  15.889  -57.016  21.319 0.6000000238
13203  13.794  -59.218  22.364 0.6000000238
12468  13.239  -60.224  22.133 0.6000000238
11720  13.449  -61.671  21.381 0.6000000238
11740  13.285  -62.116  20.949 0.5000000000
13205  8.906  -59.321  22.458 0.5000000000
10291  11.582  -63.756  21.170 0.5000000000
15433  18.194  -56.159  23.542 0.5000000000
15447  17.416  -56.456  21.736 0.5000000000
15448  16.639  -56.716  21.490 0.6000000238
15461  15.833  -56.974  21.217 0.6000000238
15462  15.036  -57.089  21.124 0.6000000238
13925  13.963  -58.416  21.600 0.6000000238
117546  14.334  -57.535  21.300 0.6000000238
13211  12.905  -59.693  21.838 0.6000000238
129911  13.602  -58.213  21.481 0.6000000238
12469  12.881  -60.757  21.670 0.6000000238
11741  12.456  -61.849  21.131 0.5000000000
121219  12.166  -63.128  20.919 0.5000000000
11013  11.904  -62.372  21.096 0.5000000000
12471  11.127  -60.748  21.432 0.5000000000
116230  11.057  -63.210  21.303 0.5000000000
10996  9.829  -62.315  21.421 0.5000000000
16232  17.119  -56.206  21.204 0.6000000238
16234  15.639  -56.374  21.323 0.6000000238
16235  14.702  -56.034  21.801 0.6000000238
130275  13.771  -55.482  22.556 0.6000000238
15463  13.967  -56.620  21.796 0.6000000238
14686  13.036  -57.963  21.597 0.6000000238
15449  12.986  -56.591  22.376 0.6000000238
116175  12.124  -59.169  21.605 0.5000000000
14687  12.078  -57.869  22.111 0.5000000000
119535  11.904  -60.499  21.376 0.5000000000
13918  10.657  -58.620  22.351 0.5000000000
132987  10.704  -57.302  22.957 0.6000000238
13214  10.466  -60.172  21.697 0.5000000000
13204  10.058  -59.379  22.207 0.5000000000
14678  9.181  -57.863  23.094 0.5000000000
121685  8.002  -57.248  23.851 0.5000000000
16220  14.402  -54.969  22.580 0.6000000238
17000  12.882  -55.064  23.219 0.6000000238
16222  12.437  -55.794  23.061 0.6000000238
15451  11.547  -57.021  22.743 0.6000000238
15436  10.616  -56.462  23.390 0.6000000238
15437  9.529  -56.370  23.675 0.5000000000
137176  14.273  -54.203  23.084 0.6000000238
16206  11.498  -55.921  23.348 0.6000000238
16207  10.111  -55.515  23.854 0.6000000238
16208  9.231  -55.651  24.176 0.5000000000
18599  13.600  -51.936  23.862 0.6000000238
16983  13.836  -53.537  23.406 0.6000000238
133011  12.630  -52.705  23.880 0.6000000238
16984  12.467  -53.997  23.576 0.6000000238
122819  10.905  -55.077  23.802 0.6000000238
16987  9.712  -54.371  24.654 0.5000000000
18600  12.741  -52.095  24.115 0.6000000238
127986  11.628  -52.774  24.425 0.6000000238
19513  11.659  -52.214  24.818 0.6000000238
16986  10.928  -54.064  24.092 0.6000000238
18571  10.862  -52.671  25.050 0.6000000238
138600  10.622  -53.402  25.258 0.5000000000
129539  11.601  -52.571  25.305 0.4000000060
12479  24.901  -59.758  19.379 0.6000000238
11711  28.203  -61.496  20.840 0.6999999881
10915  33.687  -62.312  25.484 0.5000000000
9547  35.975  -63.975  25.084 0.5000000000
10209  34.946  -63.152  25.341 0.5000000000
129448  18.959  -66.850  25.452 0.6000000238
14673  15.183  -57.540  21.554 0.6000000238
14683  15.268  -57.309  21.226 0.6000000238
123524  12.447  -60.170  21.594 0.6000000238
13213  11.547  -59.957  21.497 0.5000000000
16205  11.818  -54.766  23.601 0.6000000238
17755  10.974  -53.158  24.620 0.6000000238
131420  9.891  -53.803  24.981 0.6000000238
121279  25.761  -71.026  20.318 0.4000000060
5833  25.518  -70.047  22.702 0.5000000000
6392  25.507  -69.314  22.282 0.5000000000
121060  25.500  -69.948  21.820 0.4000000060
5843  25.585  -70.491  21.170 0.4000000060
6406  25.446  -69.666  21.101 0.4000000060
5856  25.382  -70.097  20.475 0.4000000060
124386  25.618  -67.656  22.850 0.5000000000
6967  25.506  -68.132  23.380 0.5000000000
136905  25.347  -68.173  21.476 0.5000000000
6425  25.175  -69.305  20.598 0.5000000000
125443  26.488  -66.632  22.890 0.5000000000
7593  25.677  -67.073  22.131 0.5000000000
129672  25.448  -67.432  21.418 0.5000000000
7018  25.088  -67.898  20.825 0.5000000000
134171  25.003  -68.581  20.641 0.4000000060
7019  24.660  -68.121  20.225 0.4000000060
8273  26.947  -66.181  22.416 0.5000000000
8274  26.189  -66.431  22.052 0.5000000000
8942  26.711  -65.799  21.320 0.5000000000
8288  25.711  -66.643  21.233 0.5000000000
7612  25.296  -67.140  20.674 0.5000000000
7030  24.160  -68.228  19.473 0.4000000060
122318  24.456  -63.968  18.722 0.4000000060
9640  24.816  -64.886  18.426 0.4000000060
9639  25.771  -65.051  18.210 0.4000000060
8979  25.376  -66.002  18.066 0.4000000060
126940  24.474  -66.383  18.308 0.4000000060
8299  25.990  -66.159  20.747 0.5000000000
8327  25.468  -66.481  18.323 0.4000000060
8313  24.307  -66.882  18.500 0.4000000060
7654  24.100  -67.509  18.804 0.4000000060
8953  27.098  -65.737  20.451 0.4000000060
8312  26.040  -66.367  19.583 0.5000000000
7628  24.708  -67.468  19.867 0.4000000060
122052  26.178  -64.041  18.414 0.4000000060
8977  27.178  -66.126  17.610 0.4000000060
8334  26.276  -66.484  17.889 0.4000000060
8298  28.528  -66.003  20.239 0.4000000060
8326  26.591  -66.749  17.930 0.4000000060
129449  24.777  -66.959  18.817 0.4000000060
8952  27.716  -65.992  19.745 0.4000000060
8966  26.886  -66.267  19.456 0.4000000060
128374  26.743  -66.817  18.312 0.4000000060
10307  25.831  -62.814  18.619 0.5000000000
10306  26.716  -63.188  18.482 0.4000000060
138342  26.899  -64.163  18.337 0.4000000060
9636  28.428  -65.119  17.963 0.4000000060
9644  28.030  -66.025  17.640 0.4000000060
8332  27.527  -66.693  17.723 0.4000000060
8324  27.888  -66.724  17.943 0.4000000060
8310  28.667  -66.544  18.775 0.4000000060
8325  27.189  -66.983  17.816 0.4000000060
11023  26.624  -62.054  18.588 0.5000000000
122266  28.078  -62.882  18.537 0.5000000000
11022  28.561  -62.292  18.708 0.6000000238
10304  28.908  -63.155  18.516 0.5000000000
8976  28.919  -65.748  17.848 0.4000000060
8975  29.475  -66.161  18.087 0.4000000060
8322  30.221  -66.485  18.460 0.4000000060
7652  30.868  -67.015  18.667 0.4000000060
9635  30.339  -64.048  18.456 0.4000000060
11020  30.025  -62.695  18.803 0.5000000000
9634  30.973  -64.798  18.444 0.4000000060
8974  30.580  -65.805  18.288 0.4000000060
9633  31.760  -64.616  18.710 0.5000000000
9632  32.255  -65.101  18.707 0.4000000060
8973  31.703  -65.434  18.422 0.4000000060
120911  32.010  -66.188  18.397 0.4000000060
9617  31.756  -64.458  19.693 0.6000000238
11016  30.316  -62.740  19.289 0.6000000238
8951  32.756  -65.553  19.535 0.5000000000
8950  33.351  -66.161  19.259 0.4000000060
119550  30.449  -62.421  21.994 0.5000000000
17014  16.770  -54.815  21.610 0.5000000000
130690  14.957  -54.413  22.652 0.5000000000
120986  14.605  -51.940  23.592 0.5000000000
118106  16.219  -53.843  22.427 0.5000000000
134763  15.040  -53.196  23.217 0.5000000000
16219  15.290  -55.349  22.043 0.5000000000
131361  25.479  -67.920  22.079 0.5000000000
138236  25.473  -69.301  21.609 0.5000000000
9638  26.657  -65.139  18.026 0.4000000060
8311  27.469  -66.801  18.332 0.4000000060
123392  29.244  -64.354  18.268 0.4000000060
132563  29.935  -65.231  18.188 0.4000000060
8331  28.399  -66.393  17.855 0.4000000060
8323  29.181  -66.432  18.315 0.4000000060
10303  29.838  -63.191  18.537 0.5000000000
8321  31.202  -66.349  18.422 0.4000000060
10302  30.502  -63.225  18.784 0.5000000000
10296  31.550  -64.139  19.079 0.6000000238
8964  33.182  -66.166  18.870 0.5000000000
9616  32.205  -65.009  20.007 0.5000000000
8939  41.092  -65.873  21.311 0.3000000119
8267  39.965  -66.290  22.589 0.3000000119
8918  38.856  -65.382  23.711 0.3000000119
8930  39.942  -65.306  22.664 0.3000000119
8929  40.577  -65.583  22.007 0.3000000119
119139  42.868  -64.575  19.540 0.3000000119
9605  41.939  -64.663  19.920 0.3000000119
7564  39.124  -66.907  23.137 0.3000000119
8244  37.409  -66.920  23.828 0.4000000060
8224  37.022  -66.239  24.252 0.4000000060
8266  40.673  -66.605  21.818 0.3000000119
8901  36.731  -65.374  24.556 0.4000000060
135475  37.465  -65.636  24.364 0.4000000060
9569  33.743  -64.357  24.369 0.4000000060
9570  32.896  -64.181  24.012 0.4000000060
8283  41.652  -66.717  20.146 0.3000000119
8899  38.198  -65.361  24.180 0.3000000119
120370  36.250  -64.638  24.809 0.4000000060
9607  40.270  -64.140  21.549 0.3000000119
9564  38.107  -64.451  24.225 0.3000000119
8246  35.608  -66.711  23.293 0.4000000060
8268  34.834  -66.740  22.476 0.4000000060
8932  32.598  -65.503  21.624 0.4000000060
138978  32.261  -65.130  22.222 0.4000000060
134072  38.467  -67.492  23.130 0.4000000060
8245  36.587  -66.843  23.699 0.4000000060
8247  34.850  -66.261  23.269 0.4000000060
8920  33.674  -65.544  23.168 0.4000000060
119583  32.597  -64.598  23.347 0.4000000060
7584  40.021  -67.485  22.237 0.3000000119
8225  36.149  -66.126  24.171 0.4000000060
9583  34.084  -65.049  24.018 0.4000000060
10263  31.388  -63.637  22.917 0.4000000060
7605  41.370  -67.683  20.568 0.3000000119
9585  32.125  -64.021  23.536 0.4000000060
7620  43.149  -67.693  19.857 0.3000000119
9567  35.455  -64.587  24.789 0.4000000060
133823  36.585  -64.050  24.937 0.4000000060
7608  34.836  -67.150  21.331 0.4000000060
120884  33.170  -66.051  21.024 0.4000000060
7587  36.193  -67.917  21.945 0.4000000060
7588  35.520  -67.332  22.157 0.4000000060
8269  34.220  -66.589  21.913 0.4000000060
6977  39.776  -68.549  22.038 0.3000000119
123813  38.261  -68.073  22.720 0.4000000060
114770  42.581  -68.936  20.972 0.3000000119
7013  42.469  -68.357  20.283 0.3000000119
9596  31.975  -64.618  22.660 0.4000000060
130495  44.249  -68.107  20.796 0.3000000119
8940  33.373  -66.121  20.067 0.4000000060
8285  33.953  -66.610  20.897 0.4000000060
10933  37.479  -63.169  24.244 0.3000000119
10248  37.953  -63.151  23.452 0.3000000119
10227  37.838  -63.742  24.217 0.3000000119
10990  30.903  -63.247  21.959 0.4000000060
120303  31.895  -64.947  21.718 0.4000000060
126694  31.600  -64.524  20.746 0.4000000060
8243  38.593  -66.129  23.778 0.3000000119
9593  40.388  -64.863  22.034 0.3000000119
9606  41.091  -64.721  20.984 0.3000000119
7566  37.062  -67.488  23.220 0.4000000060
8903  34.934  -65.199  24.324 0.4000000060
8902  35.778  -65.334  24.504 0.4000000060
9584  33.287  -64.832  23.622 0.4000000060
9565  37.535  -64.269  24.497 0.4000000060
7567  36.287  -67.397  22.835 0.4000000060
130049  33.451  -66.048  22.051 0.4000000060
8931  34.203  -66.186  22.789 0.4000000060
7585  39.071  -67.884  22.587 0.3000000119
8919  34.480  -65.689  23.610 0.4000000060
6976  40.431  -68.329  21.594 0.3000000119
7586  37.476  -68.050  22.682 0.4000000060
114480  41.662  -68.504  20.700 0.3000000119
4843  28.485  -72.691  24.584 0.3000000119
4463  29.629  -73.577  23.341 0.3000000119
5282  27.264  -71.927  25.026 0.3000000119
4451  29.901  -73.292  24.244 0.3000000119
4844  27.529  -72.488  24.402 0.3000000119
4464  28.546  -73.511  22.956 0.3000000119
120880  26.960  -70.709  25.808 0.3000000119
119152  27.872  -71.603  25.581 0.3000000119
5281  28.082  -72.200  25.150 0.3000000119
5795  26.284  -70.107  25.737 0.3000000119
126760  26.623  -71.520  24.953 0.3000000119
4465  27.637  -73.218  22.991 0.3000000119
5308  25.619  -70.868  22.190 0.3000000119
6342  27.406  -69.509  26.800 0.3000000119
5794  27.882  -70.932  26.119 0.3000000119
6343  26.755  -69.557  26.307 0.3000000119
5780  27.215  -70.173  26.297 0.3000000119
5267  28.574  -71.758  25.663 0.3000000119
128423  25.816  -71.436  23.749 0.3000000119
6381  25.484  -69.321  23.141 0.3000000119
5295  25.768  -71.422  22.930 0.3000000119
126706  26.121  -69.053  25.946 0.3000000119
5283  25.970  -71.253  24.599 0.3000000119
6356  25.620  -69.578  25.124 0.3000000119
6937  25.598  -68.505  25.082 0.3000000119
6369  25.424  -69.217  24.167 0.3000000119
5821  25.478  -70.040  23.638 0.3000000119
6950  25.459  -68.293  24.100 0.3000000119
8272  27.863  -66.371  22.795 0.4000000060
127004  27.119  -66.514  23.299 0.4000000060
4011  32.971  -74.398  26.650 0.3000000119
128450  33.610  -76.232  26.271 0.3000000119
4833  28.941  -72.262  25.254 0.3000000119
4450  30.777  -73.363  24.521 0.3000000119
5766  29.121  -70.823  27.315 0.3000000119
5254  30.187  -71.694  26.779 0.3000000119
4823  31.272  -72.854  26.951 0.3000000119
4429  32.470  -73.981  26.421 0.3000000119
3585  33.583  -75.447  26.233 0.3000000119
135460  27.497  -69.257  28.095 0.3000000119
5778  29.275  -71.077  26.800 0.3000000119
4824  30.656  -72.266  26.634 0.3000000119
4448  32.248  -73.966  25.296 0.3000000119
4020  33.486  -75.073  25.406 0.3000000119
5779  28.693  -70.693  26.717 0.3000000119
5266  29.318  -71.838  25.876 0.3000000119
4440  31.001  -73.058  25.327 0.3000000119
4449  31.566  -73.627  24.854 0.3000000119
4841  30.249  -72.828  25.001 0.3000000119
4845  26.550  -71.986  24.231 0.3000000119
4856  26.252  -72.002  23.212 0.3000000119
6323  27.950  -69.802  27.177 0.3000000119
134565  25.513  -70.025  24.421 0.3000000119
4408  32.340  -74.134  27.719 0.3000000119
4461  31.454  -73.798  23.973 0.3000000119
5767  28.499  -70.278  27.273 0.3000000119
5245  30.396  -71.865  27.369 0.3000000119
5265  30.057  -71.967  26.164 0.3000000119
4439  31.673  -73.457  25.683 0.3000000119
4032  32.417  -74.189  24.359 0.3000000119
7571  25.691  -67.483  23.785 0.3000000119
6380  35.086  -69.493  23.051 0.3000000119
6964  34.509  -68.994  23.090 0.3000000119
6983  32.675  -68.416  22.149 0.3000000119
6984  31.894  -68.153  21.952 0.4000000060
7610  30.236  -67.211  21.235 0.4000000060
8287  27.666  -65.684  20.860 0.3000000119
6391  33.994  -69.331  21.693 0.3000000119
133745  33.191  -68.867  21.530 0.4000000060
7016  32.230  -68.552  20.663 0.4000000060
7625  31.176  -67.783  19.970 0.4000000060
119178  29.341  -66.462  19.883 0.3000000119
7045  31.993  -67.917  18.794 0.4000000060
7029  31.810  -68.166  19.431 0.4000000060
7639  29.731  -66.767  18.964 0.3000000119
7651  31.759  -67.083  18.501 0.3000000119
6947  35.357  -68.882  25.181 0.3000000119
6368  35.116  -68.993  23.937 0.3000000119
6966  33.034  -68.193  22.900 0.4000000060
7589  32.228  -67.873  22.682 0.4000000060
7609  31.227  -67.785  21.755 0.3000000119
7592  30.138  -67.098  22.022 0.3000000119
126566  28.676  -66.363  22.217 0.3000000119
6367  35.865  -69.618  24.500 0.3000000119
6379  35.677  -69.855  23.456 0.3000000119
6389  35.505  -70.082  22.539 0.3000000119
123149  34.715  -69.831  21.418 0.3000000119
6405  33.623  -69.350  21.002 0.3000000119
6424  32.980  -68.971  20.643 0.4000000060
125165  35.363  -70.147  21.671 0.3000000119
5842  35.188  -70.003  20.851 0.3000000119
6404  34.328  -69.691  20.843 0.3000000119
6423  33.812  -69.428  20.298 0.4000000060
7028  32.449  -68.650  19.841 0.4000000060
6421  35.433  -69.555  20.280 0.3000000119
7027  33.912  -68.698  19.238 0.4000000060
7044  32.743  -68.013  18.747 0.4000000060
7624  35.170  -67.611  20.054 0.3000000119
7648  34.476  -67.670  19.207 0.4000000060
7042  34.065  -68.089  18.932 0.4000000060
128153  32.456  -67.435  18.598 0.4000000060
134289  35.201  -67.539  20.594 0.3000000119
8309  33.829  -66.673  19.060 0.4000000060
8296  34.091  -66.748  19.716 0.3000000119
127279  34.850  -67.309  27.420 0.3000000119
6904  34.680  -67.905  27.161 0.3000000119
8205  33.237  -66.924  26.282 0.3000000119
7533  33.006  -66.806  25.170 0.3000000119
6322  36.020  -69.393  26.965 0.3000000119
6934  35.376  -68.799  26.383 0.3000000119
6935  34.800  -68.325  25.801 0.3000000119
7547  32.652  -66.955  24.353 0.3000000119
5777  37.381  -70.802  26.828 0.3000000119
6340  36.782  -70.240  26.464 0.3000000119
131375  34.065  -67.795  24.498 0.3000000119
7568  32.640  -67.499  23.559 0.3000000119
7569  31.697  -67.327  23.198 0.3000000119
7570  30.892  -67.152  22.938 0.3000000119
8270  30.177  -66.971  22.737 0.3000000119
125644  28.752  -66.520  23.006 0.3000000119
8252  28.019  -66.379  23.636 0.3000000119
6354  36.886  -70.620  25.546 0.3000000119
6420  35.925  -69.423  20.516 0.3000000119
7026  34.684  -68.365  19.391 0.3000000119
7014  36.172  -68.985  20.592 0.3000000119
7025  35.256  -68.391  19.731 0.3000000119
7607  36.151  -68.385  21.044 0.3000000119
116275  35.595  -67.712  21.209 0.3000000119
8295  34.691  -67.177  20.324 0.3000000119
8163  36.155  -66.447  27.555 0.3000000119
7501  35.351  -67.999  27.383 0.3000000119
7520  34.202  -67.703  26.873 0.3000000119
126861  36.507  -69.387  27.289 0.3000000119
6922  34.723  -68.203  26.721 0.3000000119
8253  26.319  -66.834  23.759 0.3000000119
8838  36.710  -65.694  27.600 0.3000000119
132962  36.412  -67.113  27.552 0.3000000119
7499  37.169  -67.564  27.577 0.3000000119
7500  36.128  -67.924  27.536 0.3000000119
6902  35.872  -68.742  27.373 0.3000000119
6321  36.915  -70.119  27.106 0.3000000119
8162  36.983  -66.491  27.574 0.3000000119
8161  37.854  -66.601  27.691 0.3000000119
6901  36.742  -68.723  27.487 0.3000000119
117490  27.692  -65.962  21.881 0.3000000119
8286  28.524  -66.095  21.300 0.3000000119
7627  29.780  -66.795  20.636 0.3000000119
126194  30.002  -66.878  19.799 0.4000000060
8320  33.486  -66.742  18.784 0.4000000060
6980  36.945  -68.567  21.936 0.3000000119
6982  33.462  -68.707  22.301 0.3000000119
7000  32.419  -68.541  21.366 0.4000000060
7001  31.663  -68.205  21.120 0.4000000060
7626  30.448  -67.295  20.322 0.4000000060
127030  33.043  -68.542  19.154 0.4000000060
6355  36.120  -69.618  25.741 0.3000000119
115685  34.314  -68.386  23.796 0.3000000119
7590  31.451  -67.627  22.457 0.4000000060
7591  30.754  -67.396  22.275 0.3000000119
5806  37.112  -71.009  24.687 0.3000000119
5807  36.500  -70.446  23.885 0.3000000119
5820  36.137  -70.458  22.923 0.3000000119
6434  34.060  -69.250  19.742 0.4000000060
7622  35.819  -68.393  20.386 0.3000000119
116967  33.779  -67.380  25.438 0.3000000119
7546  33.326  -67.343  24.393 0.3000000119
6999  36.686  -69.183  21.283 0.3000000119
9553  19.261  -64.824  24.342 0.4000000060
4000  32.998  -74.526  27.362 0.3000000119
4021  32.824  -74.323  25.855 0.3000000119
4430  31.873  -73.470  26.519 0.3000000119
4438  32.224  -73.813  25.957 0.3000000119
4816  30.819  -72.420  27.358 0.3000000119
4830  31.186  -72.876  26.147 0.3000000119
4831  30.514  -72.497  25.773 0.3000000119
4832  29.757  -72.342  25.465 0.3000000119
4842  29.390  -72.772  24.768 0.3000000119
4853  28.955  -73.235  23.989 0.3000000119
4854  27.975  -73.079  23.778 0.3000000119
4855  27.019  -72.679  23.425 0.3000000119
5246  29.782  -71.334  27.242 0.3000000119
5255  29.627  -71.489  26.510 0.3000000119
5256  28.834  -71.303  26.239 0.3000000119
5268  27.144  -71.295  25.489 0.3000000119
5269  26.370  -70.937  25.295 0.3000000119
5284  25.576  -70.722  24.133 0.3000000119
5296  25.568  -70.792  23.231 0.3000000119
5808  25.745  -70.484  24.938 0.3000000119
6341  28.021  -70.185  26.721 0.3000000119
6366  36.490  -70.242  24.861 0.3000000119
6390  34.724  -69.585  22.276 0.3000000119
6422  34.675  -69.524  20.088 0.4000000060
6426  24.611  -68.790  20.150 0.4000000060
6432  35.145  -69.019  19.697 0.3000000119
6433  34.522  -69.061  19.554 0.4000000060
6435  33.337  -69.051  19.763 0.4000000060
6903  35.294  -68.520  27.070 0.3000000119
6923  27.085  -68.756  27.044 0.3000000119
6936  26.130  -68.088  25.923 0.3000000119
6948  34.677  -68.350  24.732 0.3000000119
6949  34.356  -67.888  25.298 0.3000000119
6965  33.560  -67.920  23.659 0.3000000119
6978  38.881  -68.705  22.278 0.3000000119
6981  34.092  -69.011  22.476 0.3000000119
6985  25.509  -68.550  22.705 0.5000000000
7002  25.475  -68.699  21.852 0.5000000000
7015  35.676  -68.806  20.086 0.3000000119
7017  31.756  -68.278  20.273 0.4000000060
7043  33.571  -68.005  18.783 0.4000000060
7521  33.654  -67.304  26.971 0.3000000119
7565  37.795  -67.524  23.302 0.4000000060
7606  40.822  -67.617  21.359 0.3000000119
7611  29.445  -66.644  21.558 0.3000000119
7621  41.888  -67.626  20.070 0.3000000119
7623  35.524  -68.069  19.961 0.3000000119
7635  44.187  -67.793  19.460 0.3000000119
7636  34.944  -67.756  19.596 0.4000000060
7637  31.313  -67.646  19.004 0.4000000060
7638  30.584  -67.216  19.237 0.3000000119
7649  33.979  -67.331  18.856 0.4000000060
7650  33.206  -67.342  18.663 0.4000000060
7653  30.174  -66.715  18.690 0.4000000060
8164  35.278  -66.511  27.541 0.3000000119
8223  37.834  -66.234  24.143 0.3000000119
8226  35.291  -65.901  23.944 0.4000000060
8242  39.345  -65.832  23.289 0.3000000119
8254  25.927  -66.960  22.941 0.5000000000
8271  29.479  -66.697  22.471 0.3000000119
8284  41.284  -66.757  20.898 0.3000000119
8297  29.116  -66.384  20.769 0.4000000060
8300  25.337  -66.695  20.015 0.4000000060
8301  21.455  -66.628  19.838 0.5000000000
8308  34.373  -67.207  19.329 0.4000000060
8329  21.873  -66.770  18.615 0.5000000000
8330  21.312  -66.783  18.998 0.4000000060
8333  26.897  -66.736  17.699 0.4000000060
8839  35.859  -65.705  27.574 0.3000000119
8849  20.502  -65.072  26.814 0.5000000000
8900  37.525  -64.938  24.483 0.4000000060
8934  22.979  -65.745  22.326 0.5000000000
8941  32.693  -65.592  20.521 0.5000000000
8943  22.340  -65.561  21.206 0.6000000238
8948  43.593  -65.555  19.580 0.3000000119
8954  26.494  -65.919  20.386 0.5000000000
8955  21.385  -65.873  19.594 0.6000000238
8965  32.706  -65.551  18.962 0.4000000060
8972  32.472  -65.749  18.631 0.5000000000
8978  26.368  -66.099  17.755 0.4000000060
9534  20.855  -64.587  26.604 0.5000000000
9548  35.193  -63.886  25.096 0.5000000000
9566  36.992  -64.507  24.753 0.4000000060
9568  34.615  -64.494  24.651 0.4000000060
9582  38.743  -64.643  23.742 0.3000000119
9594  39.829  -64.510  22.456 0.3000000119
9595  32.783  -65.245  22.710 0.4000000060
9608  32.151  -65.157  20.928 0.4000000060
9621  11.633  -64.479  21.081 0.5000000000
9626  32.233  -64.809  19.064 0.5000000000
9637  27.573  -64.953  18.007 0.4000000060
10181  17.276  -63.770  27.419 0.6000000238
10208  35.796  -63.241  25.251 0.5000000000
10228  37.159  -63.712  24.689 0.4000000060
10232  31.746  -62.934  24.100 0.5000000000
10236  18.860  -63.702  23.455 0.6000000238
10252  22.417  -63.001  23.107 0.5000000000
10253  19.070  -62.940  23.055 0.5000000000
10284  31.259  -63.876  19.899 0.6000000238
10285  30.699  -63.188  20.092 0.6000000238
10286  20.939  -63.208  19.931 0.6000000238
10287  20.865  -62.541  19.622 0.6999999881
10289  13.848  -63.184  20.205 0.5000000000
10290  12.975  -63.448  20.522 0.5000000000
10297  30.955  -63.431  19.174 0.6000000238
10298  21.043  -62.811  19.347 0.6999999881
10300  14.647  -63.042  19.851 0.5000000000
10301  31.134  -63.926  18.741 0.5000000000
10305  27.467  -63.598  18.412 0.4000000060
10311  21.356  -63.115  19.189 0.6999999881
10865  19.091  -62.634  28.494 0.6999999881
10881  26.337  -62.278  27.327 0.6999999881
10885  18.576  -63.139  27.983 0.6999999881
10886  16.549  -62.366  27.989 0.6000000238
10887  16.137  -62.906  27.380 0.5000000000
10897  26.857  -62.451  26.642 0.6999999881
10900  23.971  -61.967  26.394 0.6999999881
10902  19.429  -62.569  26.018 0.6000000238
10912  36.321  -62.656  25.098 0.4000000060
10921  24.515  -62.267  25.705 0.6999999881
10938  28.054  -62.110  24.387 0.6000000238
10944  20.592  -62.983  23.242 0.5000000000
10958  30.352  -61.927  22.737 0.6000000238
10961  26.076  -62.480  23.562 0.6000000238
10978  26.597  -62.335  22.867 0.6999999881
10980  25.030  -62.036  22.694 0.8000000119
11005  30.162  -62.588  20.352 0.6999999881
11008  20.719  -61.653  19.722 0.6999999881
11010  14.854  -62.639  20.116 0.5000000000
11012  12.954  -62.675  20.703 0.5000000000
11021  29.357  -62.529  18.762 0.6000000238
11026  23.002  -62.297  19.055 0.6999999881
11532  22.122  -61.143  29.860 0.6000000238
11534  20.846  -60.961  30.103 0.6999999881
11558  22.633  -61.250  29.510 0.6000000238
11559  21.265  -61.357  29.623 0.6000000238
11561  19.279  -61.667  29.470 0.6999999881
11563  17.619  -61.159  29.163 0.6999999881
11580  25.438  -61.512  28.645 0.6000000238
11586  18.008  -62.260  28.987 0.6000000238
11587  17.486  -61.773  28.896 0.6999999881
11588  17.006  -61.135  28.624 0.6999999881
11598  28.407  -61.113  27.142 0.6999999881
11601  25.839  -61.965  27.996 0.6999999881
11604  22.834  -61.423  27.571 0.6999999881
11621  33.936  -61.038  26.066 0.6000000238
11627  22.377  -61.215  26.549 0.6999999881
11630  16.119  -61.051  27.276 0.6000000238
11643  34.315  -61.646  25.752 0.6000000238
11645  32.156  -61.374  25.455 0.6000000238
11665  29.389  -61.466  24.492 0.6999999881
11666  28.525  -61.907  24.848 0.6999999881
11668  23.092  -60.721  24.096 0.6999999881
11672  15.329  -61.203  24.571 0.5000000000
11684  22.667  -60.141  23.773 0.6999999881
11694  29.581  -61.577  22.094 0.6999999881
11695  28.827  -61.576  22.181 0.6000000238
11699  23.652  -60.653  22.276 0.6999999881
11700  20.300  -61.035  21.367 0.6000000238
11702  15.042  -61.794  22.833 0.4000000060
11714  25.058  -61.241  21.175 0.6999999881
11716  20.623  -60.372  20.945 0.6000000238
11719  14.246  -61.852  21.512 0.5000000000
11721  12.840  -61.496  21.312 0.6000000238
11722  11.635  -61.439  21.296 0.5000000000
11723  10.577  -61.541  21.438 0.5000000000
11731  29.116  -61.867  19.793 0.6999999881
11732  28.542  -61.520  20.138 0.6000000238
11735  25.604  -60.617  20.181 0.6999999881
11736  24.129  -59.526  20.173 0.6999999881
11737  20.866  -60.089  20.215 0.6000000238
11738  20.752  -60.875  19.596 0.6999999881
11739  14.185  -62.286  20.842 0.5000000000
11742  10.903  -62.293  21.364 0.5000000000
11746  28.880  -61.954  19.043 0.6000000238
11749  26.649  -60.978  19.149 0.6000000238
11753  27.274  -61.554  18.794 0.6000000238
11755  25.610  -60.600  18.815 0.6999999881
11758  22.261  -61.302  18.916 0.6999999881
11759  21.309  -61.112  19.011 0.6999999881
12338  25.096  -60.190  30.179 0.6999999881
12340  22.275  -60.547  30.336 0.6999999881
12341  21.376  -60.251  30.439 0.6999999881
12342  20.429  -60.268  30.365 0.6999999881
12343  19.529  -60.341  30.183 0.6999999881
12358  26.293  -60.360  29.404 0.6999999881
12359  25.485  -60.580  29.695 0.6999999881
12360  24.618  -60.739  29.945 0.6999999881
12361  23.844  -60.954  29.902 0.6000000238
12363  19.620  -61.111  29.856 0.6999999881
12365  18.107  -60.698  29.492 0.6999999881
12375  16.968  -60.338  28.458 0.6000000238
12388  16.554  -60.658  27.933 0.6000000238
12404  33.573  -60.428  26.293 0.6000000238
12408  29.780  -60.514  26.528 0.6999999881
12411  15.818  -59.869  26.186 0.5000000000
12421  31.907  -60.739  25.799 0.6000000238
12435  20.058  -60.251  24.285 0.5000000000
12436  15.098  -59.986  24.873 0.5000000000
12447  21.129  -59.518  23.296 0.5000000000
12449  14.188  -59.787  23.364 0.6000000238
12457  21.195  -59.538  22.452 0.6000000238
12470  12.340  -61.015  21.385 0.5000000000
12478  25.974  -60.536  19.339 0.6000000238
12481  22.723  -59.089  19.862 0.6000000238
12482  21.679  -59.674  19.739 0.6000000238
12483  21.044  -60.265  19.498 0.6999999881
12488  25.322  -59.993  18.951 0.6000000238
12491  22.762  -59.249  18.894 0.6999999881
12492  21.698  -59.976  19.147 0.6999999881
12494  24.962  -59.866  18.795 0.6000000238
12496  23.137  -59.801  18.766 0.6999999881
13101  25.353  -59.505  30.296 0.6999999881
13104  22.685  -59.647  30.575 0.6999999881
13106  20.808  -59.507  30.527 0.6999999881
13107  19.225  -59.448  30.173 0.6999999881
13118  26.289  -59.707  29.691 0.6000000238
13127  27.310  -59.981  28.674 0.6999999881
13130  16.756  -59.834  27.906 0.6000000238
13146  32.361  -58.842  27.076 0.6999999881
13152  16.649  -59.342  27.315 0.6000000238
13188  35.256  -59.451  24.775 0.4000000060
13189  34.857  -59.349  25.445 0.4000000060
13190  15.140  -58.997  24.768 0.5000000000
13197  14.640  -59.327  24.092 0.5000000000
13210  13.334  -59.274  21.917 0.6000000238
13212  12.678  -59.355  21.680 0.6000000238
13216  8.171  -60.079  22.304 0.5000000000
13219  23.236  -58.867  19.128 0.6999999881
13815  24.269  -59.139  30.530 0.8000000119
13816  23.511  -58.721  30.575 0.6999999881
13831  26.224  -58.439  29.916 0.6000000238
13832  25.508  -57.762  30.285 0.8000000119
13833  19.131  -58.694  29.885 0.6999999881
13834  18.542  -58.510  29.280 0.6000000238
13835  17.919  -59.013  29.079 0.6999999881
13850  26.773  -58.854  29.229 0.6000000238
13870  31.021  -58.115  27.424 0.6000000238
13874  27.501  -58.640  28.125 0.6000000238
13890  17.194  -57.981  26.904 0.6000000238
13891  16.589  -58.314  26.366 0.6000000238
13906  15.944  -57.827  25.018 0.5000000000
13917  14.354  -58.294  21.885 0.6000000238
13919  9.568  -58.591  22.617 0.5000000000
13926  13.410  -58.717  21.670 0.6000000238
13927  12.972  -58.641  21.603 0.5000000000
13928  11.635  -58.574  21.983 0.5000000000
13929  11.134  -59.329  21.835 0.5000000000
14565  22.834  -57.838  30.467 0.8000000119
14568  21.166  -57.975  30.302 0.8000000119
14574  19.779  -57.560  29.392 0.6000000238
14588  19.277  -57.462  28.942 0.6000000238
14590  17.913  -58.014  28.043 0.6000000238
14610  31.374  -57.488  27.209 0.6000000238
14613  28.226  -58.112  27.340 0.6000000238
14616  18.346  -57.349  27.824 0.6000000238
14617  17.731  -57.662  27.332 0.6000000238
14627  32.257  -57.458  26.906 0.5000000000
14632  26.187  -57.269  25.808 0.6000000238
14633  18.138  -56.934  26.989 0.6000000238
14647  17.280  -57.157  25.605 0.5000000000
14648  16.615  -57.721  25.692 0.6000000238
14657  15.541  -57.734  24.065 0.5000000000
14663  16.015  -57.133  21.844 0.5000000000
14665  9.886  -57.192  23.270 0.5000000000
14666  8.845  -57.108  23.520 0.5000000000
14667  7.810  -58.233  23.428 0.5000000000
14674  14.659  -57.734  21.327 0.6000000238
14675  12.570  -57.240  22.210 0.6000000238
14676  11.151  -57.881  22.490 0.5000000000
14677  10.213  -57.911  22.807 0.6000000238
14684  14.203  -57.982  21.363 0.6000000238
14685  13.828  -57.861  21.363 0.6000000238
15329  25.121  -57.082  30.261 0.8000000119
15332  22.611  -56.985  30.095 0.8000000119
15333  21.949  -56.918  29.898 0.8000000119
15337  26.166  -56.902  29.236 0.6999999881
15338  24.985  -56.363  29.939 0.8000000119
15341  22.310  -56.362  29.601 0.8000000119
15342  21.581  -56.529  29.413 0.6999999881
15343  20.729  -56.815  29.195 0.6000000238
15344  19.874  -56.964  28.794 0.6000000238
15359  20.483  -56.275  28.287 0.6999999881
15360  19.040  -57.050  28.360 0.6000000238
15368  29.966  -56.987  27.035 0.6000000238
15370  20.058  -56.084  27.660 0.6999999881
15380  32.779  -57.034  26.314 0.5000000000
15381  32.060  -56.768  26.410 0.5000000000
15382  31.264  -56.602  26.411 0.5000000000
15383  30.330  -56.632  26.442 0.5000000000
15386  18.342  -56.502  26.197 0.6000000238
15399  33.063  -56.791  25.616 0.5000000000
15407  18.623  -56.149  25.486 0.6000000238
15420  18.242  -56.258  24.645 0.6000000238
15421  17.433  -56.703  24.810 0.5000000000
15438  8.618  -56.376  24.007 0.5000000000
15446  18.149  -56.173  22.293 0.6000000238
15450  12.189  -56.500  22.732 0.6000000238
15458  18.041  -56.048  21.365 0.5000000000
15459  17.241  -56.312  21.338 0.6000000238
15460  16.506  -56.644  21.379 0.6000000238
15464  13.500  -57.368  21.655 0.6000000238
16126  22.711  -55.657  29.373 0.6000000238
16144  22.370  -55.195  28.967 0.5000000000
16157  20.627  -55.699  27.527 0.5000000000
16158  20.006  -55.803  27.180 0.6999999881
16165  20.375  -55.467  26.774 0.5000000000
16167  19.396  -55.655  25.531 0.5000000000
16179  20.184  -55.336  26.001 0.5000000000
16180  19.537  -55.473  24.410 0.6000000238
16193  18.833  -55.875  24.032 0.5000000000
16209  8.614  -55.761  24.572 0.5000000000
16216  20.125  -54.881  21.260 0.5000000000
16221  13.212  -55.912  22.647 0.6000000238
16230  19.555  -55.068  21.130 0.5000000000
16233  16.433  -56.409  21.225 0.6000000238
16910  24.870  -54.656  29.075 0.6000000238
16911  23.932  -54.730  29.234 0.6000000238
16930  26.208  -54.441  28.385 0.6000000238
16933  23.429  -54.187  28.753 0.5000000000
16950  21.266  -54.487  26.043 0.5000000000
16965  20.741  -54.897  25.618 0.5000000000
16982  20.612  -54.619  23.039 0.4000000060
16985  11.633  -53.574  24.006 0.6000000238
16998  15.804  -54.617  22.209 0.5000000000
16999  13.508  -54.384  23.242 0.6000000238
17013  18.382  -55.314  21.112 0.5000000000
17015  16.150  -55.582  21.476 0.5000000000
17726  10.110  -53.957  25.321 0.5000000000
17734  10.470  -53.254  25.101 0.5000000000
17735  9.971  -53.783  25.097 0.6000000238
17744  10.461  -53.209  25.026 0.6000000238
17752  14.643  -53.669  23.166 0.5000000000
17753  13.286  -52.689  23.667 0.6000000238
17754  12.224  -53.116  23.918 0.6000000238
17767  15.390  -53.771  22.784 0.5000000000
18560  14.308  -52.298  25.640 0.3000000119
18563  10.926  -52.804  25.132 0.4000000060
18570  11.328  -52.264  25.097 0.6000000238
18584  11.212  -52.516  24.897 0.6000000238
18585  10.784  -52.661  25.005 0.6000000238
18598  15.053  -52.626  23.360 0.6000000238
18601  12.158  -52.442  24.309 0.6000000238
19403  18.802  -51.970  30.222 0.3000000119
19424  20.021  -51.609  28.986 0.3000000119
19444  20.400  -51.358  28.446 0.3000000119
19467  12.707  -51.678  25.298 0.4000000060
19480  13.095  -51.159  25.067 0.4000000060
19496  12.411  -51.489  24.991 0.6000000238
19497  11.817  -51.903  24.967 0.5000000000
20285  19.479  -50.851  30.128 0.3000000119
20351  14.407  -50.226  25.014 0.4000000060
20365  14.487  -50.244  24.809 0.4000000060
21116  18.412  -49.452  30.319 0.3000000119
22038  18.484  -49.351  25.424 0.4000000060
114482  43.278  -68.729  21.556 0.3000000119
114763  43.652  -68.563  20.485 0.3000000119
115067  26.489  -57.116  27.482 0.6000000238
116045  25.735  -66.621  18.592 0.4000000060
116183  25.022  -62.449  24.971 0.6999999881
116641  29.954  -61.541  22.709 0.6999999881
116930  18.349  -63.919  25.789 0.5000000000
116969  44.298  -67.578  19.780 0.3000000119
117112  21.491  -61.630  27.842 0.6000000238
119171  23.123  -60.331  30.406 0.6999999881
119672  21.228  -63.552  19.438 0.6999999881
119742  30.951  -67.729  20.982 0.4000000060
120183  27.360  -62.487  18.543 0.5000000000
120247  26.726  -62.596  25.041 0.6000000238
120525  28.269  -63.992  18.336 0.4000000060
120777  21.806  -59.352  23.022 0.5000000000
120848  27.227  -62.048  22.127 0.6999999881
121326  29.829  -58.945  27.443 0.6999999881
121506  33.350  -74.812  26.222 0.3000000119
121672  25.294  -63.950  18.555 0.4000000060
121706  15.882  -60.627  26.606 0.5000000000
121848  32.876  -74.466  25.071 0.3000000119
121961  28.692  -61.559  21.439 0.6999999881
122107  19.747  -58.175  29.950 0.6999999881
122195  33.824  -68.526  23.032 0.4000000060
122863  29.202  -61.584  21.583 0.6999999881
122945  18.521  -59.248  29.685 0.6999999881
123121  25.630  -56.960  29.930 0.8000000119
123181  12.429  -58.471  21.730 0.5000000000
123975  10.251  -54.579  24.211 0.6000000238
124337  40.438  -68.954  21.571 0.3000000119
124708  25.462  -68.712  23.485 0.3000000119
124730  36.811  -67.886  22.543 0.4000000060
124908  35.597  -67.940  20.455 0.3000000119
125122  34.705  -67.232  19.964 0.3000000119
125276  26.443  -59.194  29.651 0.6000000238
125394  41.004  -68.433  21.136 0.3000000119
125464  32.690  -66.621  18.581 0.4000000060
125528  15.378  -60.738  25.139 0.5000000000
125715  27.313  -62.472  26.059 0.6999999881
126195  12.943  -53.360  23.585 0.6000000238
127152  10.255  -60.947  21.530 0.5000000000
127219  24.896  -59.097  30.478 0.6999999881
127226  35.670  -67.234  27.525 0.3000000119
127489  14.825  -57.577  21.245 0.6000000238
127527  25.331  -68.835  21.142 0.4000000060
127934  25.987  -61.607  18.683 0.6000000238
127936  29.253  -57.885  27.380 0.6000000238
128600  14.299  -52.806  23.475 0.5000000000
128672  34.308  -67.811  26.137 0.3000000119
128798  11.252  -52.143  25.118 0.4000000060
130021  17.644  -56.437  24.023 0.5000000000
130030  38.208  -66.918  23.689 0.4000000060
131437  13.522  -61.116  21.917 0.6000000238
131524  13.444  -59.728  22.295 0.6000000238
131997  27.548  -61.628  21.332 0.6999999881
132326  16.851  -55.791  21.207 0.6000000238
132439  9.657  -54.989  24.299 0.5000000000
132590  23.358  -58.891  19.515 0.6999999881
133521  23.075  -60.146  22.733 0.6999999881
133671  20.402  -58.398  30.303 0.6999999881
133705  30.659  -67.479  21.677 0.4000000060
133897  10.190  -62.940  21.384 0.5000000000
134769  20.688  -54.751  24.923 0.5000000000
135001  12.252  -63.828  20.916 0.5000000000
135277  20.368  -58.995  30.488 0.6999999881
135348  33.240  -59.839  26.525 0.6000000238
135661  24.921  -53.843  28.751 0.6000000238
135961  26.126  -66.182  21.378 0.5000000000
136018  33.838  -67.436  26.423 0.3000000119
136069  13.651  -60.738  22.304 0.6000000238
136532  16.524  -53.155  22.652 0.6000000238
136645  10.331  -53.792  24.620 0.5000000000
136705  12.160  -59.829  21.514 0.5000000000
136798  17.734  -63.977  26.927 0.4000000060
137052  24.559  -60.337  30.245 0.6000000238
137206  27.909  -62.061  18.635 0.5000000000
137216  21.484  -62.434  20.832 0.6999999881
137245  32.365  -68.322  19.134 0.4000000060
137404  10.808  -55.748  23.622 0.6000000238
137428  31.384  -68.014  20.610 0.4000000060
137606  24.182  -70.636  18.828 0.5000000000
137784  21.919  -59.838  24.404 0.6000000238
138048  19.643  -60.521  22.661 0.5000000000
138431  21.155  -64.080  19.800 0.6999999881
138447  10.480  -53.254  24.953 0.6000000238
138477  18.099  -58.393  28.678 0.6000000238
138793  16.128  -58.276  25.704 0.5000000000
138938  21.332  -65.474  20.018 0.6000000238
139170  21.416  -60.563  19.065 0.6999999881
139234  28.296  -71.401  25.910 0.3000000119
